% function evaluation | noise-free fitness - Fopt (1.000000000000e+03) | best noise-free fitness - Fopt | measured fitness | best measured fitness | x1 | x2...
1 +1.610149947e+02 +1.610149947e+02 +1.161014995e+03 +1.161014995e+03 +1.1567e+00 +4.6141e+00
3 +1.441195844e+01 +1.441195844e+01 +1.014411958e+03 +1.014411958e+03 -5.7603e-01 +2.2647e+00
60 +1.097177219e+01 +1.097177219e+01 +1.010971772e+03 +1.010971772e+03 -2.8782e+00 +2.8260e+00
248 +1.044038311e+01 +1.044038311e+01 +1.010440383e+03 +1.010440383e+03 -3.5008e+00 +2.8087e+00
362 +9.804528732e+00 +9.804528732e+00 +1.009804529e+03 +1.009804529e+03 -4.2252e+00 +4.3361e+00
628 +6.987926917e+00 +6.987926917e+00 +1.006987927e+03 +1.006987927e+03 -2.6882e+00 +2.2343e+00
702 +6.478572083e+00 +6.478572083e+00 +1.006478572e+03 +1.006478572e+03 -1.4144e+00 +1.6510e+00
827 +5.239828136e+00 +5.239828136e+00 +1.005239828e+03 +1.005239828e+03 -3.0699e+00 +3.8947e+00
1761 +2.852024526e+00 +2.852024526e+00 +1.002852025e+03 +1.002852025e+03 -3.3888e+00 +3.7220e+00
3291 +1.724278910e+00 +1.724278910e+00 +1.001724279e+03 +1.001724279e+03 -3.8222e+00 +3.5538e+00
3362 +1.276335171e+00 +1.276335171e+00 +1.001276335e+03 +1.001276335e+03 -3.4117e+00 +2.8447e+00
4321 +5.930626277e-01 +5.930626277e-01 +1.000593063e+03 +1.000593063e+03 -3.0956e+00 +3.0338e+00
7835 +1.635610387e-01 +1.635610387e-01 +1.000163561e+03 +1.000163561e+03 -3.0618e+00 +2.9932e+00
181491 +1.035777564e-01 +1.035777564e-01 +1.000103578e+03 +1.000103578e+03 -3.0761e+00 +3.0146e+00
239678 +1.939835383e-02 +1.939835383e-02 +1.000019398e+03 +1.000019398e+03 -3.0600e+00 +3.0064e+00
737238 +1.368822306e-02 +1.368822306e-02 +1.000013688e+03 +1.000013688e+03 -3.0502e+00 +2.9992e+00
3273771 +1.335001566e-02 +1.335001566e-02 +1.000013350e+03 +1.000013350e+03 -3.0578e+00 +2.9987e+00
11521657 +8.937836721e-03 +8.937836721e-03 +1.000008938e+03 +1.000008938e+03 -3.0589e+00 +3.0051e+00
14714916 +7.857143580e-03 +7.857143580e-03 +1.000007857e+03 +1.000007857e+03 -3.0622e+00 +3.0045e+00
18634588 +4.091500169e-03 +4.091500169e-03 +1.000004092e+03 +1.000004092e+03 -3.0546e+00 +3.0017e+00
19582643 +7.504071039e-05 +7.504071039e-05 +1.000000075e+03 +1.000000075e+03 -3.0563e+00 +3.0013e+00
% function evaluation | noise-free fitness - Fopt (7.003000000000e+01) | best noise-free fitness - Fopt | measured fitness | best measured fitness | x1 | x2...
1 +1.873491721e+02 +1.873491721e+02 +2.573791721e+02 +2.573791721e+02 -1.5082e+00 +2.2282e+00
2 +1.527034327e+02 +1.527034327e+02 +2.227334327e+02 +2.227334327e+02 +1.2898e+00 -4.9185e-01
3 +8.861477798e+01 +8.861477798e+01 +1.586447780e+02 +1.586447780e+02 +1.9682e-02 +4.3079e-02
5 +8.053520497e+01 +8.053520497e+01 +1.505652050e+02 +1.505652050e+02 -7.2444e-01 +1.5019e-01
6 +1.794713943e+01 +1.794713943e+01 +8.797713943e+01 +8.797713943e+01 -1.2940e+00 -1.9458e+00
37 +1.384248790e+01 +1.384248790e+01 +8.387248790e+01 +8.387248790e+01 -3.5368e+00 -2.0408e+00
56 +1.006891433e+00 +1.006891433e+00 +7.103689143e+01 +7.103689143e+01 -7.4065e-01 -2.8956e+00
19558 +8.682261756e-01 +8.682261756e-01 +7.089822618e+01 +7.089822618e+01 -7.7536e-01 -2.5160e+00
33567 +2.289041799e-01 +2.289041799e-01 +7.025890418e+01 +7.025890418e+01 -8.6874e-01 -2.4982e+00
86598 +1.408829106e-02 +1.408829106e-02 +7.004408829e+01 +7.004408829e+01 -8.5621e-01 -2.4921e+00
1665503 +1.170938111e-02 +1.170938111e-02 +7.004170938e+01 +7.004170938e+01 -8.5323e-01 -2.4973e+00
4843933 +2.105153950e-03 +2.105153950e-03 +7.003210515e+01 +7.003210515e+01 -8.4769e-01 -2.4963e+00
17496824 +1.850909578e-03 +1.850909578e-03 +7.003185091e+01 +7.003185091e+01 -8.5293e-01 -2.4956e+00
% function evaluation | noise-free fitness - Fopt (-4.822000000000e+01) | best noise-free fitness - Fopt | measured fitness | best measured fitness | x1 | x2...
1 +3.271412508e+02 +3.271412508e+02 +2.789212508e+02 +2.789212508e+02 +2.7459e+00 -9.0054e-01
3 +2.515585760e+01 +2.515585760e+01 -2.306414240e+01 -2.306414240e+01 -1.0788e+00 -3.3807e+00
7 +1.861295561e+01 +1.861295561e+01 -2.960704439e+01 -2.960704439e+01 -3.8035e-01 -2.2803e+00
61 +1.778478012e+01 +1.778478012e+01 -3.043521988e+01 -3.043521988e+01 -1.3187e+00 -1.6382e+00
347 +1.025283105e+01 +1.025283105e+01 -3.796716895e+01 -3.796716895e+01 -2.2062e+00 -1.5119e+00
466 +7.961618661e+00 +7.961618661e+00 -4.025838134e+01 -4.025838134e+01 -1.8849e+00 +5.2951e-01
533 +2.122365710e+00 +2.122365710e+00 -4.609763429e+01 -4.609763429e+01 -1.8834e+00 -1.9132e+00
1685 +1.979017643e+00 +1.979017643e+00 -4.624098236e+01 -4.624098236e+01 -1.7444e+00 -3.5946e-02
4887 +1.837955107e+00 +1.837955107e+00 -4.638204489e+01 -4.638204489e+01 -1.4371e+00 -1.6412e+00
5874 +1.585864112e+00 +1.585864112e+00 -4.663413589e+01 -4.663413589e+01 -1.8738e+00 -9.2626e-01
7873 +1.413560725e+00 +1.413560725e+00 -4.680643928e+01 -4.680643928e+01 -1.8220e+00 -2.0672e-01
13514 +1.041627339e+00 +1.041627339e+00 -4.717837266e+01 -4.717837266e+01 -1.7732e+00 -1.4024e-01
17243 +1.004791228e+00 +1.004791228e+00 -4.721520877e+01 -4.721520877e+01 -1.7733e+00 -1.2877e-01
38417 +4.616008448e-02 +4.616008448e-02 -4.817383992e+01 -4.817383992e+01 -1.8382e+00 -1.0017e+00
690651 +9.904675562e-03 +9.904675562e-03 -4.821009532e+01 -4.821009532e+01 -1.8420e+00 -1.0017e+00
3413199 +5.533441624e-03 +5.533441624e-03 -4.821446656e+01 -4.821446656e+01 -1.8405e+00 -1.0082e+00
5484775 +3.059977608e-03 +3.059977608e-03 -4.821694002e+01 -4.821694002e+01 -1.8410e+00 -1.0081e+00
11737167 +2.014426653e-03 +2.014426653e-03 -4.821798557e+01 -4.821798557e+01 -1.8436e+00 -1.0061e+00
% function evaluation | noise-free fitness - Fopt (2.547000000000e+01) | best noise-free fitness - Fopt | measured fitness | best measured fitness | x1 | x2...
1 +4.800694987e+01 +4.800694987e+01 +7.347694987e+01 +7.347694987e+01 -4.4444e+00 +1.1382e+00
5 +4.350980161e+01 +4.350980161e+01 +6.897980161e+01 +6.897980161e+01 -2.0593e+00 -3.6905e+00
6 +2.729992395e+01 +2.729992395e+01 +5.276992395e+01 +5.276992395e+01 -3.0951e+00 -1.4531e+00
19 +2.164943489e+01 +2.164943489e+01 +4.711943489e+01 +4.711943489e+01 -3.0642e+00 -2.7864e+00
62 +1.897739007e+01 +1.897739007e+01 +4.444739007e+01 +4.444739007e+01 -2.5396e+00 -1.4941e+00
86 +1.135523263e+01 +1.135523263e+01 +3.682523263e+01 +3.682523263e+01 -3.0705e+00 -1.9806e+00
89 +5.713455019e+00 +5.713455019e+00 +3.118345502e+01 +3.118345502e+01 -2.5886e+00 -2.9632e+00
336 +1.891497459e+00 +1.891497459e+00 +2.736149746e+01 +2.736149746e+01 -3.7502e+00 -2.4005e+00
414 +1.462389928e+00 +1.462389928e+00 +2.693238993e+01 +2.693238993e+01 -3.6954e+00 -2.4757e+00
5538 +1.272537496e+00 +1.272537496e+00 +2.674253750e+01 +2.674253750e+01 -3.7311e+00 -2.4209e+00
10276 +3.561770966e-01 +3.561770966e-01 +2.582617710e+01 +2.582617710e+01 -3.7664e+00 -1.9143e+00
359114 +7.947256418e-02 +7.947256418e-02 +2.554947256e+01 +2.554947256e+01 -3.7957e+00 -1.9082e+00
589586 +3.428020697e-02 +3.428020697e-02 +2.550428021e+01 +2.550428021e+01 -3.7941e+00 -1.9013e+00
977246 +3.124697654e-02 +3.124697654e-02 +2.550124698e+01 +2.550124698e+01 -3.7846e+00 -1.9175e+00
1000065 +1.787277252e-02 +1.787277252e-02 +2.548787277e+01 +2.548787277e+01 -3.7916e+00 -1.9044e+00
2291932 +2.392385035e-03 +2.392385035e-03 +2.547239239e+01 +2.547239239e+01 -3.7825e+00 -1.9141e+00
6431507 +1.501493249e-03 +1.501493249e-03 +2.547150149e+01 +2.547150149e+01 -3.7831e+00 -1.9131e+00
% function evaluation | noise-free fitness - Fopt (-1.008100000000e+02) | best noise-free fitness - Fopt | measured fitness | best measured fitness | x1 | x2...
1 +1.902050604e+02 +1.902050604e+02 +8.939506042e+01 +8.939506042e+01 -1.1919e+00 +2.6354e+00
2 +1.643907397e+01 +1.643907397e+01 -8.437092603e+01 -8.437092603e+01 -1.5749e+00 -1.2964e-02
7 +8.659383353e+00 +8.659383353e+00 -9.215061665e+01 -9.215061665e+01 -2.5981e-01 +3.8959e-02
188 +3.204508164e+00 +3.204508164e+00 -9.760549184e+01 -9.760549184e+01 +5.6752e-01 -2.2423e-01
2631 +9.550399561e-01 +9.550399561e-01 -9.985496004e+01 -9.985496004e+01 +1.0573e+00 +5.2691e-01
43379 +2.581203479e-01 +2.581203479e-01 -1.005518797e+02 -1.005518797e+02 +9.8005e-01 +4.9546e-01
129812 +4.363408196e-02 +4.363408196e-02 -1.007663659e+02 -1.007663659e+02 +9.8033e-01 +4.8067e-01
314926 +1.024831286e-02 +1.024831286e-02 -1.007997517e+02 -1.007997517e+02 +9.8718e-01 +4.8746e-01
4539212 +9.029759381e-04 +9.029759381e-04 -1.008090970e+02 -1.008090970e+02 +9.9261e-01 +4.8762e-01
15453462 +1.148819420e-04 +1.148819420e-04 -1.008098851e+02 -1.008098851e+02 +9.9169e-01 +4.8809e-01
% function evaluation | noise-free fitness - Fopt (-2.184000000000e+01) | best noise-free fitness - Fopt | measured fitness | best measured fitness | x1 | x2...
1 +3.554020867e+02 +3.554020867e+02 +3.335620867e+02 +3.335620867e+02 -2.9937e+00 +4.4391e+00
2 +5.805751048e+01 +5.805751048e+01 +3.621751048e+01 +3.621751048e+01 +2.4976e+00 -6.4297e-01
3 +5.522928656e+01 +5.522928656e+01 +3.338928656e+01 +3.338928656e+01 -3.3796e+00 -2.1882e+00
6 +2.849815323e+01 +2.849815323e+01 +6.658153228e+00 +6.658153228e+00 +3.9814e+00 -3.4638e+00
10 +1.826734483e+01 +1.826734483e+01 -3.572655168e+00 -3.572655168e+00 -1.6736e+00 -1.9120e+00
11 +1.452270177e+01 +1.452270177e+01 -7.317298233e+00 -7.317298233e+00 +2.2830e+00 -3.3299e+00
67 +1.327151306e+01 +1.327151306e+01 -8.568486942e+00 -8.568486942e+00 +1.7824e+00 -3.6655e+00
72 +6.677679659e+00 +6.677679659e+00 -1.516232034e+01 -1.516232034e+01 +3.8845e+00 -2.8301e+00
95 +5.855055083e+00 +5.855055083e+00 -1.598494492e+01 -1.598494492e+01 +1.3739e+00 -2.1581e+00
477 +1.844850172e+00 +1.844850172e+00 -1.999514983e+01 -1.999514983e+01 +2.8358e+00 -2.3761e+00
3235 +1.361505342e+00 +1.361505342e+00 -2.047849466e+01 -2.047849466e+01 +2.7838e+00 -2.4410e+00
6627 +1.195999802e+00 +1.195999802e+00 -2.064400020e+01 -2.064400020e+01 +1.4850e+00 -2.1275e+00
23828 +1.050912708e+00 +1.050912708e+00 -2.078908729e+01 -2.078908729e+01 +2.8357e+00 -2.4133e+00
42629 +5.570986702e-01 +5.570986702e-01 -2.128290133e+01 -2.128290133e+01 +1.9190e+00 -2.4498e+00
44387 +1.888732449e-01 +1.888732449e-01 -2.165112676e+01 -2.165112676e+01 +1.9241e+00 -2.4733e+00
254774 +7.581246688e-02 +7.581246688e-02 -2.176418753e+01 -2.176418753e+01 +1.9296e+00 -2.4715e+00
409772 +1.681983589e-02 +1.681983589e-02 -2.182318016e+01 -2.182318016e+01 +1.9307e+00 -2.4669e+00
3201302 +1.595010806e-02 +1.595010806e-02 -2.182404989e+01 -2.182404989e+01 +1.9371e+00 -2.4650e+00
3680575 +1.398726358e-02 +1.398726358e-02 -2.182601274e+01 -2.182601274e+01 +1.9488e+00 -2.4699e+00
4719139 +7.040354526e-03 +7.040354526e-03 -2.183295965e+01 -2.183295965e+01 +1.9351e+00 -2.4663e+00
6241302 +5.177757290e-03 +5.177757290e-03 -2.183482224e+01 -2.183482224e+01 +1.9428e+00 -2.4668e+00
7141288 +3.167859761e-03 +3.167859761e-03 -2.183683214e+01 -2.183683214e+01 +1.9360e+00 -2.4673e+00
% function evaluation | noise-free fitness - Fopt (-1.862000000000e+01) | best noise-free fitness - Fopt | measured fitness | best measured fitness | x1 | x2...
1 +4.807748758e+02 +4.807748758e+02 +4.621548758e+02 +4.621548758e+02 -4.3416e+00 +2.5662e+00
2 +1.663271840e+02 +1.663271840e+02 +1.477071840e+02 +1.477071840e+02 -4.3703e+00 +6.0555e-01
3 +1.647533797e+02 +1.647533797e+02 +1.461333797e+02 +1.461333797e+02 -4.6198e+00 +1.3307e-01
4 +1.373259066e+02 +1.373259066e+02 +1.187059066e+02 +1.187059066e+02 -4.2035e+00 -1.1478e+00
5 +4.739582105e+01 +4.739582105e+01 +2.877582105e+01 +2.877582105e+01 +2.8666e+00 +3.5213e+00
17 +1.903034225e+01 +1.903034225e+01 +4.103422547e-01 +4.103422547e-01 -1.3269e-01 +6.3468e-01
44 +1.213767538e+01 +1.213767538e+01 -6.482324623e+00 -6.482324623e+00 +3.9507e+00 +1.5195e+00
86 +1.023503302e+01 +1.023503302e+01 -8.384966976e+00 -8.384966976e+00 +2.4302e+00 +9.5763e-01
128 +7.099523152e+00 +7.099523152e+00 -1.152047685e+01 -1.152047685e+01 +6.4040e-01 +1.2257e+00
805 +4.254459835e+00 +4.254459835e+00 -1.436554017e+01 -1.436554017e+01 +2.9673e+00 +1.3237e+00
1172 +3.092379322e+00 +3.092379322e+00 -1.552762068e+01 -1.552762068e+01 +2.4057e+00 +1.7064e+00
2526 +2.514037181e+00 +2.514037181e+00 -1.610596282e+01 -1.610596282e+01 +2.4532e+00 +1.7771e+00
3879 +2.272369147e+00 +2.272369147e+00 -1.634763085e+01 -1.634763085e+01 +1.5172e+00 +1.9141e+00
6524 +3.909105079e-01 +3.909105079e-01 -1.822908949e+01 -1.822908949e+01 +2.0041e+00 +1.4755e+00
84855 +2.599235385e-01 +2.599235385e-01 -1.836007646e+01 -1.836007646e+01 +1.9633e+00 +1.4949e+00
148136 +9.168192327e-02 +9.168192327e-02 -1.852831808e+01 -1.852831808e+01 +1.9459e+00 +1.4861e+00
383583 +6.422964515e-02 +6.422964515e-02 -1.855577035e+01 -1.855577035e+01 +1.9580e+00 +1.4880e+00
737461 +5.923238726e-02 +5.923238726e-02 -1.856076761e+01 -1.856076761e+01 +1.9574e+00 +1.4876e+00
1430600 +1.594893244e-02 +1.594893244e-02 -1.860405107e+01 -1.860405107e+01 +1.9722e+00 +1.4800e+00
2124257 +1.196669802e-02 +1.196669802e-02 -1.860803330e+01 -1.860803330e+01 +1.9714e+00 +1.4803e+00
3509191 +1.403820525e-03 +1.403820525e-03 -1.861859618e+01 -1.861859618e+01 +1.9655e+00 +1.4821e+00
% function evaluation | noise-free fitness - Fopt (2.764000000000e+01) | best noise-free fitness - Fopt | measured fitness | best measured fitness | x1 | x2...
1 +3.346676122e+01 +3.346676122e+01 +6.110676122e+01 +6.110676122e+01 +2.0084e+00 -9.6752e-01
20 +1.663161439e+01 +1.663161439e+01 +4.427161439e+01 +4.427161439e+01 +3.2231e+00 -2.0979e+00
35 +1.170525661e+01 +1.170525661e+01 +3.934525661e+01 +3.934525661e+01 +4.0855e+00 +5.7651e-01
60 +7.647643180e+00 +7.647643180e+00 +3.528764318e+01 +3.528764318e+01 +3.1565e+00 +9.3297e-02
306 +6.186047785e+00 +6.186047785e+00 +3.382604779e+01 +3.382604779e+01 +2.8965e+00 +4.2286e-01
431 +2.521636490e+00 +2.521636490e+00 +3.016163649e+01 +3.016163649e+01 +3.3516e+00 +8.4197e-01
1948 +1.451292855e+00 +1.451292855e+00 +2.909129285e+01 +2.909129285e+01 +3.5654e+00 +2.6798e-01
8960 +1.370206191e+00 +1.370206191e+00 +2.901020619e+01 +2.901020619e+01 +3.4003e+00 +8.4980e-01
11116 +1.151104144e+00 +1.151104144e+00 +2.879110414e+01 +2.879110414e+01 +3.5893e+00 +4.3328e-01
26348 +4.749633400e-01 +4.749633400e-01 +2.811496334e+01 +2.811496334e+01 +3.5764e+00 +3.1288e-01
80282 +3.051774635e-01 +3.051774635e-01 +2.794517746e+01 +2.794517746e+01 +3.5874e+00 +3.2763e-01
165398 +1.991438871e-02 +1.991438871e-02 +2.765991439e+01 +2.765991439e+01 +3.5821e+00 +3.5843e-01
1605081 +5.732801953e-03 +5.732801953e-03 +2.764573280e+01 +2.764573280e+01 +3.5852e+00 +3.5355e-01
3546060 +2.606355740e-03 +2.606355740e-03 +2.764260636e+01 +2.764260636e+01 +3.5864e+00 +3.5687e-01
14388537 +7.013083446e-04 +7.013083446e-04 +2.764070131e+01 +2.764070131e+01 +3.5854e+00 +3.5659e-01
% function evaluation | noise-free fitness - Fopt (-1.552000000000e+01) | best noise-free fitness - Fopt | measured fitness | best measured fitness | x1 | x2...
1 +5.046690262e+01 +5.046690262e+01 +3.494690262e+01 +3.494690262e+01 +2.7752e+00 -3.4653e+00
8 +4.557057382e+01 +4.557057382e+01 +3.005057382e+01 +3.005057382e+01 +4.7039e+00 +4.4613e-02
18 +3.640977698e+01 +3.640977698e+01 +2.088977698e+01 +2.088977698e+01 +2.2761e+00 -3.2440e+00
22 +2.527636699e+01 +2.527636699e+01 +9.756366993e+00 +9.756366993e+00 +4.2169e-01 -1.5464e+00
33 +1.750907451e+01 +1.750907451e+01 +1.989074511e+00 +1.989074511e+00 +3.5436e-01 -1.9831e+00
77 +1.439610813e+01 +1.439610813e+01 -1.123891871e+00 -1.123891871e+00 +3.3149e+00 -2.1427e+00
96 +8.232250720e+00 +8.232250720e+00 -7.287749280e+00 -7.287749280e+00 +1.6672e+00 -1.6465e+00
201 +4.746930878e+00 +4.746930878e+00 -1.077306912e+01 -1.077306912e+01 +3.3153e+00 -1.2288e+00
315 +4.587312116e+00 +4.587312116e+00 -1.093268788e+01 -1.093268788e+01 +9.5059e-01 -2.2143e+00
986 +3.795701566e+00 +3.795701566e+00 -1.172429843e+01 -1.172429843e+01 +3.2979e+00 -1.9014e+00
1400 +2.647690270e+00 +2.647690270e+00 -1.287230973e+01 -1.287230973e+01 +3.5640e+00 -1.1983e+00
2651 +2.470217333e+00 +2.470217333e+00 -1.304978267e+01 -1.304978267e+01 +3.4664e+00 -1.2037e+00
4607 +1.090005000e+00 +1.090005000e+00 -1.442999500e+01 -1.442999500e+01 +1.8881e+00 -1.9704e+00
10755 +4.048866335e-01 +4.048866335e-01 -1.511511337e+01 -1.511511337e+01 +2.7798e+00 -1.7175e+00
27332 +1.485174615e-01 +1.485174615e-01 -1.537148254e+01 -1.537148254e+01 +2.8094e+00 -1.7228e+00
156604 +1.327758357e-01 +1.327758357e-01 -1.538722416e+01 -1.538722416e+01 +2.7984e+00 -1.7200e+00
201475 +4.497058656e-02 +4.497058656e-02 -1.547502941e+01 -1.547502941e+01 +2.8386e+00 -1.7101e+00
537636 +4.407939754e-02 +4.407939754e-02 -1.547592060e+01 -1.547592060e+01 +2.8350e+00 -1.7130e+00
1148332 +2.435767349e-02 +2.435767349e-02 -1.549564233e+01 -1.549564233e+01 +2.8257e+00 -1.7088e+00
1169322 +1.954294469e-02 +1.954294469e-02 -1.550045706e+01 -1.550045706e+01 +2.8148e+00 -1.7165e+00
1498399 +7.361890607e-03 +7.361890607e-03 -1.551263811e+01 -1.551263811e+01 +2.8187e+00 -1.7149e+00
1648042 +4.663650766e-03 +4.663650766e-03 -1.551533635e+01 -1.551533635e+01 +2.8266e+00 -1.7116e+00
4968425 +6.962673153e-04 +6.962673153e-04 -1.551930373e+01 -1.551930373e+01 +2.8197e+00 -1.7131e+00
5075896 +5.143214407e-04 +5.143214407e-04 -1.551948568e+01 -1.551948568e+01 +2.8233e+00 -1.7124e+00
9328125 +2.149091049e-04 +2.149091049e-04 -1.551978509e+01 -1.551978509e+01 +2.8211e+00 -1.7131e+00
% function evaluation | noise-free fitness - Fopt (1.000000000000e+03) | best noise-free fitness - Fopt | measured fitness | best measured fitness | x1 | x2...
1 +4.438015416e+02 +4.438015416e+02 +1.443801542e+03 +1.443801542e+03 +7.6462e-01 +2.8342e+00
2 +3.519534716e+02 +3.519534716e+02 +1.351953472e+03 +1.351953472e+03 +1.9811e+00 +1.4757e+00
3 +5.291693726e+01 +5.291693726e+01 +1.052916937e+03 +1.052916937e+03 +2.0580e+00 -4.2701e+00
7 +1.829984037e+01 +1.829984037e+01 +1.018299840e+03 +1.018299840e+03 -2.5356e+00 -2.9127e+00
24 +1.435396229e+01 +1.435396229e+01 +1.014353962e+03 +1.014353962e+03 -1.7733e+00 -3.7886e+00
66 +1.071527716e+01 +1.071527716e+01 +1.010715277e+03 +1.010715277e+03 -2.9138e+00 -1.7977e+00
129 +8.277482752e+00 +8.277482752e+00 +1.008277483e+03 +1.008277483e+03 -3.4361e+00 -2.9447e+00
207 +4.355296872e+00 +4.355296872e+00 +1.004355297e+03 +1.004355297e+03 -1.4381e+00 -3.6095e+00
352 +4.014592128e+00 +4.014592128e+00 +1.004014592e+03 +1.004014592e+03 -3.6287e+00 -1.9246e+00
498 +1.545009320e+00 +1.545009320e+00 +1.001545009e+03 +1.001545009e+03 -3.2605e+00 -2.7650e+00
19192 +1.356663036e+00 +1.356663036e+00 +1.001356663e+03 +1.001356663e+03 -2.4768e+00 -2.5331e+00
20180 +1.401623324e-01 +1.401623324e-01 +1.000140162e+03 +1.000140162e+03 -2.8570e+00 -2.6214e+00
183759 +7.217603572e-02 +7.217603572e-02 +1.000072176e+03 +1.000072176e+03 -2.8513e+00 -2.6274e+00
948406 +3.866257456e-02 +3.866257456e-02 +1.000038663e+03 +1.000038663e+03 -2.8471e+00 -2.6291e+00
1931219 +1.762294498e-03 +1.762294498e-03 +1.000001762e+03 +1.000001762e+03 -2.8377e+00 -2.6352e+00
3803099 +4.386354241e-04 +4.386354241e-04 +1.000000439e+03 +1.000000439e+03 -2.8347e+00 -2.6376e+00
% function evaluation | noise-free fitness - Fopt (-3.030200000000e+02) | best noise-free fitness - Fopt | measured fitness | best measured fitness | x1 | x2...
1 +6.402645795e+02 +6.402645795e+02 +3.372445795e+02 +3.372445795e+02 +5.2931e-01 -3.2920e+00
2 +3.223360049e+01 +3.223360049e+01 -2.707863995e+02 -2.707863995e+02 -4.8821e+00 +1.6929e+00
17 +1.712654565e+01 +1.712654565e+01 -2.858934544e+02 -2.858934544e+02 -4.9979e+00 -1.6838e+00
38 +8.336139361e+00 +8.336139361e+00 -2.946838606e+02 -2.946838606e+02 -4.4904e+00 -1.8277e+00
164 +6.088323028e+00 +6.088323028e+00 -2.969316770e+02 -2.969316770e+02 -4.4707e+00 -1.9525e+00
670 +5.108856294e+00 +5.108856294e+00 -2.979111437e+02 -2.979111437e+02 -3.3356e+00 +6.2963e-01
1031 +4.963062636e+00 +4.963062636e+00 -2.980569374e+02 -2.980569374e+02 -3.9907e+00 -1.2066e+00
1173 +2.842680652e+00 +2.842680652e+00 -3.001773193e+02 -3.001773193e+02 -3.5625e+00 -1.1236e-01
2280 +2.475182014e+00 +2.475182014e+00 -3.005448180e+02 -3.005448180e+02 -4.2519e+00 -8.5166e-01
2807 +2.133578653e+00 +2.133578653e+00 -3.008864213e+02 -3.008864213e+02 -3.6444e+00 -1.1273e+00
5251 +1.785955216e+00 +1.785955216e+00 -3.012340448e+02 -3.012340448e+02 -4.1089e+00 -2.0580e+00
8115 +1.303547390e+00 +1.303547390e+00 -3.017164526e+02 -3.017164526e+02 -4.2726e+00 -8.4098e-01
11744 +1.225359058e+00 +1.225359058e+00 -3.017946409e+02 -3.017946409e+02 -4.2822e+00 -8.4715e-01
13159 +9.342783123e-01 +9.342783123e-01 -3.020857217e+02 -3.020857217e+02 -3.9714e+00 -1.1012e+00
21439 +6.302540393e-01 +6.302540393e-01 -3.023897460e+02 -3.023897460e+02 -3.9584e+00 -1.0239e+00
28088 +3.450168801e-01 +3.450168801e-01 -3.026749831e+02 -3.026749831e+02 -3.9801e+00 -1.0035e+00
37091 +2.530694067e-01 +2.530694067e-01 -3.027669306e+02 -3.027669306e+02 -3.9862e+00 -1.0700e+00
56042 +2.693056250e-02 +2.693056250e-02 -3.029930694e+02 -3.029930694e+02 -3.9813e+00 -1.0474e+00
2061605 +5.355213885e-03 +5.355213885e-03 -3.030146448e+02 -3.030146448e+02 -3.9801e+00 -1.0404e+00
3158583 +2.255170553e-03 +2.255170553e-03 -3.030177448e+02 -3.030177448e+02 -3.9774e+00 -1.0413e+00
3190514 +7.318363546e-04 +7.318363546e-04 -3.030192682e+02 -3.030192682e+02 -3.9790e+00 -1.0405e+00
6531316 +6.602872042e-04 +6.602872042e-04 -3.030193397e+02 -3.030193397e+02 -3.9789e+00 -1.0394e+00
% function evaluation | noise-free fitness - Fopt (4.731200000000e+02) | best noise-free fitness - Fopt | measured fitness | best measured fitness | x1 | x2...
1 +1.758175057e+02 +1.758175057e+02 +6.489375057e+02 +6.489375057e+02 +4.5324e+00 -4.8208e+00
2 +3.672451359e+01 +3.672451359e+01 +5.098445136e+02 +5.098445136e+02 +4.0181e-01 +4.4143e-01
3 +2.135585421e+01 +2.135585421e+01 +4.944758542e+02 +4.944758542e+02 -4.5123e-01 -1.2214e+00
11 +2.067766775e+01 +2.067766775e+01 +4.937976677e+02 +4.937976677e+02 -2.2570e+00 -1.6168e+00
28 +1.421098947e+01 +1.421098947e+01 +4.873309895e+02 +4.873309895e+02 -2.4327e+00 -3.5751e-01
57 +1.372141084e+01 +1.372141084e+01 +4.868414108e+02 +4.868414108e+02 +9.1612e-01 -1.1292e-01
66 +4.192170514e+00 +4.192170514e+00 +4.773121705e+02 +4.773121705e+02 +9.0886e-01 -1.6659e-01
1325 +2.946454580e-01 +2.946454580e-01 +4.734146455e+02 +4.734146455e+02 +1.4210e-01 -7.4456e-01
107108 +1.866259906e-01 +1.866259906e-01 +4.733066260e+02 +4.733066260e+02 +8.9272e-02 -7.4207e-01
272464 +1.553999397e-01 +1.553999397e-01 +4.732753999e+02 +4.732753999e+02 +9.8663e-02 -7.4346e-01
336964 +1.202997701e-01 +1.202997701e-01 +4.732402998e+02 +4.732402998e+02 +1.2399e-01 -7.3109e-01
532486 +1.039767739e-01 +1.039767739e-01 +4.732239768e+02 +4.732239768e+02 +1.1977e-01 -7.3088e-01
710754 +5.581160149e-02 +5.581160149e-02 +4.731758116e+02 +4.731758116e+02 +9.3165e-02 -7.3689e-01
1093638 +4.387764854e-02 +4.387764854e-02 +4.731638776e+02 +4.731638776e+02 +1.0449e-01 -7.4014e-01
1766066 +2.453848978e-02 +2.453848978e-02 +4.731445385e+02 +4.731445385e+02 +1.1797e-01 -7.3543e-01
2937455 +2.091899950e-02 +2.091899950e-02 +4.731409190e+02 +4.731409190e+02 +9.7441e-02 -7.3595e-01
4259330 +1.460062036e-02 +1.460062036e-02 +4.731346006e+02 +4.731346006e+02 +9.8822e-02 -7.3564e-01
4478319 +4.052447514e-03 +4.052447514e-03 +4.731240524e+02 +4.731240524e+02 +1.0527e-01 -7.3472e-01
7152144 +6.529820292e-04 +6.529820292e-04 +4.731206530e+02 +4.731206530e+02 +1.0626e-01 -7.3566e-01
% function evaluation | noise-free fitness - Fopt (6.842100000000e+02) | best noise-free fitness - Fopt | measured fitness | best measured fitness | x1 | x2...
1 +8.292206715e+02 +8.292206715e+02 +1.513430672e+03 +1.513430672e+03 +1.3165e+00 -1.2439e+00
2 +3.283529385e+01 +3.283529385e+01 +7.170452939e+02 +7.170452939e+02 -1.8189e+00 +9.4306e-01
17 +1.336759767e+01 +1.336759767e+01 +6.975775977e+02 +6.975775977e+02 -3.4322e+00 -8.9641e-01
89 +1.231213326e+01 +1.231213326e+01 +6.965221333e+02 +6.965221333e+02 -2.6991e+00 +4.2553e-01
114 +8.256526382e+00 +8.256526382e+00 +6.924665264e+02 +6.924665264e+02 -4.6815e+00 -1.0459e+00
221 +3.440650184e+00 +3.440650184e+00 +6.876506502e+02 +6.876506502e+02 -2.8063e+00 +9.3582e-01
337 +1.354105631e+00 +1.354105631e+00 +6.855641056e+02 +6.855641056e+02 -3.4010e+00 +3.3952e-01
2705 +1.133063622e+00 +1.133063622e+00 +6.853430636e+02 +6.853430636e+02 -3.3460e+00 -7.1676e-01
21440 +3.447117793e-01 +3.447117793e-01 +6.845547118e+02 +6.845547118e+02 -3.3919e+00 -2.1795e-01
73836 +1.826945567e-01 +1.826945567e-01 +6.843926946e+02 +6.843926946e+02 -3.4014e+00 -2.1138e-01
249159 +2.821368673e-02 +2.821368673e-02 +6.842382137e+02 +6.842382137e+02 -3.3834e+00 -1.9230e-01
488826 +2.014646240e-02 +2.014646240e-02 +6.842301465e+02 +6.842301465e+02 -3.3832e+00 -1.9142e-01
3020652 +1.544338636e-03 +1.544338636e-03 +6.842115443e+02 +6.842115443e+02 -3.3837e+00 -1.8699e-01
% function evaluation | noise-free fitness - Fopt (1.808000000000e+01) | best noise-free fitness - Fopt | measured fitness | best measured fitness | x1 | x2...
1 +3.666697041e+02 +3.666697041e+02 +3.847497041e+02 +3.847497041e+02 +1.5014e+00 -4.6907e+00
2 +1.481720929e+02 +1.481720929e+02 +1.662520929e+02 +1.662520929e+02 -1.5494e+00 -1.5559e+00
3 +1.117216010e+02 +1.117216010e+02 +1.298016010e+02 +1.298016010e+02 +3.4584e+00 -1.8044e+00
4 +2.979506399e+01 +2.979506399e+01 +4.787506399e+01 +4.787506399e+01 +1.5979e+00 +9.5671e-01
12 +1.710834625e+01 +1.710834625e+01 +3.518834625e+01 +3.518834625e+01 +2.3650e-02 +1.8740e+00
58 +1.407326447e+01 +1.407326447e+01 +3.215326447e+01 +3.215326447e+01 +1.3724e+00 +6.4167e-01
111 +1.000202009e+01 +1.000202009e+01 +2.808202009e+01 +2.808202009e+01 -2.0949e+00 +2.6775e+00
220 +6.135528327e+00 +6.135528327e+00 +2.421552833e+01 +2.421552833e+01 +1.0578e+00 +1.1445e+00
375 +1.864419589e+00 +1.864419589e+00 +1.994441959e+01 +1.994441959e+01 +3.3898e-01 +1.7145e+00
589 +1.524200427e+00 +1.524200427e+00 +1.960420043e+01 +1.960420043e+01 +2.9005e-01 +1.7802e+00
6728 +1.197753196e+00 +1.197753196e+00 +1.927775320e+01 +1.927775320e+01 +5.9200e-01 +2.0364e+00
8867 +4.378883014e-01 +4.378883014e-01 +1.851788830e+01 +1.851788830e+01 +2.9542e-01 +1.7615e+00
85709 +4.029641181e-02 +4.029641181e-02 +1.812029641e+01 +1.812029641e+01 +3.3577e-01 +1.7408e+00
164225 +9.631206771e-03 +9.631206771e-03 +1.808963121e+01 +1.808963121e+01 +3.3889e-01 +1.7451e+00
6029816 +7.834798676e-03 +7.834798676e-03 +1.808783480e+01 +1.808783480e+01 +3.2791e-01 +1.7481e+00
7917128 +6.080888068e-03 +6.080888068e-03 +1.808608089e+01 +1.808608089e+01 +3.2743e-01 +1.7477e+00
12768613 +1.572552608e-03 +1.572552608e-03 +1.808157255e+01 +1.808157255e+01 +3.3195e-01 +1.7447e+00
% function evaluation | noise-free fitness - Fopt (-1.537900000000e+02) | best noise-free fitness - Fopt | measured fitness | best measured fitness | x1 | x2...
1 +3.191251595e+01 +3.191251595e+01 -1.218774841e+02 -1.218774841e+02 -3.4025e+00 +5.1151e-01
3 +2.593570443e+01 +2.593570443e+01 -1.278542956e+02 -1.278542956e+02 -1.7998e+00 +1.0941e+00
5 +8.650382626e+00 +8.650382626e+00 -1.451396174e+02 -1.451396174e+02 -1.0851e+00 +7.7161e-01
36 +6.696707748e+00 +6.696707748e+00 -1.470932923e+02 -1.470932923e+02 +1.0850e+00 -1.0169e+00
572 +3.479326189e+00 +3.479326189e+00 -1.503106738e+02 -1.503106738e+02 -2.4287e-01 +1.9727e-01
2244 +1.291675782e+00 +1.291675782e+00 -1.524983242e+02 -1.524983242e+02 +6.5601e-01 -5.2108e-01
5654 +6.564358133e-02 +6.564358133e-02 -1.537243564e+02 -1.537243564e+02 -1.3455e-01 +1.2797e-01
7586 +3.514574795e-02 +3.514574795e-02 -1.537548543e+02 -1.537548543e+02 -1.3489e-01 +1.3449e-01
297233 +1.727023649e-03 +1.727023649e-03 -1.537882730e+02 -1.537882730e+02 -1.2330e-01 +1.2533e-01
12127229 +1.469169078e-03 +1.469169078e-03 -1.537885308e+02 -1.537885308e+02 -1.2156e-01 +1.2475e-01
