% function evaluation | noise-free fitness - Fopt (1.000000000000e+03) | best noise-free fitness - Fopt | measured fitness | best measured fitness | x1 | x2...
1 +4.553294814e+02 +4.553294814e+02 +1.455329481e+03 +1.455329481e+03 +4.9962e+00 +4.5741e+00 +2.4564e+00 +4.6829e+00 +3.1601e+00 -4.1769e+00 +1.2133e+00 -1.0022e+00 -5.0174e-01 +3.1564e-01
5 +4.324706657e+02 +4.324706657e+02 +1.432470666e+03 +1.432470666e+03 +1.1194e+00 +3.5600e+00 +2.9277e-03 +6.6417e-01 +3.4046e+00 -2.5456e+00 -1.7020e-01 +3.6197e+00 -3.1567e+00 +3.3379e+00
14 +4.058886415e+02 +4.058886415e+02 +1.405888642e+03 +1.405888642e+03 +1.5602e+00 +4.6628e+00 +3.5133e+00 +1.7226e+00 +5.8267e-01 -3.0265e-01 -2.5752e-01 -7.2142e-01 -3.3045e+00 +4.7388e+00
53 +3.472429530e+02 +3.472429530e+02 +1.347242953e+03 +1.347242953e+03 -4.5897e+00 +3.3688e+00 +2.2346e+00 -3.5670e+00 +1.0434e+00 -2.5670e+00 -3.9576e+00 +2.0455e+00 -3.9094e+00 +7.9782e-01
103 +2.019962392e+02 +2.019962392e+02 +1.201996239e+03 +1.201996239e+03 -2.4344e+00 +4.2381e+00 +2.1385e+00 +1.1189e+00 -6.6097e-01 -4.1048e+00 -2.5662e+00 +1.7950e+00 -3.9862e+00 -2.6701e+00
1178 +1.552565576e+02 +1.552565576e+02 +1.155256558e+03 +1.155256558e+03 -4.5055e+00 +4.1622e+00 +3.4237e+00 +2.0189e+00 +3.8244e+00 -1.8753e+00 -2.2132e+00 -1.4050e+00 -1.9089e+00 -7.9658e-01
1733 +1.099997481e+02 +1.099997481e+02 +1.109999748e+03 +1.109999748e+03 -3.4714e+00 +4.2954e+00 +4.4376e+00 +4.7810e+00 +4.3506e+00 -2.8460e+00 -1.1928e-01 -5.6067e-01 -4.2439e+00 -1.3409e+00
151709 +9.968165731e+01 +9.968165731e+01 +1.099681657e+03 +1.099681657e+03 -4.3024e+00 +3.9258e+00 +3.5818e+00 +2.0326e+00 +2.8247e+00 -4.0268e+00 -2.2875e+00 -1.6879e+00 -3.6047e+00 -5.0013e-01
327592 +7.817667864e+01 +7.817667864e+01 +1.078176679e+03 +1.078176679e+03 -3.5261e+00 +3.5724e+00 +3.3583e+00 +2.2062e+00 +4.1088e+00 -3.1270e+00 -2.6439e+00 +9.4469e-01 -2.9348e+00 -1.9795e+00
5611561 +7.240374044e+01 +7.240374044e+01 +1.072403740e+03 +1.072403740e+03 -2.1343e+00 +1.9541e+00 +4.0978e+00 +3.4643e+00 +4.5363e+00 -2.9529e+00 -3.2291e+00 -1.3735e+00 -1.5063e+00 +1.3374e-01
6206819 +7.035137511e+01 +7.035137511e+01 +1.070351375e+03 +1.070351375e+03 -1.8091e+00 +2.3305e+00 +3.4986e+00 +2.8071e+00 +3.0699e+00 -1.7132e+00 -2.3797e+00 -9.3401e-02 -5.9803e-01 -9.1529e-01
11958632 +6.841793569e+01 +6.841793569e+01 +1.068417936e+03 +1.068417936e+03 -2.9449e+00 +4.0071e+00 +3.5997e+00 +3.1532e+00 +2.6364e+00 -3.3173e+00 -2.8035e+00 +1.0951e+00 -1.8483e+00 -1.0667e+00
13751004 +4.665376037e+01 +4.665376037e+01 +1.046653760e+03 +1.046653760e+03 -3.1364e+00 +2.8756e+00 +3.9109e+00 +4.4628e+00 +2.3092e+00 -4.8442e+00 -1.9196e+00 -3.8261e-01 -3.2031e+00 -1.1951e+00
% function evaluation | noise-free fitness - Fopt (7.003000000000e+01) | best noise-free fitness - Fopt | measured fitness | best measured fitness | x1 | x2...
1 +1.212208453e+03 +1.212208453e+03 +1.282238453e+03 +1.282238453e+03 +2.1305e+00 -3.2390e+00 +4.4547e+00 +1.2523e+00 +1.3604e+00 +1.5362e+00 +2.6686e+00 -1.1483e+00 -2.0724e+00 +3.6209e+00
2 +1.044086577e+03 +1.044086577e+03 +1.114116577e+03 +1.114116577e+03 -6.8427e-01 -1.9175e-01 +1.6314e+00 -2.7300e+00 +4.4378e+00 -1.2657e+00 +8.1712e-01 +2.8851e-01 +3.5855e-01 -4.8345e+00
5 +4.247991315e+02 +4.247991315e+02 +4.948291315e+02 +4.948291315e+02 -3.5340e+00 +1.8752e+00 -3.7046e+00 -1.8020e+00 -1.9167e+00 -1.3190e+00 +1.9035e+00 -4.8706e+00 -3.6986e+00 -1.9532e-01
29 +4.017368902e+02 +4.017368902e+02 +4.717668902e+02 +4.717668902e+02 +2.8351e+00 +1.4089e+00 -4.5707e+00 -1.4621e+00 +6.3214e-01 -2.5525e+00 +2.4304e+00 +1.1471e+00 -3.7160e+00 -5.9779e-01
30 +3.174028928e+02 +3.174028928e+02 +3.874328928e+02 +3.874328928e+02 +2.1611e+00 -1.5445e+00 -1.9107e+00 -3.1967e+00 +1.1908e+00 -3.7941e+00 -5.8635e-01 -2.6546e+00 +4.1878e+00 +2.5691e+00
52 +3.002824994e+02 +3.002824994e+02 +3.703124994e+02 +3.703124994e+02 +2.8225e+00 -1.8834e+00 -2.5306e+00 -3.0466e+00 -2.9938e+00 -4.1983e+00 +1.7478e-01 -4.6501e+00 +1.7572e+00 +7.5266e-01
163 +2.399549122e+02 +2.399549122e+02 +3.099849122e+02 +3.099849122e+02 -3.0616e-01 -2.2229e+00 +1.2222e-01 +2.2732e+00 -4.0183e+00 -4.8472e+00 +7.0411e-01 +2.6753e-01 -2.9168e+00 -2.7502e+00
195 +2.105259941e+02 +2.105259941e+02 +2.805559941e+02 +2.805559941e+02 -1.5180e+00 -3.1377e+00 -1.0331e+00 +2.1019e+00 -2.0713e+00 -4.7697e+00 -3.0565e+00 -2.8383e+00 -2.6351e-01 -4.4395e-01
363 +1.786147606e+02 +1.786147606e+02 +2.486447606e+02 +2.486447606e+02 -1.3290e+00 -2.3565e+00 -1.9959e+00 +2.1347e+00 +1.3815e+00 -3.1417e+00 -8.4755e-01 -6.4062e-01 -2.5226e+00 +2.0460e-02
767 +1.341387102e+02 +1.341387102e+02 +2.041687102e+02 +2.041687102e+02 -2.5457e+00 -2.0171e+00 -4.6555e+00 -4.0025e+00 +1.5557e+00 -3.6967e+00 -3.5411e+00 -1.3144e-01 -4.9085e+00 +2.2010e+00
27787 +1.074272506e+02 +1.074272506e+02 +1.774572506e+02 +1.774572506e+02 -8.4385e-01 -3.7786e+00 -4.2522e+00 -2.4164e+00 +1.0710e+00 -3.7962e+00 -1.3347e+00 -2.2834e+00 -3.4436e+00 +2.8582e+00
301265 +1.018747586e+02 +1.018747586e+02 +1.719047586e+02 +1.719047586e+02 -3.6454e+00 -3.1661e+00 -4.1329e+00 -1.9543e+00 +4.6066e-01 -3.5007e+00 -1.1071e+00 -1.5255e-01 -3.5681e+00 +2.3938e+00
301768 +9.370584355e+01 +9.370584355e+01 +1.637358435e+02 +1.637358435e+02 -3.0333e+00 -5.0396e-01 -3.5655e+00 -1.2950e+00 -2.2514e+00 -3.9145e+00 -1.1609e+00 +1.7849e+00 -4.1479e+00 -1.7104e+00
573360 +9.250502175e+01 +9.250502175e+01 +1.625350218e+02 +1.625350218e+02 -1.0708e+00 -3.9539e+00 -3.1174e+00 -7.1732e-01 -1.6503e+00 -4.2906e+00 +5.0192e-01 -7.4317e-01 -3.6445e+00 +1.1857e+00
1018152 +8.714514484e+01 +8.714514484e+01 +1.571751448e+02 +1.571751448e+02 +7.2848e-01 -2.7508e+00 -3.9953e+00 +1.0721e-01 +3.4064e+00 -2.7535e+00 -2.2770e+00 +1.9120e+00 -9.2753e-01 +7.5203e-02
1628137 +8.343186257e+01 +8.343186257e+01 +1.534618626e+02 +1.534618626e+02 -2.0653e+00 -2.2017e+00 -4.0183e+00 -1.2849e+00 +1.2957e+00 -3.0905e+00 -1.8907e+00 +9.6768e-01 -1.4132e+00 -2.3909e-01
1638133 +7.942669626e+01 +7.942669626e+01 +1.494566963e+02 +1.494566963e+02 -1.9814e+00 -2.1282e+00 -3.9024e+00 -2.8882e+00 -1.1972e+00 -4.2546e+00 -1.7170e+00 +7.6698e-01 -2.7067e+00 -9.4181e-02
2276378 +7.577615432e+01 +7.577615432e+01 +1.458061543e+02 +1.458061543e+02 +3.5828e-01 -3.6080e+00 -4.0152e+00 -3.4903e+00 -1.0511e-02 -4.1194e+00 -5.3442e-01 +8.9930e-01 -3.0250e+00 -3.0869e-01
2758062 +7.245499308e+01 +7.245499308e+01 +1.424849931e+02 +1.424849931e+02 -1.5129e-01 -1.9876e+00 -3.9089e+00 -2.0163e+00 +5.4738e-01 -3.4129e+00 -1.2902e+00 +2.3017e+00 -3.1450e+00 +2.1092e+00
4110135 +6.701087938e+01 +6.701087938e+01 +1.370408794e+02 +1.370408794e+02 -1.8153e+00 -1.5073e+00 -4.6241e+00 -3.0872e+00 -2.6144e-01 -2.1922e+00 -1.1284e+00 +2.4734e+00 -4.6985e+00 -6.9165e-01
35023317 +5.800813649e+01 +5.800813649e+01 +1.280381365e+02 +1.280381365e+02 +1.1062e+00 -3.6427e+00 -4.4106e+00 -1.5992e+00 +8.6364e-01 -7.8477e-01 -1.3250e+00 +2.7509e+00 -3.8715e+00 +7.4873e-01
% function evaluation | noise-free fitness - Fopt (-4.822000000000e+01) | best noise-free fitness - Fopt | measured fitness | best measured fitness | x1 | x2...
1 +3.154166773e+03 +3.154166773e+03 +3.105946773e+03 +3.105946773e+03 -2.4535e+00 -2.3605e+00 -2.4665e-01 -3.1759e+00 -4.9323e+00 -3.1123e+00 +1.4002e+00 +3.3411e+00 +3.7831e+00 +4.4750e+00
2 +6.285634038e+02 +6.285634038e+02 +5.803434038e+02 +5.803434038e+02 -3.1472e+00 -2.2928e+00 -3.6741e+00 +3.7878e+00 -1.9158e+00 +1.4638e+00 +3.8500e-01 +3.4982e+00 +2.8548e+00 -1.5761e+00
3 +5.350483549e+02 +5.350483549e+02 +4.868283549e+02 +4.868283549e+02 -1.4688e+00 +1.5030e+00 -9.3141e-01 -2.8012e+00 -3.6099e+00 +8.1432e-01 -4.8425e+00 +3.3681e-01 -2.7957e+00 -2.9951e+00
18 +3.874203616e+02 +3.874203616e+02 +3.392003616e+02 +3.392003616e+02 -4.3854e+00 -3.7454e+00 -3.4865e+00 -3.2894e-01 -3.9842e+00 -1.0410e+00 +2.9081e-02 +2.9850e+00 -1.3783e+00 +2.1697e+00
20 +3.210651506e+02 +3.210651506e+02 +2.728451506e+02 +2.728451506e+02 +1.5241e+00 -5.6941e-01 -1.1838e+00 -1.2021e+00 -1.3988e+00 +1.9496e+00 -4.4274e+00 -4.6332e+00 -2.5799e+00 +4.2803e+00
23 +2.676918445e+02 +2.676918445e+02 +2.194718445e+02 +2.194718445e+02 -7.4759e-01 -8.6909e-01 -8.4740e-01 +9.7363e-02 -1.1932e+00 +4.7615e+00 -1.7573e-02 +4.4499e+00 -2.9170e+00 +1.8275e+00
91 +2.271788970e+02 +2.271788970e+02 +1.789588970e+02 +1.789588970e+02 +1.0225e+00 -4.4324e+00 -2.7131e+00 +1.4471e-01 -2.4489e+00 +4.7151e+00 -4.7025e+00 -5.2527e-01 -3.7827e+00 -2.1771e+00
356 +2.138699109e+02 +2.138699109e+02 +1.656499109e+02 +1.656499109e+02 -3.2134e+00 -3.5599e+00 -2.9839e+00 +7.5266e-01 -4.9446e+00 +4.3707e+00 -3.0120e+00 +4.1944e+00 -7.9224e-01 +2.0515e+00
580 +1.910616277e+02 +1.910616277e+02 +1.428416277e+02 +1.428416277e+02 -2.0228e+00 +2.4470e-01 -3.9351e+00 +3.3060e-01 -6.3791e-01 -8.6991e-01 -2.6704e+00 +3.8181e+00 -3.2346e+00 +3.2629e+00
1883 +1.631151459e+02 +1.631151459e+02 +1.148951459e+02 +1.148951459e+02 +1.4678e+00 -1.7335e-02 -4.8819e+00 -5.5506e-01 -2.1975e+00 +4.2558e+00 -2.6645e+00 +1.6424e-01 -2.7362e+00 +2.5334e+00
10281 +1.538637055e+02 +1.538637055e+02 +1.056437055e+02 +1.056437055e+02 -2.0236e+00 -1.2180e+00 -1.0812e+00 -3.1304e-01 -4.4608e+00 +2.8529e+00 -1.9003e+00 +4.4538e+00 -2.2706e+00 +2.5195e+00
10859 +1.439599796e+02 +1.439599796e+02 +9.573997959e+01 +9.573997959e+01 +1.2763e-01 +1.5936e+00 -2.4969e+00 -1.7935e-01 -3.4526e+00 +3.9651e+00 -4.8897e+00 +3.5167e+00 -3.9546e+00 +4.2492e+00
11159 +1.400672114e+02 +1.400672114e+02 +9.184721140e+01 +9.184721140e+01 -3.1070e+00 -1.7689e+00 -2.7110e+00 -1.2413e+00 -4.0455e+00 +3.1005e+00 -1.7456e+00 +2.9054e+00 -1.2655e+00 +3.2731e+00
21000 +1.167346753e+02 +1.167346753e+02 +6.851467535e+01 +6.851467535e+01 -2.4833e+00 -8.3764e-02 -5.0293e-01 +5.6342e-01 -4.7027e+00 +1.5814e+00 -3.9216e+00 +7.9814e-01 -2.5503e+00 +2.8691e+00
106012 +7.042594574e+01 +7.042594574e+01 +2.220594574e+01 +2.220594574e+01 -1.8555e+00 -6.8710e-01 -2.4822e+00 +8.0128e-01 -1.8420e+00 +4.5831e+00 -3.4077e+00 +1.9290e+00 -3.2367e+00 +4.3537e+00
27459516 +6.825628257e+01 +6.825628257e+01 +2.003628257e+01 +2.003628257e+01 -1.1263e+00 -5.4453e-01 -2.3164e+00 +1.3850e+00 -4.8821e+00 +3.7177e+00 -4.5622e+00 +6.2841e-01 -3.5515e+00 +4.5173e+00
28917704 +6.551181886e+01 +6.551181886e+01 +1.729181886e+01 +1.729181886e+01 -1.4416e+00 -1.7400e+00 -1.6098e+00 +1.0612e+00 -3.2877e+00 +3.8472e+00 -3.4094e+00 +1.1448e+00 -2.3636e+00 +2.8959e+00
32466730 +4.332803411e+01 +4.332803411e+01 -4.891965889e+00 -4.891965889e+00 -2.4811e+00 -5.9719e-01 -1.6488e+00 -7.6284e-01 -2.7412e+00 +4.6461e+00 -2.7493e+00 +8.4419e-01 -1.8841e+00 +3.7605e+00
% function evaluation | noise-free fitness - Fopt (2.547000000000e+01) | best noise-free fitness - Fopt | measured fitness | best measured fitness | x1 | x2...
1 +7.550005683e+02 +7.550005683e+02 +7.804705683e+02 +7.804705683e+02 +4.1602e-01 +1.5845e+00 -3.9516e+00 -1.9751e+00 +3.8268e+00 +3.3690e+00 +4.5560e+00 +1.8180e+00 -1.5143e+00 +6.4562e-01
3 +7.213913183e+02 +7.213913183e+02 +7.468613183e+02 +7.468613183e+02 +4.9362e-01 -3.3593e+00 -4.5647e+00 -4.8736e-01 +2.7679e+00 +1.2702e+00 -5.2952e-03 +2.2925e-02 -3.7595e+00 +2.5243e+00
5 +6.185301688e+02 +6.185301688e+02 +6.440001688e+02 +6.440001688e+02 +5.7006e-01 -1.1108e+00 -4.7937e+00 -2.4180e+00 +1.8912e+00 -4.2354e+00 +2.2951e+00 -5.1308e-01 -5.2203e-01 +9.6260e-01
8 +4.721105808e+02 +4.721105808e+02 +4.975805808e+02 +4.975805808e+02 -3.8029e+00 +3.9338e-01 -4.8442e+00 +5.5024e-01 +1.5311e+00 -1.8526e+00 +3.1528e+00 -9.9643e-01 +4.8555e+00 +5.7697e-02
13 +3.028093964e+02 +3.028093964e+02 +3.282793964e+02 +3.282793964e+02 -2.6914e+00 -1.9448e+00 -2.1946e+00 -4.6768e+00 -3.6504e+00 -1.2097e+00 +7.8549e-01 -1.1759e+00 +6.6089e-02 +1.4635e+00
19 +2.563008196e+02 +2.563008196e+02 +2.817708196e+02 +2.817708196e+02 -1.4549e-01 -1.2402e+00 -1.2377e+00 -2.0273e-01 +2.4007e+00 -8.7840e-02 -6.8946e-01 +3.5394e+00 +1.3072e+00 -1.2433e+00
47 +1.992166092e+02 +1.992166092e+02 +2.246866092e+02 +2.246866092e+02 -4.6235e+00 -2.6680e+00 -1.1391e+00 -2.5624e+00 -2.2690e+00 -2.4071e+00 -3.4359e+00 -1.2012e-01 -1.0243e-02 -4.0300e-01
78 +1.736180598e+02 +1.736180598e+02 +1.990880598e+02 +1.990880598e+02 -4.8470e+00 -2.1038e+00 -3.0188e-01 -9.7131e-01 +3.9933e+00 +2.1778e+00 -2.3069e+00 +1.5847e+00 +3.4517e+00 -2.2747e+00
2776 +1.438418346e+02 +1.438418346e+02 +1.693118346e+02 +1.693118346e+02 -4.0165e+00 -3.9895e+00 -4.2878e+00 -3.5128e+00 +1.1113e+00 +1.2505e+00 -7.5823e-01 +9.8820e-01 +1.6154e+00 -1.7111e+00
3701 +1.361771965e+02 +1.361771965e+02 +1.616471965e+02 +1.616471965e+02 -4.5329e+00 -1.0105e+00 +9.2501e-01 -2.2433e+00 -7.1786e-01 -1.4464e+00 -1.0842e+00 +1.1040e+00 +2.9773e+00 +1.5092e-01
6632 +1.007849819e+02 +1.007849819e+02 +1.262549819e+02 +1.262549819e+02 -3.5161e+00 -1.6868e+00 +1.5058e+00 -4.0759e+00 -4.3516e-01 +2.6379e+00 -3.7327e+00 +2.2567e+00 +4.1181e+00 +9.0265e-01
343053 +7.486807248e+01 +7.486807248e+01 +1.003380725e+02 +1.003380725e+02 -3.5506e+00 -1.7295e+00 -2.6458e+00 -2.4144e+00 -3.5559e+00 -4.4223e-01 -1.5837e+00 -3.7446e-01 +2.5392e+00 -1.8671e+00
2644831 +7.094512620e+01 +7.094512620e+01 +9.641512620e+01 +9.641512620e+01 -3.1205e+00 -4.7833e+00 -2.8869e+00 -2.0474e+00 -3.2012e+00 -6.1832e-01 -3.2272e-01 +7.2344e-01 +3.8356e+00 +3.4091e-01
12314908 +6.851255207e+01 +6.851255207e+01 +9.398255207e+01 +9.398255207e+01 -4.4850e+00 -1.6878e+00 -1.1055e+00 -2.7574e+00 -3.0847e+00 +1.8078e+00 -2.5671e+00 +9.7142e-01 +4.6628e+00 +4.9426e-01
18896484 +5.454033879e+01 +5.454033879e+01 +8.001033879e+01 +8.001033879e+01 -3.3889e+00 -2.4691e+00 -9.8903e-01 -2.8745e+00 -1.5982e+00 -1.5026e+00 -1.6073e+00 +7.3204e-01 +1.9171e+00 -6.5965e-01
% function evaluation | noise-free fitness - Fopt (-1.008100000000e+02) | best noise-free fitness - Fopt | measured fitness | best measured fitness | x1 | x2...
1 +5.781283305e+02 +5.781283305e+02 +4.773183305e+02 +4.773183305e+02 -3.5547e+00 +4.4843e+00 -2.6263e+00 -8.7723e-01 +8.8581e-01 -2.4073e+00 +3.5902e+00 -8.7364e-01 -9.3675e-01 +9.4124e-01
2 +4.769188566e+02 +4.769188566e+02 +3.761088566e+02 +3.761088566e+02 +4.4898e+00 +4.7058e+00 +5.7811e-02 -4.2152e+00 +2.7164e+00 -1.7235e+00 +2.1671e+00 -4.3254e+00 +1.7055e+00 +4.7831e+00
3 +3.337482760e+02 +3.337482760e+02 +2.329382760e+02 +2.329382760e+02 +9.2194e-01 +3.1213e+00 -4.0418e-01 -4.8162e+00 +4.5656e-01 +2.1524e+00 -1.5236e-01 +4.0408e+00 -1.2110e+00 +1.7488e+00
6 +3.145125872e+02 +3.145125872e+02 +2.137025872e+02 +2.137025872e+02 -2.2278e+00 -1.7456e-01 +3.5171e+00 -3.6743e+00 +3.9409e+00 +2.7919e+00 -3.4047e+00 +1.8392e+00 -3.5285e+00 +1.5958e+00
7 +2.707347911e+02 +2.707347911e+02 +1.699247911e+02 +1.699247911e+02 -8.8249e-01 +4.2640e+00 +3.6730e+00 +2.2016e+00 +9.7894e-01 +1.8597e+00 -3.0867e-01 +1.0372e+00 -1.0144e+00 +2.8158e+00
33 +2.036420520e+02 +2.036420520e+02 +1.028320520e+02 +1.028320520e+02 +3.2099e-02 +3.5622e+00 +2.0027e-01 +8.8643e-01 +3.3844e+00 -5.7091e-01 -9.6027e-02 -1.1161e+00 -9.6884e-01 -1.3222e+00
88 +1.944236028e+02 +1.944236028e+02 +9.361360283e+01 +9.361360283e+01 -7.8873e-01 +3.9937e+00 +6.2149e-01 -4.4555e-01 +3.5080e+00 -3.4880e+00 +3.2573e-01 -3.5632e-01 -1.4488e+00 +1.1103e+00
644 +1.590365094e+02 +1.590365094e+02 +5.822650937e+01 +5.822650937e+01 +2.1651e+00 +4.0864e-02 +4.3108e+00 +3.3171e+00 +2.6147e+00 +6.0328e-01 -5.2087e-01 -7.8856e-02 -2.9112e+00 -1.4662e+00
1519 +1.367743029e+02 +1.367743029e+02 +3.596430289e+01 +3.596430289e+01 +4.4746e-01 +2.5770e+00 +3.8505e+00 +2.1910e+00 +4.5932e+00 +1.4304e+00 -6.4963e-01 +1.3407e+00 -2.4675e+00 +6.6153e-01
1996 +1.257093351e+02 +1.257093351e+02 +2.489933515e+01 +2.489933515e+01 +2.3427e+00 +3.2342e+00 +2.3621e+00 -3.3046e+00 +2.9812e+00 +8.9505e-01 -9.0437e-01 +2.5921e+00 -4.4701e+00 +1.8259e+00
22126 +1.191387208e+02 +1.191387208e+02 +1.832872077e+01 +1.832872077e+01 -4.1118e-01 +1.1755e+00 +2.7051e+00 -8.6263e-01 +1.3692e+00 +3.7697e+00 +8.6295e-01 +3.3093e+00 -3.5421e+00 -1.3757e+00
36309 +1.166463100e+02 +1.166463100e+02 +1.583630997e+01 +1.583630997e+01 +6.8231e-02 +3.3505e-01 +4.2913e+00 +1.6294e+00 +2.3690e+00 +2.0860e+00 -4.8228e-01 +2.6606e+00 -3.1197e+00 -1.3460e+00
71738 +1.028428401e+02 +1.028428401e+02 +2.032840093e+00 +2.032840093e+00 +1.5070e+00 -2.4299e-01 +3.3336e-01 +2.1791e-01 +2.7553e+00 +3.5511e+00 +1.8275e+00 +3.5222e+00 -2.4284e+00 -2.1181e+00
198441 +1.008317605e+02 +1.008317605e+02 +2.176054716e-02 +2.176054716e-02 -2.3088e-01 +7.3072e-01 +1.3532e+00 -2.1412e+00 +4.9654e+00 +3.2821e+00 +1.3298e+00 +2.3247e+00 -2.2897e+00 -2.2233e+00
211375 +9.857029703e+01 +9.857029703e+01 -2.239702974e+00 -2.239702974e+00 +5.9896e-01 +1.4821e+00 +8.0000e-01 +2.5341e+00 +4.7045e+00 +3.8956e-01 -5.0068e-01 +1.2891e-01 -4.8934e+00 +1.0024e+00
275585 +9.215667744e+01 +9.215667744e+01 -8.653322561e+00 -8.653322561e+00 +8.7687e-01 -5.8760e-01 +7.6534e-01 -3.9618e-01 +4.7242e+00 +2.5453e+00 +1.7622e-01 +1.6497e+00 -3.3175e+00 +3.8785e-01
783192 +8.055670045e+01 +8.055670045e+01 -2.025329955e+01 -2.025329955e+01 +1.8960e+00 +5.3589e-01 +1.5179e+00 +4.4512e-01 +3.4265e+00 +2.7103e+00 +1.1540e-01 -4.1037e-01 -3.5843e+00 -1.8947e+00
3028311 +7.662732891e+01 +7.662732891e+01 -2.418267109e+01 -2.418267109e+01 +8.1304e-01 +9.1481e-01 +1.5269e+00 -3.2913e-01 +3.6891e+00 +2.2068e+00 +2.3256e+00 +9.0445e-01 -2.1815e+00 -1.0313e+00
3369581 +6.798055168e+01 +6.798055168e+01 -3.282944832e+01 -3.282944832e+01 +5.1310e-01 +2.3647e+00 +1.1280e+00 -3.5457e-01 +2.6112e+00 +1.9422e+00 -1.1726e+00 +1.0538e+00 -4.0872e+00 +1.0252e+00
34892567 +6.087868905e+01 +6.087868905e+01 -3.993131095e+01 -3.993131095e+01 -4.0110e-01 +4.2818e-02 +1.0398e+00 -1.9180e+00 +3.3083e+00 +1.7932e+00 +8.8777e-01 +1.1852e+00 -2.9647e+00 -1.0416e+00
52967999 +5.741702380e+01 +5.741702380e+01 -4.339297620e+01 -4.339297620e+01 +8.9718e-01 -9.0090e-01 +2.3665e-01 +6.0089e-01 +3.2872e+00 +1.0754e+00 +5.2572e-02 +1.6525e+00 -3.5486e+00 -5.6714e-01
92537706 +5.470928347e+01 +5.470928347e+01 -4.610071653e+01 -4.610071653e+01 +2.6635e+00 -1.4083e-01 +1.4313e-01 +4.8877e-01 +1.3507e+00 +3.1265e-01 -6.8562e-01 +4.2665e-01 -3.6317e+00 +1.4087e+00
% function evaluation | noise-free fitness - Fopt (-2.184000000000e+01) | best noise-free fitness - Fopt | measured fitness | best measured fitness | x1 | x2...
1 +2.264471609e+03 +2.264471609e+03 +2.242631609e+03 +2.242631609e+03 -4.8654e+00 +5.2393e-02 +3.4040e+00 +4.1008e+00 +2.7315e+00 -4.0380e+00 +4.2642e+00 +2.4500e+00 +3.3168e+00 -3.7624e+00
2 +1.058373898e+03 +1.058373898e+03 +1.036533898e+03 +1.036533898e+03 -4.5927e+00 -4.4859e+00 -1.1727e+00 +1.1978e+00 -6.9182e-02 -9.9350e-01 -3.1721e+00 -3.8153e+00 -7.8072e-01 -3.9154e+00
3 +7.708828981e+02 +7.708828981e+02 +7.490428981e+02 +7.490428981e+02 +7.2701e-01 -1.3406e+00 +1.1034e+00 -4.2994e+00 -4.7759e+00 +8.4245e-01 -1.0979e+00 -3.3054e+00 -2.1293e+00 -1.5514e+00
4 +4.320563715e+02 +4.320563715e+02 +4.102163715e+02 +4.102163715e+02 -7.6089e-01 -4.1354e+00 +2.0743e+00 -3.9739e-01 +4.6091e+00 +2.2769e+00 -4.2508e+00 -2.9630e+00 +1.0264e+00 +5.7563e-01
9 +3.989148747e+02 +3.989148747e+02 +3.770748747e+02 +3.770748747e+02 +2.4910e+00 -4.9493e+00 -3.5619e+00 -2.9610e+00 +2.1517e+00 +2.2948e+00 -3.7319e+00 +3.2763e+00 -2.6568e+00 -1.7938e+00
14 +3.791386180e+02 +3.791386180e+02 +3.572986180e+02 +3.572986180e+02 -1.5646e+00 +1.3904e+00 -1.3873e+00 +1.4726e+00 +4.0861e+00 +4.7027e+00 -9.2928e-01 -4.6093e-01 +7.7036e-01 -3.6842e-01
22 +3.680158383e+02 +3.680158383e+02 +3.461758383e+02 +3.461758383e+02 +9.5853e-01 -1.8923e-01 -4.0829e+00 -4.6769e+00 -3.5629e-01 +2.6752e+00 +1.9085e+00 -4.3042e+00 +1.3189e+00 -3.3152e+00
52 +3.373737563e+02 +3.373737563e+02 +3.155337563e+02 +3.155337563e+02 -1.6279e+00 -8.9018e-01 -2.7636e+00 -3.1806e-01 -1.1934e-01 +3.9875e+00 -2.8256e+00 -2.3595e-01 -1.6323e+00 -5.3666e-01
67 +3.074403385e+02 +3.074403385e+02 +2.856003385e+02 +2.856003385e+02 +2.7830e+00 -3.8765e+00 -4.3760e+00 +2.0438e+00 +2.6653e+00 -1.8209e+00 -4.9378e+00 -2.2153e+00 +2.4767e+00 -2.2785e+00
100 +3.015608744e+02 +3.015608744e+02 +2.797208744e+02 +2.797208744e+02 +4.1766e+00 -3.3371e-01 -3.9055e+00 -3.8597e+00 -6.4396e-01 -2.0882e-01 -3.8280e+00 -2.4091e+00 +3.2397e+00 -1.2797e+00
115 +2.900377308e+02 +2.900377308e+02 +2.681977308e+02 +2.681977308e+02 +3.9921e+00 -2.0869e+00 -1.9926e+00 -4.5598e+00 +2.1062e+00 +2.9635e+00 -4.1307e+00 +2.3633e+00 +3.8793e+00 -1.7351e-01
256 +1.916307284e+02 +1.916307284e+02 +1.697907284e+02 +1.697907284e+02 +1.6759e+00 -1.3474e+00 -3.0625e+00 -1.9946e+00 +1.1746e-02 -5.3939e-01 -1.2860e+00 +9.5233e-01 -6.9258e-02 -1.6421e+00
338 +1.732989047e+02 +1.732989047e+02 +1.514589047e+02 +1.514589047e+02 +3.0423e+00 -1.8518e+00 -3.4224e+00 +3.7845e+00 +2.7610e+00 +4.2888e+00 -1.4218e+00 -2.1786e+00 +1.9358e+00 -1.4654e+00
387 +1.553869958e+02 +1.553869958e+02 +1.335469958e+02 +1.335469958e+02 +3.0898e+00 -3.1373e+00 -3.6670e+00 -1.4335e-01 +8.5148e-01 +1.2619e+00 -2.5003e+00 +2.4936e+00 +4.7759e+00 -1.6642e+00
758 +1.403234450e+02 +1.403234450e+02 +1.184834450e+02 +1.184834450e+02 +2.8484e+00 -1.7009e+00 -4.6036e+00 +4.0243e-01 +1.7812e+00 +3.1167e+00 -1.6257e+00 -1.2468e+00 +1.8685e+00 +1.0120e+00
8312 +1.240743125e+02 +1.240743125e+02 +1.022343125e+02 +1.022343125e+02 +2.2721e+00 -3.9183e+00 -1.7527e+00 -1.0062e+00 +2.6211e+00 +3.6675e+00 -1.3210e+00 -2.5768e+00 +2.1063e+00 -2.2735e+00
21671 +1.229514576e+02 +1.229514576e+02 +1.011114576e+02 +1.011114576e+02 +8.7921e-01 -3.8675e+00 -3.4945e+00 +1.5949e+00 +4.3289e+00 +4.3615e+00 -1.2295e+00 -3.5499e+00 +2.4349e+00 -1.0220e+00
44461 +1.134881288e+02 +1.134881288e+02 +9.164812876e+01 +9.164812876e+01 +1.1070e+00 -2.7141e+00 -2.9260e+00 -6.0100e-01 +3.7739e+00 +2.2908e+00 -1.3370e+00 +8.6489e-01 +4.3119e+00 -2.3852e+00
60296 +1.050960412e+02 +1.050960412e+02 +8.325604123e+01 +8.325604123e+01 +1.9685e+00 -3.3463e+00 -3.6535e+00 -2.5327e-01 +4.0992e+00 +2.0804e+00 -3.2804e+00 -4.0873e-01 +2.6991e+00 -9.8777e-01
138243 +8.965212354e+01 +8.965212354e+01 +6.781212354e+01 +6.781212354e+01 +2.4787e+00 -2.9429e+00 -3.7171e+00 +1.2782e+00 +2.4971e+00 +3.3714e+00 -2.4869e+00 -2.7012e+00 +2.4619e+00 +6.0788e-01
139774 +8.637146978e+01 +8.637146978e+01 +6.453146978e+01 +6.453146978e+01 +2.6521e+00 -4.3535e+00 -3.0422e+00 -2.4496e+00 +4.4170e+00 +2.5537e-01 -3.9033e-01 -8.2788e-01 +1.2410e+00 +1.6409e-01
304631 +8.229470660e+01 +8.229470660e+01 +6.045470660e+01 +6.045470660e+01 +2.7041e+00 -1.3288e+00 -4.1992e+00 -5.5703e-01 +2.2587e+00 +1.4505e+00 -2.3121e+00 -1.7167e+00 +2.3816e+00 -2.8879e+00
607044 +5.504587655e+01 +5.504587655e+01 +3.320587655e+01 +3.320587655e+01 +3.1587e-01 -1.7983e+00 -2.1100e+00 +3.5266e-01 +2.5695e+00 +1.1549e-01 +1.0226e-01 +3.5867e-01 +2.9104e+00 -7.9243e-01
5932962 +4.866313407e+01 +4.866313407e+01 +2.682313407e+01 +2.682313407e+01 +5.5622e-01 -2.0064e+00 -3.2980e+00 +1.4187e+00 +1.7089e+00 +1.4958e+00 -1.7009e+00 -1.6317e-01 +2.4601e+00 -8.2746e-01
% function evaluation | noise-free fitness - Fopt (-1.862000000000e+01) | best noise-free fitness - Fopt | measured fitness | best measured fitness | x1 | x2...
1 +6.480476121e+02 +6.480476121e+02 +6.294276121e+02 +6.294276121e+02 +3.7972e+00 -3.5614e-01 -4.4572e+00 +2.3213e+00 -4.8464e+00 -2.2260e+00 -1.4509e+00 +4.4095e+00 -2.7021e+00 +1.0288e+00
5 +4.428044609e+02 +4.428044609e+02 +4.241844609e+02 +4.241844609e+02 +9.4343e-01 +2.0915e+00 -4.6669e-01 -1.7004e+00 +6.0076e-01 +2.4276e-01 +1.0993e+00 -2.2760e+00 +1.4599e+00 -1.1157e+00
34 +3.597391616e+02 +3.597391616e+02 +3.411191616e+02 +3.411191616e+02 +3.7985e+00 +1.7588e+00 -1.9882e+00 +1.5132e+00 +2.2175e+00 -3.7225e-01 -4.2148e+00 +3.3365e+00 +2.0252e+00 -3.0941e+00
91 +3.087208409e+02 +3.087208409e+02 +2.901008409e+02 +2.901008409e+02 +1.9855e+00 +4.5543e+00 -1.4045e+00 -3.5497e+00 -3.8898e+00 +4.3129e+00 +4.5555e-01 -3.5277e+00 +8.6634e-01 -3.2711e+00
133 +2.987647762e+02 +2.987647762e+02 +2.801447762e+02 +2.801447762e+02 +3.4643e+00 +3.5609e-01 +4.5524e+00 +2.0847e+00 +6.5189e-01 +2.0551e+00 -1.3817e+00 -2.3473e-01 -2.1889e+00 -3.2226e+00
185 +2.689577503e+02 +2.689577503e+02 +2.503377503e+02 +2.503377503e+02 -9.4606e-01 +7.7133e-01 -1.5793e+00 +1.1994e+00 +1.3901e+00 +3.4948e+00 -3.8876e+00 +2.4682e+00 -2.9183e+00 -3.9532e+00
652 +2.236218614e+02 +2.236218614e+02 +2.050018614e+02 +2.050018614e+02 +4.0229e+00 -1.2169e-01 -1.1528e+00 +4.5885e+00 -5.4426e-01 +1.8154e+00 -3.8330e+00 +5.7265e-01 +4.2809e+00 -1.4492e+00
751 +1.757902002e+02 +1.757902002e+02 +1.571702002e+02 +1.571702002e+02 +3.1804e+00 -9.8182e-01 -1.8178e+00 +1.3996e+00 -2.3670e+00 +5.8264e-01 -3.9761e+00 -2.1622e+00 +4.5490e+00 -2.9476e+00
2094 +1.485829596e+02 +1.485829596e+02 +1.299629596e+02 +1.299629596e+02 +9.6607e-01 +3.4147e+00 -7.2642e-02 +1.0680e+00 -3.6927e+00 +1.4853e+00 -4.5198e-01 -6.4170e-01 +1.5589e+00 -2.0176e+00
9163 +1.454485762e+02 +1.454485762e+02 +1.268285762e+02 +1.268285762e+02 +1.8099e+00 +3.3410e+00 -3.7240e+00 +1.5592e+00 -1.7818e+00 -9.6405e-01 -4.4121e+00 -5.3893e-01 +2.9010e+00 -2.3006e+00
21085 +1.052290264e+02 +1.052290264e+02 +8.660902635e+01 +8.660902635e+01 +2.3716e+00 +3.3432e+00 -3.1946e-01 -1.5845e-01 -2.1567e+00 +1.5683e+00 -3.2104e+00 -1.1401e+00 +3.6749e+00 -3.5106e+00
235589 +9.541313374e+01 +9.541313374e+01 +7.679313374e+01 +7.679313374e+01 +1.5288e+00 -6.7843e-01 -9.8598e-01 +3.5950e+00 -1.2238e+00 +3.3698e+00 -1.8400e+00 +5.4783e-01 +2.3020e-01 -2.7510e+00
959194 +7.656048176e+01 +7.656048176e+01 +5.794048176e+01 +5.794048176e+01 +1.7546e+00 +1.4402e-01 -2.7080e-01 +3.5106e+00 -2.7628e+00 +3.3859e+00 -3.4128e+00 +3.1303e+00 +3.6434e+00 -3.8691e+00
1242898 +7.300510326e+01 +7.300510326e+01 +5.438510326e+01 +5.438510326e+01 +1.4157e+00 +2.2418e+00 -5.8878e-02 -2.6253e-02 -2.6205e+00 +4.0494e+00 -3.4937e+00 -1.8934e+00 +2.0254e+00 -4.5359e+00
11507745 +7.178858200e+01 +7.178858200e+01 +5.316858200e+01 +5.316858200e+01 +1.7877e+00 +1.3824e+00 -1.5965e-01 +2.4856e+00 -2.6784e+00 +1.9453e+00 -4.2025e+00 -1.7825e+00 +3.1911e+00 -2.8540e+00
11853745 +6.173225465e+01 +6.173225465e+01 +4.311225465e+01 +4.311225465e+01 +1.5724e+00 +1.8895e+00 +1.0628e+00 +3.1519e+00 -1.3470e+00 +2.2090e+00 -4.2046e+00 -1.2433e+00 +4.6658e+00 -3.1445e+00
30472754 +4.980841559e+01 +4.980841559e+01 +3.118841559e+01 +3.118841559e+01 +1.8216e+00 +1.8909e+00 -4.7356e-02 +3.3531e+00 -3.0589e+00 +1.8863e+00 -4.5334e+00 +3.8665e-01 +3.5030e+00 -2.5828e+00
% function evaluation | noise-free fitness - Fopt (2.764000000000e+01) | best noise-free fitness - Fopt | measured fitness | best measured fitness | x1 | x2...
1 +7.384463197e+02 +7.384463197e+02 +7.660863197e+02 +7.660863197e+02 -9.3199e-01 +4.1257e+00 -4.3790e+00 +2.2135e-01 +4.2374e+00 -4.5996e+00 +3.4618e+00 +1.9066e+00 -4.7167e+00 -3.0219e+00
8 +4.075780338e+02 +4.075780338e+02 +4.352180338e+02 +4.352180338e+02 +2.3090e+00 -1.3951e+00 -4.8026e+00 +6.9766e-01 -4.8353e+00 -4.1734e+00 -4.7419e+00 -4.2831e+00 -4.8723e+00 +1.3405e+00
12 +3.002601693e+02 +3.002601693e+02 +3.279001693e+02 +3.279001693e+02 -2.2910e+00 -7.0694e-01 -2.8742e-01 +4.1688e+00 +3.0581e+00 +7.9653e-01 -3.4271e-01 -2.4476e+00 -4.8296e+00 +1.9008e+00
27 +2.933669707e+02 +2.933669707e+02 +3.210069707e+02 +3.210069707e+02 +1.2791e+00 -6.7793e-01 -4.0652e+00 +1.4939e+00 +2.0746e-01 +3.1419e-01 +2.2986e+00 -3.1271e+00 +1.9681e+00 -1.5075e+00
49 +2.766680661e+02 +2.766680661e+02 +3.043080661e+02 +3.043080661e+02 +3.9643e+00 -1.0598e+00 -4.3806e+00 +4.4526e+00 +1.0593e+00 -3.3316e+00 -2.6318e+00 -1.3089e+00 -4.0112e+00 +3.0224e+00
59 +1.737143177e+02 +1.737143177e+02 +2.013543177e+02 +2.013543177e+02 -2.7631e-01 -2.1933e+00 -4.8617e+00 +2.6658e+00 +4.8887e-01 +3.8562e-01 +1.1179e-01 -2.9389e+00 -1.7589e+00 -4.5032e-01
409 +1.621999005e+02 +1.621999005e+02 +1.898399005e+02 +1.898399005e+02 +1.5384e+00 -2.4138e+00 -2.4964e+00 +3.4395e+00 +3.0469e+00 -9.3388e-01 -3.0785e-01 -3.7848e+00 +5.8442e-01 -1.0046e+00
1228 +1.402174614e+02 +1.402174614e+02 +1.678574614e+02 +1.678574614e+02 +3.5832e-01 +4.0521e-01 -2.6041e+00 +2.5241e-01 +1.0323e+00 -1.5165e-01 -2.0413e+00 -4.7750e+00 -2.6994e+00 +1.9078e+00
7419 +1.257211250e+02 +1.257211250e+02 +1.533611250e+02 +1.533611250e+02 +1.6147e+00 -6.6779e-01 -2.3407e+00 +3.9828e+00 +5.4489e-01 -2.0745e+00 +1.4815e+00 -2.4849e+00 -2.0965e+00 -2.5171e+00
11600 +1.092984097e+02 +1.092984097e+02 +1.369384097e+02 +1.369384097e+02 +3.5357e+00 -3.1361e+00 -3.5836e+00 +2.5197e+00 +8.9745e-01 -1.2841e+00 +2.8672e-01 -3.4539e+00 +6.9957e-01 -1.8821e+00
54970 +8.054311602e+01 +8.054311602e+01 +1.081831160e+02 +1.081831160e+02 +2.2098e+00 +1.5834e+00 -3.1682e+00 +3.2708e+00 -4.2603e-01 +1.7948e+00 -6.0054e-01 -1.5027e+00 -4.9240e+00 +1.1295e+00
1049981 +7.532075719e+01 +7.532075719e+01 +1.029607572e+02 +1.029607572e+02 +2.2223e+00 +1.9867e+00 -3.3580e+00 +2.9947e+00 +6.9353e-02 +4.7113e+00 -5.8570e-01 -2.1136e+00 -3.3703e+00 -2.1447e+00
3977723 +6.765676813e+01 +6.765676813e+01 +9.529676813e+01 +9.529676813e+01 +4.0880e+00 +4.9958e-01 -2.4415e+00 +3.6385e+00 +1.0443e+00 -5.5740e-01 +6.2269e-01 -1.8968e+00 -2.3780e+00 -1.8573e+00
8374655 +5.655123128e+01 +5.655123128e+01 +8.419123128e+01 +8.419123128e+01 +2.4682e+00 +1.9083e+00 -3.9373e+00 +2.2760e+00 +2.5662e-03 +1.6497e+00 -9.5798e-01 -2.1722e-01 -2.7004e+00 +9.7882e-01
21332000 +5.520230485e+01 +5.520230485e+01 +8.284230485e+01 +8.284230485e+01 +3.4673e+00 +2.8254e+00 -3.9798e+00 +3.7549e+00 +1.4776e+00 +1.5399e+00 -7.6079e-02 -1.1850e+00 -4.8504e+00 -7.8072e-01
% function evaluation | noise-free fitness - Fopt (-1.552000000000e+01) | best noise-free fitness - Fopt | measured fitness | best measured fitness | x1 | x2...
1 +4.925435637e+02 +4.925435637e+02 +4.770235637e+02 +4.770235637e+02 -6.6308e-01 +3.4585e+00 -4.9576e+00 +3.1426e+00 -3.1588e+00 -3.2199e+00 +1.6524e+00 -3.4128e+00 -4.8045e+00 -1.4798e+00
9 +3.837841566e+02 +3.837841566e+02 +3.682641566e+02 +3.682641566e+02 +6.9297e-01 -3.5447e+00 +3.3450e+00 +2.1905e+00 +1.1006e+00 +1.0536e+00 +2.8564e+00 -4.0945e+00 -2.5426e+00 +1.3360e+00
44 +3.784032187e+02 +3.784032187e+02 +3.628832187e+02 +3.628832187e+02 +1.2577e+00 +7.5131e-01 +2.4578e+00 +3.4688e+00 +2.8082e-01 -7.1148e-01 +3.5803e+00 +2.0754e+00 -2.1156e-01 -2.0692e+00
63 +2.323030798e+02 +2.323030798e+02 +2.167830798e+02 +2.167830798e+02 +1.6262e+00 -3.0988e+00 +3.3809e+00 +1.0672e+00 +9.0373e-01 -4.4860e+00 +1.1704e+00 -2.8651e-01 +1.5446e+00 +4.3305e+00
426 +2.193349573e+02 +2.193349573e+02 +2.038149573e+02 +2.038149573e+02 -7.4739e-02 +3.9336e-01 +4.0579e+00 +2.3343e+00 +2.0918e+00 -4.6106e+00 -1.3612e+00 +4.7664e-01 -2.2535e+00 -1.8523e+00
487 +1.950360723e+02 +1.950360723e+02 +1.795160723e+02 +1.795160723e+02 +3.7655e+00 +1.7103e+00 -2.0332e-01 +2.0684e+00 -3.8990e+00 -6.8250e-01 -2.0801e+00 -1.9526e+00 -3.4304e-01 -3.5540e-01
580 +1.719341434e+02 +1.719341434e+02 +1.564141434e+02 +1.564141434e+02 +3.2766e+00 -1.0108e+00 +2.5492e+00 +2.3788e+00 -8.7638e-01 -3.2376e+00 +1.5305e+00 -3.3263e+00 -6.9945e-01 +3.6560e+00
1180 +1.581432681e+02 +1.581432681e+02 +1.426232681e+02 +1.426232681e+02 +4.3717e+00 -4.2674e+00 +1.5044e+00 +4.4944e+00 -2.4037e+00 -3.3654e+00 -2.5874e-01 -2.1848e+00 +1.1045e+00 -1.7678e+00
3890 +1.459022617e+02 +1.459022617e+02 +1.303822617e+02 +1.303822617e+02 +1.8332e+00 -9.6129e-01 +1.1800e+00 +4.5232e+00 -1.0678e+00 -3.1610e+00 -3.9180e+00 -1.9317e+00 +3.1864e-01 +1.4584e+00
7056 +1.401888597e+02 +1.401888597e+02 +1.246688597e+02 +1.246688597e+02 -2.9648e-01 -1.2149e+00 +2.8564e+00 +2.9888e+00 -2.4554e+00 +1.4061e+00 +2.2277e+00 -3.2268e+00 -7.8036e-01 -2.4650e+00
34938 +1.184068890e+02 +1.184068890e+02 +1.028868890e+02 +1.028868890e+02 +3.7871e+00 -2.3549e+00 +3.7111e+00 +1.1060e+00 -3.3637e+00 -3.4983e+00 +1.6029e+00 -2.3752e+00 +2.5613e-01 +8.0970e-01
88094 +1.075800848e+02 +1.075800848e+02 +9.206008479e+01 +9.206008479e+01 +2.4726e+00 +4.5828e-01 +2.3596e+00 +4.3274e+00 -1.1565e+00 -2.2696e+00 -2.1798e+00 -3.4104e+00 -5.4419e-01 +1.7301e+00
139210 +9.453209492e+01 +9.453209492e+01 +7.901209492e+01 +7.901209492e+01 +2.4808e+00 +1.3297e-01 +1.6873e+00 +3.9324e+00 -2.2437e+00 -1.3441e+00 +3.1155e-01 -2.9616e+00 -1.1434e+00 +8.2910e-02
921024 +8.271266107e+01 +8.271266107e+01 +6.719266107e+01 +6.719266107e+01 +2.5402e+00 -2.1181e+00 +4.6452e+00 +3.7770e+00 -2.1021e+00 -2.2581e+00 -1.9815e+00 -5.6954e-01 -2.8743e-01 +1.2414e+00
3066939 +8.055208103e+01 +8.055208103e+01 +6.503208103e+01 +6.503208103e+01 +3.5238e+00 -1.5329e+00 +3.3077e+00 +3.5918e+00 -1.5581e+00 -2.8415e+00 -8.5646e-01 -1.4900e+00 +1.4655e+00 -2.3691e+00
6121310 +7.878734949e+01 +7.878734949e+01 +6.326734949e+01 +6.326734949e+01 +4.7344e+00 -9.9752e-01 +3.9559e+00 +1.1268e+00 -2.1325e+00 -3.3940e+00 -1.5366e+00 -1.5955e+00 -2.2752e+00 +3.5376e+00
6552551 +7.142526953e+01 +7.142526953e+01 +5.590526953e+01 +5.590526953e+01 +3.7247e+00 -2.0580e+00 +2.1088e+00 +2.9578e+00 -2.9435e-01 -3.7456e+00 -1.9110e+00 -9.0379e-01 +1.9327e+00 +1.2388e+00
6765773 +6.428315704e+01 +6.428315704e+01 +4.876315704e+01 +4.876315704e+01 +2.9114e+00 -3.4966e-01 +3.0344e+00 +1.7549e+00 -2.4587e+00 -1.1391e+00 +7.6334e-01 -2.1052e+00 -5.3138e-01 -7.6702e-01
9209979 +5.550492569e+01 +5.550492569e+01 +3.998492569e+01 +3.998492569e+01 +3.6036e+00 -2.8320e+00 +3.4248e+00 +1.9903e+00 -1.8922e+00 -4.3793e+00 -1.1795e+00 -8.5727e-01 -1.3304e+00 +1.1130e+00
50317571 +5.279474156e+01 +5.279474156e+01 +3.727474156e+01 +3.727474156e+01 +2.9460e+00 -8.7675e-01 +3.6923e+00 +3.6877e+00 -1.5887e+00 -2.1851e+00 +5.7777e-01 -1.8556e+00 -1.7963e+00 +6.2064e-01
76113611 +5.203782187e+01 +5.203782187e+01 +3.651782187e+01 +3.651782187e+01 +4.3617e+00 -2.3535e+00 +3.7162e+00 +3.5797e+00 -2.7379e+00 -2.2230e+00 -9.2156e-01 -6.6563e-01 -1.0489e+00 -4.4950e-01
% function evaluation | noise-free fitness - Fopt (1.000000000000e+03) | best noise-free fitness - Fopt | measured fitness | best measured fitness | x1 | x2...
1 +1.110394916e+03 +1.110394916e+03 +2.110394916e+03 +2.110394916e+03 -3.3162e+00 -1.8454e+00 -4.9573e+00 +3.9885e+00 +3.1447e+00 +4.9413e+00 -2.0782e+00 -2.7044e+00 +4.2647e+00 -6.9440e-01
3 +6.584319651e+02 +6.584319651e+02 +1.658431965e+03 +1.658431965e+03 -1.8645e+00 -1.9474e+00 +3.4393e+00 -1.1605e+00 +2.9453e+00 -1.8899e+00 +7.2541e-01 +9.5827e-01 -1.0413e-01 -1.8760e+00
4 +3.640871970e+02 +3.640871970e+02 +1.364087197e+03 +1.364087197e+03 -4.7614e+00 +4.5643e-03 +1.6996e+00 -3.1576e+00 -2.6951e-01 +2.3488e+00 -3.9507e+00 -3.1289e+00 -3.5688e+00 -1.7132e+00
32 +2.368447649e+02 +2.368447649e+02 +1.236844765e+03 +1.236844765e+03 +2.6556e+00 -2.1683e+00 +7.3234e-01 -1.6483e+00 -1.6021e+00 +1.2190e-01 -3.8426e+00 -6.4945e-01 +1.9064e+00 +2.3379e+00
462 +1.916404396e+02 +1.916404396e+02 +1.191640440e+03 +1.191640440e+03 -2.0573e+00 -2.1060e+00 -2.7395e+00 -3.7001e+00 -3.1636e+00 +2.2551e+00 -2.5197e+00 -4.3406e+00 -2.1505e+00 +3.5407e+00
539 +1.804262165e+02 +1.804262165e+02 +1.180426216e+03 +1.180426216e+03 -9.2163e-01 +4.4242e-01 -7.3712e-01 -3.5673e+00 -4.4987e+00 +1.8903e-01 +1.2068e+00 -2.4265e+00 -8.4568e-01 +2.6255e+00
2765 +1.683855320e+02 +1.683855320e+02 +1.168385532e+03 +1.168385532e+03 -1.7566e+00 -3.7012e+00 +1.0822e+00 -3.9619e+00 -1.3560e+00 +3.4795e+00 -2.5952e+00 -4.3168e+00 -4.6541e-01 +2.7166e+00
3056 +1.572535697e+02 +1.572535697e+02 +1.157253570e+03 +1.157253570e+03 -8.9463e-01 -2.8987e+00 -7.2305e-01 -1.1613e+00 -3.5921e+00 -3.8270e-01 -1.7094e+00 -1.3749e-02 +1.4626e+00 +3.2520e+00
3062 +1.485941033e+02 +1.485941033e+02 +1.148594103e+03 +1.148594103e+03 -1.7017e+00 -2.4065e+00 -2.5024e-01 -9.5114e-01 -4.5050e-01 -2.9454e-01 +4.1598e-01 -3.1143e+00 +1.3331e+00 +4.5006e+00
7828 +1.467010340e+02 +1.467010340e+02 +1.146701034e+03 +1.146701034e+03 -1.3874e+00 -3.0936e+00 -8.3648e-01 -4.9822e+00 +3.2662e-01 -2.6553e-01 -1.1271e+00 -4.6211e+00 +5.1471e-01 +4.5213e+00
11579 +1.426044054e+02 +1.426044054e+02 +1.142604405e+03 +1.142604405e+03 -2.1389e+00 +8.0016e-02 -6.2634e-01 -1.0247e+00 -3.4600e+00 -3.9688e-01 +2.1650e-01 -2.1940e+00 +3.4529e-01 +1.7720e+00
16822 +1.243790183e+02 +1.243790183e+02 +1.124379018e+03 +1.124379018e+03 -3.3058e+00 -2.6584e+00 -3.5737e-01 -3.3988e+00 -1.4163e+00 +2.3493e-01 +2.1346e-01 -9.8941e-01 +2.3928e+00 +3.5565e+00
16975 +1.145820453e+02 +1.145820453e+02 +1.114582045e+03 +1.114582045e+03 -3.8445e+00 -2.0591e+00 -3.4743e+00 -1.2547e+00 -2.9584e+00 +9.8575e-01 +1.0804e-01 -1.7610e+00 -1.8052e+00 +4.6907e+00
28312 +1.007994481e+02 +1.007994481e+02 +1.100799448e+03 +1.100799448e+03 -2.6298e+00 -7.1675e-02 -1.9821e+00 -4.1261e+00 -3.3189e+00 +1.5765e-01 +3.0859e-01 -2.5838e+00 +7.8045e-01 +2.8332e+00
149156 +9.059146571e+01 +9.059146571e+01 +1.090591466e+03 +1.090591466e+03 -2.5643e+00 -4.9003e+00 +2.6698e-01 -2.4218e+00 -3.6531e+00 +1.1687e+00 +3.1819e+00 -2.7332e-01 -1.0744e+00 +4.7608e+00
1167960 +6.896558754e+01 +6.896558754e+01 +1.068965588e+03 +1.068965588e+03 -3.0471e+00 -2.1256e+00 -2.4520e+00 -3.8515e+00 -2.5931e+00 -1.0174e-01 +3.0645e-01 -5.4575e-01 -1.9555e-01 +4.0987e+00
4048058 +6.368296995e+01 +6.368296995e+01 +1.063682970e+03 +1.063682970e+03 -1.0724e+00 -3.1592e+00 -1.6489e+00 -3.7484e+00 -2.5283e+00 +1.1553e+00 +5.6408e-01 -1.3232e+00 +1.2618e+00 +4.0740e+00
8079441 +4.778326498e+01 +4.778326498e+01 +1.047783265e+03 +1.047783265e+03 -3.1764e+00 -1.0146e+00 -2.1617e+00 -4.2572e+00 -2.1517e+00 +6.6353e-01 +1.1238e+00 -1.3685e-02 +7.0959e-01 +2.3728e+00
% function evaluation | noise-free fitness - Fopt (-3.030200000000e+02) | best noise-free fitness - Fopt | measured fitness | best measured fitness | x1 | x2...
1 +2.501436974e+03 +2.501436974e+03 +2.198416974e+03 +2.198416974e+03 +1.3528e+00 +2.6945e-01 +1.2461e+00 -3.4978e+00 -1.9121e+00 +4.4290e+00 -4.2342e+00 -1.7565e+00 +4.2034e+00 -3.0647e+00
2 +1.468801227e+03 +1.468801227e+03 +1.165781227e+03 +1.165781227e+03 +1.0351e+00 -2.0023e+00 +1.6599e+00 +2.3670e+00 +3.2382e+00 -1.3186e+00 -2.4447e+00 +1.5434e+00 +4.6020e+00 +4.2882e+00
6 +1.011640380e+03 +1.011640380e+03 +7.086203802e+02 +7.086203802e+02 -1.0052e+00 +2.2122e+00 +2.3207e+00 +1.3494e+00 -1.9427e+00 -2.7245e+00 -2.7767e+00 +1.4745e+00 +3.9892e+00 -2.2658e+00
9 +8.080472291e+02 +8.080472291e+02 +5.050272291e+02 +5.050272291e+02 -4.5700e+00 +1.7495e+00 +1.6607e+00 +2.5712e+00 +6.8934e-01 +3.4148e+00 +1.9755e+00 -3.4214e+00 +3.8193e-01 -4.7432e-01
14 +4.994658612e+02 +4.994658612e+02 +1.964458612e+02 +1.964458612e+02 -9.2111e-01 +3.4176e+00 +1.1171e+00 -2.4506e+00 +4.6001e+00 +8.3071e-01 +1.4680e+00 -1.4035e+00 +4.8244e-01 +1.9685e+00
18 +4.870283584e+02 +4.870283584e+02 +1.840083584e+02 +1.840083584e+02 -4.7764e+00 -5.1332e-01 -1.4549e-01 -3.0973e+00 +7.6508e-01 +1.2291e-01 -3.7666e+00 -2.9266e+00 +2.0694e+00 -4.8551e-03
26 +2.979469207e+02 +2.979469207e+02 -5.073079272e+00 -5.073079272e+00 -5.7414e-01 -5.0695e-01 -2.4590e+00 -2.8277e+00 +1.8491e+00 -7.7714e-01 -3.9846e-01 -2.6535e+00 -4.5221e+00 +1.1340e+00
136 +2.421047709e+02 +2.421047709e+02 -6.091522906e+01 -6.091522906e+01 -2.5029e+00 -3.2524e+00 -8.3984e-01 -1.9881e+00 +4.8155e+00 -3.7195e+00 +7.5517e-01 -3.8363e+00 -3.5683e+00 +9.3163e-01
517 +2.202881582e+02 +2.202881582e+02 -8.273184175e+01 -8.273184175e+01 +2.0813e-01 +2.0034e-01 +3.9739e+00 -2.3245e+00 +6.8990e-01 -1.4381e+00 -7.0860e-01 +7.4732e-01 -2.0488e+00 -1.4990e+00
518 +2.149141916e+02 +2.149141916e+02 -8.810580839e+01 -8.810580839e+01 -1.7132e+00 +1.9900e+00 +3.5579e+00 -8.3612e-01 +4.2432e+00 -2.4623e+00 +2.1154e-01 -1.2792e+00 +9.3451e-02 -1.9658e+00
546 +1.847004336e+02 +1.847004336e+02 -1.183195664e+02 -1.183195664e+02 -1.5704e+00 -1.0953e-01 +2.4459e+00 -4.2868e+00 +4.4260e+00 -7.9909e-02 -8.5768e-01 -3.3630e+00 -1.4509e+00 -1.7264e+00
1468 +1.073132855e+02 +1.073132855e+02 -1.957067145e+02 -1.957067145e+02 -3.5212e+00 -6.0019e-01 +3.9883e+00 -4.8578e+00 +4.5171e+00 -4.0988e-01 -8.9461e-01 -2.7544e+00 -1.1457e+00 -2.0281e+00
85451 +9.044747817e+01 +9.044747817e+01 -2.125725218e+02 -2.125725218e+02 -3.9094e+00 -8.3460e-02 +1.4834e+00 -2.4687e+00 +1.6793e+00 -1.1561e+00 -4.5257e-01 -1.6478e+00 -3.2125e+00 +1.3766e+00
352568 +6.946765284e+01 +6.946765284e+01 -2.335523472e+02 -2.335523472e+02 -4.8246e+00 -1.0627e+00 +4.3871e+00 -4.8071e+00 +1.8834e+00 -9.9365e-01 -1.4002e-02 +1.2333e-02 -1.0526e+00 -1.2505e+00
13886817 +6.778654875e+01 +6.778654875e+01 -2.352334513e+02 -2.352334513e+02 -3.6131e+00 -6.5280e-01 +3.4280e+00 -2.7690e+00 +3.1068e+00 -1.9086e+00 -2.5418e-01 -1.9150e+00 -2.0577e+00 -8.1575e-02
21862213 +6.192980229e+01 +6.192980229e+01 -2.410901977e+02 -2.410901977e+02 -3.3981e+00 -1.9039e+00 +2.7795e+00 -2.2813e+00 +3.6870e+00 -1.1221e+00 -2.9329e+00 -6.5348e-01 +4.3808e-01 -1.0265e+00
92223829 +5.494997798e+01 +5.494997798e+01 -2.480700220e+02 -2.480700220e+02 -4.1999e+00 -1.0316e-01 +1.9658e+00 -3.9749e+00 +3.9046e+00 -2.2030e+00 -1.5011e+00 -7.5054e-01 -9.2552e-02 +3.7101e-01
% function evaluation | noise-free fitness - Fopt (4.731200000000e+02) | best noise-free fitness - Fopt | measured fitness | best measured fitness | x1 | x2...
1 +6.619467027e+02 +6.619467027e+02 +1.135066703e+03 +1.135066703e+03 +3.1477e+00 +1.9044e+00 +3.7703e+00 -4.8667e+00 +4.1502e+00 -3.2515e+00 +4.5724e+00 -1.8170e+00 -4.5181e+00 +4.8423e+00
3 +4.820291815e+02 +4.820291815e+02 +9.551491815e+02 +9.551491815e+02 +3.1469e-01 +1.4666e+00 -2.8502e+00 +7.3215e-01 -1.4535e+00 +1.3119e+00 -1.4449e-01 -1.4581e+00 +4.6818e+00 -1.0424e+00
14 +4.226993749e+02 +4.226993749e+02 +8.958193749e+02 +8.958193749e+02 -3.5854e+00 -1.2641e+00 -1.5857e+00 +3.0912e-01 -1.7725e+00 -1.8600e+00 -2.3965e+00 -2.5865e+00 +3.3961e+00 +2.5418e+00
17 +3.308016953e+02 +3.308016953e+02 +8.039216953e+02 +8.039216953e+02 -7.8372e-01 -4.2359e+00 +7.1369e-01 +3.8871e+00 +6.7662e-01 +9.7084e-02 +3.7662e+00 -3.0051e+00 +3.2610e+00 -1.4831e+00
40 +3.153581720e+02 +3.153581720e+02 +7.884781720e+02 +7.884781720e+02 -2.2467e+00 +2.1298e+00 -5.0027e-01 -3.1424e+00 +4.7115e+00 -3.3761e+00 -7.7948e-01 -6.6079e-01 -2.4239e+00 -4.2278e+00
41 +2.527789680e+02 +2.527789680e+02 +7.258989680e+02 +7.258989680e+02 -2.6858e+00 -4.2612e+00 +4.3589e+00 -1.7966e+00 -1.3816e+00 +1.6273e-01 +1.1296e+00 -1.3289e+00 -2.9839e+00 -1.3588e+00
45 +2.287438896e+02 +2.287438896e+02 +7.018638896e+02 +7.018638896e+02 +6.3836e-03 +1.4779e+00 +4.9667e+00 +2.2353e+00 -9.2948e-01 +2.0859e+00 +2.1144e+00 -1.9872e+00 -4.9381e+00 +1.9370e+00
174 +2.211595952e+02 +2.211595952e+02 +6.942795952e+02 +6.942795952e+02 +2.1529e-01 -1.9092e+00 +2.4831e+00 -2.4072e+00 -3.2513e+00 +1.0095e-01 +3.3040e-01 +1.9545e+00 -4.0512e-01 -2.2098e+00
206 +2.087398813e+02 +2.087398813e+02 +6.818598813e+02 +6.818598813e+02 -2.9839e+00 -4.1763e+00 +1.6304e+00 +3.4016e+00 +2.1232e-01 -8.4029e-01 +2.2101e+00 +1.8638e-01 -1.0291e+00 -8.7870e-01
446 +1.867168318e+02 +1.867168318e+02 +6.598368318e+02 +6.598368318e+02 -4.0893e+00 -1.5778e+00 +1.0505e+00 +1.5900e+00 -1.8979e+00 -2.9888e+00 +1.7473e+00 +1.7038e+00 -2.0827e+00 -2.0267e+00
685 +1.842384713e+02 +1.842384713e+02 +6.573584713e+02 +6.573584713e+02 -2.2213e+00 +2.1554e+00 -1.5589e+00 -2.5901e+00 -3.8370e+00 -3.5952e+00 +3.2479e+00 +8.8169e-01 -2.2406e+00 -2.2688e-01
1310 +1.781996673e+02 +1.781996673e+02 +6.513196673e+02 +6.513196673e+02 +3.0399e-01 -3.9860e+00 +2.3495e+00 -1.6606e+00 +7.4728e-01 -4.7082e+00 +3.9920e+00 +1.5597e+00 -6.8070e-01 -1.8025e+00
2238 +1.757417736e+02 +1.757417736e+02 +6.488617736e+02 +6.488617736e+02 -1.3423e+00 -9.2641e-01 +8.3460e-01 -3.9067e+00 +1.7196e+00 +3.7280e-01 +1.8904e+00 +2.5159e+00 -3.4207e+00 -1.7686e+00
3414 +1.614633234e+02 +1.614633234e+02 +6.345833234e+02 +6.345833234e+02 +4.3011e-01 -9.2468e-01 +3.5337e+00 -2.5709e-01 -6.7094e-01 +9.0140e-02 +4.1696e+00 +6.6119e-01 -4.1051e+00 +9.9644e-01
4908 +1.497194139e+02 +1.497194139e+02 +6.228394139e+02 +6.228394139e+02 -2.1045e-01 +1.0330e-01 +4.0518e+00 +1.0308e+00 -2.4404e+00 -2.4376e+00 +4.6250e+00 +1.2634e+00 -1.7257e+00 +3.7965e-01
7002 +1.414411657e+02 +1.414411657e+02 +6.145611657e+02 +6.145611657e+02 -1.0664e+00 -3.7241e+00 +3.7987e+00 -5.2863e-01 -2.0583e+00 -2.6914e+00 +3.9598e+00 +1.0140e+00 -4.9676e-01 -1.9013e+00
10715 +1.061109116e+02 +1.061109116e+02 +5.792309116e+02 +5.792309116e+02 -5.9369e-01 +2.6696e-01 -8.0232e-01 -3.4175e+00 +1.1669e-01 -2.1616e+00 +2.6089e+00 +2.3077e+00 -2.0169e+00 -1.7174e+00
26097 +1.005766861e+02 +1.005766861e+02 +5.736966861e+02 +5.736966861e+02 +1.3993e+00 +2.1523e+00 +1.5567e+00 -3.3833e+00 -2.1476e+00 -2.0680e+00 +3.4621e+00 +1.0477e+00 -1.7820e+00 -4.1161e-01
696285 +9.467404174e+01 +9.467404174e+01 +5.677940417e+02 +5.677940417e+02 -1.3700e+00 -1.1384e+00 +1.8883e+00 +4.4370e-01 +2.1245e-01 -1.4786e+00 +2.3471e+00 +1.1152e+00 -4.4379e+00 -2.8855e+00
897206 +8.485779044e+01 +8.485779044e+01 +5.579777904e+02 +5.579777904e+02 +9.6788e-01 +2.9176e-01 +7.6327e-01 -1.8035e+00 -1.0568e+00 -1.5231e+00 +1.4739e+00 +5.8472e-01 -2.3187e+00 +8.5987e-01
3303403 +6.885240888e+01 +6.885240888e+01 +5.419724089e+02 +5.419724089e+02 -4.8827e-01 -3.1979e+00 +1.4033e+00 -1.1404e+00 -2.0184e+00 -2.8407e+00 +4.4659e+00 +1.4326e+00 -4.2321e-01 -1.0380e+00
6168394 +6.125354005e+01 +6.125354005e+01 +5.343735401e+02 +5.343735401e+02 -2.8234e-01 -7.3555e-01 +1.5497e+00 -1.7809e+00 -2.6524e+00 -2.5318e+00 +5.4258e-01 +1.2701e+00 -2.1736e+00 +4.4375e-01
44961029 +5.839493498e+01 +5.839493498e+01 +5.315149350e+02 +5.315149350e+02 -3.0470e-02 -1.4296e+00 +2.6919e+00 -1.2004e+00 -2.1448e+00 -4.4407e+00 +4.6808e+00 +2.0510e+00 -1.6541e+00 -2.0674e+00
% function evaluation | noise-free fitness - Fopt (6.842100000000e+02) | best noise-free fitness - Fopt | measured fitness | best measured fitness | x1 | x2...
1 +7.273285754e+02 +7.273285754e+02 +1.411538575e+03 +1.411538575e+03 -4.7234e+00 -2.6898e+00 +2.7676e+00 +1.3378e+00 -1.0154e+00 -2.3441e+00 +4.3825e+00 -1.8059e+00 -1.9365e+00 -3.1145e+00
2 +4.459646316e+02 +4.459646316e+02 +1.130174632e+03 +1.130174632e+03 -1.1603e-01 -3.0816e+00 -3.5995e+00 -1.3171e+00 +2.1245e+00 -3.8215e+00 +7.7034e-01 +4.4018e+00 +3.7633e+00 +2.1288e+00
9 +3.729851896e+02 +3.729851896e+02 +1.057195190e+03 +1.057195190e+03 -1.6393e+00 +7.1099e-01 +2.3840e+00 +1.0656e+00 +1.5276e+00 -4.3383e+00 +2.4463e+00 -2.1232e+00 +2.5575e+00 -7.6665e-02
10 +3.392838692e+02 +3.392838692e+02 +1.023493869e+03 +1.023493869e+03 -1.3767e+00 +4.7363e+00 +1.0438e+00 +2.1305e+00 -1.3809e+00 +2.3666e+00 +2.5077e+00 +7.4860e-01 +2.3913e+00 +4.3128e-02
21 +3.344255082e+02 +3.344255082e+02 +1.018635508e+03 +1.018635508e+03 -4.2948e+00 -3.5739e+00 -2.3703e+00 -1.3177e+00 +4.2692e+00 +4.5994e+00 +1.5939e+00 +4.9216e-02 -2.5853e+00 +3.9340e+00
71 +2.262136253e+02 +2.262136253e+02 +9.104236253e+02 +9.104236253e+02 -4.1526e+00 -8.7509e-01 -1.3496e+00 +4.9519e+00 +3.7853e+00 +4.6306e+00 -3.4732e+00 +2.4476e+00 +3.4063e+00 +3.2466e+00
124 +2.122023297e+02 +2.122023297e+02 +8.964123297e+02 +8.964123297e+02 -2.1339e+00 -2.5827e+00 -4.7018e+00 +1.1534e+00 -1.6846e+00 +2.2406e+00 -1.7381e+00 -2.1734e+00 +4.9825e+00 +3.5595e+00
141 +2.085735837e+02 +2.085735837e+02 +8.927835837e+02 +8.927835837e+02 -4.8776e+00 +3.9079e+00 -2.5644e+00 +2.4852e+00 -4.4314e-01 +2.0863e+00 -1.4729e+00 +2.9346e+00 +3.2210e+00 +2.5517e+00
328 +1.897139123e+02 +1.897139123e+02 +8.739239123e+02 +8.739239123e+02 -4.0625e+00 +4.3988e-01 -4.3771e+00 -5.0357e-01 +1.7570e+00 +1.5937e+00 -6.6472e-01 -1.7794e+00 -8.6353e-01 +4.0256e+00
482 +1.674115558e+02 +1.674115558e+02 +8.516215558e+02 +8.516215558e+02 -4.1948e+00 +1.8243e+00 -1.5516e+00 +2.3041e+00 -3.7511e-01 +4.9362e+00 -7.1216e-01 +1.3391e+00 +3.3702e+00 +4.0150e+00
1403 +1.611587875e+02 +1.611587875e+02 +8.453687875e+02 +8.453687875e+02 -3.3582e+00 +8.0063e-01 -2.3936e+00 +8.2536e-01 -6.7133e-01 +2.8055e+00 -2.4478e+00 +2.3398e+00 +1.7907e+00 +3.4749e+00
5422 +1.492676949e+02 +1.492676949e+02 +8.334776949e+02 +8.334776949e+02 -2.8094e+00 +1.1803e+00 -4.2887e-01 +3.1653e+00 +1.3915e+00 +1.5949e+00 +1.6007e+00 -2.9332e-01 +2.0287e+00 +4.4791e+00
7031 +1.354738608e+02 +1.354738608e+02 +8.196838608e+02 +8.196838608e+02 -2.4091e+00 +1.5767e+00 -2.5131e+00 +2.5016e+00 -1.7039e+00 +3.6236e+00 -2.6034e-01 -1.5191e+00 +2.2252e+00 +3.5695e+00
30112 +1.343971007e+02 +1.343971007e+02 +8.186071007e+02 +8.186071007e+02 -2.8099e+00 +6.8464e-01 -2.2974e+00 +2.6015e+00 +4.6319e+00 +1.6477e+00 -3.7343e-01 -8.5833e-02 +1.9780e+00 +3.8085e+00
32154 +1.168435018e+02 +1.168435018e+02 +8.010535018e+02 +8.010535018e+02 -3.2688e+00 +6.2057e-01 -4.9527e+00 +3.7934e+00 -7.4361e-02 +1.6269e+00 -1.4386e+00 +1.4760e+00 +3.7407e+00 +2.1041e+00
86510 +1.068799405e+02 +1.068799405e+02 +7.910899405e+02 +7.910899405e+02 -4.6115e+00 +8.3995e-01 -2.4765e+00 +3.4489e+00 -1.5669e+00 +2.2555e+00 -1.9749e+00 +2.6012e+00 +2.1166e+00 +2.2870e+00
87187 +1.035707546e+02 +1.035707546e+02 +7.877807546e+02 +7.877807546e+02 -2.6083e+00 -9.3977e-01 -3.0166e+00 +1.7361e+00 +2.7212e+00 -1.8327e-01 -1.3548e+00 +1.2936e+00 +3.6135e+00 +1.8031e+00
178114 +9.402259386e+01 +9.402259386e+01 +7.782325939e+02 +7.782325939e+02 -4.1600e+00 +1.5028e+00 -1.7412e+00 +2.6654e-01 -5.0785e-01 +4.0275e+00 -1.4303e-01 +3.7387e+00 +4.0310e+00 +1.8406e+00
208353 +8.974601219e+01 +8.974601219e+01 +7.739560122e+02 +7.739560122e+02 -2.6504e+00 -5.6668e-01 -3.4951e+00 +2.2355e+00 +9.8509e-01 +1.2105e+00 -9.4417e-01 +2.7084e+00 +3.9893e+00 +3.2137e+00
1114463 +7.743412337e+01 +7.743412337e+01 +7.616441234e+02 +7.616441234e+02 -1.7932e+00 +1.3353e+00 -3.6271e+00 +1.5909e+00 +1.6980e+00 +2.0563e+00 -1.8946e+00 +9.8977e-01 +2.5166e+00 +2.5271e+00
8864486 +7.284646593e+01 +7.284646593e+01 +7.570564659e+02 +7.570564659e+02 -1.7405e+00 -2.8728e-01 +2.1715e-01 +2.0394e+00 +3.3940e+00 -5.7225e-02 +1.5277e-01 -1.4318e+00 +1.6238e+00 +3.7261e+00
17526554 +7.134258657e+01 +7.134258657e+01 +7.555525866e+02 +7.555525866e+02 -4.0294e+00 +6.0765e-01 -4.3364e+00 +1.1051e+00 +2.4435e+00 +2.0372e+00 -1.8489e-01 +1.6865e+00 +2.9619e+00 +3.9845e+00
31430070 +6.342397116e+01 +6.342397116e+01 +7.476339712e+02 +7.476339712e+02 -2.8089e+00 +2.7960e-01 -1.6085e+00 +2.2382e+00 +1.2242e+00 +3.7239e+00 -1.5284e+00 +1.4878e+00 +4.1753e+00 +4.0638e+00
40020665 +5.763579656e+01 +5.763579656e+01 +7.418457966e+02 +7.418457966e+02 -1.9334e+00 +6.8170e-01 -1.5706e+00 +2.8296e+00 +3.2586e+00 +5.8404e-01 -7.3316e-01 +1.4617e+00 +2.0948e+00 +2.9548e+00
% function evaluation | noise-free fitness - Fopt (1.808000000000e+01) | best noise-free fitness - Fopt | measured fitness | best measured fitness | x1 | x2...
1 +4.756114019e+02 +4.756114019e+02 +4.936914019e+02 +4.936914019e+02 +3.2538e+00 +4.3394e+00 +7.5509e-01 -1.1814e+00 +4.0727e+00 -1.0461e+00 +3.9149e+00 -1.8959e+00 -5.0876e-02 -4.0661e+00
4 +3.381738444e+02 +3.381738444e+02 +3.562538444e+02 +3.562538444e+02 +1.8692e+00 +2.5427e+00 -5.0851e-01 -1.9306e+00 +2.3702e+00 -1.5639e+00 -1.1178e+00 -1.6568e+00 +3.7132e+00 +5.1039e-01
40 +2.458775108e+02 +2.458775108e+02 +2.639575108e+02 +2.639575108e+02 +6.8720e-01 +3.5686e+00 -8.8315e-01 -1.2758e+00 -2.6526e+00 -3.8357e+00 -6.0325e-01 -5.0888e-02 +3.8729e+00 +3.6591e+00
87 +1.601480088e+02 +1.601480088e+02 +1.782280088e+02 +1.782280088e+02 -1.4694e+00 +3.6778e+00 +4.3947e-01 +6.4356e-01 -4.9173e-01 -1.0650e+00 +1.4126e+00 +1.2998e+00 -5.9353e-01 +2.5497e+00
1364 +1.225691314e+02 +1.225691314e+02 +1.406491314e+02 +1.406491314e+02 +7.7759e-01 +4.0215e+00 +2.0387e+00 -3.3787e-01 -1.9026e+00 -3.4455e+00 +1.5238e+00 -1.0901e+00 -3.9626e-01 +2.5379e+00
6018 +1.126154498e+02 +1.126154498e+02 +1.306954498e+02 +1.306954498e+02 +3.3873e+00 +2.7354e+00 +3.3685e+00 +1.0293e+00 -1.9223e+00 -3.5323e+00 +8.1234e-01 +4.6655e-01 +5.2788e-01 +2.5265e+00
35406 +1.043948869e+02 +1.043948869e+02 +1.224748869e+02 +1.224748869e+02 +9.0502e-01 +2.0713e+00 +4.2623e+00 +4.3516e-01 -4.0683e-02 -4.0113e+00 -1.9413e+00 +3.0366e+00 +2.8812e-01 +3.3927e+00
50387 +9.153539265e+01 +9.153539265e+01 +1.096153926e+02 +1.096153926e+02 +2.1642e+00 +1.1657e+00 +3.4828e+00 -8.6590e-01 -1.5756e+00 -2.2321e+00 -3.2939e-01 -1.4053e+00 -8.3847e-01 +2.0577e+00
409942 +7.534144749e+01 +7.534144749e+01 +9.342144749e+01 +9.342144749e+01 +1.2821e+00 +2.5330e+00 +2.8279e+00 +1.3583e+00 -1.4335e+00 -3.0288e+00 -6.6610e-02 +2.6330e+00 +1.0708e+00 +1.1423e+00
2345408 +6.984578778e+01 +6.984578778e+01 +8.792578778e+01 +8.792578778e+01 -6.5022e-01 +1.7544e+00 +3.6057e+00 -3.3552e-01 -4.0565e-01 -2.5030e+00 -7.8049e-01 +2.4468e-01 +3.2373e-01 +2.5014e+00
8546477 +6.424876926e+01 +6.424876926e+01 +8.232876926e+01 +8.232876926e+01 +3.7918e-01 +1.1674e+00 +3.7272e+00 -1.8359e+00 -1.0985e+00 -4.1224e+00 -6.0338e-01 +1.8903e+00 -1.1230e+00 +4.6239e+00
25538291 +6.197388425e+01 +6.197388425e+01 +8.005388425e+01 +8.005388425e+01 -6.0210e-02 +2.3785e+00 +2.8352e+00 -6.2693e-02 -8.0287e-01 -1.9032e+00 +4.4368e-01 +5.7990e-01 -2.4424e+00 +3.9002e-01
38830307 +5.592388386e+01 +5.592388386e+01 +7.400388386e+01 +7.400388386e+01 -1.7763e+00 +1.7528e+00 +2.2102e+00 +1.0496e+00 -5.9455e-01 -2.3478e+00 +1.5303e+00 +5.5755e-01 +1.1400e+00 +2.8008e+00
% function evaluation | noise-free fitness - Fopt (-1.537900000000e+02) | best noise-free fitness - Fopt | measured fitness | best measured fitness | x1 | x2...
1 +3.023858421e+02 +3.023858421e+02 +1.485958421e+02 +1.485958421e+02 -5.1380e-01 -6.2419e-01 -2.3942e+00 -4.6995e+00 +1.8294e+00 -2.1107e-01 -1.3391e+00 -4.6972e+00 -1.8818e+00 +2.5454e+00
6 +2.952715223e+02 +2.952715223e+02 +1.414815223e+02 +1.414815223e+02 +2.3774e+00 +1.3609e+00 -2.6432e+00 -3.8358e+00 +4.0921e+00 +3.6944e+00 -1.5000e+00 -3.4795e+00 -1.4528e+00 -4.2267e+00
29 +2.894485418e+02 +2.894485418e+02 +1.356585418e+02 +1.356585418e+02 +1.4829e+00 +3.6732e-01 -3.0336e+00 -2.8407e+00 +3.4308e+00 +9.4589e-01 -3.8796e+00 -4.4897e+00 -8.5526e-01 -5.6538e-01
46 +2.611340840e+02 +2.611340840e+02 +1.073440840e+02 +1.073440840e+02 -2.2864e+00 -2.5492e+00 -3.3511e+00 +2.2462e+00 -4.8346e+00 -8.9667e-01 -3.6825e+00 -7.8171e-01 -1.1134e+00 -4.6648e+00
168 +2.212112772e+02 +2.212112772e+02 +6.742127723e+01 +6.742127723e+01 -6.8450e-01 -1.1005e+00 +3.2421e-01 +1.0205e+00 +2.7655e+00 -1.2989e+00 +1.7016e+00 -4.2593e+00 -2.6617e+00 -1.3127e+00
259 +2.039181592e+02 +2.039181592e+02 +5.012815919e+01 +5.012815919e+01 +1.1469e+00 -9.0765e-01 -1.3931e+00 +5.3402e-01 +9.2160e-01 +2.3414e+00 -4.8451e+00 -4.0439e+00 -1.1465e+00 -1.9105e+00
1113 +1.820453036e+02 +1.820453036e+02 +2.825530357e+01 +2.825530357e+01 +9.7775e-01 -2.7051e+00 +9.5596e-01 -4.3185e+00 -1.0608e+00 +3.5841e+00 -3.9145e+00 -3.9044e+00 -4.6431e+00 -4.8842e+00
1886 +1.440927952e+02 +1.440927952e+02 -9.697204787e+00 -9.697204787e+00 -4.3074e-01 +1.5897e+00 -3.2128e-01 -1.8982e+00 +1.6106e+00 -2.0806e-03 -3.0084e+00 -3.6642e+00 -2.8332e+00 -4.0109e+00
10122 +1.359239275e+02 +1.359239275e+02 -1.786607250e+01 -1.786607250e+01 +2.5926e-01 +8.8552e-01 -1.9902e-01 -2.4062e-01 +2.4400e+00 +6.1325e-01 -1.8845e+00 -4.9598e+00 -2.2770e+00 -3.8501e+00
31757 +1.318250107e+02 +1.318250107e+02 -2.196498930e+01 -2.196498930e+01 +5.8022e-01 -1.4747e+00 -1.4056e+00 -1.8526e+00 -1.8257e+00 +9.9330e-01 -2.2287e+00 -3.7163e+00 +7.5136e-01 -3.4016e+00
44252 +1.046697082e+02 +1.046697082e+02 -4.912029184e+01 -4.912029184e+01 -7.6078e-01 +9.1604e-01 +1.6309e+00 -2.8810e+00 +1.3637e+00 +3.5295e-01 -2.8002e+00 -3.0384e+00 -3.2730e+00 -2.8517e+00
471983 +8.694237619e+01 +8.694237619e+01 -6.684762381e+01 -6.684762381e+01 -5.4944e-01 -8.6695e-01 +1.0500e+00 -2.6580e+00 +6.6141e-01 +4.1456e+00 -3.1006e+00 -3.0326e+00 -8.0769e-01 -2.9632e+00
4772325 +8.248258587e+01 +8.248258587e+01 -7.130741413e+01 -7.130741413e+01 -1.1927e+00 +8.1628e-01 -4.0934e-02 -4.0017e+00 +9.8237e-01 +2.0779e+00 -2.6920e+00 -3.8935e+00 -7.2376e-01 -2.2354e+00
5988480 +8.054691913e+01 +8.054691913e+01 -7.324308087e+01 -7.324308087e+01 -7.0156e-01 -3.9937e-01 -1.0733e+00 -4.1299e+00 -1.4237e-01 +4.0911e+00 -1.8039e+00 -4.1895e+00 -1.9940e+00 -4.0439e+00
8357066 +7.231864256e+01 +7.231864256e+01 -8.147135744e+01 -8.147135744e+01 -1.3102e+00 -3.1441e-01 +1.3593e-01 -4.4194e+00 -8.4969e-02 +1.5600e+00 -3.0245e+00 -3.3312e+00 -1.7558e-01 -3.3791e+00
12297020 +6.772096697e+01 +6.772096697e+01 -8.606903303e+01 -8.606903303e+01 +6.5081e-01 -3.7763e-01 -2.8839e-01 -9.0055e-01 +1.0907e+00 +2.6753e+00 -3.3057e+00 -3.4725e+00 -2.2046e+00 -3.6775e+00
30884945 +6.089754686e+01 +6.089754686e+01 -9.289245314e+01 -9.289245314e+01 -2.3387e-02 +7.4067e-01 -2.4364e-01 -3.6938e+00 -1.7979e+00 +4.1667e+00 -4.0449e+00 -2.7974e+00 -1.9827e+00 -4.3009e+00
41106095 +5.533425687e+01 +5.533425687e+01 -9.845574313e+01 -9.845574313e+01 +3.9131e-01 +4.8920e-01 -1.6830e+00 -1.6984e+00 -3.3331e-01 +3.7638e+00 -4.0871e+00 -4.1361e+00 -2.4080e+00 -1.9937e+00
42043709 +5.322216667e+01 +5.322216667e+01 -1.005678333e+02 -1.005678333e+02 -6.9260e-01 +3.7849e-01 +6.0384e-02 -2.7915e+00 +5.5615e-01 +9.6309e-01 -3.4226e+00 -3.3829e+00 +3.3944e-01 -3.8247e+00
