% function evaluation | noise-free fitness - Fopt (-1.000000000000e+03) | best noise-free fitness - Fopt | measured fitness | best measured fitness | x1 | x2...
1 +8.378226456e+01 +8.378226456e+01 -9.162177354e+02 -9.162177354e+02 +3.7896e+00 +3.0200e+00 +6.7783e-01 -4.0330e+00 -3.1790e+00
4 +7.431429694e+01 +7.431429694e+01 -9.256857031e+02 -9.256857031e+02 -1.9443e+00 -2.9247e+00 -4.2565e+00 -3.3835e+00 -1.1248e+00
7 +7.367119728e+01 +7.367119728e+01 -9.263288027e+02 -9.263288027e+02 +1.6881e+00 +1.8034e+00 +4.8962e-01 +1.0831e+00 -1.5159e+00
8 +5.638772153e+01 +5.638772153e+01 -9.436122785e+02 -9.436122785e+02 +3.1715e+00 -3.6858e+00 +1.8085e+00 +5.8890e-01 -1.1497e-01
31 +5.422669342e+01 +5.422669342e+01 -9.457733066e+02 -9.457733066e+02 +1.2721e+00 -1.0978e+00 -1.1147e+00 -3.4157e+00 -9.4446e-01
39 +4.286042340e+01 +4.286042340e+01 -9.571395766e+02 -9.571395766e+02 -1.8387e+00 +1.4836e+00 -4.8446e+00 -5.2079e-01 -2.3947e+00
51 +4.044316846e+01 +4.044316846e+01 -9.595568315e+02 -9.595568315e+02 -1.1258e+00 -3.2231e+00 +4.9037e+00 +2.9049e+00 -3.1260e+00
207 +2.711784247e+01 +2.711784247e+01 -9.728821575e+02 -9.728821575e+02 -5.2405e-01 -2.2498e+00 +4.5101e+00 +3.1755e+00 -4.1488e+00
220 +1.420154743e+01 +1.420154743e+01 -9.857984526e+02 -9.857984526e+02 -3.2420e+00 -1.6619e+00 +4.4265e+00 -5.3665e-01 -3.9628e+00
268 +2.583802453e+00 +2.583802453e+00 -9.974161975e+02 -9.974161975e+02 +2.2822e+00 +1.3938e+00 +2.4947e+00 +3.1921e+00 +1.4610e-01
5536 +1.580759440e+00 +1.580759440e+00 -9.984192406e+02 -9.984192406e+02 +1.5942e+00 +5.8279e-01 +1.5643e+00 +1.5704e-02 -1.2443e+00
21023 +6.391695660e-01 +6.391695660e-01 -9.993608304e+02 -9.993608304e+02 +2.4311e+00 +2.0417e+00 +2.5460e+00 +2.9043e+00 -1.6471e-01
24360 +4.822315864e-01 +4.822315864e-01 -9.995177684e+02 -9.995177684e+02 +1.6310e+00 +1.4131e+00 +2.7989e+00 +8.7721e-01 -1.5053e+00
155464 +3.639463366e-01 +3.639463366e-01 -9.996360537e+02 -9.996360537e+02 +1.9281e+00 +1.2308e+00 +2.6572e+00 +1.7254e+00 -5.3072e-01
165597 +2.734204504e-01 +2.734204504e-01 -9.997265795e+02 -9.997265795e+02 +1.2280e+00 -2.7627e-01 +1.7716e+00 -1.3752e+00 -1.8249e+00
180610 +1.070328811e-01 +1.070328811e-01 -9.998929671e+02 -9.998929671e+02 +1.0794e+00 +3.9125e-01 +2.4478e+00 +6.2724e-02 -1.5658e+00
323116 +4.788691246e-02 +4.788691246e-02 -9.999521131e+02 -9.999521131e+02 +1.8290e+00 +3.7163e-01 +1.9746e+00 +8.2148e-02 -1.0920e+00
921864 +1.318582494e-02 +1.318582494e-02 -9.999868142e+02 -9.999868142e+02 +1.6517e+00 +7.5360e-01 +2.2582e+00 +1.0753e-01 -1.3957e+00
3345350 +4.867170863e-03 +4.867170863e-03 -9.999951328e+02 -9.999951328e+02 +1.3403e+00 +8.6379e-01 +2.6184e+00 +5.8335e-01 -1.3321e+00
20364196 +3.487325995e-03 +3.487325995e-03 -9.999965127e+02 -9.999965127e+02 +1.0190e+00 +5.9014e-01 +3.0039e+00 -9.4898e-01 -2.2981e+00
32312001 +8.726848813e-04 +8.726848813e-04 -9.999991273e+02 -9.999991273e+02 +1.3909e+00 +9.3871e-01 +2.7536e+00 +3.6768e-01 -1.5190e+00
% function evaluation | noise-free fitness - Fopt (1.000000000000e+03) | best noise-free fitness - Fopt | measured fitness | best measured fitness | x1 | x2...
1 +7.134959557e+01 +7.134959557e+01 +1.071349596e+03 +1.071349596e+03 +2.4932e+00 -8.2376e-01 -1.8653e+00 +2.0299e+00 +4.9675e+00
4 +1.784121456e+01 +1.784121456e+01 +1.017841215e+03 +1.017841215e+03 +1.2276e+00 +3.3380e+00 -1.9765e+00 +4.7180e+00 +4.1008e-01
138 +8.666310471e+00 +8.666310471e+00 +1.008666310e+03 +1.008666310e+03 -4.5093e+00 +2.4298e+00 +1.0996e-01 -4.0520e+00 -2.1858e+00
306 +8.025081124e+00 +8.025081124e+00 +1.008025081e+03 +1.008025081e+03 -1.3780e+00 -7.1860e-01 -3.1019e+00 +3.4452e+00 +1.8164e+00
991 +4.888670064e+00 +4.888670064e+00 +1.004888670e+03 +1.004888670e+03 -3.0400e-01 -1.1513e+00 -1.9890e+00 +2.3663e+00 -4.9050e+00
1670 +3.238270930e+00 +3.238270930e+00 +1.003238271e+03 +1.003238271e+03 -7.5531e-01 -1.5341e-01 -2.0025e+00 +3.7827e+00 -3.7460e-01
5075 +3.062277133e-01 +3.062277133e-01 +1.000306228e+03 +1.000306228e+03 -6.2619e-01 -1.0481e+00 -2.0925e+00 +3.0524e+00 -2.0994e+00
109988 +2.297053998e-01 +2.297053998e-01 +1.000229705e+03 +1.000229705e+03 -9.6830e-01 -1.2160e+00 -2.1423e+00 +3.2208e+00 -4.6598e-01
129564 +5.310516313e-02 +5.310516313e-02 +1.000053105e+03 +1.000053105e+03 -1.2876e+00 -2.0194e+00 -2.6031e+00 +1.9266e+00 -2.4903e+00
592361 +5.799771772e-03 +5.799771772e-03 +1.000005800e+03 +1.000005800e+03 -1.0383e+00 -1.6974e+00 -2.3948e+00 +2.0907e+00 -2.8531e+00
2122416 +5.181752323e-03 +5.181752323e-03 +1.000005182e+03 +1.000005182e+03 -6.2814e-01 -1.4748e+00 -1.7791e+00 +2.6945e+00 -2.3430e+00
19270450 +4.670487852e-03 +4.670487852e-03 +1.000004670e+03 +1.000004670e+03 -5.8805e-01 -1.3557e+00 -1.7688e+00 +2.6384e+00 -2.9035e+00
20964175 +3.402656049e-03 +3.402656049e-03 +1.000003403e+03 +1.000003403e+03 -6.9285e-01 -1.3476e+00 -2.1962e+00 +2.6420e+00 -2.1519e+00
46236742 +9.717923631e-04 +9.717923631e-04 +1.000000972e+03 +1.000000972e+03 -4.9414e-01 -1.1103e+00 -1.8423e+00 +3.1017e+00 -1.6207e+00
% function evaluation | noise-free fitness - Fopt (-4.913000000000e+01) | best noise-free fitness - Fopt | measured fitness | best measured fitness | x1 | x2...
1 +7.838495208e+01 +7.838495208e+01 +2.925495208e+01 +2.925495208e+01 -4.7088e+00 +3.5301e+00 +1.1511e+00 -3.2925e+00 +1.3189e+00
2 +7.311269656e+01 +7.311269656e+01 +2.398269656e+01 +2.398269656e+01 +2.9375e-01 -1.9479e+00 -2.2738e+00 +1.1559e+00 -4.2112e+00
3 +4.038621184e+01 +4.038621184e+01 -8.743788159e+00 -8.743788159e+00 -2.8089e+00 -7.6988e-01 +2.9539e+00 +1.3376e+00 +4.9099e+00
35 +2.074164467e+01 +2.074164467e+01 -2.838835533e+01 -2.838835533e+01 +3.1393e+00 -2.0543e+00 -1.7318e+00 -3.9148e+00 +4.1651e-01
83 +1.943760323e+01 +1.943760323e+01 -2.969239677e+01 -2.969239677e+01 +1.1721e+00 -4.4078e-01 +4.6387e+00 +3.7500e+00 -2.6015e-01
332 +1.572410577e+01 +1.572410577e+01 -3.340589423e+01 -3.340589423e+01 -1.9298e+00 +3.0494e+00 -3.0612e+00 +1.8353e+00 +1.6626e+00
751 +6.118745712e+00 +6.118745712e+00 -4.301125429e+01 -4.301125429e+01 +3.0642e+00 +1.7768e+00 +1.5411e+00 -2.5398e+00 +1.1679e+00
8104 +5.743889066e+00 +5.743889066e+00 -4.338611093e+01 -4.338611093e+01 -1.8019e+00 +1.7680e+00 -2.6749e+00 +1.2430e+00 +1.5792e+00
10139 +2.718283413e+00 +2.718283413e+00 -4.641171659e+01 -4.641171659e+01 +2.9666e+00 -7.5718e-01 +2.7759e+00 +1.0681e+00 +9.6201e-01
17842 +2.215036679e+00 +2.215036679e+00 -4.691496332e+01 -4.691496332e+01 +3.1205e+00 +1.9118e+00 +1.8445e+00 -1.9131e+00 +1.2063e+00
20590 +1.418223479e+00 +1.418223479e+00 -4.771177652e+01 -4.771177652e+01 +3.3899e+00 +3.4184e+00 +3.3432e+00 -2.7333e-01 +4.5682e-01
29349 +6.193677818e-01 +6.193677818e-01 -4.851063222e+01 -4.851063222e+01 +3.0291e+00 +1.3900e+00 +3.7416e+00 +1.7622e+00 +5.7367e-01
57308 +1.886339969e-01 +1.886339969e-01 -4.894136600e+01 -4.894136600e+01 +3.1925e+00 +2.2151e+00 +3.3056e+00 +7.4246e-01 +7.3974e-01
225794 +1.495339549e-01 +1.495339549e-01 -4.898046605e+01 -4.898046605e+01 +3.1561e+00 +1.0846e+00 +3.2780e+00 +5.2277e-01 +8.7295e-01
461106 +1.224857133e-01 +1.224857133e-01 -4.900751429e+01 -4.900751429e+01 +3.7193e+00 +2.1153e+00 +2.9552e+00 -4.6359e-01 +1.2055e+00
1012713 +8.875710458e-02 +8.875710458e-02 -4.904124290e+01 -4.904124290e+01 +3.2590e+00 +2.1689e+00 +3.1851e+00 +6.4215e-02 +8.6555e-01
1219311 +6.646177355e-02 +6.646177355e-02 -4.906353823e+01 -4.906353823e+01 +3.0742e+00 +1.0255e+00 +2.6815e+00 +3.4479e-01 +1.0363e+00
2571897 +6.425588079e-02 +6.425588079e-02 -4.906574412e+01 -4.906574412e+01 +3.5110e+00 +2.2404e+00 +3.6226e+00 +7.7580e-01 +7.2844e-01
3386482 +4.865441522e-02 +4.865441522e-02 -4.908134558e+01 -4.908134558e+01 +3.7950e+00 +2.3458e+00 +2.7137e+00 -8.5603e-01 +1.2001e+00
3510410 +1.775387637e-02 +1.775387637e-02 -4.911224612e+01 -4.911224612e+01 +3.2136e+00 +1.3547e+00 +2.7340e+00 -8.7871e-02 +9.6003e-01
4294054 +1.288877628e-02 +1.288877628e-02 -4.911711122e+01 -4.911711122e+01 +3.4993e+00 +1.8580e+00 +3.2507e+00 +4.9956e-01 +9.4474e-01
4851185 +4.070833294e-03 +4.070833294e-03 -4.912592917e+01 -4.912592917e+01 +3.4383e+00 +2.2099e+00 +3.0213e+00 -8.2265e-03 +9.3086e-01
18616947 +3.668747086e-03 +3.668747086e-03 -4.912633125e+01 -4.912633125e+01 +3.6176e+00 +2.4743e+00 +3.0557e+00 -1.4140e-01 +1.0059e+00
20226610 +1.482322679e-03 +1.482322679e-03 -4.912851768e+01 -4.912851768e+01 +3.7286e+00 +2.2205e+00 +3.2610e+00 +1.1821e-01 +1.0434e+00
% function evaluation | noise-free fitness - Fopt (2.977300000000e+02) | best noise-free fitness - Fopt | measured fitness | best measured fitness | x1 | x2...
1 +6.581800819e+01 +6.581800819e+01 +3.635480082e+02 +3.635480082e+02 +1.9410e+00 +8.3289e-01 +4.7003e+00 +6.7746e-01 -9.6435e-02
3 +4.490077615e+01 +4.490077615e+01 +3.426307762e+02 +3.426307762e+02 -2.5973e-01 -3.2275e+00 +3.1487e+00 +3.2436e+00 +2.7172e+00
27 +3.343542478e+01 +3.343542478e+01 +3.311654248e+02 +3.311654248e+02 +2.7139e+00 -1.3192e+00 +2.6785e-01 -4.0154e-01 +5.5544e-02
32 +2.682693274e+01 +2.682693274e+01 +3.245569327e+02 +3.245569327e+02 +1.4768e+00 +2.0991e+00 -2.7315e+00 -2.0448e+00 -4.2410e+00
60 +2.130629069e+01 +2.130629069e+01 +3.190362907e+02 +3.190362907e+02 +2.8940e-01 +1.8962e+00 +3.3018e+00 -1.9212e+00 +9.5550e-01
66 +1.862471088e+01 +1.862471088e+01 +3.163547109e+02 +3.163547109e+02 +1.4065e+00 +4.4696e+00 +3.4171e+00 -4.8324e+00 +5.4502e-01
79 +1.632972337e+01 +1.632972337e+01 +3.140597234e+02 +3.140597234e+02 +2.1574e+00 +4.0776e+00 -1.9742e+00 -2.0346e+00 -3.2202e+00
213 +1.259105291e+01 +1.259105291e+01 +3.103210529e+02 +3.103210529e+02 -1.2106e-01 +3.1526e+00 +4.1954e+00 -4.3930e+00 +1.1918e+00
277 +7.445295987e+00 +7.445295987e+00 +3.051752960e+02 +3.051752960e+02 +4.9122e+00 +1.3981e+00 +2.1227e+00 +2.4211e+00 +1.1886e-01
1669 +3.633256971e+00 +3.633256971e+00 +3.013632570e+02 +3.013632570e+02 -6.7500e-01 +1.0390e+00 +3.1004e+00 +2.4448e+00 +8.8727e-01
4678 +1.114136937e-01 +1.114136937e-01 +2.978414137e+02 +2.978414137e+02 -4.7166e+00 +1.2320e+00 +3.9179e+00 +2.0257e+00 +3.0995e-01
50783 +2.900591416e-03 +2.900591416e-03 +2.977329006e+02 +2.977329006e+02 -3.2549e+00 +6.8938e-01 +3.8025e+00 +2.4210e+00 +1.0511e+00
3442992 +8.842422210e-04 +8.842422210e-04 +2.977308842e+02 +2.977308842e+02 -4.4316e+00 +5.8184e-01 +4.0120e+00 +2.3886e+00 +1.2451e+00
41665219 +6.914023538e-04 +6.914023538e-04 +2.977306914e+02 +2.977306914e+02 -4.2296e+00 +4.9639e-01 +3.9058e+00 +2.3875e+00 +1.3120e+00
% function evaluation | noise-free fitness - Fopt (5.157000000000e+01) | best noise-free fitness - Fopt | measured fitness | best measured fitness | x1 | x2...
1 +7.380364310e+01 +7.380364310e+01 +1.253736431e+02 +1.253736431e+02 -1.5078e+00 -9.9440e-01 +4.1867e+00 +5.2319e-01 +2.9396e+00
12 +6.011566361e+01 +6.011566361e+01 +1.116856636e+02 +1.116856636e+02 -5.2712e-01 +1.3499e+00 +1.1122e+00 -4.3110e+00 +2.3170e+00
29 +5.385108944e+01 +5.385108944e+01 +1.054210894e+02 +1.054210894e+02 -3.6283e+00 +1.6964e+00 +7.9610e-01 +5.2819e-01 -1.1982e+00
33 +3.346124789e+01 +3.346124789e+01 +8.503124789e+01 +8.503124789e+01 +1.7402e-01 -3.2324e+00 +2.5248e-01 -4.5488e+00 +1.4124e+00
35 +2.112444165e+01 +2.112444165e+01 +7.269444165e+01 +7.269444165e+01 -4.9309e+00 +3.8885e+00 -8.7254e-01 -3.4220e+00 +2.7359e+00
93 +4.817602476e+00 +4.817602476e+00 +5.638760248e+01 +5.638760248e+01 -4.3431e+00 +4.6334e+00 -1.0388e+00 -2.9313e+00 +3.3605e+00
1323 +5.044322918e-01 +5.044322918e-01 +5.207443229e+01 +5.207443229e+01 +1.4261e+00 +2.5316e+00 -2.2177e+00 -2.0297e+00 +1.3045e+00
19334 +2.249633260e-01 +2.249633260e-01 +5.179496333e+01 +5.179496333e+01 +1.7177e+00 +1.0459e+00 -1.8881e+00 -2.5339e+00 +1.5904e+00
70221 +1.889600346e-01 +1.889600346e-01 +5.175896003e+01 +5.175896003e+01 +2.6735e+00 +1.8484e+00 -2.4659e+00 -9.1400e-01 +1.2886e+00
168331 +1.581123232e-02 +1.581123232e-02 +5.158581123e+01 +5.158581123e+01 +2.2088e+00 +1.5845e+00 -2.4608e+00 -1.4066e+00 +1.1065e+00
1573476 +1.955965752e-03 +1.955965752e-03 +5.157195597e+01 +5.157195597e+01 +2.1498e+00 +1.1469e+00 -2.2475e+00 -1.7375e+00 +1.3127e+00
4671183 +4.846197050e-04 +4.846197050e-04 +5.157048462e+01 +5.157048462e+01 +2.2047e+00 +9.5876e-01 -2.1212e+00 -1.8323e+00 +1.4563e+00
% function evaluation | noise-free fitness - Fopt (-3.339100000000e+02) | best noise-free fitness - Fopt | measured fitness | best measured fitness | x1 | x2...
1 +6.970454929e+01 +6.970454929e+01 -2.642054507e+02 -2.642054507e+02 -4.0333e+00 +3.1781e+00 -4.3469e+00 -3.6205e+00 +9.8658e-01
4 +6.475352977e+01 +6.475352977e+01 -2.691564702e+02 -2.691564702e+02 -1.4473e+00 -6.3545e-01 +3.4954e+00 -1.0543e+00 +3.7084e-01
7 +4.942611943e+01 +4.942611943e+01 -2.844838806e+02 -2.844838806e+02 -3.7381e+00 -3.9987e+00 -7.9265e-01 -4.5253e+00 -3.2420e+00
24 +4.080855573e+01 +4.080855573e+01 -2.931014443e+02 -2.931014443e+02 +2.5153e+00 -4.3842e+00 -1.8449e+00 -2.0622e+00 -4.2054e+00
25 +2.057946832e+01 +2.057946832e+01 -3.133305317e+02 -3.133305317e+02 +3.3223e+00 -8.0835e-01 -2.6030e+00 -2.4419e+00 +8.0667e-01
274 +8.465523405e+00 +8.465523405e+00 -3.254444766e+02 -3.254444766e+02 +2.2533e+00 +2.0349e-01 +9.8452e-01 -2.4632e+00 -1.4008e+00
398 +7.330047658e+00 +7.330047658e+00 -3.265799523e+02 -3.265799523e+02 +3.9448e+00 -1.8870e+00 -1.7725e+00 -1.4744e+00 +1.6516e-01
1404 +2.908455987e+00 +2.908455987e+00 -3.310015440e+02 -3.310015440e+02 -2.6435e+00 -3.5958e+00 -1.2383e-01 -2.0373e+00 -2.7804e+00
1949 +2.586511523e+00 +2.586511523e+00 -3.313234885e+02 -3.313234885e+02 -2.0683e+00 -3.6006e+00 -1.2079e+00 -3.2732e+00 +1.3801e+00
2545 +5.190185010e-01 +5.190185010e-01 -3.333909815e+02 -3.333909815e+02 -2.0235e+00 -3.1159e+00 -4.4616e-01 -2.6670e+00 -3.9503e+00
42513 +4.994600795e-01 +4.994600795e-01 -3.334105399e+02 -3.334105399e+02 -2.9619e+00 -4.5046e+00 -3.2919e-01 -3.9082e+00 -2.3669e+00
69875 +1.555398343e-01 +1.555398343e-01 -3.337544602e+02 -3.337544602e+02 -3.2990e+00 -4.6543e+00 -1.0650e-01 -2.8870e+00 -3.3894e+00
86975 +3.783911357e-02 +3.783911357e-02 -3.338721609e+02 -3.338721609e+02 -2.0223e+00 -3.1690e+00 -3.7091e-01 -2.6582e+00 -3.7049e+00
731748 +1.975434992e-02 +1.975434992e-02 -3.338902457e+02 -3.338902457e+02 -2.5057e+00 -3.2375e+00 -4.5742e-01 -2.8186e+00 -2.7602e+00
1163861 +3.697920399e-03 +3.697920399e-03 -3.339063021e+02 -3.339063021e+02 -2.1828e+00 -3.3033e+00 -5.1412e-01 -3.1933e+00 -2.8521e+00
1930086 +1.987798703e-03 +1.987798703e-03 -3.339080122e+02 -3.339080122e+02 -1.5582e+00 -2.6748e+00 -4.1179e-01 -2.4019e+00 -3.6471e+00
21752499 +1.770139162e-03 +1.770139162e-03 -3.339082299e+02 -3.339082299e+02 -1.7812e+00 -2.9240e+00 -3.8681e-01 -2.5698e+00 -3.3701e+00
% function evaluation | noise-free fitness - Fopt (4.476100000000e+02) | best noise-free fitness - Fopt | measured fitness | best measured fitness | x1 | x2...
1 +8.495376848e+01 +8.495376848e+01 +5.325637685e+02 +5.325637685e+02 -2.1928e+00 +4.0126e+00 -4.0267e+00 +1.0511e+00 -4.2453e+00
2 +8.246431153e+01 +8.246431153e+01 +5.300743115e+02 +5.300743115e+02 -4.7074e-01 +4.0947e-01 -7.6580e-01 +4.1638e+00 -4.3034e-01
4 +6.835987789e+01 +6.835987789e+01 +5.159698779e+02 +5.159698779e+02 +2.1028e+00 +2.2052e+00 -2.5205e+00 -1.5177e-01 +3.9180e+00
8 +6.363887734e+01 +6.363887734e+01 +5.112488773e+02 +5.112488773e+02 +2.3780e+00 -4.0196e-01 -3.6319e+00 -1.5238e+00 +9.9913e-01
10 +3.505626605e+01 +3.505626605e+01 +4.826662660e+02 +4.826662660e+02 +3.8642e+00 +1.0587e+00 +2.7897e+00 -3.0972e-01 +7.9099e-01
41 +2.662179907e+01 +2.662179907e+01 +4.742317991e+02 +4.742317991e+02 +3.6226e+00 +1.9156e+00 -5.3968e-01 -3.8938e+00 -9.5464e-01
84 +6.960435558e+00 +6.960435558e+00 +4.545704356e+02 +4.545704356e+02 -2.9343e+00 +5.6616e-01 -1.2125e-02 -2.5825e+00 -1.4123e+00
178 +5.996489103e+00 +5.996489103e+00 +4.536064891e+02 +4.536064891e+02 +3.1702e+00 -1.3781e+00 -4.2293e+00 +4.4416e+00 +3.0330e+00
2821 +4.795797375e+00 +4.795797375e+00 +4.524057974e+02 +4.524057974e+02 +4.1568e+00 -1.1588e+00 -4.3549e+00 +3.0294e+00 +1.8937e+00
4199 +2.280315784e+00 +2.280315784e+00 +4.498903158e+02 +4.498903158e+02 +2.6455e-01 -6.2902e-01 +1.2321e+00 -1.6907e+00 -1.8467e+00
13084 +1.984739084e+00 +1.984739084e+00 +4.495947391e+02 +4.495947391e+02 -1.2400e-01 -1.9669e+00 +8.2244e-01 -1.1537e+00 -4.1213e+00
38658 +7.745888864e-01 +7.745888864e-01 +4.483845889e+02 +4.483845889e+02 -2.8046e+00 +1.1969e+00 +3.7319e-01 -3.0762e+00 -1.3228e+00
49048 +7.279792102e-01 +7.279792102e-01 +4.483379792e+02 +4.483379792e+02 -3.1019e+00 -1.3269e+00 -3.4088e-02 -2.2020e+00 -4.2140e+00
73331 +5.153357496e-01 +5.153357496e-01 +4.481253357e+02 +4.481253357e+02 -2.4923e+00 +1.6393e-01 +2.9199e-01 -3.1860e+00 -2.6986e+00
85026 +1.926603863e-01 +1.926603863e-01 +4.478026604e+02 +4.478026604e+02 -3.4028e+00 +1.3700e+00 +5.4283e-02 -3.6533e+00 -2.0361e+00
85775 +1.212576904e-01 +1.212576904e-01 +4.477312577e+02 +4.477312577e+02 -3.8300e+00 -6.0095e-01 -2.7918e-01 -2.8788e+00 -3.6760e+00
515743 +2.472272945e-02 +2.472272945e-02 +4.476347227e+02 +4.476347227e+02 -3.9958e+00 +5.7821e-01 -2.6917e-01 -3.3642e+00 -2.8719e+00
677505 +1.466712256e-02 +1.466712256e-02 +4.476246671e+02 +4.476246671e+02 -4.2400e+00 -7.2105e-02 -3.7482e-01 -3.1776e+00 -3.3582e+00
6728813 +1.245203189e-02 +1.245203189e-02 +4.476224520e+02 +4.476224520e+02 -3.1893e+00 +1.2973e-02 -1.5108e-02 -3.0445e+00 -3.1213e+00
11899201 +1.103725321e-02 +1.103725321e-02 +4.476210373e+02 +4.476210373e+02 -3.9703e+00 +6.7674e-01 -2.7172e-01 -3.6017e+00 -2.6098e+00
17043531 +8.738749347e-03 +8.738749347e-03 +4.476187387e+02 +4.476187387e+02 -2.5760e+00 -2.1164e-01 +2.1161e-01 -2.5190e+00 -2.8301e+00
28073137 +5.594680484e-03 +5.594680484e-03 +4.476155947e+02 +4.476155947e+02 -2.9401e+00 +1.2106e-01 +5.4969e-02 -2.9628e+00 -2.6645e+00
30099214 +3.628357834e-03 +3.628357834e-03 +4.476136284e+02 +4.476136284e+02 -3.7976e+00 +7.1480e-01 -1.3746e-01 -3.3401e+00 -2.4439e+00
% function evaluation | noise-free fitness - Fopt (-1.037100000000e+02) | best noise-free fitness - Fopt | measured fitness | best measured fitness | x1 | x2...
1 +4.084212916e+01 +4.084212916e+01 -6.286787084e+01 -6.286787084e+01 -3.5349e+00 +1.0096e+00 +1.4946e+00 +3.2770e+00 +6.8873e-01
93 +3.913110102e+01 +3.913110102e+01 -6.457889898e+01 -6.457889898e+01 +3.7731e+00 -4.4863e+00 +1.4244e-01 +4.2638e+00 +9.3729e-01
103 +3.703588813e+01 +3.703588813e+01 -6.667411187e+01 -6.667411187e+01 -3.8748e+00 +1.1219e+00 -3.1245e+00 -4.3782e-01 +4.0380e+00
160 +1.735335824e+01 +1.735335824e+01 -8.635664176e+01 -8.635664176e+01 +3.5767e+00 -3.2654e+00 +5.9727e-01 +2.5594e+00 +4.3101e+00
236 +8.997191943e+00 +8.997191943e+00 -9.471280806e+01 -9.471280806e+01 -4.2885e+00 -1.1439e+00 -3.5033e+00 +2.0937e+00 +3.9831e-01
585 +1.969346439e+00 +1.969346439e+00 -1.017406536e+02 -1.017406536e+02 -2.9166e+00 +9.8489e-01 -2.1855e+00 +1.8003e+00 +1.8796e+00
16658 +2.043140606e-01 +2.043140606e-01 -1.035056859e+02 -1.035056859e+02 -1.1982e+00 +3.7048e-01 -3.0220e-01 +1.1272e+00 +4.2254e+00
56940 +1.403886515e-01 +1.403886515e-01 -1.035696113e+02 -1.035696113e+02 -2.4831e+00 +2.8045e-01 -1.0706e+00 +1.3475e+00 +3.3047e+00
463053 +1.350421057e-01 +1.350421057e-01 -1.035749579e+02 -1.035749579e+02 +1.3439e+00 -2.4753e-01 +1.1451e+00 +1.6662e+00 +3.8933e+00
673853 +2.563696223e-02 +2.563696223e-02 -1.036843630e+02 -1.036843630e+02 -5.7292e-01 +2.3349e-02 -8.9320e-02 +1.8151e+00 +2.8502e+00
1901280 +2.152620494e-02 +2.152620494e-02 -1.036884738e+02 -1.036884738e+02 -2.0700e+00 -2.9156e-01 -4.8298e-01 +2.0245e+00 +2.2940e+00
4861112 +1.640142802e-02 +1.640142802e-02 -1.036935986e+02 -1.036935986e+02 -1.1493e+00 +3.7846e-01 -4.5387e-01 +1.3873e+00 +3.6047e+00
13576291 +3.798939984e-03 +3.798939984e-03 -1.037062011e+02 -1.037062011e+02 -2.2008e+00 +2.4377e-01 -9.8120e-01 +1.6866e+00 +2.6984e+00
% function evaluation | noise-free fitness - Fopt (-2.060000000000e+01) | best noise-free fitness - Fopt | measured fitness | best measured fitness | x1 | x2...
1 +6.233265200e+01 +6.233265200e+01 +4.173265200e+01 +4.173265200e+01 -1.4000e-01 +4.3116e+00 -2.2955e+00 +7.8099e-01 +3.4638e+00
23 +5.952379961e+01 +5.952379961e+01 +3.892379961e+01 +3.892379961e+01 +9.4920e-02 -2.0822e+00 -2.6413e-01 -1.9088e+00 +2.3607e+00
31 +5.066408874e+01 +5.066408874e+01 +3.006408874e+01 +3.006408874e+01 +7.5292e-01 -2.0038e+00 +1.4385e+00 -1.5744e-01 +4.7279e+00
41 +4.957682204e+01 +4.957682204e+01 +2.897682204e+01 +2.897682204e+01 +2.7294e+00 +1.2485e+00 +3.1779e+00 +2.2335e+00 +3.5735e+00
64 +2.360302265e+01 +2.360302265e+01 +3.003022654e+00 +3.003022654e+00 -5.6563e-01 -1.2033e+00 -2.1541e-01 +2.8025e+00 +3.1279e+00
110 +1.858729375e+01 +1.858729375e+01 -2.012706249e+00 -2.012706249e+00 -3.5508e+00 -9.0532e-02 +3.0037e+00 +3.1466e+00 -1.4681e+00
178 +1.726329387e+01 +1.726329387e+01 -3.336706128e+00 -3.336706128e+00 -4.5911e-02 -3.4264e+00 -4.1154e+00 +9.7847e-01 +2.6748e+00
181 +1.588722805e+01 +1.588722805e+01 -4.712771948e+00 -4.712771948e+00 +4.7331e-01 -9.2014e-01 +1.4751e+00 -2.6607e+00 -8.4689e-01
288 +1.545837398e+01 +1.545837398e+01 -5.141626016e+00 -5.141626016e+00 +1.1668e+00 -1.8429e-01 +2.4144e+00 +4.7877e+00 -1.6842e+00
433 +1.503290931e+01 +1.503290931e+01 -5.567090695e+00 -5.567090695e+00 +6.8512e-01 +2.7865e+00 +1.3815e+00 +4.4499e+00 -2.4308e+00
829 +1.129131803e+01 +1.129131803e+01 -9.308681971e+00 -9.308681971e+00 -1.5801e+00 -1.4448e-01 +1.6918e+00 +2.4863e+00 -1.2507e+00
1496 +1.964016416e+00 +1.964016416e+00 -1.863598358e+01 -1.863598358e+01 +1.1934e+00 +3.3825e+00 +2.9048e+00 +4.4009e+00 -2.6700e+00
15927 +1.652270816e+00 +1.652270816e+00 -1.894772918e+01 -1.894772918e+01 +1.4096e+00 -3.5928e+00 -1.1339e+00 -6.5838e-01 -2.2932e-01
19271 +9.901874726e-01 +9.901874726e-01 -1.960981253e+01 -1.960981253e+01 -1.1474e-01 -1.9407e+00 -2.3788e+00 -3.9065e-01 +2.0760e+00
21550 +6.094709587e-01 +6.094709587e-01 -1.999052904e+01 -1.999052904e+01 +1.4902e+00 -4.3749e+00 -4.8398e-01 -9.8070e-01 -1.3674e+00
32751 +5.252535626e-01 +5.252535626e-01 -2.007474644e+01 -2.007474644e+01 +1.2156e-01 -2.2613e+00 -3.2584e+00 -1.0071e-01 +2.3400e+00
57343 +1.232761194e-02 +1.232761194e-02 -2.058767239e+01 -2.058767239e+01 +1.1374e+00 -2.5297e+00 -1.0011e+00 -8.9766e-01 +9.7063e-02
4782791 +3.010022330e-03 +3.010022330e-03 -2.059698998e+01 -2.059698998e+01 +1.0369e+00 -1.9098e+00 -1.2296e+00 -6.8477e-01 +4.6049e-01
% function evaluation | noise-free fitness - Fopt (4.669000000000e+01) | best noise-free fitness - Fopt | measured fitness | best measured fitness | x1 | x2...
1 +8.198779294e+01 +8.198779294e+01 +1.286777929e+02 +1.286777929e+02 +9.8148e-01 -2.5874e+00 -4.9320e+00 +3.8040e+00 -1.5129e+00
2 +7.675985754e+01 +7.675985754e+01 +1.234498575e+02 +1.234498575e+02 +1.8387e+00 +3.9776e-02 +9.2590e-01 +3.5565e-01 +4.9839e+00
4 +6.960154575e+01 +6.960154575e+01 +1.162915458e+02 +1.162915458e+02 -4.7670e+00 -4.0999e-01 +1.5261e+00 -2.1062e+00 +5.4625e-01
25 +5.611002395e+01 +5.611002395e+01 +1.028000239e+02 +1.028000239e+02 -2.3302e+00 +3.5728e+00 +3.8989e+00 +5.4078e-01 -2.0688e+00
36 +3.260084738e+01 +3.260084738e+01 +7.929084738e+01 +7.929084738e+01 -3.4730e+00 +4.6496e+00 +1.2595e+00 +2.9887e+00 -2.4173e+00
47 +1.409941037e+01 +1.409941037e+01 +6.078941037e+01 +6.078941037e+01 -2.3530e+00 -1.5939e+00 -3.3318e+00 -2.3001e+00 +1.3341e+00
126 +1.236860692e+01 +1.236860692e+01 +5.905860692e+01 +5.905860692e+01 -1.7972e+00 +3.5373e+00 +9.6670e-01 +8.3911e-01 -1.3654e+00
493 +6.990115183e-01 +6.990115183e-01 +4.738901152e+01 +4.738901152e+01 -3.6452e-01 -3.0391e+00 +3.6960e+00 +2.0133e+00 -4.4749e+00
49034 +1.373605591e-01 +1.373605591e-01 +4.682736056e+01 +4.682736056e+01 -7.2505e-01 -2.0716e+00 +4.0880e+00 +6.1650e-01 -2.7753e+00
391326 +1.550913059e-02 +1.550913059e-02 +4.670550913e+01 +4.670550913e+01 -2.1302e-01 -2.3887e+00 +4.0135e+00 +6.5232e-01 -2.6555e+00
3356462 +1.492607604e-02 +1.492607604e-02 +4.670492608e+01 +4.670492608e+01 -4.1012e-01 -2.4839e+00 +3.6242e+00 +1.2278e+00 -3.5171e+00
9862329 +1.418856214e-02 +1.418856214e-02 +4.670418856e+01 +4.670418856e+01 -6.6259e-01 -1.7677e+00 +4.4135e+00 -1.3510e-01 -2.1301e+00
15982968 +7.625956006e-03 +7.625956006e-03 +4.669762596e+01 +4.669762596e+01 -9.1653e-01 -2.3577e+00 +3.3304e+00 +7.4366e-01 -3.9073e+00
18742422 +4.715858544e-03 +4.715858544e-03 +4.669471586e+01 +4.669471586e+01 -7.5445e-01 -1.9355e+00 +3.9414e+00 +1.5558e-01 -2.7947e+00
25313509 +3.591779664e-03 +3.591779664e-03 +4.669359178e+01 +4.669359178e+01 -4.8654e-01 -2.7664e+00 +3.3476e+00 +1.5584e+00 -4.0827e+00
% function evaluation | noise-free fitness - Fopt (-1.034600000000e+02) | best noise-free fitness - Fopt | measured fitness | best measured fitness | x1 | x2...
1 +6.564231889e+01 +6.564231889e+01 -3.781768111e+01 -3.781768111e+01 -7.2634e-02 +3.2615e+00 -3.7544e+00 -2.7344e+00 -4.8790e+00
4 +6.126711161e+01 +6.126711161e+01 -4.219288839e+01 -4.219288839e+01 -2.4361e+00 -4.3957e+00 -3.3614e+00 +3.6304e+00 +1.2730e+00
9 +3.588659613e+01 +3.588659613e+01 -6.757340387e+01 -6.757340387e+01 +1.7645e+00 -3.5608e+00 -9.3479e-01 +7.1989e-02 -6.5733e-02
31 +3.426571522e+01 +3.426571522e+01 -6.919428478e+01 -6.919428478e+01 -9.4409e-01 -2.0266e+00 -3.5516e+00 +7.9842e-01 -1.8361e+00
34 +2.239004629e+01 +2.239004629e+01 -8.106995371e+01 -8.106995371e+01 -2.4345e+00 -4.6373e+00 -3.7492e+00 +2.2282e+00 +7.5409e-01
49 +1.729387413e+01 +1.729387413e+01 -8.616612587e+01 -8.616612587e+01 -1.7507e+00 -2.8487e+00 -5.7739e-01 -1.7787e+00 +4.3844e+00
508 +7.212206334e+00 +7.212206334e+00 -9.624779367e+01 -9.624779367e+01 +1.3636e+00 -2.7284e+00 +6.4044e-01 -3.0298e+00 +2.0338e+00
596 +2.115739749e+00 +2.115739749e+00 -1.013442603e+02 -1.013442603e+02 +4.2717e-01 -3.3745e+00 -9.6425e-01 +2.6038e+00 -4.9893e-01
23650 +5.047438616e-01 +5.047438616e-01 -1.029552561e+02 -1.029552561e+02 +9.6042e-03 -4.5550e+00 -9.8995e-01 +1.9515e+00 -5.4820e-01
57421 +4.668618402e-01 +4.668618402e-01 -1.029931382e+02 -1.029931382e+02 -1.1565e+00 -2.3253e+00 -3.3704e+00 +2.0143e+00 -1.0330e+00
110817 +2.146493657e-01 +2.146493657e-01 -1.032453506e+02 -1.032453506e+02 +7.7554e-01 -4.3185e+00 -4.2934e-01 +2.3974e+00 -8.3504e-01
296849 +2.036500774e-01 +2.036500774e-01 -1.032563499e+02 -1.032563499e+02 +9.9476e-01 -3.9384e+00 +6.9999e-01 +1.2693e+00 -1.1107e+00
411158 +1.240632989e-01 +1.240632989e-01 -1.033359367e+02 -1.033359367e+02 -3.4402e-01 -2.5498e+00 -2.2344e+00 +1.7200e+00 -1.1783e+00
659056 +9.791897605e-02 +9.791897605e-02 -1.033620810e+02 -1.033620810e+02 +8.6578e-02 -4.4430e+00 -6.8161e-01 +2.0851e+00 -4.6350e-01
1083846 +9.358852166e-02 +9.358852166e-02 -1.033664115e+02 -1.033664115e+02 +5.4956e-01 -4.7742e+00 -1.4644e-01 +1.9839e+00 -5.9780e-01
1132747 +8.798785532e-02 +8.798785532e-02 -1.033720121e+02 -1.033720121e+02 -4.3504e-02 -2.4789e+00 -1.9266e+00 +1.7671e+00 -1.4377e+00
1347588 +5.479238976e-02 +5.479238976e-02 -1.034052076e+02 -1.034052076e+02 +5.2174e-01 -2.8513e+00 -9.2438e-01 +1.9605e+00 -1.0946e+00
1392203 +3.647716999e-02 +3.647716999e-02 -1.034235228e+02 -1.034235228e+02 +8.9857e-01 -3.1882e+00 -3.4456e-01 +1.6822e+00 -1.2583e+00
1630912 +1.434878062e-02 +1.434878062e-02 -1.034456512e+02 -1.034456512e+02 +3.4058e-01 -3.0990e+00 -1.1053e+00 +1.9413e+00 -1.1875e+00
2204117 +1.062676547e-02 +1.062676547e-02 -1.034493732e+02 -1.034493732e+02 -2.2654e-01 -2.6563e+00 -1.8678e+00 +1.7912e+00 -1.1530e+00
3742663 +4.303184651e-03 +4.303184651e-03 -1.034556968e+02 -1.034556968e+02 +1.7391e-01 -2.1790e+00 -1.5508e+00 +1.6108e+00 -1.4432e+00
29983961 +3.917849460e-03 +3.917849460e-03 -1.034560822e+02 -1.034560822e+02 +6.9349e-01 -3.8362e+00 -1.2714e-01 +1.6868e+00 -9.3961e-01
36410743 +3.605380389e-03 +3.605380389e-03 -1.034563946e+02 -1.034563946e+02 +2.7647e-01 -3.1073e+00 -1.2556e+00 +2.0101e+00 -1.0372e+00
% function evaluation | noise-free fitness - Fopt (-1.591000000000e+02) | best noise-free fitness - Fopt | measured fitness | best measured fitness | x1 | x2...
1 +6.791784132e+01 +6.791784132e+01 -9.118215868e+01 -9.118215868e+01 +4.3582e+00 +2.1408e+00 +2.3570e+00 +3.6486e-01 +2.9753e+00
2 +1.163780635e+01 +1.163780635e+01 -1.474621936e+02 -1.474621936e+02 +4.3148e+00 -4.0904e-03 +2.3447e+00 -1.0219e+00 +1.9847e+00
700 +7.545703991e+00 +7.545703991e+00 -1.515542960e+02 -1.515542960e+02 +2.1797e-01 +2.5483e+00 +3.3124e-02 -2.2942e+00 -4.1467e+00
1153 +2.041673842e+00 +2.041673842e+00 -1.570583262e+02 -1.570583262e+02 +3.6241e-01 +4.5166e+00 -1.8580e+00 -3.9282e+00 +2.9097e+00
66701 +5.678322137e-01 +5.678322137e-01 -1.585321678e+02 -1.585321678e+02 +3.2387e+00 -6.3661e-01 -2.5080e+00 +1.8473e-01 +2.7713e+00
67849 +4.260270468e-01 +4.260270468e-01 -1.586739730e+02 -1.586739730e+02 +2.6282e+00 +3.5060e-01 +1.1896e-01 -4.3431e-01 +2.6777e+00
224850 +2.261738158e-01 +2.261738158e-01 -1.588738262e+02 -1.588738262e+02 +2.2193e+00 -7.4657e-01 -1.0698e+00 +6.9830e-01 +4.1657e+00
226339 +2.121438539e-01 +2.121438539e-01 -1.588878561e+02 -1.588878561e+02 +1.8694e+00 -6.9586e-01 -1.3505e+00 +3.2584e-01 +3.9889e+00
324817 +1.520813880e-01 +1.520813880e-01 -1.589479186e+02 -1.589479186e+02 +2.3099e+00 -2.1059e-01 -7.4547e-01 -1.1035e-01 +2.9424e+00
348847 +4.631805398e-03 +4.631805398e-03 -1.590953682e+02 -1.590953682e+02 +1.7817e+00 -3.2710e-01 -4.0558e-01 +5.5287e-02 +3.6971e+00
1405175 +1.173796411e-03 +1.173796411e-03 -1.590988262e+02 -1.590988262e+02 +2.9303e+00 -4.5626e-02 -6.4015e-01 -2.1313e-01 +2.7548e+00
% function evaluation | noise-free fitness - Fopt (7.823700000000e+02) | best noise-free fitness - Fopt | measured fitness | best measured fitness | x1 | x2...
1 +8.018684609e+01 +8.018684609e+01 +8.625568461e+02 +8.625568461e+02 -3.0729e+00 -1.8178e+00 +2.1509e+00 -3.0901e+00 +4.1207e+00
3 +4.741591544e+01 +4.741591544e+01 +8.297859154e+02 +8.297859154e+02 +2.9352e+00 -3.4116e+00 +4.7132e+00 +2.4992e+00 -3.5477e+00
12 +3.732386093e+01 +3.732386093e+01 +8.196938609e+02 +8.196938609e+02 +9.0833e-01 +1.9974e+00 +1.8229e+00 +1.3091e+00 -4.8535e+00
53 +2.851370150e+01 +2.851370150e+01 +8.108837015e+02 +8.108837015e+02 +3.4309e+00 -5.3248e-03 -1.3283e+00 -1.1995e+00 -2.6063e+00
137 +2.515528741e+01 +2.515528741e+01 +8.075252874e+02 +8.075252874e+02 -1.0610e+00 -2.6045e+00 +1.5568e+00 -1.3705e-01 +4.9480e+00
162 +1.007391876e+01 +1.007391876e+01 +7.924439188e+02 +7.924439188e+02 +3.4962e+00 -4.6441e-01 +4.9390e+00 +1.4194e+00 -4.8687e+00
412 +5.587624008e+00 +5.587624008e+00 +7.879576240e+02 +7.879576240e+02 +4.0995e+00 -8.1746e-01 +3.4341e+00 +1.2725e+00 -1.7253e+00
737 +5.160022830e+00 +5.160022830e+00 +7.875300228e+02 +7.875300228e+02 +4.2267e+00 -1.2725e+00 +3.9268e+00 +8.1986e-01 -1.7522e+00
1631 +4.781993826e+00 +4.781993826e+00 +7.871519938e+02 +7.871519938e+02 -2.8694e+00 -1.5406e+00 +1.1363e+00 +2.0605e+00 -3.4790e+00
1760 +1.765510180e+00 +1.765510180e+00 +7.841355102e+02 +7.841355102e+02 -3.7477e+00 -2.7392e+00 +2.7868e+00 +1.3896e+00 -2.7691e+00
22256 +1.737478966e+00 +1.737478966e+00 +7.841074790e+02 +7.841074790e+02 -1.7729e+00 +2.0273e-02 +1.6372e+00 +1.5063e+00 -3.9592e+00
30117 +5.370844288e-01 +5.370844288e-01 +7.829070844e+02 +7.829070844e+02 -4.8943e+00 -2.7529e+00 +2.9064e+00 +8.1810e-01 -2.9444e+00
31471 +5.297844141e-01 +5.297844141e-01 +7.828997844e+02 +7.828997844e+02 -2.6477e+00 -1.7657e+00 +2.0758e+00 +2.2313e+00 -3.4000e+00
43936 +5.817711321e-02 +5.817711321e-02 +7.824281771e+02 +7.824281771e+02 -3.8473e+00 -1.3754e+00 +3.2127e+00 +1.0532e-01 -3.2550e+00
538293 +4.381109623e-02 +4.381109623e-02 +7.824138111e+02 +7.824138111e+02 -4.8685e+00 -1.3224e+00 +3.5853e+00 -4.9714e-01 -3.3362e+00
713941 +4.201540890e-02 +4.201540890e-02 +7.824120154e+02 +7.824120154e+02 -3.8524e+00 -1.3211e+00 +2.6514e+00 +5.5711e-01 -3.3941e+00
1223075 +1.325094969e-02 +1.325094969e-02 +7.823832509e+02 +7.823832509e+02 -3.6229e+00 -1.0886e+00 +3.0071e+00 +4.0219e-01 -3.4926e+00
5386975 +1.147797251e-02 +1.147797251e-02 +7.823814780e+02 +7.823814780e+02 -3.6248e+00 -1.4633e+00 +2.8870e+00 +6.2265e-01 -3.1949e+00
9088776 +6.028965096e-03 +6.028965096e-03 +7.823760290e+02 +7.823760290e+02 -3.1880e+00 -1.2123e+00 +2.4773e+00 +9.0542e-01 -3.2709e+00
16167762 +3.593683118e-03 +3.593683118e-03 +7.823735937e+02 +7.823735937e+02 -3.8516e+00 -1.0697e+00 +3.2618e+00 +4.3634e-02 -3.3925e+00
41098136 +2.669344377e-03 +2.669344377e-03 +7.823726693e+02 +7.823726693e+02 -3.8830e+00 -1.3741e+00 +3.1784e+00 +3.3270e-01 -3.3104e+00
% function evaluation | noise-free fitness - Fopt (1.464700000000e+02) | best noise-free fitness - Fopt | measured fitness | best measured fitness | x1 | x2...
1 +8.357838218e+01 +8.357838218e+01 +2.300483822e+02 +2.300483822e+02 +3.7731e+00 +3.0451e+00 +2.7889e+00 -7.4992e-01 -2.0562e+00
2 +8.179719244e+01 +8.179719244e+01 +2.282671924e+02 +2.282671924e+02 -7.7844e-01 +2.8032e+00 -4.9897e+00 +2.8165e+00 -1.9053e+00
3 +6.353718551e+01 +6.353718551e+01 +2.100071855e+02 +2.100071855e+02 +2.9014e+00 +2.6703e+00 -1.0228e+00 -2.1308e+00 +4.5355e+00
16 +5.688164063e+01 +5.688164063e+01 +2.033516406e+02 +2.033516406e+02 -1.0955e+00 -1.2113e+00 +4.5906e+00 -2.5136e+00 +8.5692e-01
18 +4.823676267e+01 +4.823676267e+01 +1.947067627e+02 +1.947067627e+02 +2.4471e+00 -5.4116e-01 -3.9171e-01 -1.6619e+00 +3.3650e+00
39 +2.384228246e+01 +2.384228246e+01 +1.703122825e+02 +1.703122825e+02 -1.4890e+00 -1.4135e+00 +3.2289e+00 -2.2410e+00 -2.8751e+00
107 +2.038715639e+01 +2.038715639e+01 +1.668571564e+02 +1.668571564e+02 +3.9309e-01 +2.5100e-01 +2.6528e+00 -1.2010e+00 -2.4947e+00
297 +1.773737034e+01 +1.773737034e+01 +1.642073703e+02 +1.642073703e+02 +1.8171e+00 +6.5720e-01 +4.0274e+00 +4.8857e+00 -4.0278e+00
360 +7.655795025e+00 +7.655795025e+00 +1.541257950e+02 +1.541257950e+02 +1.8902e+00 -1.4597e+00 +2.9812e+00 -3.8460e+00 -2.9139e+00
1491 +1.998434960e+00 +1.998434960e+00 +1.484684350e+02 +1.484684350e+02 +4.4252e+00 -1.0950e-01 +2.3524e+00 -4.4441e-01 +1.1466e+00
11595 +9.298508969e-01 +9.298508969e-01 +1.473998509e+02 +1.473998509e+02 +2.0047e+00 +6.4534e-01 +6.2854e-03 +1.1102e-02 +5.1817e-01
18921 +8.414233302e-01 +8.414233302e-01 +1.473114233e+02 +1.473114233e+02 +4.5406e+00 -2.2902e-01 +4.1872e+00 +2.5119e+00 -1.3415e+00
28207 +4.846524561e-01 +4.846524561e-01 +1.469546525e+02 +1.469546525e+02 +3.0242e+00 -6.4651e-02 +1.5479e+00 +1.1310e+00 -2.0252e-01
122557 +1.615763583e-01 +1.615763583e-01 +1.466315764e+02 +1.466315764e+02 +3.3535e+00 +1.0959e-01 +2.3624e+00 +1.3697e+00 -2.6813e-01
333442 +4.578726587e-02 +4.578726587e-02 +1.465157873e+02 +1.465157873e+02 +1.9399e+00 +3.4060e-01 +3.3043e-02 +2.2563e-01 +6.0072e-01
1153060 +6.173779061e-03 +6.173779061e-03 +1.464761738e+02 +1.464761738e+02 +3.3508e+00 -1.0379e-02 +1.9207e+00 +8.8007e-01 +1.0140e-01
5555562 +4.622791590e-03 +4.622791590e-03 +1.464746228e+02 +1.464746228e+02 +2.7761e+00 +1.4244e-01 +1.6371e+00 +1.3941e+00 -4.2555e-01
17845096 +3.634501470e-03 +3.634501470e-03 +1.464736345e+02 +1.464736345e+02 +2.1950e+00 +1.9146e-01 +6.2749e-01 +9.6346e-01 +3.4479e-02
41208254 +9.706312185e-04 +9.706312185e-04 +1.464709706e+02 +1.464709706e+02 +2.3852e+00 +1.8905e-01 +8.1283e-01 +7.9069e-01 +1.6594e-01
% function evaluation | noise-free fitness - Fopt (-2.071000000000e+01) | best noise-free fitness - Fopt | measured fitness | best measured fitness | x1 | x2...
1 +6.829379063e+01 +6.829379063e+01 +4.758379063e+01 +4.758379063e+01 +8.1400e-01 -1.3862e+00 -5.0013e-01 -1.0583e+00 +1.0369e+00
2 +4.739427147e+01 +4.739427147e+01 +2.668427147e+01 +2.668427147e+01 -8.7444e-01 -1.2229e+00 -1.4726e+00 +1.7545e+00 -1.7555e-01
10 +7.689068829e+00 +7.689068829e+00 -1.302093117e+01 -1.302093117e+01 +2.1010e+00 +1.2349e+00 +4.7090e-01 +2.4122e+00 +3.8660e+00
328 +2.615350059e+00 +2.615350059e+00 -1.809464994e+01 -1.809464994e+01 -3.7643e-01 +3.1054e+00 -2.1750e+00 +1.0479e+00 -2.2263e+00
20563 +5.166708514e-01 +5.166708514e-01 -2.019332915e+01 -2.019332915e+01 +3.8338e+00 +3.0451e+00 +2.9872e+00 -2.2188e+00 -3.6050e-01
37592 +4.948694839e-01 +4.948694839e-01 -2.021513052e+01 -2.021513052e+01 +3.9029e+00 +3.6353e+00 +1.6670e+00 -1.5001e+00 +1.3391e+00
172148 +1.539015447e-01 +1.539015447e-01 -2.055609846e+01 -2.055609846e+01 +4.5533e+00 +3.1429e+00 +1.9939e+00 -2.3611e+00 +8.1160e-01
432665 +5.586902454e-02 +5.586902454e-02 -2.065413098e+01 -2.065413098e+01 +3.1200e+00 +2.8878e+00 +3.8832e+00 -2.5510e+00 -9.6336e-01
580320 +5.007939726e-02 +5.007939726e-02 -2.065992060e+01 -2.065992060e+01 +3.8393e+00 +3.1865e+00 +2.7314e+00 -2.0137e+00 +1.0850e-01
1163353 +3.508212829e-03 +3.508212829e-03 -2.070649179e+01 -2.070649179e+01 +3.2644e+00 +3.0351e+00 +3.0491e+00 -2.5887e+00 +3.3887e-02
