% f evaluations | g evaluations | best noise-free fitness - Fopt (-1.025500000000e+02) + sum g_i+ | measured fitness | best measured fitness or single-digit g-values | x1 | x2...
1 0 +1.698152846e+01 -8.556847154e+01 -8.556847154e+01
3 0 +1.332412624e+01 -8.922587376e+01 -8.922587376e+01
39 0 +1.116936265e+01 -9.138063735e+01 -9.138063735e+01
177 0 +1.070177743e+01 -9.184822257e+01 -9.184822257e+01
1755 0 +1.042144280e+01 -9.212855720e+01 -9.212855720e+01
4191 0 +1.004702701e+01 -9.250297299e+01 -9.250297299e+01
9591 0 +9.549696970e+00 -9.300030303e+01 -9.300030303e+01
48019 0 +9.207551169e+00 -9.334244883e+01 -9.334244883e+01
78280 0 +9.084958390e+00 -9.346504161e+01 -9.346504161e+01
137731 0 +8.606200591e+00 -9.394379941e+01 -9.394379941e+01
170797 0 +8.313022167e+00 -9.423697783e+01 -9.423697783e+01
341017 0 +7.989725254e+00 -9.456027475e+01 -9.456027475e+01
947891 0 +7.917703992e+00 -9.463229601e+01 -9.463229601e+01
1205819 0 +7.727036821e+00 -9.482296318e+01 -9.482296318e+01
8866604 0 +7.091137019e+00 -9.545886298e+01 -9.545886298e+01
% f evaluations | g evaluations | best noise-free fitness - Fopt (7.169000000000e+01) + sum g_i+ | measured fitness | best measured fitness or single-digit g-values | x1 | x2...
1 0 +1.605402115e+01 +8.774402115e+01 +8.774402115e+01
9 0 +1.335332128e+01 +8.504332128e+01 +8.504332128e+01
37 0 +1.309054786e+01 +8.478054786e+01 +8.478054786e+01
45 0 +1.224998033e+01 +8.393998033e+01 +8.393998033e+01
107 0 +1.182320391e+01 +8.351320391e+01 +8.351320391e+01
153 0 +1.090074062e+01 +8.259074062e+01 +8.259074062e+01
906 0 +1.001630764e+01 +8.170630764e+01 +8.170630764e+01
8681 0 +9.939180407e+00 +8.162918041e+01 +8.162918041e+01
9046 0 +9.426539051e+00 +8.111653905e+01 +8.111653905e+01
10563 0 +9.275379714e+00 +8.096537971e+01 +8.096537971e+01
22082 0 +8.881467875e+00 +8.057146788e+01 +8.057146788e+01
207831 0 +8.610232094e+00 +8.030023209e+01 +8.030023209e+01
213087 0 +8.151802497e+00 +7.984180250e+01 +7.984180250e+01
1783659 0 +7.990173171e+00 +7.968017317e+01 +7.968017317e+01
4051374 0 +7.872627963e+00 +7.956262796e+01 +7.956262796e+01
6082513 0 +6.775119545e+00 +7.846511954e+01 +7.846511954e+01
% f evaluations | g evaluations | best noise-free fitness - Fopt (2.140100000000e+02) + sum g_i+ | measured fitness | best measured fitness or single-digit g-values | x1 | x2...
1 0 +1.610100351e+01 +2.301110035e+02 +2.301110035e+02
4 0 +1.530883600e+01 +2.293188360e+02 +2.293188360e+02
8 0 +1.420629996e+01 +2.282163000e+02 +2.282163000e+02
17 0 +1.169062721e+01 +2.257006272e+02 +2.257006272e+02
549 0 +1.126912287e+01 +2.252791229e+02 +2.252791229e+02
831 0 +1.114426775e+01 +2.251542678e+02 +2.251542678e+02
1056 0 +9.396735422e+00 +2.234067354e+02 +2.234067354e+02
37601 0 +9.151179100e+00 +2.231611791e+02 +2.231611791e+02
48689 0 +8.979887021e+00 +2.229898870e+02 +2.229898870e+02
127747 0 +8.367875422e+00 +2.223778754e+02 +2.223778754e+02
323936 0 +8.199161833e+00 +2.222091618e+02 +2.222091618e+02
3668919 0 +7.309531402e+00 +2.213195314e+02 +2.213195314e+02
21526112 0 +7.108219571e+00 +2.211182196e+02 +2.211182196e+02
% f evaluations | g evaluations | best noise-free fitness - Fopt (-5.848000000000e+01) + sum g_i+ | measured fitness | best measured fitness or single-digit g-values | x1 | x2...
1 0 +1.346758228e+01 -4.501241772e+01 -4.501241772e+01
24 0 +1.337286351e+01 -4.510713649e+01 -4.510713649e+01
95 0 +1.209753845e+01 -4.638246155e+01 -4.638246155e+01
225 0 +1.199945606e+01 -4.648054394e+01 -4.648054394e+01
287 0 +1.145584267e+01 -4.702415733e+01 -4.702415733e+01
577 0 +1.097148295e+01 -4.750851705e+01 -4.750851705e+01
2099 0 +1.011136240e+01 -4.836863760e+01 -4.836863760e+01
6530 0 +9.261422782e+00 -4.921857722e+01 -4.921857722e+01
38838 0 +8.945654110e+00 -4.953434589e+01 -4.953434589e+01
96958 0 +8.876244215e+00 -4.960375578e+01 -4.960375578e+01
236669 0 +8.417157290e+00 -5.006284271e+01 -5.006284271e+01
994017 0 +7.728541723e+00 -5.075145828e+01 -5.075145828e+01
3767213 0 +7.509212019e+00 -5.097078798e+01 -5.097078798e+01
% f evaluations | g evaluations | best noise-free fitness - Fopt (-6.130800000000e+02) + sum g_i+ | measured fitness | best measured fitness or single-digit g-values | x1 | x2...
1 0 +1.876221642e+01 -5.943177836e+02 -5.943177836e+02
2 0 +1.609260775e+01 -5.969873923e+02 -5.969873923e+02
4 0 +1.512469257e+01 -5.979553074e+02 -5.979553074e+02
9 0 +1.102052989e+01 -6.020594701e+02 -6.020594701e+02
14 0 +9.579086619e+00 -6.035009134e+02 -6.035009134e+02
8113 0 +9.470921016e+00 -6.036090790e+02 -6.036090790e+02
42971 0 +9.154755458e+00 -6.039252445e+02 -6.039252445e+02
64148 0 +8.900532133e+00 -6.041794679e+02 -6.041794679e+02
348191 0 +8.550085105e+00 -6.045299149e+02 -6.045299149e+02
837690 0 +8.388299215e+00 -6.046917008e+02 -6.046917008e+02
1280059 0 +8.242186424e+00 -6.048378136e+02 -6.048378136e+02
1452109 0 +8.020734125e+00 -6.050592659e+02 -6.050592659e+02
2857967 0 +7.713552613e+00 -6.053664474e+02 -6.053664474e+02
9838802 0 +7.195511136e+00 -6.058844889e+02 -6.058844889e+02
% f evaluations | g evaluations | best noise-free fitness - Fopt (6.189000000000e+01) + sum g_i+ | measured fitness | best measured fitness or single-digit g-values | x1 | x2...
1 0 +1.371004257e+01 +7.560004257e+01 +7.560004257e+01
4 0 +1.240540493e+01 +7.429540493e+01 +7.429540493e+01
38 0 +1.125049191e+01 +7.314049191e+01 +7.314049191e+01
196 0 +1.033775550e+01 +7.222775550e+01 +7.222775550e+01
1548 0 +9.959121570e+00 +7.184912157e+01 +7.184912157e+01
11324 0 +9.587958955e+00 +7.147795895e+01 +7.147795895e+01
15107 0 +9.477896059e+00 +7.136789606e+01 +7.136789606e+01
72875 0 +9.216136458e+00 +7.110613646e+01 +7.110613646e+01
88372 0 +9.066251970e+00 +7.095625197e+01 +7.095625197e+01
97908 0 +8.899306645e+00 +7.078930665e+01 +7.078930665e+01
133827 0 +8.689935520e+00 +7.057993552e+01 +7.057993552e+01
781057 0 +8.474965331e+00 +7.036496533e+01 +7.036496533e+01
1551453 0 +8.107606557e+00 +6.999760656e+01 +6.999760656e+01
4844906 0 +7.750363830e+00 +6.964036383e+01 +6.964036383e+01
10141512 0 +7.115936659e+00 +6.900593666e+01 +6.900593666e+01
24749417 0 +6.866757785e+00 +6.875675779e+01 +6.875675779e+01
% f evaluations | g evaluations | best noise-free fitness - Fopt (-8.456000000000e+01) + sum g_i+ | measured fitness | best measured fitness or single-digit g-values | x1 | x2...
1 0 +1.717357666e+01 -6.738642334e+01 -6.738642334e+01
2 0 +1.632337644e+01 -6.823662356e+01 -6.823662356e+01
4 0 +1.525524894e+01 -6.930475106e+01 -6.930475106e+01
15 0 +1.426765409e+01 -7.029234591e+01 -7.029234591e+01
18 0 +1.157745456e+01 -7.298254544e+01 -7.298254544e+01
51 0 +1.067758549e+01 -7.388241451e+01 -7.388241451e+01
2099 0 +9.978344411e+00 -7.458165559e+01 -7.458165559e+01
15200 0 +9.343626295e+00 -7.521637371e+01 -7.521637371e+01
29398 0 +8.659133429e+00 -7.590086657e+01 -7.590086657e+01
556475 0 +8.324426296e+00 -7.623557370e+01 -7.623557370e+01
1505085 0 +8.314240943e+00 -7.624575906e+01 -7.624575906e+01
1633242 0 +8.058597270e+00 -7.650140273e+01 -7.650140273e+01
5633757 0 +7.733176080e+00 -7.682682392e+01 -7.682682392e+01
6661784 0 +6.928224490e+00 -7.763177551e+01 -7.763177551e+01
% f evaluations | g evaluations | best noise-free fitness - Fopt (-2.602000000000e+01) + sum g_i+ | measured fitness | best measured fitness or single-digit g-values | x1 | x2...
1 0 +1.900459279e+01 -7.015407207e+00 -7.015407207e+00
4 0 +1.532493639e+01 -1.069506361e+01 -1.069506361e+01
12 0 +1.249328355e+01 -1.352671645e+01 -1.352671645e+01
26 0 +1.156011331e+01 -1.445988669e+01 -1.445988669e+01
109 0 +1.133393006e+01 -1.468606994e+01 -1.468606994e+01
182 0 +1.107588014e+01 -1.494411986e+01 -1.494411986e+01
459 0 +1.040621196e+01 -1.561378804e+01 -1.561378804e+01
1053 0 +9.998688873e+00 -1.602131113e+01 -1.602131113e+01
12650 0 +9.542600335e+00 -1.647739966e+01 -1.647739966e+01
18774 0 +8.635229299e+00 -1.738477070e+01 -1.738477070e+01
351542 0 +7.971589001e+00 -1.804841100e+01 -1.804841100e+01
1164217 0 +7.481836174e+00 -1.853816383e+01 -1.853816383e+01
15654245 0 +7.208481510e+00 -1.881151849e+01 -1.881151849e+01
% f evaluations | g evaluations | best noise-free fitness - Fopt (-3.015000000000e+01) + sum g_i+ | measured fitness | best measured fitness or single-digit g-values | x1 | x2...
1 0 +1.613279796e+01 -1.401720204e+01 -1.401720204e+01
8 0 +1.588318993e+01 -1.426681007e+01 -1.426681007e+01
10 0 +1.546364680e+01 -1.468635320e+01 -1.468635320e+01
15 0 +1.492356995e+01 -1.522643005e+01 -1.522643005e+01
17 0 +1.435295930e+01 -1.579704070e+01 -1.579704070e+01
30 0 +1.103025285e+01 -1.911974715e+01 -1.911974715e+01
254 0 +1.089285233e+01 -1.925714767e+01 -1.925714767e+01
526 0 +9.528981695e+00 -2.062101831e+01 -2.062101831e+01
91704 0 +8.863160205e+00 -2.128683980e+01 -2.128683980e+01
236506 0 +8.621695079e+00 -2.152830492e+01 -2.152830492e+01
732652 0 +8.385806195e+00 -2.176419380e+01 -2.176419380e+01
1104341 0 +8.168534259e+00 -2.198146574e+01 -2.198146574e+01
2443767 0 +7.982891430e+00 -2.216710857e+01 -2.216710857e+01
4371725 0 +7.370667987e+00 -2.277933201e+01 -2.277933201e+01
% f evaluations | g evaluations | best noise-free fitness - Fopt (-1.000000000000e+03) + sum g_i+ | measured fitness | best measured fitness or single-digit g-values | x1 | x2...
1 0 +1.856209028e+01 -9.814379097e+02 -9.814379097e+02
2 0 +1.750042119e+01 -9.824995788e+02 -9.824995788e+02
4 0 +1.539117973e+01 -9.846088203e+02 -9.846088203e+02
9 0 +1.319286485e+01 -9.868071352e+02 -9.868071352e+02
27 0 +1.262902794e+01 -9.873709721e+02 -9.873709721e+02
28 0 +1.236070302e+01 -9.876392970e+02 -9.876392970e+02
108 0 +1.165413659e+01 -9.883458634e+02 -9.883458634e+02
503 0 +1.022684541e+01 -9.897731546e+02 -9.897731546e+02
1168 0 +9.326235980e+00 -9.906737640e+02 -9.906737640e+02
5447 0 +8.903336187e+00 -9.910966638e+02 -9.910966638e+02
356142 0 +8.611074921e+00 -9.913889251e+02 -9.913889251e+02
605865 0 +8.163941371e+00 -9.918360586e+02 -9.918360586e+02
871980 0 +7.801196215e+00 -9.921988038e+02 -9.921988038e+02
1259000 0 +7.578058192e+00 -9.924219418e+02 -9.924219418e+02
% f evaluations | g evaluations | best noise-free fitness - Fopt (-9.243000000000e+02) + sum g_i+ | measured fitness | best measured fitness or single-digit g-values | x1 | x2...
1 0 +1.870096653e+01 -9.055990335e+02 -9.055990335e+02
2 0 +1.753929230e+01 -9.067607077e+02 -9.067607077e+02
4 0 +1.344171037e+01 -9.108582896e+02 -9.108582896e+02
8 0 +1.183274237e+01 -9.124672576e+02 -9.124672576e+02
164 0 +1.140737584e+01 -9.128926242e+02 -9.128926242e+02
604 0 +1.048496249e+01 -9.138150375e+02 -9.138150375e+02
5556 0 +1.043545956e+01 -9.138645404e+02 -9.138645404e+02
7245 0 +1.020325931e+01 -9.140967407e+02 -9.140967407e+02
11130 0 +9.303823176e+00 -9.149961768e+02 -9.149961768e+02
114984 0 +8.887390696e+00 -9.154126093e+02 -9.154126093e+02
399151 0 +8.339810613e+00 -9.159601894e+02 -9.159601894e+02
599193 0 +8.285366756e+00 -9.160146332e+02 -9.160146332e+02
2880012 0 +7.758721995e+00 -9.165412780e+02 -9.165412780e+02
% f evaluations | g evaluations | best noise-free fitness - Fopt (-1.035000000000e+01) + sum g_i+ | measured fitness | best measured fitness or single-digit g-values | x1 | x2...
1 0 +1.607660245e+01 +5.726602448e+00 +5.726602448e+00
4 0 +1.293221562e+01 +2.582215621e+00 +2.582215621e+00
22 0 +1.282933270e+01 +2.479332701e+00 +2.479332701e+00
67 0 +1.175939932e+01 +1.409399321e+00 +1.409399321e+00
122 0 +1.169742696e+01 +1.347426963e+00 +1.347426963e+00
255 0 +1.061893152e+01 +2.689315226e-01 +2.689315226e-01
1393 0 +9.877471410e+00 -4.725285901e-01 -4.725285901e-01
4103 0 +9.656010964e+00 -6.939890357e-01 -6.939890357e-01
21695 0 +8.867663355e+00 -1.482336645e+00 -1.482336645e+00
371141 0 +8.676243753e+00 -1.673756247e+00 -1.673756247e+00
649367 0 +7.325918117e+00 -3.024081883e+00 -3.024081883e+00
11037186 0 +6.941044132e+00 -3.408955868e+00 -3.408955868e+00
19989082 0 +6.443779179e+00 -3.906220821e+00 -3.906220821e+00
% f evaluations | g evaluations | best noise-free fitness - Fopt (-1.000000000000e+03) + sum g_i+ | measured fitness | best measured fitness or single-digit g-values | x1 | x2...
1 0 +1.833696006e+01 -9.816630399e+02 -9.816630399e+02
2 0 +1.545198684e+01 -9.845480132e+02 -9.845480132e+02
5 0 +1.398400971e+01 -9.860159903e+02 -9.860159903e+02
6 0 +1.317442650e+01 -9.868255735e+02 -9.868255735e+02
14 0 +1.272624128e+01 -9.872737587e+02 -9.872737587e+02
192 0 +1.221290114e+01 -9.877870989e+02 -9.877870989e+02
204 0 +1.188801237e+01 -9.881119876e+02 -9.881119876e+02
304 0 +1.059771547e+01 -9.894022845e+02 -9.894022845e+02
709 0 +9.736414494e+00 -9.902635855e+02 -9.902635855e+02
5540 0 +9.451076942e+00 -9.905489231e+02 -9.905489231e+02
29658 0 +9.072135258e+00 -9.909278647e+02 -9.909278647e+02
46947 0 +8.858583783e+00 -9.911414162e+02 -9.911414162e+02
52542 0 +8.508235044e+00 -9.914917650e+02 -9.914917650e+02
375712 0 +8.113358980e+00 -9.918866410e+02 -9.918866410e+02
3163421 0 +7.799894897e+00 -9.922001051e+02 -9.922001051e+02
7364030 0 +7.731775340e+00 -9.922682247e+02 -9.922682247e+02
7975745 0 +7.469404833e+00 -9.925305952e+02 -9.925305952e+02
9082157 0 +7.385345208e+00 -9.926146548e+02 -9.926146548e+02
10010903 0 +7.218927116e+00 -9.927810729e+02 -9.927810729e+02
% f evaluations | g evaluations | best noise-free fitness - Fopt (2.880000000000e+01) + sum g_i+ | measured fitness | best measured fitness or single-digit g-values | x1 | x2...
1 0 +1.636931326e+01 +4.516931326e+01 +4.516931326e+01
3 0 +1.391562197e+01 +4.271562197e+01 +4.271562197e+01
11 0 +1.260614168e+01 +4.140614168e+01 +4.140614168e+01
38 0 +1.212603990e+01 +4.092603990e+01 +4.092603990e+01
247 0 +1.179522289e+01 +4.059522289e+01 +4.059522289e+01
259 0 +1.173232758e+01 +4.053232758e+01 +4.053232758e+01
312 0 +1.112313206e+01 +3.992313206e+01 +3.992313206e+01
940 0 +9.264918475e+00 +3.806491848e+01 +3.806491848e+01
11775 0 +8.614382466e+00 +3.741438247e+01 +3.741438247e+01
93435 0 +7.872363082e+00 +3.667236308e+01 +3.667236308e+01
15721657 0 +7.600672082e+00 +3.640067208e+01 +3.640067208e+01
30518255 0 +7.458209663e+00 +3.625820966e+01 +3.625820966e+01
31807072 0 +7.371809682e+00 +3.617180968e+01 +3.617180968e+01
% f evaluations | g evaluations | best noise-free fitness - Fopt (3.534000000000e+01) + sum g_i+ | measured fitness | best measured fitness or single-digit g-values | x1 | x2...
1 0 +1.539215184e+01 +5.073215184e+01 +5.073215184e+01
6 0 +1.426263990e+01 +4.960263990e+01 +4.960263990e+01
23 0 +1.318111037e+01 +4.852111037e+01 +4.852111037e+01
24 0 +1.246862020e+01 +4.780862020e+01 +4.780862020e+01
370 0 +1.174781964e+01 +4.708781964e+01 +4.708781964e+01
1112 0 +1.056981382e+01 +4.590981382e+01 +4.590981382e+01
2642 0 +9.781350948e+00 +4.512135095e+01 +4.512135095e+01
15586 0 +9.675818876e+00 +4.501581888e+01 +4.501581888e+01
77600 0 +9.548741063e+00 +4.488874106e+01 +4.488874106e+01
161340 0 +9.084977847e+00 +4.442497785e+01 +4.442497785e+01
419413 0 +8.206234148e+00 +4.354623415e+01 +4.354623415e+01
590582 0 +7.823591147e+00 +4.316359115e+01 +4.316359115e+01
7032751 0 +7.755642657e+00 +4.309564266e+01 +4.309564266e+01
9342130 0 +7.071189843e+00 +4.241118984e+01 +4.241118984e+01
