% f evaluations | g evaluations | best noise-free fitness - Fopt (-1.025500000000e+02) + sum g_i+ | measured fitness | best measured fitness or single-digit g-values | x1 | x2...
1 0 +3.907569510e+00 -9.864243049e+01 -9.864243049e+01 -1.7095e+00 +2.8263e+00 +6.5471e-01
3 0 +3.242485327e+00 -9.930751467e+01 -9.930751467e+01 -1.9763e+00 +1.8628e+00 -1.4461e+00
13 0 +2.033035997e+00 -1.005169640e+02 -1.005169640e+02 -1.1719e+00 -1.3678e+00 -9.3400e-02
65 0 +1.429202836e+00 -1.011207972e+02 -1.011207972e+02 +9.1407e-01 +6.6367e-02 -4.4265e-01
111 0 +6.539597157e-01 -1.018960403e+02 -1.018960403e+02 +7.1114e-01 +5.1980e-01 +7.3472e-01
453 0 +5.812476329e-01 -1.019687524e+02 -1.019687524e+02 +1.6044e+00 -8.2445e-01 +4.3590e-01
597 0 +5.010851165e-01 -1.020489149e+02 -1.020489149e+02 -1.0404e+00 +2.3912e+00 +9.5816e-01
910 0 +1.718008757e-01 -1.023781991e+02 -1.023781991e+02 -8.4950e-01 +7.1569e-01 +4.4313e-01
920 0 +8.184076542e-02 -1.024681592e+02 -1.024681592e+02 +2.5453e-01 +1.5931e-01 -1.2581e-01
65010 0 +7.496751158e-02 -1.024750325e+02 -1.024750325e+02 -4.0062e-01 -2.8746e-01 +8.6696e-01
72286 0 +6.208743036e-02 -1.024879126e+02 -1.024879126e+02 -9.2106e-01 +1.5810e+00 +7.7325e-01
155877 0 +5.041027066e-02 -1.024995897e+02 -1.024995897e+02 +7.2209e-02 +7.6639e-01 +1.4144e+00
177119 0 +1.667910042e-02 -1.025333209e+02 -1.025333209e+02 +4.1595e-02 +1.9503e-01 -3.1630e-01
444947 0 +4.390189247e-03 -1.025456098e+02 -1.025456098e+02 -4.2789e-01 +6.2430e-01 -8.8952e-01
687975 0 +1.383779307e-03 -1.025486162e+02 -1.025486162e+02 -3.5274e-01 +5.5818e-01 -8.5043e-01
% f evaluations | g evaluations | best noise-free fitness - Fopt (7.169000000000e+01) + sum g_i+ | measured fitness | best measured fitness or single-digit g-values | x1 | x2...
1 0 +3.257337547e+01 +1.042633755e+02 +1.042633755e+02 -5.8958e-01 -2.9992e+00 +2.5989e+00
2 0 +2.044641966e+01 +9.213641966e+01 +9.213641966e+01 -1.9488e+00 +1.4005e+00 -1.7052e+00
3 0 +9.573892006e+00 +8.126389201e+01 +8.126389201e+01 -2.5628e+00 +2.4700e-02 +1.5332e+00
4 0 +7.723514422e+00 +7.941351442e+01 +7.941351442e+01 +2.9412e+00 -2.1554e+00 -1.9414e+00
5 0 +1.039238652e+00 +7.272923865e+01 +7.272923865e+01 -1.1232e+00 -5.7895e-01 -1.8123e+00
205 0 +6.136346765e-01 +7.230363468e+01 +7.230363468e+01 +8.7201e-01 +1.6554e+00 -1.0683e+00
1838 0 +4.257852688e-01 +7.211578527e+01 +7.211578527e+01 -3.7584e-01 -1.3943e-01 +1.6102e+00
2211 0 +3.770822220e-01 +7.206708222e+01 +7.206708222e+01 -5.6242e-01 -7.0946e-03 +1.6275e-01
4110 0 +3.121758709e-01 +7.200217587e+01 +7.200217587e+01 -7.2726e-02 +2.7401e-01 +1.2483e+00
6822 0 +2.423187770e-01 +7.193231878e+01 +7.193231878e+01 +1.2687e+00 -8.8297e-01 -1.4707e+00
7162 0 +2.052593590e-01 +7.189525936e+01 +7.189525936e+01 -5.0924e-01 -9.3417e-01 -2.1986e+00
10440 0 +3.304822752e-02 +7.172304823e+01 +7.172304823e+01 -8.6983e-01 -1.3991e-01 -1.0461e+00
35229 0 +1.702691822e-02 +7.170702692e+01 +7.170702692e+01 +5.6971e-01 -4.8169e-01 -2.6669e-01
342355 0 +1.612175606e-02 +7.170612176e+01 +7.170612176e+01 +2.2838e-01 -4.9407e-01 +2.5402e-01
662312 0 +2.884315271e-03 +7.169288432e+01 +7.169288432e+01 +7.9201e-01 -8.5956e-01 -4.5668e-01
839114 0 +2.409549782e-03 +7.169240955e+01 +7.169240955e+01 +3.5865e-01 -4.4864e-01 +3.7765e-02
866304 0 +4.698924475e-05 +7.169004699e+01 +7.169004699e+01 +5.0481e-01 -5.9491e-01 -1.2583e-01
% f evaluations | g evaluations | best noise-free fitness - Fopt (2.140100000000e+02) + sum g_i+ | measured fitness | best measured fitness or single-digit g-values | x1 | x2...
1 0 +2.192486760e+01 +2.359348676e+02 +2.359348676e+02 +7.0071e-01 +1.6385e+00 -6.0666e-01
2 0 +1.774848971e+01 +2.317584897e+02 +2.317584897e+02 +1.7445e+00 -7.1297e-02 -2.4040e+00
3 0 +8.205643108e+00 +2.222156431e+02 +2.222156431e+02 -3.7705e-01 +1.5107e+00 -3.4249e-01
15 0 +1.092649004e+00 +2.151026490e+02 +2.151026490e+02 -1.0995e-01 -1.6108e+00 +7.4671e-01
321 0 +9.140668775e-01 +2.149240669e+02 +2.149240669e+02 -7.5741e-01 +4.7573e-01 -4.7169e-02
1081 0 +8.834693335e-01 +2.148934693e+02 +2.148934693e+02 -1.5598e-01 -2.3842e+00 -1.5592e+00
1096 0 +7.847210124e-01 +2.147947210e+02 +2.147947210e+02 +1.1179e-01 -2.5327e-01 +2.1300e+00
1267 0 +3.419213575e-01 +2.143519214e+02 +2.143519214e+02 -2.8664e-01 +1.9471e+00 +4.8619e-01
8058 0 +2.750921983e-01 +2.142850922e+02 +2.142850922e+02 +7.3857e-01 +5.9554e-01 +7.4952e-01
8935 0 +1.793769750e-01 +2.141893770e+02 +2.141893770e+02 -1.3338e-01 +1.2680e+00 +7.9003e-01
14971 0 +5.431180110e-02 +2.140643118e+02 +2.140643118e+02 +1.6391e+00 -1.3892e-01 +6.7514e-01
115441 0 +1.582436431e-02 +2.140258244e+02 +2.140258244e+02 -2.4750e-01 +1.2264e+00 +1.1035e-01
228152 0 +1.003156538e-04 +2.140101003e+02 +2.140101003e+02 -2.2495e-01 +9.6121e-01 -1.3473e-02
% f evaluations | g evaluations | best noise-free fitness - Fopt (-5.848000000000e+01) + sum g_i+ | measured fitness | best measured fitness or single-digit g-values | x1 | x2...
1 0 +1.860405127e+01 -3.987594873e+01 -3.987594873e+01 -4.3738e-01 -5.0072e-01 +1.9012e+00
3 0 +7.383058967e+00 -5.109694103e+01 -5.109694103e+01 +1.6387e+00 +4.9065e-01 +1.8257e+00
4 0 +4.986686243e+00 -5.349331376e+01 -5.349331376e+01 +1.5240e+00 +1.8007e+00 +1.0993e+00
17 0 +4.654747375e+00 -5.382525263e+01 -5.382525263e+01 -1.7024e+00 +5.1881e-01 +7.4724e-01
48 0 +4.412384350e-01 -5.803876156e+01 -5.803876156e+01 +9.0929e-01 +6.3058e-01 -1.1588e+00
441 0 +2.960673742e-01 -5.818393263e+01 -5.818393263e+01 -4.1301e-01 +3.3181e-01 +5.1115e-01
2040 0 +1.407205966e-01 -5.833927940e+01 -5.833927940e+01 -8.9900e-01 -3.1934e-01 -1.5519e+00
15108 0 +1.253539446e-01 -5.835464606e+01 -5.835464606e+01 +5.3556e-01 +3.3653e-01 -6.2106e-01
60864 0 +1.139122997e-01 -5.836608770e+01 -5.836608770e+01 -6.9916e-03 +9.4655e-02 +3.0033e-01
68228 0 +6.367639055e-02 -5.841632361e+01 -5.841632361e+01 -2.3074e-01 +4.3416e-01 +5.1348e-02
69024 0 +4.266467423e-02 -5.843733533e+01 -5.843733533e+01 -3.0633e-01 -1.4075e+00 +3.2528e-01
333431 0 +4.103221284e-02 -5.843896779e+01 -5.843896779e+01 -7.7767e-01 +8.8004e-02 -1.4499e+00
440977 0 +2.476408774e-02 -5.845523591e+01 -5.845523591e+01 -2.3310e-01 -1.3350e+00 +2.6962e-01
446830 0 +1.572543977e-02 -5.846427456e+01 -5.846427456e+01 -3.0524e-01 -6.5309e-01 +2.3048e-01
473635 0 +9.014432184e-03 -5.847098557e+01 -5.847098557e+01 -2.9817e-01 -6.9118e-01 +2.9578e-01
892802 0 +8.473926627e-04 -5.847915261e+01 -5.847915261e+01 -2.0116e-01 -5.2268e-01 +4.0627e-01
2160265 0 +2.375963887e-04 -5.847976240e+01 -5.847976240e+01 -2.8065e-01 -8.5959e-01 +4.1012e-01
% f evaluations | g evaluations | best noise-free fitness - Fopt (-6.130800000000e+02) + sum g_i+ | measured fitness | best measured fitness or single-digit g-values | x1 | x2...
1 0 +1.716105858e+01 -5.959189414e+02 -5.959189414e+02 +8.3708e-01 +6.8205e-01 -1.8225e+00
2 0 +7.522380114e+00 -6.055576199e+02 -6.055576199e+02 +2.2675e+00 +1.0596e+00 -2.0287e-01
5 0 +3.258284038e+00 -6.098217160e+02 -6.098217160e+02 +2.5540e-01 -4.3410e-01 -2.3979e+00
71 0 +2.448327907e+00 -6.106316721e+02 -6.106316721e+02 +7.7429e-01 +1.8295e+00 -1.1159e+00
78 0 +1.499002225e+00 -6.115809978e+02 -6.115809978e+02 -2.9087e-02 -1.3439e+00 -4.6130e-01
153 0 +6.549982128e-01 -6.124250018e+02 -6.124250018e+02 -5.4494e-01 -7.0417e-01 -6.7974e-01
562 0 +2.421492801e-01 -6.128378507e+02 -6.128378507e+02 +2.1290e+00 -1.2254e-01 +8.3346e-02
4499 0 +2.126621613e-01 -6.128673378e+02 -6.128673378e+02 -3.6360e-01 -6.2123e-02 +4.6516e-01
7493 0 +1.737897832e-01 -6.129062102e+02 -6.129062102e+02 +2.3428e+00 -4.3391e-02 +4.3825e-01
18459 0 +6.435664961e-02 -6.130156434e+02 -6.130156434e+02 +2.6669e-01 -5.2785e-01 -3.8874e-01
51480 0 +6.144321744e-02 -6.130185568e+02 -6.130185568e+02 -5.1952e-01 +6.3488e-01 +7.7866e-01
92127 0 +2.641347138e-02 -6.130535865e+02 -6.130535865e+02 -1.5096e-01 -5.7958e-01 -2.0598e-03
139133 0 +1.643058901e-02 -6.130635694e+02 -6.130635694e+02 +5.1070e-01 -8.8557e-01 -4.8407e-01
187203 0 +1.235909010e-02 -6.130676409e+02 -6.130676409e+02 +4.3126e-01 -7.0190e-01 -4.5385e-01
532904 0 +6.813096610e-04 -6.130793187e+02 -6.130793187e+02 +2.6709e-01 -7.0229e-01 -3.0988e-01
1198053 0 +6.438424106e-04 -6.130793562e+02 -6.130793562e+02 +2.6867e-01 -7.1477e-01 -3.2241e-01
2676762 0 +1.022267371e-04 -6.130798978e+02 -6.130798978e+02 +4.0112e-01 -8.1323e-01 -4.0068e-01
% f evaluations | g evaluations | best noise-free fitness - Fopt (6.189000000000e+01) + sum g_i+ | measured fitness | best measured fitness or single-digit g-values | x1 | x2...
1 0 +1.468230200e+01 +7.657230200e+01 +7.657230200e+01 +1.4971e+00 -1.3689e+00 +1.1120e+00
3 0 +9.094156247e+00 +7.098415625e+01 +7.098415625e+01 -9.2366e-02 +2.2799e-01 -1.3078e-01
5 0 +4.556546134e+00 +6.644654613e+01 +6.644654613e+01 -7.4141e-01 +1.4265e+00 -2.5194e+00
26 0 +1.809884595e+00 +6.369988459e+01 +6.369988459e+01 +2.4582e+00 +2.3638e+00 -1.1167e+00
33 0 +1.409095802e+00 +6.329909580e+01 +6.329909580e+01 -2.6648e-01 -7.8710e-01 -1.0486e+00
279 0 +1.168524564e+00 +6.305852456e+01 +6.305852456e+01 -4.8263e-01 +3.2287e-01 +7.2346e-01
594 0 +1.113139018e+00 +6.300313902e+01 +6.300313902e+01 +6.2812e-01 +1.0368e+00 -1.9888e+00
792 0 +5.127128096e-01 +6.240271281e+01 +6.240271281e+01 +2.8333e-01 +2.1398e+00 -3.3281e-01
836 0 +3.812715529e-01 +6.227127155e+01 +6.227127155e+01 -1.7062e-01 +1.8076e-01 +9.0187e-02
2478 0 +1.750561571e-01 +6.206505616e+01 +6.206505616e+01 +5.9753e-01 -1.6993e-01 +1.0857e-01
6868 0 +1.035770707e-01 +6.199357707e+01 +6.199357707e+01 -3.7214e-01 +6.8202e-01 +9.5834e-02
31206 0 +1.013067530e-01 +6.199130675e+01 +6.199130675e+01 -1.1245e+00 -1.6068e+00 -1.9143e+00
41075 0 +9.002578841e-02 +6.198002579e+01 +6.198002579e+01 +3.9132e-01 -2.7719e-01 +5.2417e-01
48151 0 +6.297954525e-02 +6.195297955e+01 +6.195297955e+01 +5.4032e-01 +5.8960e-01 -1.2041e-01
49868 0 +1.746310625e-02 +6.190746311e+01 +6.190746311e+01 -9.5813e-02 -1.3249e+00 +2.7168e-01
125607 0 +1.144468424e-02 +6.190144468e+01 +6.190144468e+01 +6.1412e-02 -8.4728e-01 +2.6198e-01
804224 0 +1.073051164e-02 +6.190073051e+01 +6.190073051e+01 -5.3562e-02 -1.2174e+00 +2.7215e-01
1163979 0 +2.291046278e-03 +6.189229105e+01 +6.189229105e+01 +3.9176e-02 -9.0911e-01 +2.7967e-01
% f evaluations | g evaluations | best noise-free fitness - Fopt (-8.456000000000e+01) + sum g_i+ | measured fitness | best measured fitness or single-digit g-values | x1 | x2...
1 0 +1.255317039e+01 -7.200682961e+01 -7.200682961e+01 -2.0666e+00 -1.3680e+00 -7.4986e-01
5 0 +4.059725634e+00 -8.050027437e+01 -8.050027437e+01 +1.9441e+00 -8.2625e-01 -6.7738e-01
32 0 +1.434283954e+00 -8.312571605e+01 -8.312571605e+01 -2.1116e-01 +1.1834e+00 -1.9003e+00
38 0 +5.181247094e-01 -8.404187529e+01 -8.404187529e+01 -2.0993e+00 -1.4940e+00 -8.4972e-01
884 0 +4.906675944e-01 -8.406933241e+01 -8.406933241e+01 +1.2462e-01 +2.0146e+00 -6.7721e-01
1071 0 +1.446839718e-01 -8.441531603e+01 -8.441531603e+01 +4.9533e-01 -5.0859e-01 -5.2325e-04
14031 0 +1.245440180e-01 -8.443545598e+01 -8.443545598e+01 +5.7496e-01 -9.4889e-01 +5.3478e-02
15811 0 +9.840135564e-02 -8.446159864e+01 -8.446159864e+01 +1.9726e-01 +1.2723e-01 -1.2360e+00
24261 0 +5.616702126e-02 -8.450383298e+01 -8.450383298e+01 +5.7274e-01 +1.2747e-02 +4.0854e-01
101388 0 +4.305333142e-02 -8.451694667e+01 -8.451694667e+01 +6.2305e-01 -6.9088e-01 -1.2402e-01
143854 0 +1.101903955e-02 -8.454898096e+01 -8.454898096e+01 +5.6123e-01 -6.0163e-01 -5.0368e-02
148557 0 +7.886056473e-03 -8.455211394e+01 -8.455211394e+01 +7.6676e-01 -9.9593e-01 -2.9554e-01
1023679 0 +1.386173756e-04 -8.455986138e+01 -8.455986138e+01 +5.1354e-01 -4.9694e-01 +1.4333e-02
% f evaluations | g evaluations | best noise-free fitness - Fopt (-2.602000000000e+01) + sum g_i+ | measured fitness | best measured fitness or single-digit g-values | x1 | x2...
1 0 +2.457713563e+01 -1.442864365e+00 -1.442864365e+00 +4.2584e-01 +1.7258e+00 +2.3256e+00
2 0 +3.315584900e+00 -2.270441510e+01 -2.270441510e+01 -2.5735e+00 +6.6454e-02 -7.9484e-01
5 0 +2.166324953e+00 -2.385367505e+01 -2.385367505e+01 -3.5122e-01 -2.2315e+00 +2.1908e+00
46 0 +1.940085630e+00 -2.407991437e+01 -2.407991437e+01 -1.6475e+00 -8.1691e-01 -1.4788e+00
55 0 +5.987502294e-01 -2.542124977e+01 -2.542124977e+01 -7.7953e-01 -2.2354e+00 -3.2234e-01
780 0 +5.833241746e-01 -2.543667583e+01 -2.543667583e+01 -1.3936e+00 +1.7173e-01 -5.0001e-01
1381 0 +2.900298111e-01 -2.572997019e+01 -2.572997019e+01 +1.0801e+00 +9.6969e-01 -5.2056e-01
1670 0 +2.373118217e-01 -2.578268818e+01 -2.578268818e+01 +3.0558e-01 +2.1980e-01 +1.5321e-01
7789 0 +9.735443876e-02 -2.592264556e+01 -2.592264556e+01 +4.4824e-01 -9.1469e-02 +1.4516e-01
8247 0 +8.110034659e-02 -2.593889965e+01 -2.593889965e+01 +3.2906e-01 -2.0719e-01 +5.5794e-01
17128 0 +7.607231629e-02 -2.594392768e+01 -2.594392768e+01 +9.0944e-01 +1.0459e+00 -6.1026e-01
27842 0 +5.401769687e-02 -2.596598230e+01 -2.596598230e+01 -9.3959e-02 -8.7398e-01 -1.7693e+00
37174 0 +3.534291412e-02 -2.598465709e+01 -2.598465709e+01 +5.3717e-01 +4.4816e-01 -7.9864e-02
88394 0 +2.535399569e-02 -2.599464600e+01 -2.599464600e+01 -4.0758e-01 -6.9928e-01 -5.2830e-01
349558 0 +1.356523441e-02 -2.600643477e+01 -2.600643477e+01 +1.2313e-02 -6.6289e-01 -1.5869e+00
377744 0 +2.004491852e-03 -2.601799551e+01 -2.601799551e+01 +7.1927e-01 +7.3423e-01 -3.3407e-01
1747442 0 +1.477264001e-04 -2.601985227e+01 -2.601985227e+01 +5.4736e-01 +4.6984e-01 -7.8885e-02
% f evaluations | g evaluations | best noise-free fitness - Fopt (-3.015000000000e+01) + sum g_i+ | measured fitness | best measured fitness or single-digit g-values | x1 | x2...
1 0 +2.287423946e+00 -2.786257605e+01 -2.786257605e+01 +3.8515e-01 -2.9089e-01 -4.4065e-01
223 0 +3.520264985e-01 -2.979797350e+01 -2.979797350e+01 -9.8019e-01 +1.4350e+00 -9.6946e-01
661 0 +3.428055590e-01 -2.980719444e+01 -2.980719444e+01 -7.5952e-01 +9.4670e-02 +6.7434e-02
1046 0 +3.356957978e-01 -2.981430420e+01 -2.981430420e+01 +9.4769e-01 +2.2213e-01 -1.0145e+00
1260 0 +1.944043636e-01 -2.995559564e+01 -2.995559564e+01 -6.0649e-01 -2.3660e-01 +5.8804e-01
3891 0 +1.079202913e-01 -3.004207971e+01 -3.004207971e+01 -4.8572e-01 -4.2783e-02 +6.1332e-01
8944 0 +1.052438898e-01 -3.004475611e+01 -3.004475611e+01 -1.1527e+00 +1.0250e+00 +1.5488e+00
55839 0 +9.791686693e-02 -3.005208313e+01 -3.005208313e+01 -1.4465e-01 +6.4403e-01 -6.2628e-01
90084 0 +8.755595656e-02 -3.006244404e+01 -3.006244404e+01 -3.1684e-01 -6.5054e-01 +3.6944e-01
103856 0 +7.969277997e-02 -3.007030722e+01 -3.007030722e+01 -3.8532e-01 -1.8589e-01 -1.5438e-02
105520 0 +4.785981615e-02 -3.010214018e+01 -3.010214018e+01 -4.0546e-01 -2.5268e-01 +4.6525e-01
130131 0 +4.670650242e-02 -3.010329350e+01 -3.010329350e+01 -1.3614e-01 -4.4133e-01 +1.5012e-01
296230 0 +3.370534388e-02 -3.011629466e+01 -3.011629466e+01 +4.3162e-01 +1.3212e+00 +7.2640e-01
368564 0 +2.640005375e-02 -3.012359995e+01 -3.012359995e+01 -6.1987e-01 +1.3243e+00 +1.2605e+00
394036 0 +1.365234467e-02 -3.013634766e+01 -3.013634766e+01 -3.1901e-01 -6.7765e-01 +2.2478e-01
483121 0 +1.566393874e-03 -3.014843361e+01 -3.014843361e+01 -5.9291e-01 -6.7464e-01 +4.0734e-01
566464 0 +4.191502998e-04 -3.014958085e+01 -3.014958085e+01 -3.7838e-01 -5.9127e-01 +2.9892e-01
% f evaluations | g evaluations | best noise-free fitness - Fopt (-1.000000000000e+03) + sum g_i+ | measured fitness | best measured fitness or single-digit g-values | x1 | x2...
1 0 +1.958673075e+01 -9.804132693e+02 -9.804132693e+02 -2.8636e+00 +1.5677e+00 -1.6010e+00
2 0 +1.919514079e+01 -9.808048592e+02 -9.808048592e+02 -5.5128e-02 -9.2890e-01 +9.4792e-01
3 0 +1.250587110e+01 -9.874941289e+02 -9.874941289e+02 -2.8524e+00 +2.3831e+00 -1.1570e-01
4 0 +6.000724032e+00 -9.939992760e+02 -9.939992760e+02 -2.8798e+00 +1.6886e+00 +2.2372e+00
14 0 +4.315535032e+00 -9.956844650e+02 -9.956844650e+02 -1.2433e+00 -2.3575e+00 -1.0990e-01
29 0 +2.679004885e+00 -9.973209951e+02 -9.973209951e+02 -1.0927e+00 +1.3329e+00 +1.0467e+00
93 0 +9.270141893e-01 -9.990729858e+02 -9.990729858e+02 +9.2507e-01 -1.9981e+00 -1.7715e+00
283 0 +7.138781690e-01 -9.992861218e+02 -9.992861218e+02 -1.2875e+00 +1.4411e+00 +7.2360e-01
1214 0 +5.813485874e-01 -9.994186514e+02 -9.994186514e+02 -4.2584e-01 -1.3624e+00 -4.7666e-01
2135 0 +5.023158753e-01 -9.994976841e+02 -9.994976841e+02 -1.1545e+00 +1.9702e-01 +9.8970e-01
2206 0 +4.060649326e-01 -9.995939351e+02 -9.995939351e+02 -1.4926e+00 -5.3709e-01 +1.9385e-01
2533 0 +2.081589545e-01 -9.997918410e+02 -9.997918410e+02 -9.7553e-01 -1.1972e-01 -2.5141e-01
10914 0 +1.914199188e-01 -9.998085801e+02 -9.998085801e+02 +1.2544e+00 -1.5602e+00 +6.8628e-01
11369 0 +6.009644991e-02 -9.999399036e+02 -9.999399036e+02 +4.2949e-01 +3.8359e-01 -2.6263e-02
74941 0 +3.140340785e-02 -9.999685966e+02 -9.999685966e+02 +7.4979e-01 +2.5168e-01 -1.2989e-01
166347 0 +2.389138343e-02 -9.999761086e+02 -9.999761086e+02 +8.7268e-01 +4.5579e-01 -8.8534e-03
192827 0 +2.117830570e-02 -9.999788217e+02 -9.999788217e+02 +8.0991e-01 +3.6320e-01 -5.1705e-02
600387 0 +1.366000868e-02 -9.999863400e+02 -9.999863400e+02 +1.0666e+00 +3.4590e-01 -8.6947e-02
648906 0 +8.768554405e-03 -9.999912314e+02 -9.999912314e+02 +3.7912e-01 +3.7056e-01 -4.1300e-02
782382 0 +7.373223284e-03 -9.999926268e+02 -9.999926268e+02 +7.1215e-01 +3.6159e-01 -6.4916e-02
2013710 0 +6.164955050e-03 -9.999938350e+02 -9.999938350e+02 +4.7352e-01 +3.5600e-01 -4.1712e-02
2146886 0 +3.135090575e-04 -9.999996865e+02 -9.999996865e+02 +8.4372e-01 +3.4519e-01 -6.4946e-02
% f evaluations | g evaluations | best noise-free fitness - Fopt (-9.243000000000e+02) + sum g_i+ | measured fitness | best measured fitness or single-digit g-values | x1 | x2...
1 0 +1.135678789e+01 -9.129432121e+02 -9.129432121e+02 +1.1288e-01 -2.8614e-01 +1.3699e+00
6 0 +3.305444066e+00 -9.209945559e+02 -9.209945559e+02 +2.8262e+00 +2.5594e+00 +2.9882e+00
35 0 +1.570743962e+00 -9.227292560e+02 -9.227292560e+02 -7.2956e-01 +1.1878e-03 -9.2013e-01
51 0 +7.988496671e-01 -9.235011503e+02 -9.235011503e+02 -1.2722e+00 +1.3755e+00 +2.4576e+00
787 0 +6.121136775e-01 -9.236878863e+02 -9.236878863e+02 -3.8376e-01 -1.4539e+00 -1.3949e+00
1040 0 +5.772358566e-01 -9.237227641e+02 -9.237227641e+02 +4.8221e-01 -1.6386e+00 +3.2783e-01
1560 0 +4.446827469e-01 -9.238553173e+02 -9.238553173e+02 +7.8175e-01 -4.3708e-01 +1.7920e+00
1988 0 +2.577934557e-01 -9.240422065e+02 -9.240422065e+02 -1.0174e+00 +9.3806e-02 +1.2686e+00
3339 0 +2.510956385e-01 -9.240489044e+02 -9.240489044e+02 +9.3762e-01 +2.1333e+00 +7.0024e-01
6858 0 +2.392168643e-01 -9.240607831e+02 -9.240607831e+02 -5.9324e-01 -1.8500e+00 +1.1847e-01
19290 0 +1.969054252e-01 -9.241030946e+02 -9.241030946e+02 -7.6929e-01 +2.5937e-01 +1.7879e-01
24333 0 +1.198290907e-01 -9.241801709e+02 -9.241801709e+02 +4.9744e-01 +3.5503e-01 -4.1788e-01
27130 0 +5.519932971e-02 -9.242448007e+02 -9.242448007e+02 +1.6790e-01 +3.1311e-01 -3.8364e-01
41277 0 +1.871064993e-02 -9.242812894e+02 -9.242812894e+02 +7.8870e-01 +1.0205e+00 +3.5769e-02
226798 0 +9.238211527e-03 -9.242907618e+02 -9.242907618e+02 +5.6839e-01 +8.9801e-01 -1.0131e-01
1002051 0 +5.159314652e-03 -9.242948407e+02 -9.242948407e+02 +2.7541e-01 +3.5822e-01 -2.3133e-01
1096260 0 +6.803059409e-04 -9.242993197e+02 -9.242993197e+02 +6.2385e-01 +8.9164e-01 +1.2422e-02
% f evaluations | g evaluations | best noise-free fitness - Fopt (-1.035000000000e+01) + sum g_i+ | measured fitness | best measured fitness or single-digit g-values | x1 | x2...
1 0 +1.798313028e+01 +7.633130285e+00 +7.633130285e+00 -2.2420e+00 -2.5314e+00 -2.7040e+00
2 0 +9.922922478e+00 -4.270775217e-01 -4.270775217e-01 -1.5383e+00 +1.7769e+00 -2.7523e+00
14 0 +7.694617141e+00 -2.655382859e+00 -2.655382859e+00 +3.0053e-01 -8.6278e-01 +1.9611e+00
15 0 +4.285806560e+00 -6.064193440e+00 -6.064193440e+00 +1.8434e-01 +3.5443e-01 +1.5270e+00
29 0 +3.011549078e+00 -7.338450922e+00 -7.338450922e+00 -1.9916e+00 +1.1694e+00 -3.2819e-01
111 0 +2.813033547e+00 -7.536966453e+00 -7.536966453e+00 -8.9203e-01 -1.0171e+00 -1.4130e+00
143 0 +6.725731629e-01 -9.677426837e+00 -9.677426837e+00 -2.0252e+00 +1.3601e+00 -2.6134e-01
160 0 +4.456081547e-01 -9.904391845e+00 -9.904391845e+00 +1.1047e+00 -1.4816e+00 +3.7707e-01
513 0 +2.833030905e-01 -1.006669691e+01 -1.006669691e+01 +5.4707e-01 -4.4714e-01 +2.6337e-01
2386 0 +2.262785799e-01 -1.012372142e+01 -1.012372142e+01 -1.3053e+00 -1.2139e+00 -3.0377e-01
9920 0 +1.809819920e-01 -1.016901801e+01 -1.016901801e+01 -3.7483e-01 -1.5729e-01 -6.2333e-01
22567 0 +1.499158566e-01 -1.020008414e+01 -1.020008414e+01 +3.6310e-01 +4.7221e-02 -1.1912e+00
31522 0 +3.345734078e-02 -1.031654266e+01 -1.031654266e+01 +4.6849e-01 -2.4755e-01 +5.4800e-01
116019 0 +3.072936122e-02 -1.031927064e+01 -1.031927064e+01 +1.1813e-01 -1.1839e-01 -1.6433e+00
248552 0 +2.725934374e-02 -1.032274066e+01 -1.032274066e+01 -3.0338e-01 +6.3010e-01 -3.3726e-02
459781 0 +1.443195025e-03 -1.034855680e+01 -1.034855680e+01 -5.7623e-01 +9.2605e-01 +6.3932e-02
% f evaluations | g evaluations | best noise-free fitness - Fopt (-1.000000000000e+03) + sum g_i+ | measured fitness | best measured fitness or single-digit g-values | x1 | x2...
1 0 +4.075809510e+01 -9.592419049e+02 -9.592419049e+02 +1.2825e+00 +2.6217e+00 -2.5359e+00
2 0 +3.114649892e+00 -9.968853501e+02 -9.968853501e+02 -1.9936e+00 -1.6817e+00 +7.3185e-01
27 0 +2.310301516e+00 -9.976896985e+02 -9.976896985e+02 -4.2348e-02 -2.3110e+00 +9.2244e-01
57 0 +1.258405659e+00 -9.987415943e+02 -9.987415943e+02 -3.9051e-02 +1.2866e-01 -2.1435e-01
682 0 +1.197450299e+00 -9.988025497e+02 -9.988025497e+02 +6.4325e-01 -2.3856e+00 -1.3675e+00
692 0 +8.832146611e-01 -9.991167853e+02 -9.991167853e+02 +4.9669e-01 +1.6212e+00 +1.6132e-01
923 0 +6.728952879e-01 -9.993271047e+02 -9.993271047e+02 +1.6494e+00 -2.9277e+00 -1.6492e+00
1286 0 +4.047096447e-01 -9.995952904e+02 -9.995952904e+02 -1.2411e+00 +7.0238e-01 -1.3138e-01
2004 0 +2.759469354e-01 -9.997240531e+02 -9.997240531e+02 +2.0945e-02 -4.6955e-01 +3.8084e-02
3871 0 +6.302097924e-02 -9.999369790e+02 -9.999369790e+02 -2.0252e-01 +7.5851e-01 +6.3625e-01
28516 0 +2.683813258e-02 -9.999731619e+02 -9.999731619e+02 +1.0811e+00 -1.0214e+00 -4.9975e-01
414342 0 +1.012668458e-02 -9.999898733e+02 -9.999898733e+02 +4.4921e-01 -8.9849e-02 +6.3622e-02
1018063 0 +1.341248981e-03 -9.999986588e+02 -9.999986588e+02 +7.2740e-01 -4.6576e-01 -1.2032e-01
2945605 0 +8.906567408e-04 -9.999991093e+02 -9.999991093e+02 +6.0255e-01 -2.8214e-01 -2.7296e-02
% f evaluations | g evaluations | best noise-free fitness - Fopt (2.880000000000e+01) + sum g_i+ | measured fitness | best measured fitness or single-digit g-values | x1 | x2...
1 0 +7.547801304e+00 +3.634780130e+01 +3.634780130e+01 +8.7195e-01 -2.0251e+00 +3.8242e-01
5 0 +6.944160525e+00 +3.574416052e+01 +3.574416052e+01 +2.4639e+00 +1.1344e+00 -8.4771e-01
14 0 +6.386876313e+00 +3.518687631e+01 +3.518687631e+01 -1.2397e+00 -8.3007e-01 -2.3652e+00
33 0 +3.765254571e+00 +3.256525457e+01 +3.256525457e+01 +5.6135e-01 +5.3136e-01 -2.3711e+00
111 0 +2.835519200e+00 +3.163551920e+01 +3.163551920e+01 -5.6160e-01 +1.7456e+00 +1.9771e+00
143 0 +2.699497458e+00 +3.149949746e+01 +3.149949746e+01 -9.6678e-01 +2.9002e-01 +7.0834e-01
159 0 +4.017995971e-01 +2.920179960e+01 +2.920179960e+01 +2.2873e+00 +1.9777e+00 +2.8994e+00
1709 0 +3.757898652e-01 +2.917578987e+01 +2.917578987e+01 +6.1269e-01 +8.3336e-01 +1.3718e-01
2181 0 +9.147581888e-02 +2.889147582e+01 +2.889147582e+01 -4.8638e-02 +4.9643e-01 +4.2830e-01
15432 0 +6.552494437e-02 +2.886552494e+01 +2.886552494e+01 -3.5528e-01 +1.9518e-01 -9.5718e-01
127435 0 +3.386458959e-02 +2.883386459e+01 +2.883386459e+01 +2.2664e-01 -4.5876e-01 +3.0864e-01
166513 0 +1.968134503e-02 +2.881968135e+01 +2.881968135e+01 +3.0009e-01 -4.8819e-01 +3.7332e-01
331813 0 +1.815654456e-02 +2.881815654e+01 +2.881815654e+01 +1.9656e-01 -4.8458e-01 +3.0583e-01
577742 0 +1.610897410e-02 +2.881610897e+01 +2.881610897e+01 +5.4149e-01 -6.8584e-01 +7.3073e-01
737755 0 +1.136906311e-02 +2.881136906e+01 +2.881136906e+01 +2.3547e-01 -3.3937e-01 +1.8244e-01
2204747 0 +6.651447418e-03 +2.880665145e+01 +2.880665145e+01 +5.8632e-01 -5.9551e-01 +6.1930e-01
2365523 0 +1.021200440e-03 +2.880102120e+01 +2.880102120e+01 +3.3311e-01 -5.0243e-01 +4.1244e-01
2733015 0 +4.161052311e-04 +2.880041611e+01 +2.880041611e+01 +6.3279e-01 -5.9342e-01 +6.4901e-01
% f evaluations | g evaluations | best noise-free fitness - Fopt (3.534000000000e+01) + sum g_i+ | measured fitness | best measured fitness or single-digit g-values | x1 | x2...
1 0 +1.187569380e+01 +4.721569380e+01 +4.721569380e+01 -7.4002e-01 -1.1976e+00 -1.4532e+00
7 0 +5.098052095e+00 +4.043805210e+01 +4.043805210e+01 -1.5079e+00 +5.7770e-01 -1.9301e+00
13 0 +1.970457177e+00 +3.731045718e+01 +3.731045718e+01 +1.4506e+00 +1.4169e+00 +1.7011e+00
38 0 +4.620743874e-01 +3.580207439e+01 +3.580207439e+01 -1.1016e+00 +2.3569e+00 -4.3383e-01
3735 0 +3.820202327e-01 +3.572202023e+01 +3.572202023e+01 -1.0402e+00 -1.5855e+00 -1.3082e+00
5900 0 +3.211161846e-01 +3.566111618e+01 +3.566111618e+01 +1.2275e+00 -8.5216e-03 +9.1255e-01
6907 0 +1.649021899e-01 +3.550490219e+01 +3.550490219e+01 +2.5534e-01 +2.7906e-01 -1.3021e+00
25603 0 +1.199278976e-01 +3.545992790e+01 +3.545992790e+01 -3.6311e-02 -4.9345e-01 -1.5961e+00
26253 0 +9.957441999e-02 +3.543957442e+01 +3.543957442e+01 +1.2270e+00 +8.3119e-01 +6.9744e-01
27232 0 +8.674390104e-02 +3.542674390e+01 +3.542674390e+01 +2.1351e+00 +1.8724e+00 +1.0111e+00
32402 0 +8.199664595e-02 +3.542199665e+01 +3.542199665e+01 +1.9869e+00 +1.9990e+00 +8.3035e-01
32851 0 +7.825174067e-02 +3.541825174e+01 +3.541825174e+01 +7.6054e-01 +8.6118e-01 -1.5831e+00
59140 0 +6.332085200e-02 +3.540332085e+01 +3.540332085e+01 +1.0602e+00 +6.1684e-01 +6.2209e-01
99325 0 +4.795348614e-02 +3.538795349e+01 +3.538795349e+01 -5.0638e-01 +3.1621e-01 -1.0383e+00
222442 0 +3.061047110e-02 +3.537061047e+01 +3.537061047e+01 +6.0178e-01 +2.1646e-01 +2.2523e-01
450497 0 +2.295576878e-02 +3.536295577e+01 +3.536295577e+01 +3.6556e-01 +2.6863e-02 +2.2537e-01
490385 0 +1.301168631e-03 +3.534130117e+01 +3.534130117e+01 +7.7046e-01 +3.3579e-01 +5.2588e-01
