% function evaluation | noise-free fitness - Fopt (-4.620900000000e+02) | best noise-free fitness - Fopt | measured fitness | best measured fitness | x1 | x2...
1 +9.467179949e+01 +9.467179949e+01 -3.674182005e+02 -3.674182005e+02 +9.8520e-01 -7.0573e-01 +3.3418e-01
2 +3.662030328e+01 +3.662030328e+01 -4.254696967e+02 -4.254696967e+02 -3.8758e-01 +2.6956e-01 +2.5455e+00
28 +1.932839329e+01 +1.932839329e+01 -4.427616067e+02 -4.427616067e+02 -2.4409e+00 +1.2659e+00 +1.2322e+00
629 +1.839586189e+01 +1.839586189e+01 -4.436941381e+02 -4.436941381e+02 -4.2153e+00 +3.3173e+00 +2.9018e+00
1626 +1.648926439e+01 +1.648926439e+01 -4.456007356e+02 -4.456007356e+02 -1.2255e+00 +2.3624e+00 +1.4937e+00
1931 +1.550570353e+01 +1.550570353e+01 -4.465842965e+02 -4.465842965e+02 -4.2403e+00 +2.2252e+00 +2.9778e+00
2108 +1.484500912e+01 +1.484500912e+01 -4.472449909e+02 -4.472449909e+02 -3.7123e-01 +2.3730e+00 +2.1378e+00
2605 +1.384887281e+01 +1.384887281e+01 -4.482411272e+02 -4.482411272e+02 -3.3867e+00 +1.8466e+00 +1.5592e+00
2734 +1.272806902e+01 +1.272806902e+01 -4.493619310e+02 -4.493619310e+02 -1.4562e+00 +3.3392e+00 +1.9008e+00
6002 +1.061400225e+01 +1.061400225e+01 -4.514759977e+02 -4.514759977e+02 -2.3227e+00 +1.7504e+00 +3.1884e+00
8291 +8.806402310e+00 +8.806402310e+00 -4.532835977e+02 -4.532835977e+02 -1.3103e+00 +1.6298e+00 +1.5153e+00
11092 +6.780036874e+00 +6.780036874e+00 -4.553099631e+02 -4.553099631e+02 -2.2691e+00 +2.7995e+00 +2.5603e+00
16585 +6.318120852e+00 +6.318120852e+00 -4.557718791e+02 -4.557718791e+02 -3.4430e+00 +2.3081e+00 +2.5802e+00
23165 +5.582885019e+00 +5.582885019e+00 -4.565071150e+02 -4.565071150e+02 -1.3294e+00 +2.2163e+00 +1.9023e+00
36365 +3.691822817e+00 +3.691822817e+00 -4.583981772e+02 -4.583981772e+02 -1.3003e+00 +2.8466e+00 +2.2299e+00
53396 +2.592192963e+00 +2.592192963e+00 -4.594978070e+02 -4.594978070e+02 -3.3168e+00 +2.3269e+00 +2.2373e+00
150112 +1.920208575e+00 +1.920208575e+00 -4.601697914e+02 -4.601697914e+02 -2.2727e+00 +2.3050e+00 +2.5593e+00
891363 +1.374247764e+00 +1.374247764e+00 -4.607157522e+02 -4.607157522e+02 -2.3375e+00 +2.2782e+00 +2.5625e+00
954405 +1.007595606e+00 +1.007595606e+00 -4.610824044e+02 -4.610824044e+02 -3.3371e+00 +2.2993e+00 +2.2165e+00
5319141 +6.751272242e-01 +6.751272242e-01 -4.614148728e+02 -4.614148728e+02 -2.3543e+00 +2.2797e+00 +2.2293e+00
16497265 +3.283186125e-01 +3.283186125e-01 -4.617616814e+02 -4.617616814e+02 -2.3741e+00 +2.2911e+00 +2.2184e+00
% function evaluation | noise-free fitness - Fopt (7.766000000000e+01) | best noise-free fitness - Fopt | measured fitness | best measured fitness | x1 | x2...
1 +8.062651294e+01 +8.062651294e+01 +1.582865129e+02 +1.582865129e+02 +3.5176e+00 +2.5358e+00 -1.9192e+00
5 +6.323026978e+01 +6.323026978e+01 +1.408902698e+02 +1.408902698e+02 +2.1194e-01 +1.5371e+00 -2.6675e-01
6 +6.308282909e+01 +6.308282909e+01 +1.407428291e+02 +1.407428291e+02 +3.1160e+00 +1.8697e+00 -1.0125e+00
9 +6.086805927e+01 +6.086805927e+01 +1.385280593e+02 +1.385280593e+02 +3.0866e-01 -2.6974e+00 +2.7421e-01
17 +5.964016381e+01 +5.964016381e+01 +1.373001638e+02 +1.373001638e+02 +2.6028e+00 +2.0297e+00 -1.8678e+00
22 +4.363177867e+01 +4.363177867e+01 +1.212917787e+02 +1.212917787e+02 +4.9586e+00 +1.1711e+00 -5.7116e-01
23 +2.873288723e+01 +2.873288723e+01 +1.063928872e+02 +1.063928872e+02 +1.2914e+00 -2.4034e+00 -1.4886e+00
103 +2.768124790e+01 +2.768124790e+01 +1.053412479e+02 +1.053412479e+02 +3.6343e+00 +1.9811e-01 -5.8544e-01
112 +2.026767917e+01 +2.026767917e+01 +9.792767917e+01 +9.792767917e+01 +4.5275e+00 -1.3006e+00 -1.2989e+00
267 +1.894914566e+01 +1.894914566e+01 +9.660914566e+01 +9.660914566e+01 +2.6040e+00 -8.2948e-01 -1.6522e+00
511 +1.810910658e+01 +1.810910658e+01 +9.576910658e+01 +9.576910658e+01 +2.5399e+00 -8.5339e-01 -1.0248e+00
532 +1.291605792e+01 +1.291605792e+01 +9.057605792e+01 +9.057605792e+01 +1.9344e-01 -9.0882e-01 -8.9590e-01
635 +7.639464785e+00 +7.639464785e+00 +8.529946479e+01 +8.529946479e+01 +3.4722e+00 -1.3850e+00 -1.2888e+00
9485 +6.375079586e+00 +6.375079586e+00 +8.403507959e+01 +8.403507959e+01 +4.4081e+00 -1.4164e+00 -1.5828e+00
17876 +4.448176722e+00 +4.448176722e+00 +8.210817672e+01 +8.210817672e+01 +3.3979e+00 -1.5139e+00 -1.5736e+00
35309 +2.808607411e+00 +2.808607411e+00 +8.046860741e+01 +8.046860741e+01 +2.3580e+00 -1.4699e+00 -1.2427e+00
160907 +2.055339151e+00 +2.055339151e+00 +7.971533915e+01 +7.971533915e+01 +2.4258e+00 -8.2955e-01 -1.2388e+00
1547965 +1.539299588e+00 +1.539299588e+00 +7.919929959e+01 +7.919929959e+01 +2.4102e+00 -8.6116e-01 -1.5957e+00
1841558 +1.486486957e+00 +1.486486957e+00 +7.914648696e+01 +7.914648696e+01 +2.3545e+00 -8.4572e-01 -9.0904e-01
2997491 +2.982568830e-01 +2.982568830e-01 +7.795825688e+01 +7.795825688e+01 +2.3985e+00 -8.3541e-01 -1.2654e+00
15951164 +1.383672234e-01 +1.383672234e-01 +7.779836722e+01 +7.779836722e+01 +2.3765e+00 -8.6193e-01 -1.2684e+00
% function evaluation | noise-free fitness - Fopt (1.156800000000e+02) | best noise-free fitness - Fopt | measured fitness | best measured fitness | x1 | x2...
1 +1.513890569e+02 +1.513890569e+02 +2.670690569e+02 +2.670690569e+02 +3.8638e+00 -4.2096e+00 -2.3661e+00
5 +1.182334363e+02 +1.182334363e+02 +2.339134363e+02 +2.339134363e+02 -1.0905e-01 +2.2093e+00 -2.0738e+00
12 +8.047019105e+01 +8.047019105e+01 +1.961501910e+02 +1.961501910e+02 -3.7882e-01 -3.8277e-01 -2.0927e+00
13 +4.910507261e+01 +4.910507261e+01 +1.647850726e+02 +1.647850726e+02 -3.0979e+00 -3.6655e+00 +1.7440e-01
98 +4.384514013e+01 +4.384514013e+01 +1.595251401e+02 +1.595251401e+02 -9.8651e-01 +6.9617e-01 -3.0133e-01
108 +2.151184691e+01 +2.151184691e+01 +1.371918469e+02 +1.371918469e+02 -1.9579e-01 -2.6234e+00 +2.9785e-01
125 +1.791326843e+01 +1.791326843e+01 +1.335932684e+02 +1.335932684e+02 -4.0553e+00 -1.9168e-01 +6.0938e-01
342 +1.529624867e+01 +1.529624867e+01 +1.309762487e+02 +1.309762487e+02 -4.2274e+00 -8.3250e-01 +6.1308e-01
404 +1.276444820e+01 +1.276444820e+01 +1.284444482e+02 +1.284444482e+02 -3.2733e+00 -1.6768e+00 -9.7704e-02
1304 +1.136939990e+01 +1.136939990e+01 +1.270493999e+02 +1.270493999e+02 -3.1628e+00 -2.8033e-01 +6.0020e-01
2342 +7.949646062e+00 +7.949646062e+00 +1.236296461e+02 +1.236296461e+02 -3.9872e+00 -9.9969e-01 -8.1962e-02
5995 +1.214610877e+00 +1.214610877e+00 +1.168946109e+02 +1.168946109e+02 -1.1952e+00 -9.8143e-01 +2.5192e-01
4542513 +4.569799429e-01 +4.569799429e-01 +1.161369799e+02 +1.161369799e+02 -2.2016e+00 -9.6194e-01 +2.3727e-01
20026769 +2.906033887e-01 +2.906033887e-01 +1.159706034e+02 +1.159706034e+02 -2.1717e+00 -9.7022e-01 +2.5541e-01
22793466 +1.472790633e-01 +1.472790633e-01 +1.158272791e+02 +1.158272791e+02 -2.1929e+00 -9.8916e-01 +2.5186e-01
% function evaluation | noise-free fitness - Fopt (-3.710000000000e+00) | best noise-free fitness - Fopt | measured fitness | best measured fitness | x1 | x2...
1 +3.360017849e+02 +3.360017849e+02 +3.322917849e+02 +3.322917849e+02 -5.5350e-01 +6.4320e-01 -3.2599e+00
2 +2.492037077e+02 +2.492037077e+02 +2.454937077e+02 +2.454937077e+02 +8.2555e-01 +1.1265e+00 -2.0919e+00
3 +1.364092646e+02 +1.364092646e+02 +1.326992646e+02 +1.326992646e+02 +2.6651e+00 -6.4914e-01 +4.0314e+00
4 +7.979541423e+01 +7.979541423e+01 +7.608541423e+01 +7.608541423e+01 -2.8697e+00 -3.6391e-01 +1.4411e+00
7 +3.903461627e+01 +3.903461627e+01 +3.532461627e+01 +3.532461627e+01 +1.1637e+00 -4.4454e+00 +1.0184e+00
68 +3.407608723e+01 +3.407608723e+01 +3.036608723e+01 +3.036608723e+01 +2.5188e+00 -1.5095e+00 +1.4487e+00
71 +2.899830795e+01 +2.899830795e+01 +2.528830795e+01 +2.528830795e+01 +2.8896e+00 -1.6593e+00 +2.0374e+00
119 +2.302255250e+01 +2.302255250e+01 +1.931255250e+01 +1.931255250e+01 +2.6111e+00 -2.3129e+00 +2.1922e+00
204 +2.246616270e+01 +2.246616270e+01 +1.875616270e+01 +1.875616270e+01 +3.8375e+00 -3.3438e+00 +2.0883e+00
793 +1.013654881e+01 +1.013654881e+01 +6.426548811e+00 +6.426548811e+00 +1.2699e+00 -2.2566e+00 +1.1129e+00
1870 +4.829466160e+00 +4.829466160e+00 +1.119466160e+00 +1.119466160e+00 +3.2249e+00 -2.8699e+00 +2.1675e+00
18392 +3.448143407e+00 +3.448143407e+00 -2.618565933e-01 -2.618565933e-01 +2.1507e+00 -2.8865e+00 +2.1275e+00
62825 +2.984132890e+00 +2.984132890e+00 -7.258671099e-01 -7.258671099e-01 +3.1178e+00 -2.8994e+00 +1.8221e+00
62957 +1.742628252e+00 +1.742628252e+00 -1.967371748e+00 -1.967371748e+00 +3.0869e+00 -2.3084e+00 +2.1705e+00
173247 +1.430342429e+00 +1.430342429e+00 -2.279657571e+00 -2.279657571e+00 +3.1920e+00 -2.2617e+00 +1.7892e+00
1716396 +1.070724392e+00 +1.070724392e+00 -2.639275608e+00 -2.639275608e+00 +3.0622e+00 -2.2982e+00 +1.7685e+00
1725228 +7.908057654e-01 +7.908057654e-01 -2.919194235e+00 -2.919194235e+00 +3.1518e+00 -2.2588e+00 +1.7846e+00
4281020 +4.236473088e-02 +4.236473088e-02 -3.667635269e+00 -3.667635269e+00 +3.1285e+00 -2.3016e+00 +1.7846e+00
% function evaluation | noise-free fitness - Fopt (1.321800000000e+02) | best noise-free fitness - Fopt | measured fitness | best measured fitness | x1 | x2...
1 +7.814872155e+01 +7.814872155e+01 +2.103287216e+02 +2.103287216e+02 +8.9360e-02 +2.5859e+00 +1.2340e+00
5 +7.214377405e+01 +7.214377405e+01 +2.043237740e+02 +2.043237740e+02 -2.4303e+00 +4.7185e+00 +3.8168e+00
6 +5.562520436e+01 +5.562520436e+01 +1.878052044e+02 +1.878052044e+02 -1.7118e+00 -1.7661e+00 +2.7919e+00
9 +4.162549419e+01 +4.162549419e+01 +1.738054942e+02 +1.738054942e+02 +2.0413e+00 +1.5117e+00 +3.1460e+00
43 +2.142868812e+01 +2.142868812e+01 +1.536086881e+02 +1.536086881e+02 -3.1754e+00 +7.8584e-01 +3.4659e+00
614 +2.012171937e+01 +2.012171937e+01 +1.523017194e+02 +1.523017194e+02 -1.7578e+00 +3.2015e-01 +4.1220e+00
951 +1.561776421e+01 +1.561776421e+01 +1.477977642e+02 +1.477977642e+02 -2.9471e+00 +1.5161e+00 +3.1885e+00
6129 +1.261096656e+01 +1.261096656e+01 +1.447909666e+02 +1.447909666e+02 -3.7149e+00 +2.5102e+00 +3.7533e+00
8157 +8.140471496e+00 +8.140471496e+00 +1.403204715e+02 +1.403204715e+02 -1.8181e+00 +1.4253e+00 +3.4424e+00
13470 +7.897314977e+00 +7.897314977e+00 +1.400773150e+02 +1.400773150e+02 -3.6882e+00 +1.4283e+00 +2.7466e+00
23916 +6.515241712e+00 +6.515241712e+00 +1.386952417e+02 +1.386952417e+02 -3.7269e+00 +9.3427e-01 +4.1124e+00
42776 +6.365306146e+00 +6.365306146e+00 +1.385453061e+02 +1.385453061e+02 -3.8253e+00 +8.4597e-01 +2.7628e+00
60263 +5.512439206e+00 +5.512439206e+00 +1.376924392e+02 +1.376924392e+02 -3.7769e+00 +1.4477e+00 +3.5145e+00
98197 +1.210054280e+00 +1.210054280e+00 +1.333900543e+02 +1.333900543e+02 -3.7629e+00 +1.4735e+00 +3.8403e+00
1054870 +8.153302835e-01 +8.153302835e-01 +1.329953303e+02 +1.329953303e+02 -3.7211e+00 +1.4919e+00 +3.4477e+00
3893365 +7.564532789e-01 +7.564532789e-01 +1.329364533e+02 +1.329364533e+02 -3.7387e+00 +1.5169e+00 +3.4564e+00
4358104 +4.662339057e-01 +4.662339057e-01 +1.326462339e+02 +1.326462339e+02 -3.8075e+00 +1.4909e+00 +3.4618e+00
5926991 +1.994534686e-01 +1.994534686e-01 +1.323794535e+02 +1.323794535e+02 -3.7553e+00 +1.4869e+00 +3.4717e+00
% function evaluation | noise-free fitness - Fopt (1.000000000000e+03) | best noise-free fitness - Fopt | measured fitness | best measured fitness | x1 | x2...
1 +1.689141795e+02 +1.689141795e+02 +1.168914180e+03 +1.168914180e+03 +3.4809e+00 +4.5844e+00 -4.2191e+00
2 +1.020250110e+02 +1.020250110e+02 +1.102025011e+03 +1.102025011e+03 +6.3810e-01 -1.3640e+00 -8.0273e-01
7 +6.257631991e+01 +6.257631991e+01 +1.062576320e+03 +1.062576320e+03 -4.7060e+00 +1.6208e+00 -1.3936e+00
10 +4.946794914e+01 +4.946794914e+01 +1.049467949e+03 +1.049467949e+03 +2.9899e+00 +4.6819e+00 -1.3492e+00
30 +4.025992550e+01 +4.025992550e+01 +1.040259926e+03 +1.040259926e+03 +1.3170e+00 +1.5592e+00 -5.9451e-01
73 +3.739987069e+01 +3.739987069e+01 +1.037399871e+03 +1.037399871e+03 +4.1792e+00 +3.4948e+00 -1.3865e+00
110 +1.962573347e+01 +1.962573347e+01 +1.019625733e+03 +1.019625733e+03 +3.5812e+00 +2.6001e+00 -1.2881e+00
379 +1.915771199e+01 +1.915771199e+01 +1.019157712e+03 +1.019157712e+03 +6.5287e-01 +1.0377e+00 -6.4432e-01
1603 +1.471157804e+01 +1.471157804e+01 +1.014711578e+03 +1.014711578e+03 -1.4260e+00 +3.3390e+00 -5.9271e-01
1823 +8.674338752e+00 +8.674338752e+00 +1.008674339e+03 +1.008674339e+03 +1.4878e+00 +3.4275e+00 -6.1747e-01
5904 +6.511226701e+00 +6.511226701e+00 +1.006511227e+03 +1.006511227e+03 +3.5406e+00 +3.3278e+00 -9.5089e-01
8467 +4.075914739e+00 +4.075914739e+00 +1.004075915e+03 +1.004075915e+03 +5.1561e-01 +2.7165e+00 -6.4613e-01
65331 +1.121345928e+00 +1.121345928e+00 +1.001121346e+03 +1.001121346e+03 +5.9455e-01 +3.3419e+00 -6.6010e-01
3283333 +4.380019961e-01 +4.380019961e-01 +1.000438002e+03 +1.000438002e+03 +1.6091e+00 +3.3433e+00 -6.4751e-01
4567815 +3.054895909e-01 +3.054895909e-01 +1.000305490e+03 +1.000305490e+03 +1.6068e+00 +3.3457e+00 -6.6219e-01
6451373 +1.678186377e-01 +1.678186377e-01 +1.000167819e+03 +1.000167819e+03 +1.5646e+00 +3.3321e+00 -6.4964e-01
% function evaluation | noise-free fitness - Fopt (-1.846000000000e+01) | best noise-free fitness - Fopt | measured fitness | best measured fitness | x1 | x2...
1 +2.331730847e+01 +2.331730847e+01 +4.857308467e+00 +4.857308467e+00 +3.3628e+00 +9.5376e-01 +3.1655e+00
481 +2.263125858e+01 +2.263125858e+01 +4.171258576e+00 +4.171258576e+00 +3.1564e+00 +2.5509e+00 +3.2200e+00
550 +6.618552696e+00 +6.618552696e+00 -1.184144730e+01 -1.184144730e+01 +1.1428e+00 +5.9496e-01 +2.8897e+00
18349 +6.202172012e+00 +6.202172012e+00 -1.225782799e+01 -1.225782799e+01 +1.1427e+00 +5.7502e-01 +3.1684e+00
102454 +5.888169317e+00 +5.888169317e+00 -1.257183068e+01 -1.257183068e+01 +1.1619e+00 +6.1298e-01 +3.1793e+00
119801 +2.969224744e+00 +2.969224744e+00 -1.549077526e+01 -1.549077526e+01 +3.1593e+00 +1.0255e+00 +3.1782e+00
125388 +1.985795531e+00 +1.985795531e+00 -1.647420447e+01 -1.647420447e+01 +2.1927e+00 +1.7004e+00 +3.5732e+00
210318 +1.778376905e+00 +1.778376905e+00 -1.668162310e+01 -1.668162310e+01 +2.0992e+00 +1.6819e+00 +3.5511e+00
670422 +1.115498272e+00 +1.115498272e+00 -1.734450173e+01 -1.734450173e+01 +2.0992e+00 +1.6677e+00 +3.1742e+00
996969 +1.073234472e+00 +1.073234472e+00 -1.738676553e+01 -1.738676553e+01 +2.1838e+00 +1.6684e+00 +3.5488e+00
1003286 +1.047710928e+00 +1.047710928e+00 -1.741228907e+01 -1.741228907e+01 +2.1800e+00 +1.6740e+00 +3.5482e+00
5811110 +9.962233251e-01 +9.962233251e-01 -1.746377667e+01 -1.746377667e+01 +2.1000e+00 +1.6536e+00 +3.1806e+00
7822436 +8.283142337e-01 +8.283142337e-01 -1.763168577e+01 -1.763168577e+01 +2.1729e+00 +1.6986e+00 +3.2027e+00
11310033 +9.565756694e-02 +9.565756694e-02 -1.836434243e+01 -1.836434243e+01 +2.1659e+00 +1.6839e+00 +3.1886e+00
% function evaluation | noise-free fitness - Fopt (-6.046000000000e+01) | best noise-free fitness - Fopt | measured fitness | best measured fitness | x1 | x2...
1 +7.968281068e+01 +7.968281068e+01 +1.922281068e+01 +1.922281068e+01 -3.7868e+00 +1.9659e-01 +3.1045e+00
3 +4.600528215e+01 +4.600528215e+01 -1.445471785e+01 -1.445471785e+01 +3.5874e+00 +1.6622e+00 +4.1022e+00
5 +4.227471818e+01 +4.227471818e+01 -1.818528182e+01 -1.818528182e+01 -2.1993e+00 +8.5594e-01 +3.6590e+00
16 +3.753389248e+01 +3.753389248e+01 -2.292610752e+01 -2.292610752e+01 -1.2973e+00 +3.0717e+00 +1.7395e+00
35 +3.666287277e+01 +3.666287277e+01 -2.379712723e+01 -2.379712723e+01 -1.5522e+00 +2.3784e+00 +3.8167e+00
85 +2.893368590e+01 +2.893368590e+01 -3.152631410e+01 -3.152631410e+01 +1.8370e+00 +3.6465e+00 +3.4758e+00
164 +1.665894932e+01 +1.665894932e+01 -4.380105068e+01 -4.380105068e+01 +8.2863e-01 +4.1391e+00 +2.9511e+00
368 +1.564026708e+01 +1.564026708e+01 -4.481973292e+01 -4.481973292e+01 +1.9204e+00 +2.4866e+00 +2.3226e+00
383 +1.541477800e+01 +1.541477800e+01 -4.504522200e+01 -4.504522200e+01 +1.6407e+00 +2.6122e+00 +2.9150e+00
685 +8.614410919e+00 +8.614410919e+00 -5.184558908e+01 -5.184558908e+01 +6.7609e-01 +2.5022e+00 +2.2600e+00
2836 +6.160031595e+00 +6.160031595e+00 -5.429996840e+01 -5.429996840e+01 +1.6544e+00 +2.3982e+00 +3.6169e+00
14700 +2.991851775e+00 +2.991851775e+00 -5.746814822e+01 -5.746814822e+01 +1.7033e+00 +2.4246e+00 +3.3775e+00
108434 +2.158767991e+00 +2.158767991e+00 -5.830123201e+01 -5.830123201e+01 +1.6259e+00 +3.0533e+00 +3.3150e+00
245859 +1.841964887e+00 +1.841964887e+00 -5.861803511e+01 -5.861803511e+01 +1.7205e+00 +3.0779e+00 +3.3541e+00
897312 +1.728042854e+00 +1.728042854e+00 -5.873195715e+01 -5.873195715e+01 +1.6273e+00 +3.0495e+00 +3.3551e+00
1504200 +1.261302069e+00 +1.261302069e+00 -5.919869793e+01 -5.919869793e+01 +1.6768e+00 +2.4507e+00 +2.9931e+00
3278835 +8.911698053e-02 +8.911698053e-02 -6.037088302e+01 -6.037088302e+01 +1.6684e+00 +3.0410e+00 +2.9848e+00
% function evaluation | noise-free fitness - Fopt (3.173300000000e+02) | best noise-free fitness - Fopt | measured fitness | best measured fitness | x1 | x2...
1 +2.275886553e+02 +2.275886553e+02 +5.449186553e+02 +5.449186553e+02 +2.5067e-01 +2.5857e-01 +2.5077e-01
5 +1.381462103e+02 +1.381462103e+02 +4.554762103e+02 +4.554762103e+02 -4.6385e+00 +2.5428e-01 +1.7889e+00
11 +5.898738271e+01 +5.898738271e+01 +3.763173827e+02 +3.763173827e+02 -3.9616e+00 -4.8274e+00 +4.8626e+00
25 +4.071127959e+01 +4.071127959e+01 +3.580412796e+02 +3.580412796e+02 -3.5169e+00 -3.0248e+00 +2.6633e+00
64 +3.204620142e+01 +3.204620142e+01 +3.493762014e+02 +3.493762014e+02 +1.5995e+00 -2.4766e+00 +4.2742e+00
164 +3.153238588e+01 +3.153238588e+01 +3.488623859e+02 +3.488623859e+02 +1.1823e+00 -2.6772e+00 +3.1156e+00
235 +2.511517285e+01 +2.511517285e+01 +3.424451729e+02 +3.424451729e+02 -1.4657e+00 -1.3582e+00 +3.5062e+00
306 +2.302401785e+01 +2.302401785e+01 +3.403540179e+02 +3.403540179e+02 +2.5022e+00 -3.3069e+00 +3.2035e+00
330 +1.083470418e+01 +1.083470418e+01 +3.281647042e+02 +3.281647042e+02 -1.3844e+00 -4.4204e+00 +4.4884e+00
5934 +5.983099057e+00 +5.983099057e+00 +3.233130991e+02 +3.233130991e+02 -1.4817e+00 -3.8775e+00 +3.8924e+00
7702 +5.854288210e+00 +5.854288210e+00 +3.231842882e+02 +3.231842882e+02 -2.4010e+00 -3.9893e+00 +3.8339e+00
16772 +4.833039980e+00 +4.833039980e+00 +3.221630400e+02 +3.221630400e+02 -1.4693e+00 -4.0076e+00 +3.5438e+00
98218 +4.116647231e+00 +4.116647231e+00 +3.214466472e+02 +3.214466472e+02 -2.4655e+00 -3.3640e+00 +3.5109e+00
274334 +1.913769058e+00 +1.913769058e+00 +3.192437691e+02 +3.192437691e+02 -1.5000e+00 -3.9582e+00 +3.8601e+00
793458 +1.527365761e+00 +1.527365761e+00 +3.188573658e+02 +3.188573658e+02 -1.4808e+00 -3.8974e+00 +3.8557e+00
2425858 +1.276939784e+00 +1.276939784e+00 +3.186069398e+02 +3.186069398e+02 -1.5040e+00 -3.9477e+00 +3.8378e+00
3960576 +1.198990197e+00 +1.198990197e+00 +3.185289902e+02 +3.185289902e+02 -1.5108e+00 -3.9225e+00 +3.8483e+00
9212829 +1.155241161e+00 +1.155241161e+00 +3.184852412e+02 +3.184852412e+02 -4.9904e-01 -3.3336e+00 +3.8471e+00
9274684 +1.123025894e+00 +1.123025894e+00 +3.184530259e+02 +3.184530259e+02 -1.4996e+00 -3.9260e+00 +3.8349e+00
10409541 +7.604094428e-01 +7.604094428e-01 +3.180904094e+02 +3.180904094e+02 -1.4627e+00 -3.3442e+00 +3.8599e+00
% function evaluation | noise-free fitness - Fopt (3.384000000000e+02) | best noise-free fitness - Fopt | measured fitness | best measured fitness | x1 | x2...
1 +1.802961866e+03 +1.802961866e+03 +2.141361866e+03 +2.141361866e+03 -4.7870e+00 -4.1768e+00 +3.6016e+00
2 +1.436269741e+02 +1.436269741e+02 +4.820269741e+02 +4.820269741e+02 -9.2810e-01 -4.1205e-02 -3.3843e-01
3 +9.148199019e+01 +9.148199019e+01 +4.298819902e+02 +4.298819902e+02 +4.5766e+00 -2.9597e+00 -2.6611e+00
5 +5.383643536e+01 +5.383643536e+01 +3.922364354e+02 +3.922364354e+02 -1.6237e+00 -1.9662e+00 -1.7589e+00
29 +4.183927545e+01 +4.183927545e+01 +3.802392754e+02 +3.802392754e+02 -7.1178e-01 -4.8015e+00 -1.7889e+00
43 +3.704844479e+01 +3.704844479e+01 +3.754484448e+02 +3.754484448e+02 -3.0538e+00 -2.8701e+00 -2.5980e+00
49 +3.297802341e+01 +3.297802341e+01 +3.713780234e+02 +3.713780234e+02 -3.9983e+00 -3.8064e+00 -9.9052e-01
343 +3.031730765e+01 +3.031730765e+01 +3.687173076e+02 +3.687173076e+02 -2.2320e+00 -4.8358e+00 -1.3371e+00
403 +2.967692005e+01 +2.967692005e+01 +3.680769200e+02 +3.680769200e+02 -1.7868e+00 -3.9563e+00 -2.2294e+00
438 +1.977533331e+01 +1.977533331e+01 +3.581753333e+02 +3.581753333e+02 -3.0195e+00 -3.7112e+00 -2.8523e+00
591 +1.767539007e+01 +1.767539007e+01 +3.560753901e+02 +3.560753901e+02 -3.2298e+00 -4.9257e+00 -2.3949e+00
763 +1.569868739e+01 +1.569868739e+01 +3.540986874e+02 +3.540986874e+02 -2.0315e+00 -3.1336e+00 -1.8365e+00
2900 +1.172524553e+01 +1.172524553e+01 +3.501252455e+02 +3.501252455e+02 +8.2803e-01 -3.8284e+00 -1.8104e+00
3203 +9.460756306e+00 +9.460756306e+00 +3.478607563e+02 +3.478607563e+02 -3.1376e+00 -3.9635e+00 -2.0982e+00
4070 +7.855135725e+00 +7.855135725e+00 +3.462551357e+02 +3.462551357e+02 -2.0372e+00 -4.4200e+00 -1.5368e+00
8383 +5.854287836e+00 +5.854287836e+00 +3.442542878e+02 +3.442542878e+02 -2.0984e+00 -3.7744e+00 -1.7890e+00
24751 +2.229367208e+00 +2.229367208e+00 +3.406293672e+02 +3.406293672e+02 -2.1875e+00 -3.8558e+00 -2.1090e+00
422867 +2.007632221e+00 +2.007632221e+00 +3.404076322e+02 +3.404076322e+02 -2.1320e+00 -4.5121e+00 -2.1337e+00
740984 +1.393660924e+00 +1.393660924e+00 +3.397936609e+02 +3.397936609e+02 -3.1398e+00 -3.8853e+00 -2.1539e+00
2391467 +1.199638120e+00 +1.199638120e+00 +3.395996381e+02 +3.395996381e+02 -2.1547e+00 -3.8771e+00 -1.7736e+00
2628246 +6.569388130e-01 +6.569388130e-01 +3.390569388e+02 +3.390569388e+02 -2.0920e+00 -3.8718e+00 -2.1317e+00
12119117 +4.927527227e-01 +4.927527227e-01 +3.388927527e+02 +3.388927527e+02 -2.1017e+00 -3.8730e+00 -2.1568e+00
18455568 +3.067319847e-01 +3.067319847e-01 +3.387067320e+02 +3.387067320e+02 -2.1632e+00 -3.8802e+00 -2.1475e+00
% function evaluation | noise-free fitness - Fopt (-4.940000000000e+01) | best noise-free fitness - Fopt | measured fitness | best measured fitness | x1 | x2...
1 +4.695154435e+01 +4.695154435e+01 -2.448455651e+00 -2.448455651e+00 +4.1056e+00 +1.8115e+00 -1.9455e+00
3 +4.426921823e+01 +4.426921823e+01 -5.130781766e+00 -5.130781766e+00 +3.0595e+00 -1.3516e+00 -4.8235e-01
11 +2.413030910e+01 +2.413030910e+01 -2.526969090e+01 -2.526969090e+01 +4.7311e+00 +1.7954e+00 -1.2247e-01
40 +2.044461014e+01 +2.044461014e+01 -2.895538986e+01 -2.895538986e+01 +2.8630e+00 +3.0262e+00 -8.1026e-01
502 +4.679826645e+00 +4.679826645e+00 -4.472017336e+01 -4.472017336e+01 +4.9763e+00 +1.8499e+00 +1.6887e-01
13687 +3.917791251e+00 +3.917791251e+00 -4.548220875e+01 -4.548220875e+01 +3.8984e+00 +1.8473e+00 +1.9433e-01
34220 +3.462274914e+00 +3.462274914e+00 -4.593772509e+01 -4.593772509e+01 +4.0599e+00 +7.5512e-01 -1.7499e-01
65177 +2.619978088e+00 +2.619978088e+00 -4.678002191e+01 -4.678002191e+01 +3.9370e+00 +1.3623e+00 -1.9250e-01
202029 +2.451033972e+00 +2.451033972e+00 -4.694896603e+01 -4.694896603e+01 +4.0002e+00 +7.8866e-01 -1.7444e-01
308243 +1.897258141e+00 +1.897258141e+00 -4.750274186e+01 -4.750274186e+01 +3.9988e+00 +1.3620e+00 +2.1236e-01
1845253 +1.749026786e+00 +1.749026786e+00 -4.765097321e+01 -4.765097321e+01 +3.9932e+00 +1.3552e+00 -4.6630e-01
2546808 +1.719352917e+00 +1.719352917e+00 -4.768064708e+01 -4.768064708e+01 +3.9746e+00 +1.2934e+00 +1.9651e-01
2579319 +2.737759480e-01 +2.737759480e-01 -4.912622405e+01 -4.912622405e+01 +3.9386e+00 +1.3409e+00 -1.6443e-01
12435341 +1.670126535e-01 +1.670126535e-01 -4.923298735e+01 -4.923298735e+01 +3.9811e+00 +1.3297e+00 -1.5459e-01
% function evaluation | noise-free fitness - Fopt (-5.557000000000e+01) | best noise-free fitness - Fopt | measured fitness | best measured fitness | x1 | x2...
1 +1.726571709e+02 +1.726571709e+02 +1.170871709e+02 +1.170871709e+02 -1.3291e-01 -2.8315e+00 -2.8842e+00
6 +1.623553623e+02 +1.623553623e+02 +1.067853623e+02 +1.067853623e+02 -4.3039e+00 +4.7468e-02 -3.7444e+00
7 +1.490452123e+02 +1.490452123e+02 +9.347521231e+01 +9.347521231e+01 +3.4842e+00 +1.1628e+00 +1.5072e+00
10 +9.137991726e+01 +9.137991726e+01 +3.580991726e+01 +3.580991726e+01 -4.2104e+00 +1.3110e-01 -2.9498e+00
11 +6.615324964e+01 +6.615324964e+01 +1.058324964e+01 +1.058324964e+01 -3.8065e+00 -1.5851e+00 -5.7868e-01
17 +6.224461744e+01 +6.224461744e+01 +6.674617440e+00 +6.674617440e+00 -4.9222e+00 -6.2812e-01 +9.9898e-01
22 +3.743683005e+01 +3.743683005e+01 -1.813316995e+01 -1.813316995e+01 -3.7148e+00 +3.4609e+00 -8.9558e-01
54 +3.123675198e+01 +3.123675198e+01 -2.433324802e+01 -2.433324802e+01 -3.6804e+00 +1.4299e-01 -3.2739e-01
86 +2.273742937e+01 +2.273742937e+01 -3.283257063e+01 -3.283257063e+01 -3.7304e+00 +2.8315e+00 -1.0744e+00
98 +1.500017082e+01 +1.500017082e+01 -4.056982918e+01 -4.056982918e+01 -3.0875e+00 +2.3068e+00 +3.2186e-01
513 +1.175400035e+01 +1.175400035e+01 -4.381599965e+01 -4.381599965e+01 -3.0461e+00 +2.8924e+00 -1.0729e+00
8477 +1.154335514e+01 +1.154335514e+01 -4.402664486e+01 -4.402664486e+01 -4.9847e+00 +1.6652e+00 +3.4118e-01
12046 +5.738312373e+00 +5.738312373e+00 -4.983168763e+01 -4.983168763e+01 -3.9917e+00 +1.2919e+00 +8.5007e-03
23485 +4.830338055e+00 +4.830338055e+00 -5.073966194e+01 -5.073966194e+01 -2.9469e+00 +1.7941e+00 -6.8670e-01
84870 +4.337534108e+00 +4.337534108e+00 -5.123246589e+01 -5.123246589e+01 -2.9856e+00 +1.7078e+00 -6.6009e-01
174924 +3.761960047e+00 +3.761960047e+00 -5.180803995e+01 -5.180803995e+01 -4.9812e+00 +2.9092e+00 +3.3937e-02
329881 +3.136014443e+00 +3.136014443e+00 -5.243398556e+01 -5.243398556e+01 -4.0356e+00 +2.3411e+00 -2.9753e-02
397825 +2.220333592e+00 +2.220333592e+00 -5.334966641e+01 -5.334966641e+01 -3.9385e+00 +1.7359e+00 -6.6385e-01
410655 +1.877677064e+00 +1.877677064e+00 -5.369232294e+01 -5.369232294e+01 -3.9863e+00 +2.3902e+00 -7.9373e-03
932043 +1.236551614e+00 +1.236551614e+00 -5.433344839e+01 -5.433344839e+01 -3.9797e+00 +1.7486e+00 -3.4579e-01
3395770 +6.803250292e-01 +6.803250292e-01 -5.488967497e+01 -5.488967497e+01 -3.9794e+00 +2.3909e+00 -3.5342e-01
10203015 +2.528094626e-01 +2.528094626e-01 -5.531719054e+01 -5.531719054e+01 -3.9274e+00 +2.3645e+00 -3.5705e-01
22315394 +1.058223388e-01 +1.058223388e-01 -5.546417766e+01 -5.546417766e+01 -3.9406e+00 +2.3525e+00 -3.5829e-01
% function evaluation | noise-free fitness - Fopt (-1.412700000000e+02) | best noise-free fitness - Fopt | measured fitness | best measured fitness | x1 | x2...
1 +3.283583059e+02 +3.283583059e+02 +1.870883059e+02 +1.870883059e+02 +2.1570e-01 -4.4670e+00 +2.7834e+00
2 +1.029558710e+02 +1.029558710e+02 -3.831412896e+01 -3.831412896e+01 -1.5496e+00 +4.7129e+00 -1.2384e+00
8 +2.894690555e+01 +2.894690555e+01 -1.123230944e+02 -1.123230944e+02 +4.8415e+00 +2.5786e+00 +1.1114e+00
36 +2.825395239e+01 +2.825395239e+01 -1.130160476e+02 -1.130160476e+02 +2.7501e+00 +3.9828e+00 +1.9677e+00
271 +2.486346158e+01 +2.486346158e+01 -1.164065384e+02 -1.164065384e+02 +3.6571e+00 +3.4229e+00 +9.7167e-01
962 +1.895109997e+01 +1.895109997e+01 -1.223189000e+02 -1.223189000e+02 +3.9101e+00 +2.6682e+00 -1.6147e-01
1679 +1.453102891e+01 +1.453102891e+01 -1.267389711e+02 -1.267389711e+02 +1.0087e+00 +3.5557e+00 +8.3231e-01
2249 +1.429254066e+01 +1.429254066e+01 -1.269774593e+02 -1.269774593e+02 +9.9478e-01 +2.7609e+00 +2.4661e-01
2954 +1.346985367e+01 +1.346985367e+01 -1.278001463e+02 -1.278001463e+02 +7.8038e-01 +4.4873e+00 -1.7068e-01
3471 +3.760176537e+00 +3.760176537e+00 -1.375098235e+02 -1.375098235e+02 +1.8586e+00 +2.7842e+00 +1.8908e-01
31986 +2.612329461e+00 +2.612329461e+00 -1.386576705e+02 -1.386576705e+02 +3.8527e+00 +2.7971e+00 +4.9320e-01
45341 +7.537738240e-02 +7.537738240e-02 -1.411946226e+02 -1.411946226e+02 +2.8496e+00 +3.4334e+00 +5.0074e-01
% function evaluation | noise-free fitness - Fopt (1.822100000000e+02) | best noise-free fitness - Fopt | measured fitness | best measured fitness | x1 | x2...
1 +1.906322439e+02 +1.906322439e+02 +3.728422439e+02 +3.728422439e+02 +4.3011e+00 -6.6693e-01 -3.4084e+00
5 +5.086928726e+01 +5.086928726e+01 +2.330792873e+02 +2.330792873e+02 -4.6109e+00 -3.3742e+00 +6.0086e-01
9 +2.767191818e+01 +2.767191818e+01 +2.098819182e+02 +2.098819182e+02 +6.3973e-01 -3.3774e+00 -5.2968e-01
134 +2.266245716e+01 +2.266245716e+01 +2.048724572e+02 +2.048724572e+02 +9.4173e-01 -2.7543e+00 +8.4582e-01
546 +1.610472472e+01 +1.610472472e+01 +1.983147247e+02 +1.983147247e+02 -1.3508e+00 -3.9010e+00 -6.7225e-01
1373 +1.575107679e+01 +1.575107679e+01 +1.979610768e+02 +1.979610768e+02 -4.2292e-01 -3.2683e+00 +4.6810e-01
3618 +1.234543560e+01 +1.234543560e+01 +1.945554356e+02 +1.945554356e+02 +1.6818e+00 -3.3831e+00 -6.9200e-01
3626 +4.924021611e+00 +4.924021611e+00 +1.871340216e+02 +1.871340216e+02 +1.8567e+00 -2.7679e+00 -2.5354e-01
4762 +3.430862745e+00 +3.430862745e+00 +1.856408627e+02 +1.856408627e+02 +1.7027e+00 -3.2845e+00 +3.5416e-01
14832 +1.630078577e+00 +1.630078577e+00 +1.838400786e+02 +1.838400786e+02 +1.7667e+00 -3.3144e+00 +3.7478e-01
62037 +1.180182384e+00 +1.180182384e+00 +1.833901824e+02 +1.833901824e+02 +1.7632e+00 -3.2935e+00 -2.6688e-01
3212135 +5.039624236e-01 +5.039624236e-01 +1.827139624e+02 +1.827139624e+02 +1.7727e+00 -3.2808e+00 +5.2610e-02
14138038 +6.617554899e-02 +6.617554899e-02 +1.822761755e+02 +1.822761755e+02 +1.7942e+00 -3.2993e+00 +3.5628e-02
% function evaluation | noise-free fitness - Fopt (8.191000000000e+01) | best noise-free fitness - Fopt | measured fitness | best measured fitness | x1 | x2...
1 +1.745529564e+02 +1.745529564e+02 +2.564629564e+02 +2.564629564e+02 +1.5742e+00 -3.3083e+00 -3.3592e+00
2 +3.201560431e+01 +3.201560431e+01 +1.139256043e+02 +1.139256043e+02 -4.1160e-01 -1.7817e+00 -2.1159e-01
67 +2.005239207e+01 +2.005239207e+01 +1.019623921e+02 +1.019623921e+02 -7.7275e-01 -1.9144e+00 -7.4703e-01
1513 +1.857720132e+01 +1.857720132e+01 +1.004872013e+02 +1.004872013e+02 +2.1984e+00 -5.6097e-01 -1.8936e-01
2598 +1.018978322e+01 +1.018978322e+01 +9.209978322e+01 +9.209978322e+01 -8.0877e-01 -1.2061e+00 +7.8290e-01
3645 +8.373878736e+00 +8.373878736e+00 +9.028387874e+01 +9.028387874e+01 -6.7583e-01 -1.9071e+00 -1.2609e-01
7575 +5.305137409e+00 +5.305137409e+00 +8.721513741e+01 +8.721513741e+01 +2.3254e-01 -2.4434e-01 +4.9649e-01
10066 +5.029487637e+00 +5.029487637e+00 +8.693948764e+01 +8.693948764e+01 +1.9741e-01 -1.3352e+00 +7.8498e-01
20480 +4.252232806e+00 +4.252232806e+00 +8.616223281e+01 +8.616223281e+01 -7.9240e-01 -1.9119e+00 +1.2510e-01
31641 +3.512012892e+00 +3.512012892e+00 +8.542201289e+01 +8.542201289e+01 -8.0207e-01 -7.6410e-01 -1.5337e-01
48985 +3.121525202e+00 +3.121525202e+00 +8.503152520e+01 +8.503152520e+01 +3.4114e-01 -1.3219e+00 +1.5776e-01
62309 +2.823405139e+00 +2.823405139e+00 +8.473340514e+01 +8.473340514e+01 -8.0886e-01 -1.2950e+00 +1.8905e-01
242890 +1.195408391e+00 +1.195408391e+00 +8.310540839e+01 +8.310540839e+01 +1.2008e+00 -1.3056e+00 +1.5890e-01
1685794 +8.434873911e-01 +8.434873911e-01 +8.275348739e+01 +8.275348739e+01 +2.5173e-01 -1.3267e+00 +1.6722e-01
12856200 +7.656227030e-01 +7.656227030e-01 +8.267562270e+01 +8.267562270e+01 +2.1732e-01 -1.2763e+00 +1.7425e-01
15954707 +7.257914442e-01 +7.257914442e-01 +8.263579144e+01 +8.263579144e+01 +1.9741e-01 -1.2654e+00 +1.6436e-01
16894656 +3.748661834e-01 +3.748661834e-01 +8.228486618e+01 +8.228486618e+01 +2.5516e-01 -1.2847e+00 +1.6143e-01
20526868 +2.262202268e-01 +2.262202268e-01 +8.213622023e+01 +8.213622023e+01 +2.0056e-01 -1.3062e+00 +1.6539e-01
21473396 +1.554640139e-01 +1.554640139e-01 +8.206546401e+01 +8.206546401e+01 +2.0145e-01 -1.2872e+00 +1.5455e-01
