% function evaluation | noise-free fitness - Fopt (-4.620900000000e+02) | best noise-free fitness - Fopt | measured fitness | best measured fitness | x1 | x2...
1 +2.311083295e+02 +2.311083295e+02 -2.309816705e+02 -2.309816705e+02 -2.4052e+00 +4.0041e+00 -2.6337e+00 -3.2914e+00 +1.2854e+00
7 +1.443032031e+02 +1.443032031e+02 -3.177867969e+02 -3.177867969e+02 +1.1946e+00 -2.2394e+00 +1.1891e+00 +1.7652e+00 +5.7774e-01
11 +8.311451276e+01 +8.311451276e+01 -3.789754872e+02 -3.789754872e+02 -3.9232e-02 +1.3975e+00 +1.5684e+00 +2.4411e+00 +7.9424e-01
47 +6.626257903e+01 +6.626257903e+01 -3.958274210e+02 -3.958274210e+02 -3.3301e+00 +3.2353e+00 +2.3586e+00 +2.7935e+00 +2.8654e+00
96 +4.881974233e+01 +4.881974233e+01 -4.132702577e+02 -4.132702577e+02 -4.2450e+00 +8.1621e-01 +1.5237e+00 -5.6618e-02 +1.7376e+00
2436 +4.711761395e+01 +4.711761395e+01 -4.149723861e+02 -4.149723861e+02 -4.4581e+00 +4.4661e+00 +1.7242e+00 +3.3867e-01 +3.1384e+00
6371 +3.536273123e+01 +3.536273123e+01 -4.267272688e+02 -4.267272688e+02 -2.9144e-01 +2.3183e+00 +1.4127e+00 -2.0702e-01 +2.9606e+00
19057 +3.311534934e+01 +3.311534934e+01 -4.289746507e+02 -4.289746507e+02 -2.7640e-01 +1.6193e+00 +3.0203e+00 +6.7190e-01 +2.9507e+00
26157 +2.628357753e+01 +2.628357753e+01 -4.358064225e+02 -4.358064225e+02 -3.1633e-01 +1.6124e+00 +2.2425e+00 +1.8912e+00 +2.6332e+00
85692 +2.207554209e+01 +2.207554209e+01 -4.400144579e+02 -4.400144579e+02 +6.0719e-01 +3.5312e+00 +1.6654e+00 +7.5382e-01 +2.6342e+00
156679 +2.171728324e+01 +2.171728324e+01 -4.403727168e+02 -4.403727168e+02 -3.5474e-01 +2.9379e+00 +1.4825e+00 -1.7246e-01 +2.6174e+00
240225 +1.991403376e+01 +1.991403376e+01 -4.421759662e+02 -4.421759662e+02 -3.1437e+00 +1.5086e+00 +1.5622e+00 +1.2391e+00 +2.3126e+00
336612 +1.937547759e+01 +1.937547759e+01 -4.427145224e+02 -4.427145224e+02 -4.2057e+00 +3.0745e+00 +2.0708e+00 +7.5320e-01 +2.6798e+00
569451 +1.638105924e+01 +1.638105924e+01 -4.457089408e+02 -4.457089408e+02 -2.2343e+00 +9.0584e-01 +1.6660e+00 +1.1296e+00 +2.3369e+00
616396 +1.169625042e+01 +1.169625042e+01 -4.503937496e+02 -4.503937496e+02 -2.4096e+00 +2.3343e+00 +1.5734e+00 +1.1075e+00 +1.9910e+00
4690327 +8.823166171e+00 +8.823166171e+00 -4.532668338e+02 -4.532668338e+02 -2.4345e+00 +2.9899e+00 +2.2562e+00 +1.1827e+00 +2.7116e+00
20418820 +8.060937705e+00 +8.060937705e+00 -4.540290623e+02 -4.540290623e+02 -3.3456e+00 +3.0330e+00 +2.2720e+00 +3.5437e-01 +2.6777e+00
33966849 +7.687740699e+00 +7.687740699e+00 -4.544022593e+02 -4.544022593e+02 -2.3433e+00 +2.9159e+00 +2.7921e+00 +7.3308e-01 +2.6281e+00
% function evaluation | noise-free fitness - Fopt (7.766000000000e+01) | best noise-free fitness - Fopt | measured fitness | best measured fitness | x1 | x2...
1 +1.433104014e+02 +1.433104014e+02 +2.209704014e+02 +2.209704014e+02 -3.4810e+00 +3.1326e+00 -8.8198e-02 +2.8241e+00 -9.4779e-01
9 +7.655091116e+01 +7.655091116e+01 +1.542109112e+02 +1.542109112e+02 -3.9850e-01 -3.4166e+00 -1.7964e+00 +3.2139e+00 -3.6778e+00
216 +6.304786092e+01 +6.304786092e+01 +1.407078609e+02 +1.407078609e+02 -3.7903e-02 -9.5065e-01 -1.2478e+00 +3.5677e+00 -2.6544e+00
238 +5.812836325e+01 +5.812836325e+01 +1.357883632e+02 +1.357883632e+02 +2.4910e+00 -3.0822e+00 +1.5092e+00 +3.8147e+00 -3.0879e+00
923 +4.850291066e+01 +4.850291066e+01 +1.261629107e+02 +1.261629107e+02 -7.1195e-02 -1.9149e-01 -7.4284e-01 +4.2503e+00 -2.6624e+00
1024 +4.775865504e+01 +4.775865504e+01 +1.254186550e+02 +1.254186550e+02 +1.5650e+00 -2.2028e+00 -3.5575e+00 +2.7271e+00 -2.0560e+00
1116 +4.166673666e+01 +4.166673666e+01 +1.193267367e+02 +1.193267367e+02 +2.3416e-01 -3.0741e+00 -2.9423e+00 +2.4381e+00 -2.4138e+00
4364 +2.975200695e+01 +2.975200695e+01 +1.074120069e+02 +1.074120069e+02 -5.4742e-01 -2.5725e-01 -2.4034e+00 +3.8121e+00 -2.7334e+00
8825 +2.472409239e+01 +2.472409239e+01 +1.023840924e+02 +1.023840924e+02 +2.5388e-01 +4.8519e-01 -1.2055e+00 +4.2636e+00 -3.1641e+00
41791 +2.184956180e+01 +2.184956180e+01 +9.950956180e+01 +9.950956180e+01 +2.6068e+00 +5.1977e-01 -1.1765e+00 +3.8263e+00 -2.4766e+00
75893 +1.476509120e+01 +1.476509120e+01 +9.242509120e+01 +9.242509120e+01 +4.6981e-01 -3.0572e-02 -2.3725e+00 +3.7685e+00 -2.8039e+00
2212815 +1.349111327e+01 +1.349111327e+01 +9.115111327e+01 +9.115111327e+01 +2.3229e+00 +8.0938e-01 -6.7335e-01 +2.8944e+00 -2.1112e+00
2939014 +1.321626984e+01 +1.321626984e+01 +9.087626984e+01 +9.087626984e+01 +2.3364e+00 +6.0521e-01 -1.9635e+00 +3.8201e+00 -2.4867e+00
3079309 +1.318034515e+01 +1.318034515e+01 +9.084034515e+01 +9.084034515e+01 +2.2333e+00 -1.6765e+00 -1.7869e+00 +3.3239e+00 -2.8076e+00
4878773 +1.241142585e+01 +1.241142585e+01 +9.007142585e+01 +9.007142585e+01 +2.3385e+00 -1.7029e+00 -1.1799e+00 +2.9191e+00 -2.4139e+00
9200268 +1.111845050e+01 +1.111845050e+01 +8.877845050e+01 +8.877845050e+01 +5.2599e-01 -2.4318e-02 -1.1862e+00 +3.7886e+00 -2.4430e+00
15426546 +8.605904339e+00 +8.605904339e+00 +8.626590434e+01 +8.626590434e+01 +2.3677e+00 +5.1637e-02 -1.2869e+00 +3.7668e+00 -2.1446e+00
% function evaluation | noise-free fitness - Fopt (1.156800000000e+02) | best noise-free fitness - Fopt | measured fitness | best measured fitness | x1 | x2...
1 +1.139230416e+03 +1.139230416e+03 +1.254910416e+03 +1.254910416e+03 +1.5224e+00 -4.1813e+00 -4.0610e+00 -3.4154e+00 +1.0016e+00
2 +5.711652649e+02 +5.711652649e+02 +6.868452649e+02 +6.868452649e+02 -1.5149e+00 +3.3585e+00 +4.9651e+00 +4.8458e+00 -2.0537e-02
3 +2.407541814e+02 +2.407541814e+02 +3.564341814e+02 +3.564341814e+02 +2.1617e+00 +2.2910e+00 -1.7824e+00 -1.5114e+00 -3.3887e+00
5 +1.313800926e+02 +1.313800926e+02 +2.470600926e+02 +2.470600926e+02 +4.6133e+00 -6.7207e-01 -2.1851e+00 +4.8271e+00 -3.0528e+00
12 +1.247444549e+02 +1.247444549e+02 +2.404244549e+02 +2.404244549e+02 +3.4434e+00 +6.3099e-01 +2.8118e+00 +4.7628e+00 -3.6607e+00
36 +1.040277190e+02 +1.040277190e+02 +2.197077190e+02 +2.197077190e+02 +3.7580e+00 +2.5255e+00 +1.4504e-01 +2.3021e+00 -4.1377e+00
59 +8.018238598e+01 +8.018238598e+01 +1.958623860e+02 +1.958623860e+02 +8.2616e-01 +1.9594e+00 +5.9375e-01 +4.7910e+00 -3.6724e+00
248 +4.291768994e+01 +4.291768994e+01 +1.585976899e+02 +1.585976899e+02 -4.0644e+00 -7.9275e-01 -2.0757e+00 +1.9141e+00 -3.6425e+00
2831 +3.854307393e+01 +3.854307393e+01 +1.542230739e+02 +1.542230739e+02 -1.2939e+00 -2.2724e-01 +1.2317e+00 +2.9901e+00 -3.6772e+00
3068 +3.489792860e+01 +3.489792860e+01 +1.505779286e+02 +1.505779286e+02 +8.9343e-01 -1.8477e+00 -3.0961e-01 +2.2940e+00 -3.8554e+00
11150 +2.758445901e+01 +2.758445901e+01 +1.432644590e+02 +1.432644590e+02 -4.0418e+00 +1.0531e+00 +2.0999e-01 +3.1977e+00 -3.2377e+00
13441 +2.310550093e+01 +2.310550093e+01 +1.387855009e+02 +1.387855009e+02 -3.2116e+00 -1.8786e+00 +1.3150e+00 +4.0363e+00 -3.5436e+00
50141 +2.202697870e+01 +2.202697870e+01 +1.377069787e+02 +1.377069787e+02 -2.1924e+00 -1.8077e-01 -8.1523e-01 +3.2241e+00 -3.0006e+00
68583 +1.977944605e+01 +1.977944605e+01 +1.354594460e+02 +1.354594460e+02 -3.0288e+00 +5.7373e-01 +8.2264e-01 +2.6764e+00 -3.0070e+00
121200 +1.681407471e+01 +1.681407471e+01 +1.324940747e+02 +1.324940747e+02 -1.2435e+00 -9.8372e-01 +7.9752e-01 +3.4894e+00 -4.2488e+00
579615 +1.397874520e+01 +1.397874520e+01 +1.296587452e+02 +1.296587452e+02 -2.1321e+00 -1.0963e+00 +9.0443e-01 +3.0743e+00 -3.2495e+00
869820 +1.217172585e+01 +1.217172585e+01 +1.278517258e+02 +1.278517258e+02 -1.1606e+00 -1.6953e+00 +2.4686e-01 +3.9833e+00 -3.6324e+00
2518602 +9.007286652e+00 +9.007286652e+00 +1.246872867e+02 +1.246872867e+02 -2.2262e+00 -9.4001e-01 +2.8265e-01 +3.0827e+00 -3.6753e+00
5369111 +7.714825725e+00 +7.714825725e+00 +1.233948257e+02 +1.233948257e+02 -2.1683e+00 -9.6269e-01 +3.1006e-01 +3.0582e+00 -3.0004e+00
27495872 +3.596829419e+00 +3.596829419e+00 +1.192768294e+02 +1.192768294e+02 -2.1817e+00 -1.7900e+00 +2.0867e-01 +3.0638e+00 -3.2422e+00
% function evaluation | noise-free fitness - Fopt (-3.710000000000e+00) | best noise-free fitness - Fopt | measured fitness | best measured fitness | x1 | x2...
1 +2.159710086e+02 +2.159710086e+02 +2.122610086e+02 +2.122610086e+02 -2.3685e+00 +2.7553e+00 -3.5331e+00 +3.8401e+00 +2.9941e+00
4 +1.722639481e+02 +1.722639481e+02 +1.685539481e+02 +1.685539481e+02 +1.8054e+00 +5.7453e-01 +3.6050e+00 +7.5174e-01 +4.9382e+00
5 +1.535205056e+02 +1.535205056e+02 +1.498105056e+02 +1.498105056e+02 -3.0012e+00 -2.8804e+00 -1.4717e+00 +4.0778e+00 +1.8247e+00
45 +1.276461529e+02 +1.276461529e+02 +1.239361529e+02 +1.239361529e+02 +2.4385e+00 -1.3356e+00 -2.1040e+00 +3.2886e+00 +4.4560e+00
50 +3.625493287e+01 +3.625493287e+01 +3.254493287e+01 +3.254493287e+01 +3.7982e+00 -2.5658e+00 +1.2801e+00 +3.9579e+00 +3.1393e+00
855 +2.420903284e+01 +2.420903284e+01 +2.049903284e+01 +2.049903284e+01 +3.3549e+00 -1.5800e+00 +2.8482e+00 +4.3005e+00 +2.8628e+00
100836 +2.097986411e+01 +2.097986411e+01 +1.726986411e+01 +1.726986411e+01 +3.0399e+00 -7.3673e-01 +2.4020e+00 +3.4139e+00 +3.7812e+00
108924 +1.506194980e+01 +1.506194980e+01 +1.135194980e+01 +1.135194980e+01 +2.1510e+00 -2.3750e+00 +1.3161e+00 +4.3278e+00 +3.4793e+00
764388 +1.301840706e+01 +1.301840706e+01 +9.308407061e+00 +9.308407061e+00 +3.2067e+00 -8.0347e-01 +1.1476e+00 +3.0339e+00 +3.5502e+00
3003368 +1.276479499e+01 +1.276479499e+01 +9.054794992e+00 +9.054794992e+00 +3.2797e+00 -1.4300e+00 +1.1770e+00 +3.8958e+00 +3.8329e+00
5558553 +1.016171008e+01 +1.016171008e+01 +6.451710076e+00 +6.451710076e+00 +3.1664e+00 -2.3695e+00 +1.8051e+00 +4.3086e+00 +3.5406e+00
8568437 +8.682585148e+00 +8.682585148e+00 +4.972585148e+00 +4.972585148e+00 +2.1481e+00 -1.5897e+00 +1.8095e+00 +3.5137e+00 +3.1093e+00
8696595 +5.856685892e+00 +5.856685892e+00 +2.146685892e+00 +2.146685892e+00 +3.1189e+00 -1.6586e+00 +2.3112e+00 +4.3804e+00 +3.1657e+00
45833628 +4.017555954e+00 +4.017555954e+00 +3.075559539e-01 +3.075559539e-01 +4.1343e+00 -2.3138e+00 +1.8207e+00 +3.8815e+00 +3.5008e+00
% function evaluation | noise-free fitness - Fopt (1.321800000000e+02) | best noise-free fitness - Fopt | measured fitness | best measured fitness | x1 | x2...
1 +3.390487958e+02 +3.390487958e+02 +4.712287958e+02 +4.712287958e+02 +4.9413e+00 -1.8381e-01 -4.4021e+00 -1.3687e+00 -2.4285e+00
2 +3.120627333e+02 +3.120627333e+02 +4.442427333e+02 +4.442427333e+02 -1.1078e+00 +4.0097e+00 +3.9255e+00 -2.4311e+00 +8.4598e-01
5 +1.367565262e+02 +1.367565262e+02 +2.689365262e+02 +2.689365262e+02 +6.3090e-01 +3.2388e+00 +4.3657e+00 +9.9850e-02 -3.6205e+00
7 +1.063531722e+02 +1.063531722e+02 +2.385331722e+02 +2.385331722e+02 -1.8961e+00 +1.2785e+00 +4.3959e+00 -4.2869e+00 -2.6004e+00
14 +7.689765739e+01 +7.689765739e+01 +2.090776574e+02 +2.090776574e+02 -3.8464e+00 -1.1191e+00 +2.7861e+00 -4.5294e+00 -1.7362e+00
226 +5.366243311e+01 +5.366243311e+01 +1.858424331e+02 +1.858424331e+02 -4.8325e+00 +2.5608e+00 +2.3010e+00 -2.7738e+00 -2.5552e+00
309 +3.700459709e+01 +3.700459709e+01 +1.691845971e+02 +1.691845971e+02 -3.9555e+00 +2.7479e+00 +2.8714e+00 -2.3276e+00 -2.6668e+00
5456 +3.577940667e+01 +3.577940667e+01 +1.679594067e+02 +1.679594067e+02 -3.0314e+00 +2.4094e+00 +2.9583e+00 -2.8866e+00 -2.5604e+00
12099 +3.247298088e+01 +3.247298088e+01 +1.646529809e+02 +1.646529809e+02 -4.7989e+00 -2.2050e+00 +3.4657e+00 -2.3682e+00 -3.1944e+00
19457 +2.405932237e+01 +2.405932237e+01 +1.562393224e+02 +1.562393224e+02 -3.8680e+00 +2.2764e+00 +1.8039e+00 -2.0437e+00 -2.5212e+00
29633 +2.038948229e+01 +2.038948229e+01 +1.525694823e+02 +1.525694823e+02 -3.7668e+00 +3.5796e+00 +4.5157e+00 -2.8745e+00 -2.0964e+00
343223 +1.648020548e+01 +1.648020548e+01 +1.486602055e+02 +1.486602055e+02 -3.8940e+00 +3.0568e+00 +3.4982e+00 -1.5278e+00 -3.1424e+00
1321523 +1.326053350e+01 +1.326053350e+01 +1.454405335e+02 +1.454405335e+02 -3.8769e+00 +2.8705e+00 +2.3871e+00 -1.5177e+00 -2.4841e+00
2148716 +1.208191147e+01 +1.208191147e+01 +1.442619115e+02 +1.442619115e+02 -3.6125e+00 +3.0626e+00 +2.9151e+00 -1.5014e+00 -2.7903e+00
5017288 +1.071553793e+01 +1.071553793e+01 +1.428955379e+02 +1.428955379e+02 -3.7238e+00 +1.1336e-01 +4.5121e+00 -1.9989e+00 -2.1258e+00
6411902 +1.013616170e+01 +1.013616170e+01 +1.423161617e+02 +1.423161617e+02 -4.7719e+00 +1.5748e+00 +2.9127e+00 -1.4600e+00 -2.4981e+00
8596788 +9.210602270e+00 +9.210602270e+00 +1.413906023e+02 +1.413906023e+02 -1.7859e+00 +6.8618e-01 +3.9996e+00 -1.4903e+00 -2.7855e+00
20787212 +6.354609666e+00 +6.354609666e+00 +1.385346097e+02 +1.385346097e+02 -3.6911e+00 +3.0407e+00 +2.8338e+00 -1.9564e+00 -2.4998e+00
29237648 +3.383441221e+00 +3.383441221e+00 +1.355634412e+02 +1.355634412e+02 -3.8405e+00 +1.4384e+00 +3.4863e+00 -1.9757e+00 -2.1489e+00
% function evaluation | noise-free fitness - Fopt (1.000000000000e+03) | best noise-free fitness - Fopt | measured fitness | best measured fitness | x1 | x2...
1 +4.117121494e+02 +4.117121494e+02 +1.411712149e+03 +1.411712149e+03 +4.0817e+00 -1.5239e+00 -2.9576e+00 -4.7748e+00 -7.7722e-01
2 +2.151664939e+02 +2.151664939e+02 +1.215166494e+03 +1.215166494e+03 -2.8452e+00 -1.4832e+00 +2.8479e+00 +3.7064e+00 +4.4055e-01
9 +1.334720363e+02 +1.334720363e+02 +1.133472036e+03 +1.133472036e+03 -1.4751e+00 -3.1803e-01 +5.9276e-01 -1.7507e-01 -1.3185e+00
12 +9.321090733e+01 +9.321090733e+01 +1.093210907e+03 +1.093210907e+03 +1.3148e+00 +3.8221e+00 -3.5899e+00 +7.8303e-01 -1.3896e+00
98 +7.149790874e+01 +7.149790874e+01 +1.071497909e+03 +1.071497909e+03 -4.6976e+00 +3.8674e+00 -1.2291e+00 +3.1491e+00 -1.8492e+00
261 +5.230867403e+01 +5.230867403e+01 +1.052308674e+03 +1.052308674e+03 +3.9487e+00 +2.0056e+00 -5.5969e-01 +2.0110e+00 -2.1028e-01
501 +4.673998543e+01 +4.673998543e+01 +1.046739985e+03 +1.046739985e+03 +1.3083e+00 +2.4516e+00 -2.3349e+00 +4.0145e+00 -1.2249e+00
1080 +4.205878101e+01 +4.205878101e+01 +1.042058781e+03 +1.042058781e+03 +4.7132e+00 +4.7685e+00 -1.3040e+00 +1.8655e+00 -8.4411e-01
2843 +2.346785191e+01 +2.346785191e+01 +1.023467852e+03 +1.023467852e+03 +6.4265e-01 +3.3174e+00 -1.3060e+00 +1.6352e+00 -5.3699e-01
8610 +1.187217709e+01 +1.187217709e+01 +1.011872177e+03 +1.011872177e+03 +5.7388e-01 +4.6166e+00 -6.8026e-01 +2.5119e+00 -1.4738e+00
2290734 +1.024367882e+01 +1.024367882e+01 +1.010243679e+03 +1.010243679e+03 +1.5377e+00 +2.5068e+00 -1.1674e+00 +2.8613e+00 -4.9334e-01
3700355 +6.041256815e+00 +6.041256815e+00 +1.006041257e+03 +1.006041257e+03 +2.6195e+00 +3.3194e+00 -6.7998e-01 +2.8299e+00 -8.0786e-01
% function evaluation | noise-free fitness - Fopt (-1.846000000000e+01) | best noise-free fitness - Fopt | measured fitness | best measured fitness | x1 | x2...
1 +3.290528961e+02 +3.290528961e+02 +3.105928961e+02 +3.105928961e+02 -2.5843e+00 -1.7270e-01 +2.6659e+00 -4.5269e+00 -1.6029e+00
4 +1.833295020e+02 +1.833295020e+02 +1.648695020e+02 +1.648695020e+02 +4.4026e-01 -2.2804e-01 -1.2832e+00 +4.4967e+00 +9.1890e-01
15 +8.274005820e+01 +8.274005820e+01 +6.428005820e+01 +6.428005820e+01 +4.1310e+00 +3.3446e+00 +2.4574e+00 +3.9908e+00 +1.5404e+00
27 +4.446466666e+01 +4.446466666e+01 +2.600466666e+01 +2.600466666e+01 +2.2647e+00 +3.4233e+00 +4.2244e+00 +2.5102e+00 +6.9074e-01
3329 +3.360438515e+01 +3.360438515e+01 +1.514438515e+01 +1.514438515e+01 +3.1612e+00 +1.0975e+00 +3.1057e+00 +2.0568e+00 +1.8303e-01
19098 +2.774826489e+01 +2.774826489e+01 +9.288264888e+00 +9.288264888e+00 +2.9527e+00 +8.1451e-01 +2.1079e+00 +8.2194e-01 +1.3519e+00
28468 +2.684840575e+01 +2.684840575e+01 +8.388405753e+00 +8.388405753e+00 +1.2529e+00 +8.1723e-01 +2.5131e+00 +5.2255e-01 +1.6549e+00
53218 +2.300649821e+01 +2.300649821e+01 +4.546498207e+00 +4.546498207e+00 +2.2257e+00 +2.5034e+00 +2.5724e+00 +1.9451e+00 +9.6725e-01
70149 +2.186268035e+01 +2.186268035e+01 +3.402680353e+00 +3.402680353e+00 +3.1710e+00 +2.3383e-01 +3.2632e+00 +2.1359e+00 +6.9684e-01
124479 +1.191602131e+01 +1.191602131e+01 -6.543978690e+00 -6.543978690e+00 +1.1736e+00 +1.6421e+00 +3.1630e+00 +8.4608e-01 +1.2680e+00
628748 +1.095977448e+01 +1.095977448e+01 -7.500225522e+00 -7.500225522e+00 +2.2992e-01 +1.6417e+00 +2.5465e+00 +1.6103e+00 +6.3414e-01
793773 +6.239792167e+00 +6.239792167e+00 -1.222020783e+01 -1.222020783e+01 +2.0968e+00 +2.2817e+00 +3.7530e+00 +1.6663e+00 +9.3696e-01
10334468 +5.587992762e+00 +5.587992762e+00 -1.287200724e+01 -1.287200724e+01 +1.1402e+00 +8.7301e-01 +3.7098e+00 +1.2622e+00 +9.2281e-01
45374981 +3.106941116e+00 +3.106941116e+00 -1.535305888e+01 -1.535305888e+01 +2.2196e+00 +8.4801e-01 +3.2123e+00 +1.7050e+00 +9.3007e-01
% function evaluation | noise-free fitness - Fopt (-6.046000000000e+01) | best noise-free fitness - Fopt | measured fitness | best measured fitness | x1 | x2...
1 +2.656927838e+03 +2.656927838e+03 +2.596467838e+03 +2.596467838e+03 -1.7507e-01 +3.2655e+00 +3.3732e+00 -3.1501e+00 +2.2521e+00
2 +5.417695662e+02 +5.417695662e+02 +4.813095662e+02 +4.813095662e+02 +8.1219e-01 +3.9523e+00 +1.1688e+00 -7.6724e-01 +2.9949e-02
4 +3.510222581e+02 +3.510222581e+02 +2.905622581e+02 +2.905622581e+02 -4.6093e-01 -1.0259e-01 -4.9428e+00 +2.8119e+00 -1.8201e+00
5 +2.310230110e+02 +2.310230110e+02 +1.705630110e+02 +1.705630110e+02 +3.4649e+00 +2.2629e+00 +8.5952e-01 -4.1835e+00 -4.8521e+00
8 +1.468470375e+02 +1.468470375e+02 +8.638703750e+01 +8.638703750e+01 +3.2216e+00 -3.1077e+00 +2.6562e+00 -7.5771e-02 -3.3113e+00
58 +9.658292717e+01 +9.658292717e+01 +3.612292717e+01 +3.612292717e+01 +2.6511e+00 +3.0814e+00 +3.4728e+00 -1.6064e+00 -2.5768e+00
59 +7.697873035e+01 +7.697873035e+01 +1.651873035e+01 +1.651873035e+01 -2.8496e-01 +4.3959e+00 +4.5668e+00 +2.1942e-01 -3.0378e+00
68 +6.764534846e+01 +6.764534846e+01 +7.185348456e+00 +7.185348456e+00 +2.4948e+00 +3.6165e+00 +3.8931e+00 -3.4129e-01 -3.8432e+00
69 +6.566025039e+01 +6.566025039e+01 +5.200250385e+00 +5.200250385e+00 +3.2126e+00 +2.1585e+00 +4.6654e+00 +1.7886e+00 -4.7606e+00
446 +4.404965218e+01 +4.404965218e+01 -1.641034782e+01 -1.641034782e+01 -6.5032e-01 +4.5675e+00 +1.4132e+00 +8.1849e-01 -4.1589e+00
2806 +4.096032644e+01 +4.096032644e+01 -1.949967356e+01 -1.949967356e+01 +1.8734e+00 +4.5564e+00 +1.9106e+00 +3.0983e-01 -4.1687e+00
2880 +3.969817937e+01 +3.969817937e+01 -2.076182063e+01 -2.076182063e+01 +7.5584e-01 +8.6341e-01 +2.8611e+00 +8.0113e-01 -3.1146e+00
4639 +3.453419101e+01 +3.453419101e+01 -2.592580899e+01 -2.592580899e+01 +4.8590e+00 +4.6153e+00 +2.5078e+00 +2.2589e+00 -3.8980e+00
20063 +3.330837211e+01 +3.330837211e+01 -2.715162789e+01 -2.715162789e+01 +4.4837e+00 +2.8561e+00 +2.9308e+00 +1.1979e+00 -4.2234e+00
20705 +3.091151024e+01 +3.091151024e+01 -2.954848976e+01 -2.954848976e+01 +9.1304e-01 +2.1904e+00 +2.4865e+00 +1.2004e+00 -4.2727e+00
23556 +2.296253548e+01 +2.296253548e+01 -3.749746452e+01 -3.749746452e+01 +1.5177e+00 +4.7098e+00 +3.0286e+00 +1.7739e+00 -3.1642e+00
24515 +1.922633849e+01 +1.922633849e+01 -4.123366151e+01 -4.123366151e+01 -2.9858e-01 +2.2015e+00 +3.4980e+00 +4.0375e-01 -4.2790e+00
141503 +1.149749622e+01 +1.149749622e+01 -4.896250378e+01 -4.896250378e+01 +7.1518e-01 +3.1257e+00 +2.9782e+00 +1.3352e+00 -4.6396e+00
2585706 +7.334547742e+00 +7.334547742e+00 -5.312545226e+01 -5.312545226e+01 +6.7137e-01 +2.2685e+00 +2.9128e+00 +8.9885e-01 -3.9426e+00
2683731 +3.818085473e+00 +3.818085473e+00 -5.664191453e+01 -5.664191453e+01 +1.6954e+00 +3.0525e+00 +2.4301e+00 +1.2768e+00 -3.5957e+00
37775009 +3.532795392e+00 +3.532795392e+00 -5.692720461e+01 -5.692720461e+01 +1.7626e+00 +3.0251e+00 +3.0229e+00 +1.2876e+00 -3.5300e+00
% function evaluation | noise-free fitness - Fopt (3.173300000000e+02) | best noise-free fitness - Fopt | measured fitness | best measured fitness | x1 | x2...
1 +5.757653898e+02 +5.757653898e+02 +8.930953898e+02 +8.930953898e+02 +4.8702e+00 +4.1338e+00 +4.2855e+00 -4.9697e+00 -9.8983e-01
2 +5.145528418e+02 +5.145528418e+02 +8.318828418e+02 +8.318828418e+02 +1.1776e+00 +2.8498e+00 -4.9479e+00 +3.8607e+00 -1.7050e+00
3 +2.507238898e+02 +2.507238898e+02 +5.680538898e+02 +5.680538898e+02 -4.9516e-01 +1.7894e+00 +4.1243e+00 -3.1955e+00 +1.0908e+00
6 +2.336067406e+02 +2.336067406e+02 +5.509367406e+02 +5.509367406e+02 -5.1205e-01 -1.4693e+00 +2.5917e+00 -3.1984e+00 -8.2494e-01
13 +1.270927918e+02 +1.270927918e+02 +4.444227918e+02 +4.444227918e+02 -1.4604e+00 -3.6283e+00 +2.7723e+00 +3.7908e+00 -1.4938e+00
23 +1.178202729e+02 +1.178202729e+02 +4.351502729e+02 +4.351502729e+02 +2.1717e+00 -2.3427e+00 +4.2327e+00 -3.2543e-01 +4.4718e-01
36 +8.623008325e+01 +8.623008325e+01 +4.035600833e+02 +4.035600833e+02 -4.2688e+00 -3.7974e-01 +4.8727e+00 +2.5723e+00 -2.0283e-02
192 +5.018664598e+01 +5.018664598e+01 +3.675166460e+02 +3.675166460e+02 -1.7185e+00 -1.9758e+00 +4.8960e+00 +3.4420e+00 +1.6050e+00
326 +5.001754517e+01 +5.001754517e+01 +3.673475452e+02 +3.673475452e+02 -2.6701e+00 -2.0549e+00 +4.9971e+00 +1.8348e+00 +3.2272e-01
451 +3.991098617e+01 +3.991098617e+01 +3.572409862e+02 +3.572409862e+02 -1.4250e+00 -2.7545e+00 +3.7196e+00 +9.1904e-01 +1.0113e+00
572 +3.573769618e+01 +3.573769618e+01 +3.530676962e+02 +3.530676962e+02 -4.2801e-01 -2.0817e+00 +2.3400e+00 +9.9496e-01 -1.8856e-02
1527 +3.435527212e+01 +3.435527212e+01 +3.516852721e+02 +3.516852721e+02 -3.5647e+00 -4.2336e+00 +2.3377e+00 +2.7848e+00 +1.6525e+00
1850 +3.387221452e+01 +3.387221452e+01 +3.512022145e+02 +3.512022145e+02 -1.4327e+00 -1.6666e+00 +4.5300e+00 +7.1415e-01 +7.0883e-01
12039 +3.305797829e+01 +3.305797829e+01 +3.503879783e+02 +3.503879783e+02 -3.6121e+00 -2.6678e+00 +4.4546e+00 +1.9369e+00 +4.8677e-02
15564 +3.229932618e+01 +3.229932618e+01 +3.496293262e+02 +3.496293262e+02 -4.6368e-01 -4.6786e+00 +3.1832e+00 +1.9855e+00 +4.1584e-01
24276 +2.530301794e+01 +2.530301794e+01 +3.426330179e+02 +3.426330179e+02 -1.4061e+00 -3.2796e+00 +4.1171e+00 +2.3595e+00 +9.9328e-01
40986 +2.468581929e+01 +2.468581929e+01 +3.420158193e+02 +3.420158193e+02 +1.6077e+00 -3.2808e+00 +3.9285e+00 +2.8425e+00 +2.9035e-01
47040 +2.436838519e+01 +2.436838519e+01 +3.416983852e+02 +3.416983852e+02 -4.0085e-01 -3.1623e+00 +4.9425e+00 +1.4736e+00 +1.3214e+00
48638 +1.630717899e+01 +1.630717899e+01 +3.336371790e+02 +3.336371790e+02 -1.4176e+00 -4.0308e+00 +3.2068e+00 +1.8713e+00 +1.7195e+00
534279 +1.520141623e+01 +1.520141623e+01 +3.325314162e+02 +3.325314162e+02 -1.6082e+00 -2.4383e+00 +3.7572e+00 +9.9366e-01 +1.3053e+00
742413 +9.882879736e+00 +9.882879736e+00 +3.272128797e+02 +3.272128797e+02 -1.5833e+00 -4.1242e+00 +4.3336e+00 +1.9120e+00 +1.3029e+00
3116303 +9.761627793e+00 +9.761627793e+00 +3.270916278e+02 +3.270916278e+02 -1.5143e+00 -4.0580e+00 +2.7405e+00 +1.4923e+00 +1.3004e+00
3541142 +7.716702816e+00 +7.716702816e+00 +3.250467028e+02 +3.250467028e+02 -1.5491e+00 -2.6548e+00 +3.3119e+00 +1.4823e+00 +1.2877e+00
7742377 +7.004634557e+00 +7.004634557e+00 +3.243346346e+02 +3.243346346e+02 -4.9514e-01 -2.5978e+00 +3.1712e+00 +1.9196e+00 +1.3135e+00
10898284 +4.583515890e+00 +4.583515890e+00 +3.219135159e+02 +3.219135159e+02 -1.4256e+00 -4.1198e+00 +3.8647e+00 +1.8667e+00 +1.3251e+00
41442536 +4.099496224e+00 +4.099496224e+00 +3.214294962e+02 +3.214294962e+02 -1.4159e+00 -2.4940e+00 +3.2286e+00 +1.8924e+00 +1.2976e+00
% function evaluation | noise-free fitness - Fopt (3.384000000000e+02) | best noise-free fitness - Fopt | measured fitness | best measured fitness | x1 | x2...
1 +9.879556665e+02 +9.879556665e+02 +1.326355667e+03 +1.326355667e+03 -2.6609e+00 +4.9972e+00 +2.6509e+00 -4.9569e+00 +4.9278e+00
2 +4.162270866e+02 +4.162270866e+02 +7.546270866e+02 +7.546270866e+02 +2.4764e+00 -2.2236e+00 +1.8414e+00 -1.4660e+00 -3.3990e+00
6 +3.476895001e+02 +3.476895001e+02 +6.860895001e+02 +6.860895001e+02 +2.7461e+00 -4.1192e+00 +1.7607e+00 -4.9511e+00 +1.1063e+00
7 +3.207812729e+02 +3.207812729e+02 +6.591812729e+02 +6.591812729e+02 -3.8524e+00 -3.1261e+00 -1.1495e+00 -2.0482e+00 -3.6349e+00
9 +1.044911709e+02 +1.044911709e+02 +4.428911709e+02 +4.428911709e+02 -7.2380e-01 -3.7567e+00 +1.1021e+00 -1.6556e-01 +2.0629e+00
26 +7.053222470e+01 +7.053222470e+01 +4.089322247e+02 +4.089322247e+02 +5.6869e-01 -2.2107e+00 -2.9482e+00 +2.9674e+00 +5.1688e-01
196 +6.599487013e+01 +6.599487013e+01 +4.043948701e+02 +4.043948701e+02 -2.3954e+00 -4.6145e+00 -4.0637e+00 +6.3096e-01 +1.0625e+00
335 +4.972474933e+01 +4.972474933e+01 +3.881247493e+02 +3.881247493e+02 -1.5409e+00 -3.2836e+00 -1.9707e+00 +6.4544e-01 +6.5559e-01
558 +3.640517066e+01 +3.640517066e+01 +3.748051707e+02 +3.748051707e+02 -4.0080e+00 -2.3879e+00 -2.2343e+00 +1.1347e+00 +8.0489e-01
566 +3.440386824e+01 +3.440386824e+01 +3.728038682e+02 +3.728038682e+02 +6.9467e-01 -2.5281e+00 -1.4945e+00 +1.1339e+00 +5.9074e-01
11790 +2.832842547e+01 +2.832842547e+01 +3.667284255e+02 +3.667284255e+02 +8.3834e-01 -3.0238e+00 -3.2728e+00 +1.9747e+00 +1.5249e+00
11839 +2.523435637e+01 +2.523435637e+01 +3.636343564e+02 +3.636343564e+02 -2.1566e+00 -4.7018e+00 -1.5943e+00 +1.1014e-01 +1.8139e+00
18543 +2.388826573e+01 +2.388826573e+01 +3.622882657e+02 +3.622882657e+02 -2.7578e-01 -4.7081e+00 -2.7092e+00 +1.1284e+00 +1.5323e+00
90336 +1.827833859e+01 +1.827833859e+01 +3.566783386e+02 +3.566783386e+02 -2.3561e+00 -4.5636e+00 -1.6032e+00 +1.5054e+00 +1.5796e+00
192694 +1.365462539e+01 +1.365462539e+01 +3.520546254e+02 +3.520546254e+02 -1.0985e+00 -3.8674e+00 -2.7264e+00 +1.1899e+00 +1.2389e+00
234423 +1.088351294e+01 +1.088351294e+01 +3.492835129e+02 +3.492835129e+02 -2.2015e+00 -3.1051e+00 -2.6825e+00 +6.7931e-01 +1.1843e+00
3130742 +1.024619494e+01 +1.024619494e+01 +3.486461949e+02 +3.486461949e+02 -3.9248e+00 -3.8850e+00 -2.1828e+00 +1.5281e+00 +1.5773e+00
14602106 +9.181915838e+00 +9.181915838e+00 +3.475819158e+02 +3.475819158e+02 -3.1270e+00 -3.8157e+00 -2.2285e+00 +1.0600e+00 +9.6272e-01
19279677 +8.015520298e+00 +8.015520298e+00 +3.464155203e+02 +3.464155203e+02 -2.1588e+00 -3.0085e+00 -2.6150e+00 +1.0853e+00 +9.3718e-01
38118694 +7.033454841e+00 +7.033454841e+00 +3.454334548e+02 +3.454334548e+02 -2.0799e+00 -3.0679e+00 -2.2045e+00 +1.0132e+00 +1.2396e+00
40308384 +6.688685737e+00 +6.688685737e+00 +3.450886857e+02 +3.450886857e+02 -2.1722e+00 -3.1045e+00 -2.7600e+00 +1.1183e+00 +1.6161e+00
% function evaluation | noise-free fitness - Fopt (-4.940000000000e+01) | best noise-free fitness - Fopt | measured fitness | best measured fitness | x1 | x2...
1 +8.095793869e+03 +8.095793869e+03 +8.046393869e+03 +8.046393869e+03 -9.2838e-01 +3.5150e+00 +3.7525e+00 -2.0386e+00 +4.6418e+00
2 +1.385418489e+02 +1.385418489e+02 +8.914184895e+01 +8.914184895e+01 +4.7927e+00 +2.9127e+00 -2.9480e+00 -1.8436e+00 -2.3470e+00
11 +1.235902966e+02 +1.235902966e+02 +7.419029665e+01 +7.419029665e+01 -3.4694e+00 -4.0664e+00 -8.3075e-01 +2.3965e+00 -3.8577e+00
16 +9.598198173e+01 +9.598198173e+01 +4.658198173e+01 +4.658198173e+01 -1.0675e+00 -2.3406e+00 -2.3719e+00 +6.2498e-01 -3.2392e+00
22 +8.165279395e+01 +8.165279395e+01 +3.225279395e+01 +3.225279395e+01 +4.7265e+00 -1.1980e+00 +1.3880e+00 +1.1237e+00 -4.5691e+00
154 +5.510721625e+01 +5.510721625e+01 +5.707216253e+00 +5.707216253e+00 +1.4629e+00 +3.4162e+00 +5.5977e-01 +1.5691e+00 -3.0144e+00
211 +5.034519996e+01 +5.034519996e+01 +9.451999619e-01 +9.451999619e-01 +4.5893e+00 +2.5221e+00 +3.0962e-01 +5.7498e-01 -4.7079e+00
1409 +4.508996485e+01 +4.508996485e+01 -4.310035145e+00 -4.310035145e+00 +4.6372e+00 +1.3401e+00 -1.8680e+00 +6.6139e-01 -3.0915e+00
5049 +3.813067743e+01 +3.813067743e+01 -1.126932257e+01 -1.126932257e+01 +2.1310e+00 -1.8649e-01 -2.0649e-01 +9.0908e-01 -3.0760e+00
11032 +3.746783652e+01 +3.746783652e+01 -1.193216348e+01 -1.193216348e+01 +2.4154e+00 +3.9822e+00 -8.2704e-02 +1.4758e+00 -4.0609e+00
13106 +2.954544635e+01 +2.954544635e+01 -1.985455365e+01 -1.985455365e+01 +1.9287e+00 +2.9061e+00 -2.5377e-01 +1.9509e+00 -4.6548e+00
35393 +2.824890418e+01 +2.824890418e+01 -2.115109582e+01 -2.115109582e+01 +3.9160e+00 +3.8642e+00 -6.1710e-01 +1.9472e+00 -4.0452e+00
36312 +2.339112189e+01 +2.339112189e+01 -2.600887811e+01 -2.600887811e+01 +2.9527e+00 +2.7717e+00 -3.3806e-03 +1.5047e+00 -4.3760e+00
57188 +1.884074014e+01 +1.884074014e+01 -3.055925986e+01 -3.055925986e+01 +2.9544e+00 +3.9907e-01 +3.3373e-01 +1.1266e+00 -3.3646e+00
375243 +1.555150066e+01 +1.555150066e+01 -3.384849934e+01 -3.384849934e+01 +4.8906e+00 +2.1083e+00 -1.1032e-01 +1.1225e+00 -3.0542e+00
1123315 +1.515524527e+01 +1.515524527e+01 -3.424475473e+01 -3.424475473e+01 +4.1348e+00 +1.4355e+00 -7.9961e-01 +1.4370e+00 -3.7107e+00
1143727 +1.481886950e+01 +1.481886950e+01 -3.458113050e+01 -3.458113050e+01 +3.9866e+00 +2.2072e+00 -9.0894e-02 +1.1241e+00 -2.9935e+00
1560218 +9.937580662e+00 +9.937580662e+00 -3.946241934e+01 -3.946241934e+01 +3.0511e+00 +5.1549e-01 -1.2687e-01 +1.4480e+00 -4.0770e+00
9029282 +8.330185889e+00 +8.330185889e+00 -4.106981411e+01 -4.106981411e+01 +3.0034e+00 +1.2909e+00 -1.3345e-01 +1.4132e+00 -3.3804e+00
9476261 +7.067940076e+00 +7.067940076e+00 -4.233205992e+01 -4.233205992e+01 +4.0075e+00 +2.0462e+00 -2.0645e-01 +1.1124e+00 -4.0655e+00
27295551 +6.493052580e+00 +6.493052580e+00 -4.290694742e+01 -4.290694742e+01 +4.0157e+00 +2.0594e+00 -2.1847e-01 +1.9488e+00 -3.7643e+00
38453501 +5.110073080e+00 +5.110073080e+00 -4.428992692e+01 -4.428992692e+01 +3.8988e+00 +1.3550e+00 -1.4971e-01 +1.9588e+00 -3.4287e+00
% function evaluation | noise-free fitness - Fopt (-5.557000000000e+01) | best noise-free fitness - Fopt | measured fitness | best measured fitness | x1 | x2...
1 +1.718106344e+03 +1.718106344e+03 +1.662536344e+03 +1.662536344e+03 +2.3583e+00 +4.6987e+00 -4.3341e+00 +2.4587e+00 +3.7893e+00
2 +2.723413036e+02 +2.723413036e+02 +2.167713036e+02 +2.167713036e+02 +2.5997e-02 -3.6927e+00 +4.0175e+00 +3.2296e+00 -5.6958e-01
5 +2.573977431e+02 +2.573977431e+02 +2.018277431e+02 +2.018277431e+02 -1.8399e+00 +4.9779e+00 +3.8211e+00 -6.9635e-01 -3.6727e+00
13 +2.377003167e+02 +2.377003167e+02 +1.821303167e+02 +1.821303167e+02 +2.1805e+00 +3.0042e+00 +8.6699e-01 +4.9326e-01 -4.8901e+00
14 +2.130037897e+02 +2.130037897e+02 +1.574337897e+02 +1.574337897e+02 +2.3649e+00 +3.3880e+00 +6.1673e-01 -1.2848e+00 -1.5470e+00
23 +9.885473616e+01 +9.885473616e+01 +4.328473616e+01 +4.328473616e+01 -2.6571e+00 -6.9183e-01 +7.5273e-01 +1.8283e+00 -4.4696e-01
80 +6.847112969e+01 +6.847112969e+01 +1.290112969e+01 +1.290112969e+01 -4.1983e+00 -5.7573e-01 +1.6585e+00 +2.0091e+00 -7.0254e-01
395 +6.057997918e+01 +6.057997918e+01 +5.009979180e+00 +5.009979180e+00 -3.6597e+00 +2.1160e+00 +1.2956e+00 +2.9829e+00 -2.3856e+00
812 +5.946857474e+01 +5.946857474e+01 +3.898574740e+00 +3.898574740e+00 -4.9731e+00 +2.9570e+00 -2.7797e+00 +2.7604e+00 -2.3742e+00
1592 +4.355877663e+01 +4.355877663e+01 -1.201122337e+01 -1.201122337e+01 -1.1783e+00 +2.9598e+00 -2.6006e+00 +2.8826e+00 -2.5439e+00
1634 +4.265101856e+01 +4.265101856e+01 -1.291898144e+01 -1.291898144e+01 -9.8517e-01 +1.1381e-01 +3.3772e-01 +3.2159e+00 -1.4753e+00
7478 +1.939627908e+01 +1.939627908e+01 -3.617372092e+01 -3.617372092e+01 -4.0730e+00 +1.4422e+00 -1.4400e+00 +2.4431e+00 -2.0803e+00
193899 +1.713019977e+01 +1.713019977e+01 -3.843980023e+01 -3.843980023e+01 -3.9855e+00 +3.7766e+00 -9.2629e-01 +3.3992e+00 -1.8700e+00
410934 +1.675540751e+01 +1.675540751e+01 -3.881459249e+01 -3.881459249e+01 -3.0377e+00 +2.3924e+00 -4.2102e-01 +2.9285e+00 -1.8821e+00
493749 +1.405077700e+01 +1.405077700e+01 -4.151922300e+01 -4.151922300e+01 -4.8711e+00 +3.9236e+00 -8.7912e-01 +2.9508e+00 -2.1036e+00
1403109 +1.349549600e+01 +1.349549600e+01 -4.207450400e+01 -4.207450400e+01 -2.9397e+00 +1.5900e+00 +7.0853e-01 +2.8125e+00 -1.4321e+00
2063967 +1.294831000e+01 +1.294831000e+01 -4.262169000e+01 -4.262169000e+01 -3.8784e+00 +3.2192e+00 -1.3968e+00 +2.8321e+00 -1.4338e+00
3837246 +1.067939898e+01 +1.067939898e+01 -4.489060102e+01 -4.489060102e+01 -2.9582e+00 +1.6340e+00 -9.4923e-01 +2.4808e+00 -1.1914e+00
13144734 +8.762288577e+00 +8.762288577e+00 -4.680771142e+01 -4.680771142e+01 -3.9070e+00 +2.3103e+00 -9.0436e-01 +2.4767e+00 -1.1496e+00
16671563 +7.530640657e+00 +7.530640657e+00 -4.803935934e+01 -4.803935934e+01 -2.9878e+00 +3.0182e+00 +1.8237e-01 +3.3527e+00 -1.4604e+00
28055610 +6.519372059e+00 +6.519372059e+00 -4.905062794e+01 -4.905062794e+01 -3.9423e+00 +2.2795e+00 -3.8708e-01 +2.8861e+00 -1.1868e+00
% function evaluation | noise-free fitness - Fopt (-1.412700000000e+02) | best noise-free fitness - Fopt | measured fitness | best measured fitness | x1 | x2...
1 +2.549534654e+02 +2.549534654e+02 +1.136834654e+02 +1.136834654e+02 +2.7946e+00 +2.0781e+00 -1.1887e+00 +4.1072e+00 +8.0307e-01
2 +1.926805070e+02 +1.926805070e+02 +5.141050702e+01 +5.141050702e+01 +1.9635e+00 -2.4369e+00 -3.3171e+00 -2.7039e+00 +1.1433e+00
10 +1.848676119e+02 +1.848676119e+02 +4.359761194e+01 +4.359761194e+01 -4.5506e+00 -3.1496e+00 +5.9856e-01 -1.2963e+00 +2.0016e+00
11 +1.660921373e+02 +1.660921373e+02 +2.482213733e+01 +2.482213733e+01 +7.7389e-01 +3.7835e+00 -1.0293e+00 +3.1558e+00 +1.7822e+00
13 +1.187506393e+02 +1.187506393e+02 -2.251936069e+01 -2.251936069e+01 -3.9741e-01 -2.7771e-01 +7.3793e-01 -6.1040e-01 +2.6238e+00
16 +1.021675240e+02 +1.021675240e+02 -3.910247597e+01 -3.910247597e+01 +5.6895e-01 +2.2411e+00 -1.5287e-01 -1.1125e+00 -1.4695e+00
41 +7.232925199e+01 +7.232925199e+01 -6.894074801e+01 -6.894074801e+01 +3.9358e+00 +3.9995e+00 +1.3739e+00 -1.9997e+00 -6.4420e-02
43 +6.399163521e+01 +6.399163521e+01 -7.727836479e+01 -7.727836479e+01 -3.5987e-01 +3.1822e+00 +4.8505e-01 -4.8366e-01 +2.3048e+00
120 +3.472998825e+01 +3.472998825e+01 -1.065400118e+02 -1.065400118e+02 -2.1456e-01 +4.9135e+00 -1.5426e-01 +1.1370e+00 +1.6231e+00
1236 +2.503654703e+01 +2.503654703e+01 -1.162334530e+02 -1.162334530e+02 +7.8100e-01 +2.7119e+00 -2.8208e-02 +6.6572e-04 +7.6669e-01
48716 +2.085574684e+01 +2.085574684e+01 -1.204142532e+02 -1.204142532e+02 +2.8170e+00 +4.1921e+00 -1.6774e-01 +1.1526e+00 +1.5935e+00
53270 +1.943327601e+01 +1.943327601e+01 -1.218367240e+02 -1.218367240e+02 +2.8787e+00 +3.3446e+00 +2.1601e+00 -8.5050e-01 +8.8928e-01
108615 +1.442496966e+01 +1.442496966e+01 -1.268450303e+02 -1.268450303e+02 +2.7688e+00 +4.1440e+00 +1.5925e+00 -4.0213e-01 +5.2212e-01
1533839 +1.029968695e+01 +1.029968695e+01 -1.309703130e+02 -1.309703130e+02 +2.9290e+00 +3.4076e+00 +5.2088e-01 +4.6070e-01 +1.5174e+00
4079813 +9.859653637e+00 +9.859653637e+00 -1.314103464e+02 -1.314103464e+02 +9.0282e-01 +4.1069e+00 +1.0858e+00 -3.8439e-01 +8.6967e-01
8418391 +8.140794396e+00 +8.140794396e+00 -1.331292056e+02 -1.331292056e+02 +1.8560e+00 +4.2815e+00 -1.2168e-01 +9.5111e-02 +5.3675e-01
16492387 +7.034925372e+00 +7.034925372e+00 -1.342350746e+02 -1.342350746e+02 +3.7962e+00 +3.4636e+00 -1.1573e-02 +7.5388e-02 +8.4990e-01
26026981 +6.707461163e+00 +6.707461163e+00 -1.345625388e+02 -1.345625388e+02 +2.9019e+00 +4.2812e+00 +1.3696e-02 +6.5171e-02 +8.6966e-01
% function evaluation | noise-free fitness - Fopt (1.822100000000e+02) | best noise-free fitness - Fopt | measured fitness | best measured fitness | x1 | x2...
1 +2.377407604e+02 +2.377407604e+02 +4.199507604e+02 +4.199507604e+02 +2.3234e+00 -2.3041e+00 +2.9697e+00 +1.4402e+00 -2.6031e+00
4 +1.124363534e+02 +1.124363534e+02 +2.946463534e+02 +2.946463534e+02 +1.7562e+00 -7.6495e-01 +1.2273e+00 +4.7394e+00 +2.3096e+00
27 +9.560079743e+01 +9.560079743e+01 +2.778107974e+02 +2.778107974e+02 +1.5730e+00 -9.5436e-01 -7.9092e-01 +1.7519e+00 -5.0540e-01
112 +7.143806029e+01 +7.143806029e+01 +2.536480603e+02 +2.536480603e+02 -1.3695e+00 -4.6892e+00 -5.4177e-01 +3.8661e+00 +2.3803e+00
157 +6.971581439e+01 +6.971581439e+01 +2.519258144e+02 +2.519258144e+02 -1.1731e+00 -2.5244e+00 -3.0529e-01 +3.9023e+00 +1.5308e+00
264 +3.599992177e+01 +3.599992177e+01 +2.182099218e+02 +2.182099218e+02 +2.6855e+00 -2.3661e+00 -5.6161e-01 +4.5293e+00 +1.0811e+00
2613 +3.302210278e+01 +3.302210278e+01 +2.152321028e+02 +2.152321028e+02 +4.7834e+00 -4.0131e+00 -6.3058e-01 +3.0068e+00 +8.3428e-01
17009 +3.235785801e+01 +3.235785801e+01 +2.145678580e+02 +2.145678580e+02 +6.3500e-01 -3.0905e+00 +5.4887e-01 +2.6092e+00 +4.7975e-01
62949 +3.161385631e+01 +3.161385631e+01 +2.138238563e+02 +2.138238563e+02 +1.3214e+00 -1.7762e+00 -6.8009e-01 +3.3770e+00 +4.5022e-01
66745 +2.778940346e+01 +2.778940346e+01 +2.099994035e+02 +2.099994035e+02 -4.2555e-01 -1.7131e+00 +1.8090e-01 +3.4238e+00 +1.6001e-01
99666 +2.658896541e+01 +2.658896541e+01 +2.087989654e+02 +2.087989654e+02 -1.2876e+00 -3.2969e+00 +6.5881e-01 +3.2704e+00 +1.0845e+00
121883 +1.577130694e+01 +1.577130694e+01 +1.979813069e+02 +1.979813069e+02 -1.6630e-01 -1.9344e+00 +1.0928e+00 +4.2369e+00 +4.9621e-01
263080 +1.544488781e+01 +1.544488781e+01 +1.976548878e+02 +1.976548878e+02 -2.4551e-01 -2.4674e+00 +6.3441e-02 +3.8514e+00 +4.0231e-01
867665 +1.510383029e+01 +1.510383029e+01 +1.973138303e+02 +1.973138303e+02 +2.6803e+00 -3.3808e+00 +5.7902e-03 +4.7180e+00 +8.0481e-01
1258403 +1.156191719e+01 +1.156191719e+01 +1.937719172e+02 +1.937719172e+02 +1.8107e+00 -3.2174e+00 -1.5543e-02 +3.8346e+00 +1.1159e-01
1406136 +8.830975882e+00 +8.830975882e+00 +1.910409759e+02 +1.910409759e+02 +8.8627e-01 -2.5421e+00 -5.1846e-01 +3.7703e+00 +4.4070e-01
7802091 +8.245680842e+00 +8.245680842e+00 +1.904556808e+02 +1.904556808e+02 +1.7473e+00 -2.4901e+00 -4.2719e-01 +4.2506e+00 +4.7083e-01
24965077 +4.571650040e+00 +4.571650040e+00 +1.867816500e+02 +1.867816500e+02 +1.7519e+00 -4.0746e+00 +5.1691e-02 +3.3390e+00 +8.2428e-01
% function evaluation | noise-free fitness - Fopt (8.191000000000e+01) | best noise-free fitness - Fopt | measured fitness | best measured fitness | x1 | x2...
1 +2.904588194e+02 +2.904588194e+02 +3.723688194e+02 +3.723688194e+02 +1.5990e+00 +5.0218e-02 +2.5986e+00 +1.0358e+00 +3.3798e+00
2 +6.528171197e+01 +6.528171197e+01 +1.471917120e+02 +1.471917120e+02 -1.4562e+00 +1.9124e-01 +1.2940e+00 -3.8474e+00 +3.1772e+00
21 +6.125637527e+01 +6.125637527e+01 +1.431663753e+02 +1.431663753e+02 +2.6318e-01 -1.1362e+00 -1.6485e+00 -3.3010e+00 +4.0414e+00
339 +4.438751039e+01 +4.438751039e+01 +1.262975104e+02 +1.262975104e+02 +6.8179e-02 +4.0351e-01 +8.7268e-01 -1.8824e+00 +4.0206e+00
1448 +4.277539175e+01 +4.277539175e+01 +1.246853918e+02 +1.246853918e+02 +3.1363e+00 +4.0686e-01 +1.2421e-01 -2.5213e+00 +4.2537e+00
4439 +3.158289625e+01 +3.158289625e+01 +1.134928963e+02 +1.134928963e+02 -1.6929e+00 -2.0678e+00 -9.2541e-01 -1.1357e+00 +3.1876e+00
17691 +2.707750440e+01 +2.707750440e+01 +1.089875044e+02 +1.089875044e+02 +2.1457e+00 -1.9471e+00 -5.6408e-01 -2.8117e+00 +4.2330e+00
28454 +2.558080465e+01 +2.558080465e+01 +1.074908046e+02 +1.074908046e+02 -1.6591e+00 -1.3052e+00 -2.1228e+00 -3.2314e+00 +4.1615e+00
50425 +1.229244282e+01 +1.229244282e+01 +9.420244282e+01 +9.420244282e+01 +2.2219e+00 -5.2361e-01 -3.8935e-01 -3.2591e+00 +3.8545e+00
2775925 +1.022873826e+01 +1.022873826e+01 +9.213873826e+01 +9.213873826e+01 -1.8101e+00 -6.2243e-01 +1.8183e-01 -3.2444e+00 +3.9386e+00
4156757 +9.704548144e+00 +9.704548144e+00 +9.161454814e+01 +9.161454814e+01 +2.2823e-01 -1.4012e+00 +2.4095e-01 -2.7746e+00 +3.8777e+00
8282878 +7.811632814e+00 +7.811632814e+00 +8.972163281e+01 +8.972163281e+01 +3.3109e-01 -1.3486e+00 -4.4828e-01 -3.2495e+00 +3.8731e+00
12694964 +4.600130941e+00 +4.600130941e+00 +8.651013094e+01 +8.651013094e+01 -7.9123e-01 -2.0616e+00 +1.5112e-01 -2.7983e+00 +3.9336e+00
