% function evaluation | noise-free fitness - Fopt (-4.620900000000e+02) | best noise-free fitness - Fopt | measured fitness | best measured fitness | x1 | x2...
1 +6.149013184e+02 +6.149013184e+02 +1.528113184e+02 +1.528113184e+02 +4.1515e+00 -1.7996e+00 +1.9124e+00 -3.2378e+00 -2.4767e+00 -4.6293e+00 +2.6030e+00 +4.1364e+00 -9.2736e-01 +2.7291e+00
3 +5.674491881e+02 +5.674491881e+02 +1.053591881e+02 +1.053591881e+02 -3.3621e-01 +1.1746e+00 -2.8419e+00 +4.5713e+00 -4.7890e+00 +2.7366e+00 +1.8735e+00 +4.1856e+00 -3.7880e+00 -1.4762e+00
7 +3.506908574e+02 +3.506908574e+02 -1.113991426e+02 -1.113991426e+02 -2.7507e+00 +1.9828e+00 +2.0844e+00 -4.6144e+00 -2.1508e+00 -7.4458e-02 +4.8672e+00 +1.4133e+00 +1.7483e+00 -2.0227e+00
9 +2.945335851e+02 +2.945335851e+02 -1.675564149e+02 -1.675564149e+02 -9.7592e-01 +1.2745e+00 +4.8141e+00 -4.4144e+00 -7.0001e-01 -1.3673e+00 +3.6287e-01 +2.2829e+00 +1.8930e+00 +1.3436e+00
21 +2.796241296e+02 +2.796241296e+02 -1.824658704e+02 -1.824658704e+02 -4.2817e+00 -4.5355e+00 +2.1250e+00 +5.7044e-01 -1.7023e+00 +1.6023e+00 -2.1935e+00 +1.9163e+00 +1.4062e+00 +6.4777e-01
131 +2.718523557e+02 +2.718523557e+02 -1.902376443e+02 -1.902376443e+02 -1.6154e+00 -2.7363e+00 -7.8112e-01 +1.6832e+00 +1.8887e+00 +3.9038e+00 +4.6749e+00 +2.7134e-01 +6.1897e-01 +6.6845e-01
233 +2.501313419e+02 +2.501313419e+02 -2.119586581e+02 -2.119586581e+02 -2.7565e+00 -2.9131e-01 -6.6488e-01 +4.0392e+00 +1.1767e+00 +2.7917e+00 +5.8912e-01 +3.2813e+00 +2.3054e+00 -2.0408e+00
314 +2.205223450e+02 +2.205223450e+02 -2.415676550e+02 -2.415676550e+02 +1.9023e+00 +2.2749e+00 +3.7607e+00 +9.4643e-01 +3.3075e+00 +2.5718e+00 -1.2165e+00 +3.4367e+00 +1.9393e+00 -2.1690e+00
518 +2.145857870e+02 +2.145857870e+02 -2.475042130e+02 -2.475042130e+02 +9.3897e-02 -9.4808e-01 -3.1399e-01 +1.4073e+00 +3.7217e+00 -2.6451e+00 +6.9745e-01 +3.7012e+00 +1.7295e+00 +4.5458e-01
684 +2.036544258e+02 +2.036544258e+02 -2.584355742e+02 -2.584355742e+02 +1.8342e+00 +3.9313e+00 +4.4193e+00 -2.1884e+00 +1.4914e+00 +2.7767e+00 +3.4212e+00 -1.7354e-02 -4.9853e-02 +4.7881e-01
692 +1.962749161e+02 +1.962749161e+02 -2.658150839e+02 -2.658150839e+02 -9.3322e-01 -2.5243e+00 +1.9357e+00 -1.1833e+00 +3.1049e+00 +4.7992e+00 +3.0080e+00 +1.4090e+00 +2.3325e+00 +1.4832e-01
973 +1.630211810e+02 +1.630211810e+02 -2.990688190e+02 -2.990688190e+02 -1.8781e+00 +3.0235e+00 -1.7913e+00 +7.2267e-01 -1.5193e+00 +4.1083e+00 +2.6354e+00 +1.8818e+00 +1.8280e+00 +4.0224e-01
4035 +1.494670991e+02 +1.494670991e+02 -3.126229009e+02 -3.126229009e+02 -1.2918e+00 +1.3721e+00 +6.0099e-02 -7.2983e-01 -3.8820e-01 +2.5346e+00 +2.7248e+00 +1.9320e+00 +9.4403e-01 -2.7774e-01
5263 +1.395356444e+02 +1.395356444e+02 -3.225543556e+02 -3.225543556e+02 -2.2449e+00 -2.4275e+00 +7.2939e-01 +7.5499e-03 +4.5476e-02 +2.5975e+00 +2.4893e+00 +3.3217e+00 +1.7679e+00 +1.0779e+00
12069 +1.322291098e+02 +1.322291098e+02 -3.298608902e+02 -3.298608902e+02 -2.3638e+00 +1.9411e+00 +3.1322e+00 +5.0801e-01 +4.6028e+00 +7.7584e-01 +2.6571e+00 +2.1225e+00 +3.5353e+00 +6.4747e-01
13472 +1.198996786e+02 +1.198996786e+02 -3.421903214e+02 -3.421903214e+02 -2.3550e+00 +4.5646e+00 +1.6542e+00 +7.1708e-01 +1.7845e+00 +1.5879e+00 +1.7200e+00 +3.8182e+00 +1.2384e+00 -3.2869e-01
37052 +9.246043904e+01 +9.246043904e+01 -3.696295610e+02 -3.696295610e+02 +9.8646e-01 +1.4143e+00 +1.3907e+00 +2.4916e+00 -1.9759e-01 +1.5954e+00 +3.7030e+00 +3.0105e+00 +2.1894e+00 +8.0856e-01
110349 +8.700557796e+01 +8.700557796e+01 -3.750844220e+02 -3.750844220e+02 +2.7940e+00 +4.7674e+00 +2.1021e+00 -1.2111e+00 +2.4288e+00 +1.7328e+00 +2.2397e+00 +2.2064e+00 +1.7449e+00 +1.4382e-02
408260 +8.266101723e+01 +8.266101723e+01 -3.794289828e+02 -3.794289828e+02 +3.0122e-01 +3.2663e+00 +4.3946e+00 +4.4951e-01 +2.3285e+00 +2.3585e+00 +2.9893e+00 +1.6802e+00 +1.8391e+00 +5.6699e-02
1259322 +7.783401523e+01 +7.783401523e+01 -3.842559848e+02 -3.842559848e+02 -2.4913e+00 +4.1167e+00 +8.6281e-01 -1.2710e+00 +4.1138e+00 +1.7314e+00 +3.8050e+00 +1.9686e+00 +2.6103e+00 -6.4800e-01
2108513 +7.332322967e+01 +7.332322967e+01 -3.887667703e+02 -3.887667703e+02 -3.2668e+00 +4.7494e+00 +2.3950e+00 +2.0255e+00 +1.1762e+00 +3.7957e+00 +2.5481e+00 +3.4492e+00 +4.5789e-01 -2.9826e-01
3557407 +6.925952376e+01 +6.925952376e+01 -3.928304762e+02 -3.928304762e+02 -3.0780e+00 +4.0581e+00 +3.1166e+00 +6.9701e-01 +1.5784e+00 +1.1931e+00 +2.0389e+00 +4.2797e+00 +1.0796e+00 -6.0902e-01
5381832 +6.412811551e+01 +6.412811551e+01 -3.979618845e+02 -3.979618845e+02 +1.8160e+00 +3.2334e+00 +1.6028e+00 +1.5208e+00 +2.2704e+00 +2.0536e+00 +2.5399e+00 +2.2386e+00 +2.1011e+00 +4.9203e-01
14652080 +5.771017322e+01 +5.771017322e+01 -4.043798268e+02 -4.043798268e+02 -2.3928e+00 +3.2121e+00 +2.9842e+00 -2.0652e-02 +3.3330e+00 +7.8982e-01 +3.7552e+00 +3.7098e+00 +2.5913e+00 +7.9541e-01
20771923 +5.227867401e+01 +5.227867401e+01 -4.098113260e+02 -4.098113260e+02 -2.4178e+00 +2.2802e+00 -9.2149e-01 -6.0382e-01 +1.5823e+00 +1.7119e+00 +3.7611e+00 +2.5452e+00 +1.8321e+00 +3.3765e-01
% function evaluation | noise-free fitness - Fopt (7.766000000000e+01) | best noise-free fitness - Fopt | measured fitness | best measured fitness | x1 | x2...
1 +5.893967274e+02 +5.893967274e+02 +6.670567274e+02 +6.670567274e+02 +1.8856e+00 -1.7505e+00 +3.5919e+00 +4.3435e+00 +1.6986e+00 +3.9554e+00 +9.6489e-01 -2.0611e+00 +2.2488e+00 -1.2639e+00
8 +4.152771736e+02 +4.152771736e+02 +4.929371736e+02 +4.929371736e+02 +1.4942e+00 -1.5139e+00 +2.8877e+00 +3.2425e+00 +1.8217e+00 -1.5372e+00 -1.3722e+00 +3.5065e+00 +2.2693e+00 -3.2243e+00
13 +3.262796700e+02 +3.262796700e+02 +4.039396700e+02 +4.039396700e+02 +1.0895e+00 -3.3673e+00 -2.2193e+00 +2.7872e-01 -4.8497e+00 -3.1757e+00 -1.9293e+00 +3.3256e+00 +1.4434e+00 -3.6053e+00
18 +2.918349838e+02 +2.918349838e+02 +3.694949838e+02 +3.694949838e+02 -4.2966e-01 -4.1091e+00 +1.3998e+00 +2.8841e-01 -1.2418e+00 +3.3266e+00 +2.0013e-01 +1.6617e+00 +1.2306e+00 -4.9018e+00
69 +1.781010331e+02 +1.781010331e+02 +2.557610331e+02 +2.557610331e+02 -4.0492e+00 -1.7158e+00 -5.0006e-01 +5.2117e-01 -3.4039e+00 -2.0929e+00 +7.7052e-01 +7.9319e-01 +2.0446e+00 -3.8406e+00
357 +1.673795903e+02 +1.673795903e+02 +2.450395903e+02 +2.450395903e+02 +2.6012e+00 -2.7311e+00 +3.4135e-01 +4.0823e+00 -7.4944e-01 -4.1756e+00 +9.2713e-01 +4.3625e-01 -1.5768e+00 -3.0062e+00
1079 +1.370779689e+02 +1.370779689e+02 +2.147379689e+02 +2.147379689e+02 +1.9617e+00 -4.1779e+00 +1.1078e+00 +2.6619e+00 -3.9302e+00 -1.5294e-01 +9.9857e-01 +6.0460e-01 -2.2715e-01 -3.5378e+00
2065 +1.042046004e+02 +1.042046004e+02 +1.818646004e+02 +1.818646004e+02 +4.3453e+00 -7.8855e-01 -6.3125e-01 +4.0133e+00 -4.9440e+00 -1.2132e+00 -3.1104e-01 -3.7894e-01 +1.5277e+00 -2.5158e+00
202149 +8.396436787e+01 +8.396436787e+01 +1.616243679e+02 +1.616243679e+02 +5.5556e-01 -4.3661e+00 -3.5229e+00 +2.0130e+00 -3.0860e+00 +4.9156e-01 -4.6010e-01 -7.0714e-01 -5.4242e-01 -4.5269e+00
3384007 +8.052507509e+01 +8.052507509e+01 +1.581850751e+02 +1.581850751e+02 +3.4946e-01 -2.3580e+00 -2.5538e+00 +4.8178e+00 -1.7485e+00 -1.1673e+00 -3.1558e-01 -4.7220e-01 +7.8103e-01 -4.1822e+00
3984432 +6.649301551e+01 +6.649301551e+01 +1.441530155e+02 +1.441530155e+02 +3.2759e+00 -3.6215e+00 -6.2386e-01 +2.1686e+00 -1.6545e+00 -1.0955e+00 -1.1717e+00 +1.1347e-01 +4.7780e-01 -3.5190e+00
14457365 +6.372382426e+01 +6.372382426e+01 +1.413838243e+02 +1.413838243e+02 +2.4020e+00 -2.6899e+00 -1.2507e+00 +3.0034e+00 -2.4493e+00 -1.5672e+00 +4.0935e-01 +8.8632e-02 +4.7246e-01 -3.8868e+00
14472185 +6.295053288e+01 +6.295053288e+01 +1.406105329e+02 +1.406105329e+02 +6.4309e-02 +7.8328e-01 -5.1851e-01 +4.4765e+00 -4.1407e+00 -4.6657e-01 +5.3800e-01 -7.2978e-01 +9.6767e-01 -3.5207e+00
26955595 +4.875227920e+01 +4.875227920e+01 +1.264122792e+02 +1.264122792e+02 +3.4018e+00 +1.0530e+00 -3.7253e+00 +2.6100e+00 -1.5828e+00 -1.0951e+00 +5.5442e-01 -2.9705e-01 -2.2266e-01 -4.5481e+00
% function evaluation | noise-free fitness - Fopt (1.156800000000e+02) | best noise-free fitness - Fopt | measured fitness | best measured fitness | x1 | x2...
1 +6.240008558e+03 +6.240008558e+03 +6.355688558e+03 +6.355688558e+03 -1.0838e+00 -7.8219e-01 +1.6345e+00 -4.9667e+00 -3.6002e+00 -1.8178e+00 -2.3036e+00 -7.9916e-01 +3.5370e+00 +4.1802e+00
2 +2.845629711e+02 +2.845629711e+02 +4.002429711e+02 +4.002429711e+02 +1.8265e+00 +3.2484e+00 -2.9855e+00 +4.1591e+00 +1.9454e-01 -1.8956e+00 -4.5576e+00 +6.7556e-01 -1.8516e+00 -2.8283e+00
60 +2.652648135e+02 +2.652648135e+02 +3.809448135e+02 +3.809448135e+02 -3.3900e+00 -4.4628e+00 +3.9310e+00 +3.8699e+00 -3.8616e+00 -3.6045e-01 -1.6043e+00 +1.1002e+00 -3.5844e+00 -2.4353e-01
106 +2.464786439e+02 +2.464786439e+02 +3.621586439e+02 +3.621586439e+02 -9.1055e-01 +2.5741e+00 +2.5599e+00 +9.9032e-01 -2.7697e+00 -1.7970e+00 -2.3667e+00 -5.8355e-02 -2.0484e+00 -2.9128e-01
117 +1.438596211e+02 +1.438596211e+02 +2.595396211e+02 +2.595396211e+02 +1.0805e+00 +2.1953e-01 -1.8195e+00 +2.8016e+00 -4.7869e-01 -3.7999e+00 -4.0134e+00 +1.4877e+00 -4.3922e+00 -1.3686e+00
1927 +1.313507362e+02 +1.313507362e+02 +2.470307362e+02 +2.470307362e+02 -6.0432e-01 +3.8568e+00 +8.4910e-01 +2.2743e+00 -4.3552e+00 -2.7843e+00 -3.0716e+00 +1.5018e+00 -4.0724e+00 -2.9847e+00
19500 +1.149205657e+02 +1.149205657e+02 +2.306005657e+02 +2.306005657e+02 +7.4893e-01 -2.0773e+00 +1.9945e+00 +4.1102e-01 -4.2599e+00 -2.4210e+00 -4.1110e+00 +3.3566e+00 -3.5355e+00 -1.3747e+00
29309 +9.471983905e+01 +9.471983905e+01 +2.103998390e+02 +2.103998390e+02 -2.9355e+00 -8.9558e-01 +1.7994e+00 -3.3897e-01 -4.1757e+00 -2.8585e+00 -2.0099e+00 +2.3245e+00 -3.5320e+00 -2.2499e+00
349456 +6.626658074e+01 +6.626658074e+01 +1.819465807e+02 +1.819465807e+02 -3.2526e+00 -1.1099e-01 -1.7734e+00 +3.1453e+00 -2.9650e+00 -3.7254e+00 -3.9007e+00 +1.8870e+00 -4.7070e+00 -2.9085e+00
5236238 +6.501849500e+01 +6.501849500e+01 +1.806984950e+02 +1.806984950e+02 +1.8949e+00 -2.6016e+00 +1.2118e-01 +3.7873e+00 -3.6350e+00 -3.7622e+00 -3.0738e+00 +1.8540e+00 -3.1844e+00 -2.9656e+00
12662017 +6.071785763e+01 +6.071785763e+01 +1.763978576e+02 +1.763978576e+02 -3.3411e+00 +9.5728e-01 -5.5200e-01 +3.8068e+00 -3.0923e+00 -3.2978e+00 -3.4949e+00 +1.4953e+00 -4.9523e+00 -2.3350e+00
26440072 +5.414301900e+01 +5.414301900e+01 +1.698230190e+02 +1.698230190e+02 -2.1725e+00 -1.9485e+00 -4.8511e-01 +3.0910e+00 -1.8454e+00 -2.7596e+00 -4.0202e+00 +1.1811e+00 -3.9086e+00 -1.7620e+00
% function evaluation | noise-free fitness - Fopt (-3.710000000000e+00) | best noise-free fitness - Fopt | measured fitness | best measured fitness | x1 | x2...
1 +1.946074205e+03 +1.946074205e+03 +1.942364205e+03 +1.942364205e+03 +1.9597e+00 -3.9561e+00 +1.5171e+00 +1.4587e+00 -2.2177e+00 +2.8820e+00 -2.2430e+00 +2.9642e+00 +3.4935e+00 -2.0920e+00
2 +6.658944194e+02 +6.658944194e+02 +6.621844194e+02 +6.621844194e+02 -3.4252e+00 +4.5695e-01 -2.6049e+00 -3.7849e-01 -3.5952e+00 +3.6200e-01 +2.9721e-01 -4.4830e+00 -1.4512e-01 +3.8000e+00
7 +5.782515387e+02 +5.782515387e+02 +5.745415387e+02 +5.745415387e+02 -2.6050e+00 +3.3737e+00 -2.4353e+00 +3.0151e+00 -1.7298e+00 -2.8675e+00 -3.6398e+00 -2.8975e+00 -4.1754e-01 +2.8383e+00
8 +3.608573550e+02 +3.608573550e+02 +3.571473550e+02 +3.571473550e+02 +4.0998e+00 -1.3639e+00 -1.8424e-01 +1.5753e+00 +3.5306e+00 +3.8391e+00 +3.5656e+00 -1.0467e+00 +2.6013e-01 +2.5028e+00
51 +3.030544035e+02 +3.030544035e+02 +2.993444035e+02 +2.993444035e+02 +2.4131e+00 +1.8706e-01 +4.2329e+00 +2.2255e+00 +3.5391e+00 +3.6115e+00 -1.3644e+00 -1.4669e-01 -9.2323e-01 -2.5895e+00
202 +2.392341862e+02 +2.392341862e+02 +2.355241862e+02 +2.355241862e+02 +2.7778e+00 -8.2311e-01 +4.1299e+00 +3.8826e+00 +9.3247e-01 +1.3148e+00 +2.8093e+00 -2.4381e+00 -1.7482e+00 +8.0468e-01
1257 +2.189886730e+02 +2.189886730e+02 +2.152786730e+02 +2.152786730e+02 -2.4838e+00 -5.1754e-01 +4.6983e+00 +1.8619e+00 -1.6938e+00 +3.6853e+00 +1.7574e+00 -3.0893e+00 -1.9146e+00 +2.2727e+00
2011 +2.066703508e+02 +2.066703508e+02 +2.029603508e+02 +2.029603508e+02 +3.4769e+00 +4.7534e-01 +1.5312e-01 +2.7168e+00 -4.3130e-01 +9.4106e-01 +2.1953e+00 -3.8511e+00 -3.0621e+00 +1.2295e+00
2038 +1.874333854e+02 +1.874333854e+02 +1.837233854e+02 +1.837233854e+02 -7.0863e-01 -2.4851e+00 +2.2906e+00 +4.5783e+00 +3.1281e+00 +3.0543e+00 -4.4719e+00 -8.7914e-01 -3.0137e+00 +9.1490e-01
2738 +1.574675987e+02 +1.574675987e+02 +1.537575987e+02 +1.537575987e+02 +1.2671e+00 -3.1160e+00 +1.9021e+00 +8.7170e-01 +2.5336e+00 +4.9309e+00 +1.9479e+00 -4.8980e+00 -3.3627e+00 +2.9099e-01
4793 +1.478599125e+02 +1.478599125e+02 +1.441499125e+02 +1.441499125e+02 +1.2301e+00 +2.2767e+00 +1.7173e+00 +4.6208e+00 +1.4991e+00 +3.6621e+00 -6.2692e-01 -4.0622e+00 -1.2423e+00 +1.1057e+00
19389 +1.051469357e+02 +1.051469357e+02 +1.014369357e+02 +1.014369357e+02 +1.0252e-01 -1.5771e+00 +3.5709e+00 +4.6478e+00 +1.3713e+00 +3.4280e+00 +1.9167e+00 -1.0566e+00 -3.1524e+00 -5.8651e-02
298224 +1.006365621e+02 +1.006365621e+02 +9.692656212e+01 +9.692656212e+01 +9.0883e-01 -3.9937e+00 -1.4236e+00 +4.0145e+00 +3.1337e+00 +3.0658e+00 +5.0367e-01 -2.5788e+00 -1.3551e+00 +3.1430e-01
324566 +7.357535778e+01 +7.357535778e+01 +6.986535778e+01 +6.986535778e+01 +4.1463e+00 -3.3478e+00 -4.4376e-01 +4.5825e+00 +2.3780e+00 +3.6970e+00 +1.8922e+00 -2.2859e+00 -1.9012e+00 +3.5046e-01
7263585 +5.985343211e+01 +5.985343211e+01 +5.614343211e+01 +5.614343211e+01 +4.1029e+00 -5.8716e-01 +3.5944e-01 +3.1568e+00 +2.3123e+00 +4.6855e+00 -7.6467e-01 -1.4855e+00 -2.3909e+00 +1.4378e+00
15372118 +5.673786980e+01 +5.673786980e+01 +5.302786980e+01 +5.302786980e+01 +1.3450e+00 -3.1185e+00 +3.7568e-01 +3.7836e+00 +2.5158e+00 +3.6468e+00 +1.1411e+00 -2.4063e+00 -1.7033e+00 +4.6794e-01
41035718 +5.369285162e+01 +5.369285162e+01 +4.998285162e+01 +4.998285162e+01 +4.1570e+00 -2.4387e+00 +1.8082e+00 +3.9085e+00 +3.2831e+00 +4.3103e+00 -3.1426e-01 -3.0879e-01 -2.3644e+00 +1.5303e-02
% function evaluation | noise-free fitness - Fopt (1.321800000000e+02) | best noise-free fitness - Fopt | measured fitness | best measured fitness | x1 | x2...
1 +1.166985544e+03 +1.166985544e+03 +1.299165544e+03 +1.299165544e+03 -4.8753e-01 +4.3310e+00 +2.6458e+00 +4.8626e+00 -1.2601e+00 +4.6055e+00 -3.7568e+00 +2.4640e+00 -4.1915e+00 -4.9747e+00
2 +4.480053150e+02 +4.480053150e+02 +5.801853150e+02 +5.801853150e+02 -3.2539e+00 +3.4807e+00 -1.3352e+00 -1.8939e+00 -1.8297e+00 -4.1074e+00 -2.6283e+00 +1.2275e+00 +4.7001e+00 +1.2765e-02
9 +4.334387020e+02 +4.334387020e+02 +5.656187020e+02 +5.656187020e+02 -2.3560e+00 +3.4078e+00 -3.2350e-01 -4.6505e+00 -3.8146e+00 +7.6279e-01 -6.5015e-01 +8.0942e-01 -7.4123e-01 -4.3322e+00
12 +3.849297462e+02 +3.849297462e+02 +5.171097462e+02 +5.171097462e+02 +4.4202e+00 -2.3081e-01 -7.5815e-03 -2.2180e+00 +1.8092e+00 -8.7916e-01 -6.4346e-01 -6.1084e-01 +2.1610e-01 -1.9616e+00
45 +3.522210622e+02 +3.522210622e+02 +4.844010622e+02 +4.844010622e+02 -1.9985e+00 -1.4045e+00 -4.6553e+00 -4.9311e-01 -2.9582e-03 -1.4127e+00 -2.5225e+00 +2.2124e+00 +1.1656e+00 -1.9538e+00
57 +1.923073029e+02 +1.923073029e+02 +3.244873029e+02 +3.244873029e+02 -4.7025e+00 +1.3447e+00 +4.8989e+00 -1.4731e+00 -1.6137e+00 -3.9051e+00 -1.4763e+00 -1.3891e+00 +3.0310e+00 +7.0633e-01
602 +1.902102496e+02 +1.902102496e+02 +3.223902496e+02 +3.223902496e+02 -1.7731e-01 +4.2783e-01 +2.5468e+00 -3.2983e+00 -2.9338e+00 -3.4672e+00 -7.7023e-01 -5.4223e-01 +1.3491e+00 -8.9263e-01
963 +1.826283333e+02 +1.826283333e+02 +3.148083333e+02 +3.148083333e+02 -4.9115e-01 -4.3930e+00 +4.3607e+00 -2.8573e+00 -2.3114e+00 +1.4448e+00 -4.1055e+00 +5.2267e-01 +4.1035e-01 +3.3959e-01
1726 +1.817042011e+02 +1.817042011e+02 +3.138842011e+02 +3.138842011e+02 -3.0481e+00 +2.5296e+00 +1.6752e+00 -9.5943e-01 -2.0928e+00 +4.0326e-01 -4.8273e+00 +7.2896e-01 +1.0325e+00 -2.6896e-01
3876 +1.690187980e+02 +1.690187980e+02 +3.011987980e+02 +3.011987980e+02 -2.7527e+00 +2.3343e+00 +8.9183e-01 -3.5220e+00 -3.4951e+00 -7.2543e-01 -4.8604e+00 +1.1648e+00 +1.3880e+00 -1.1970e-01
3989 +1.617754349e+02 +1.617754349e+02 +2.939554349e+02 +2.939554349e+02 -2.7855e+00 +1.0599e+00 +2.4791e+00 -9.8610e-01 -3.1600e+00 -3.2056e+00 -3.9289e+00 -1.4658e+00 -2.7995e-01 +1.5364e+00
4070 +1.550620224e+02 +1.550620224e+02 +2.872420224e+02 +2.872420224e+02 -8.7171e-01 +4.7274e+00 +2.7943e+00 -2.3142e+00 -2.0885e+00 +4.4510e-01 -2.4670e+00 -4.9865e-02 -4.7621e-02 -2.8395e-01
6060 +1.347254834e+02 +1.347254834e+02 +2.669054834e+02 +2.669054834e+02 -4.7202e+00 -1.1416e+00 +6.9410e-01 -1.4429e+00 -7.1840e-01 -1.9450e+00 -1.1882e+00 -5.0576e-01 +1.6902e-01 +9.6236e-02
17584 +1.158016978e+02 +1.158016978e+02 +2.479816978e+02 +2.479816978e+02 -3.5585e+00 -1.3282e+00 +2.2561e+00 -3.2686e+00 -6.7481e-01 -1.6152e+00 -3.4741e+00 +6.1698e-02 +7.4875e-01 -1.0283e+00
58131 +1.016762842e+02 +1.016762842e+02 +2.338562842e+02 +2.338562842e+02 -4.0335e+00 +3.4797e+00 +2.0149e+00 -2.7646e+00 -2.5861e+00 -1.0757e+00 -3.5028e+00 +4.2661e-01 +1.4156e+00 +1.8012e+00
81337 +7.448814179e+01 +7.448814179e+01 +2.066681418e+02 +2.066681418e+02 -2.1656e+00 +4.0215e+00 +4.6780e+00 -6.2992e-01 -3.1232e+00 -9.9467e-01 -2.2883e+00 +5.3553e-01 +1.2921e+00 +1.3685e+00
4114873 +7.008666633e+01 +7.008666633e+01 +2.022666663e+02 +2.022666663e+02 -3.6967e+00 +4.4150e+00 +4.2479e+00 -1.2500e+00 -1.8398e+00 -1.4466e+00 -2.8848e+00 -2.9741e-01 +1.6676e+00 +1.0188e+00
16016195 +5.957807683e+01 +5.957807683e+01 +1.917580768e+02 +1.917580768e+02 -3.7239e+00 +2.1579e+00 +4.1618e+00 -2.0008e+00 -1.8492e+00 -1.7730e+00 -2.7741e+00 -6.0286e-01 +1.2356e-01 -2.7790e-01
68072043 +5.815676235e+01 +5.815676235e+01 +1.903367624e+02 +1.903367624e+02 -1.6678e+00 -1.2865e+00 +2.8620e+00 -1.9998e+00 -2.9859e+00 -4.7209e-01 -2.3498e+00 +5.4679e-02 +1.3003e+00 -3.1472e-01
% function evaluation | noise-free fitness - Fopt (1.000000000000e+03) | best noise-free fitness - Fopt | measured fitness | best measured fitness | x1 | x2...
1 +1.184929631e+03 +1.184929631e+03 +2.184929631e+03 +2.184929631e+03 +2.4874e+00 -1.8513e+00 +3.4315e+00 +3.0704e+00 -1.3464e+00 -2.9134e+00 +3.4974e+00 -3.0867e+00 -6.7872e-01 -4.3563e+00
3 +3.262957175e+02 +3.262957175e+02 +1.326295717e+03 +1.326295717e+03 +1.8269e+00 -5.8085e-01 -2.5607e+00 +5.9007e-01 -1.7342e+00 -1.1936e+00 -2.8970e+00 -2.0270e+00 -5.8885e-01 +4.2057e+00
8 +2.364880204e+02 +2.364880204e+02 +1.236488020e+03 +1.236488020e+03 -2.6385e+00 +1.9622e+00 -8.3672e-01 +9.4826e-02 +1.2607e+00 +2.9369e+00 -4.4607e+00 -3.3659e+00 -3.5451e+00 +1.6804e+00
234 +1.488212647e+02 +1.488212647e+02 +1.148821265e+03 +1.148821265e+03 +1.6133e+00 -1.4100e+00 -2.0895e-02 +3.5261e+00 -4.2989e-01 +1.3221e+00 -1.6675e+00 +1.3736e+00 -4.9522e+00 +2.1641e+00
3066 +1.361939741e+02 +1.361939741e+02 +1.136193974e+03 +1.136193974e+03 +3.7287e+00 +9.6664e-01 -4.2086e-01 +3.7867e+00 -7.1506e-01 +4.4091e+00 -3.3432e+00 -8.6933e-01 -4.0036e+00 +2.6746e+00
7490 +1.066643071e+02 +1.066643071e+02 +1.106664307e+03 +1.106664307e+03 -2.5241e-01 +2.4180e+00 -1.1562e+00 +4.1353e+00 -2.3922e+00 +2.6470e+00 -2.1613e+00 +4.3607e-01 -3.4534e+00 +3.9095e+00
9395 +7.423522238e+01 +7.423522238e+01 +1.074235222e+03 +1.074235222e+03 +2.7007e+00 +3.0594e+00 +6.1637e-01 +1.6594e+00 -4.6405e-01 +2.2323e+00 -2.2769e+00 +3.2795e-01 -2.8513e+00 +3.6293e+00
5252541 +5.796682282e+01 +5.796682282e+01 +1.057966823e+03 +1.057966823e+03 -6.3769e-01 +3.4212e+00 -1.3550e+00 +2.7572e+00 -5.9980e-01 +2.1463e+00 -1.7795e+00 -9.7431e-01 -2.1436e+00 +1.9509e+00
44787715 +5.601742986e+01 +5.601742986e+01 +1.056017430e+03 +1.056017430e+03 +2.6363e+00 +3.4897e+00 +9.5375e-01 +2.2090e+00 -5.7235e-01 +2.9618e+00 -4.9355e-01 -9.6248e-01 -2.5477e+00 +2.6839e+00
% function evaluation | noise-free fitness - Fopt (-1.846000000000e+01) | best noise-free fitness - Fopt | measured fitness | best measured fitness | x1 | x2...
1 +6.346171761e+02 +6.346171761e+02 +6.161571761e+02 +6.161571761e+02 -4.3015e+00 -3.8961e+00 +2.5961e+00 -3.8483e-01 +6.4438e-01 -3.4646e+00 -1.1258e+00 -2.2954e+00 +2.7792e+00 -6.7253e-01
3 +5.894761887e+02 +5.894761887e+02 +5.710161887e+02 +5.710161887e+02 +3.5260e+00 -5.8715e-01 +9.6735e-01 +1.5760e+00 -1.0588e+00 -4.7037e-02 -4.2064e+00 -1.8701e+00 -1.0687e+00 -4.7106e+00
4 +3.822137361e+02 +3.822137361e+02 +3.637537361e+02 +3.637537361e+02 -4.2100e+00 -2.6417e+00 -1.3109e+00 -7.5780e-01 +4.8239e+00 +7.6958e-02 +7.7932e-02 +2.8589e+00 +6.0339e-01 +3.8418e+00
5 +3.454388987e+02 +3.454388987e+02 +3.269788987e+02 +3.269788987e+02 -2.3793e+00 +4.1087e+00 -1.3772e+00 +4.4961e+00 +3.8266e+00 +1.9854e+00 +1.3104e+00 +7.8411e-02 -1.3621e+00 +3.6410e+00
17 +2.832563006e+02 +2.832563006e+02 +2.647963006e+02 +2.647963006e+02 +1.2115e+00 +1.1013e+00 -2.2518e+00 -3.0538e+00 -4.3748e+00 -5.8576e-01 -2.5157e+00 +3.0049e-01 -4.8370e-01 +3.0128e+00
26 +2.641001885e+02 +2.641001885e+02 +2.456401885e+02 +2.456401885e+02 +2.7525e+00 +2.9515e+00 +4.7318e+00 -1.1096e-01 -4.7535e+00 -1.0315e+00 -5.2093e-01 +1.2484e+00 -3.7267e+00 +1.9194e+00
52 +2.521292498e+02 +2.521292498e+02 +2.336692498e+02 +2.336692498e+02 -1.5366e+00 +1.9515e+00 +3.7038e+00 +3.3554e+00 +9.9295e-01 -1.9721e-01 -1.0853e+00 -3.3535e+00 -1.3017e+00 +1.5910e+00
54 +2.152816707e+02 +2.152816707e+02 +1.968216707e+02 +1.968216707e+02 +3.0201e+00 +3.0339e+00 -2.9561e-01 +2.5105e+00 +6.7432e-01 -4.5915e-01 -1.9285e-01 +1.6562e+00 -3.1364e+00 +4.0856e-01
121 +1.892244402e+02 +1.892244402e+02 +1.707644402e+02 +1.707644402e+02 -1.0255e+00 +1.3862e+00 +2.4650e+00 +3.3745e+00 -1.6577e+00 +3.0538e+00 -2.9938e+00 -3.4420e-01 -1.6403e+00 +3.0096e+00
215 +1.756938930e+02 +1.756938930e+02 +1.572338930e+02 +1.572338930e+02 +5.0277e-01 +8.2263e-01 +4.7152e+00 -6.8075e-03 -1.3912e+00 +1.0050e+00 -3.5443e+00 +3.6880e+00 -1.7060e+00 +1.7258e+00
710 +1.656451244e+02 +1.656451244e+02 +1.471851244e+02 +1.471851244e+02 +3.5446e+00 +7.9596e-01 +3.0091e+00 +3.6577e+00 -3.1702e+00 -9.4964e-02 -2.2667e+00 +2.0549e+00 -2.9663e+00 +1.9180e+00
2096 +1.074563849e+02 +1.074563849e+02 +8.899638485e+01 +8.899638485e+01 -4.0316e+00 +3.3674e+00 +8.9774e-01 +2.3871e+00 +1.3587e+00 -1.6624e-01 -2.5380e+00 +7.8084e-01 -8.4404e-01 +1.0643e+00
45648 +1.028337820e+02 +1.028337820e+02 +8.437378203e+01 +8.437378203e+01 -1.0459e+00 +1.1314e-01 +2.0665e+00 +4.3383e-01 -2.3860e+00 +4.7007e-01 -1.7257e+00 +2.7969e-01 -1.2276e+00 +1.7470e+00
86253 +1.022157467e+02 +1.022157467e+02 +8.375574670e+01 +8.375574670e+01 -7.2469e-01 +4.0025e+00 +3.7783e+00 +1.8476e+00 -3.3184e-01 +1.0372e+00 -3.4464e+00 +6.5744e-01 -1.6567e+00 +2.1887e+00
120780 +7.863706763e+01 +7.863706763e+01 +6.017706763e+01 +6.017706763e+01 +2.1769e+00 +1.2709e+00 +4.6321e+00 -4.2832e-01 +8.2232e-01 +1.8528e+00 -2.1296e+00 +4.0625e-02 -4.6034e-01 +2.4937e+00
3005921 +7.114150860e+01 +7.114150860e+01 +5.268150860e+01 +5.268150860e+01 +3.1492e+00 +4.1282e+00 +3.9653e+00 +4.7552e+00 +1.0651e+00 +4.6359e-01 -5.0728e-01 +2.8320e-01 -8.1621e-01 +1.8036e+00
6104288 +6.591518791e+01 +6.591518791e+01 +4.745518791e+01 +4.745518791e+01 +2.4817e-01 +3.4203e+00 +4.6759e+00 +2.9181e+00 +1.0167e+00 +1.0198e+00 -1.3032e+00 +2.6643e+00 -6.6941e-02 +1.4262e+00
8417880 +6.327002592e+01 +6.327002592e+01 +4.481002592e+01 +4.481002592e+01 +2.7980e+00 +2.4330e+00 +3.2187e+00 +2.3616e+00 +1.5373e+00 +4.4148e-01 -1.1311e+00 -1.6432e-02 -4.2354e-01 +1.6902e+00
14276284 +6.211141447e+01 +6.211141447e+01 +4.365141447e+01 +4.365141447e+01 +4.2491e+00 +2.5269e+00 +3.1636e+00 +1.6121e+00 +2.7641e+00 +1.2087e+00 -1.6000e+00 +3.1384e-01 -9.6026e-01 +1.0266e+00
54891721 +6.098727714e+01 +6.098727714e+01 +4.252727714e+01 +4.252727714e+01 +4.2012e+00 +2.4508e+00 +4.0095e+00 +2.3349e+00 +1.4692e+00 +9.5704e-01 -1.2642e+00 -6.6892e-02 -8.4541e-01 +7.4933e-01
67506233 +5.342400746e+01 +5.342400746e+01 +3.496400746e+01 +3.496400746e+01 +1.2412e+00 +7.1028e-01 +4.1431e+00 +2.3294e+00 +1.9753e+00 -5.9066e-01 +7.4743e-02 +7.6668e-01 -4.3594e-01 +1.8130e+00
% function evaluation | noise-free fitness - Fopt (-6.046000000000e+01) | best noise-free fitness - Fopt | measured fitness | best measured fitness | x1 | x2...
1 +1.054482407e+03 +1.054482407e+03 +9.940224075e+02 +9.940224075e+02 -3.6695e+00 -3.3574e+00 +9.4256e-01 +1.6547e-01 -2.0031e+00 -1.3280e+00 +2.4612e+00 -2.3662e-01 -4.8783e+00 -9.8072e-01
2 +5.117776307e+02 +5.117776307e+02 +4.513176307e+02 +4.513176307e+02 +1.1644e+00 +1.7216e+00 -3.2987e-01 -4.1348e+00 -2.7553e+00 -3.7783e+00 +2.2146e+00 -1.6997e+00 +4.4165e+00 +1.9718e+00
6 +3.134978304e+02 +3.134978304e+02 +2.530378304e+02 +2.530378304e+02 -1.5331e+00 +2.4396e+00 +1.1088e-01 -9.2872e-01 -3.2398e+00 -1.4962e+00 -3.0986e+00 -1.1207e+00 -2.0597e+00 +4.8825e+00
55 +3.004360023e+02 +3.004360023e+02 +2.399760023e+02 +2.399760023e+02 -3.3800e-01 +1.6398e+00 +1.4024e+00 +3.0540e-01 -4.7795e+00 -3.2901e+00 -4.4123e-01 -1.1050e+00 -1.4250e-01 +1.4050e+00
114 +2.607549061e+02 +2.607549061e+02 +2.002949061e+02 +2.002949061e+02 +2.6895e+00 +3.1780e+00 +8.3875e-01 +1.6420e-01 +5.4150e-01 -3.5117e+00 -2.5786e-01 -3.2350e+00 +3.7891e+00 +3.3856e+00
290 +2.484781678e+02 +2.484781678e+02 +1.880181678e+02 +1.880181678e+02 -2.1972e+00 -3.4508e+00 -2.4763e+00 -2.7894e+00 -2.9781e+00 -7.4478e-01 -8.6620e-01 -7.6593e-01 +1.5885e+00 +4.1096e+00
362 +2.235387973e+02 +2.235387973e+02 +1.630787973e+02 +1.630787973e+02 -1.1829e+00 +1.0909e+00 +1.9501e+00 +5.5792e-01 -3.9675e+00 +3.1262e+00 -4.6902e+00 -2.1525e+00 +4.1630e+00 +4.4886e+00
836 +2.009599836e+02 +2.009599836e+02 +1.404999836e+02 +1.404999836e+02 +1.2743e+00 +1.2388e+00 +3.4481e-01 +1.5194e+00 -4.9996e+00 +4.7696e-02 -4.3143e+00 -2.6173e+00 -1.9017e-01 +4.9511e+00
2679 +1.984068353e+02 +1.984068353e+02 +1.379468353e+02 +1.379468353e+02 +3.3590e+00 +4.5683e+00 +3.6414e+00 -1.8411e+00 -4.4696e+00 -1.8990e-01 -3.3909e+00 -4.7603e-01 +1.2791e+00 +3.7292e+00
2733 +1.309478121e+02 +1.309478121e+02 +7.048781211e+01 +7.048781211e+01 +2.4963e+00 +1.2093e+00 +2.1774e+00 +1.8995e+00 -1.2169e+00 +4.4625e-01 -3.9356e+00 -3.4428e+00 +2.1546e+00 +3.9494e+00
9113 +9.772229961e+01 +9.772229961e+01 +3.726229961e+01 +3.726229961e+01 +1.6009e+00 +1.4313e+00 +6.2034e-01 +3.9965e-01 -1.7312e+00 -1.0453e+00 -3.0228e+00 -1.8480e+00 +3.2037e+00 +4.6674e+00
120341 +8.413542444e+01 +8.413542444e+01 +2.367542444e+01 +2.367542444e+01 +1.7798e+00 +4.5046e+00 +4.0110e+00 +2.1169e+00 -3.8547e+00 +1.1002e+00 -1.5462e+00 -2.5606e+00 +2.0876e+00 +4.6749e+00
1611822 +7.750971635e+01 +7.750971635e+01 +1.704971635e+01 +1.704971635e+01 +4.3783e+00 +4.6884e+00 +2.3782e+00 +1.3731e+00 -3.7901e+00 -1.7539e+00 -2.1171e+00 -2.5389e+00 +2.0685e+00 +4.3580e+00
2950057 +7.338373033e+01 +7.338373033e+01 +1.292373033e+01 +1.292373033e+01 +4.9474e-02 +2.8648e+00 +4.6402e+00 +1.3957e-01 -3.2902e+00 -1.1268e+00 -2.4672e+00 -3.0592e+00 +1.6099e+00 +3.6193e+00
3783312 +6.873863044e+01 +6.873863044e+01 +8.278630443e+00 +8.278630443e+00 +1.5787e+00 +3.3678e-01 +4.6195e+00 +1.7399e+00 -2.8313e+00 -1.8630e+00 -2.4982e+00 -3.0374e+00 +3.1370e+00 +4.6753e+00
7554151 +6.588890652e+01 +6.588890652e+01 +5.428906515e+00 +5.428906515e+00 +2.5465e+00 +3.6999e+00 +2.9417e+00 +1.9775e+00 -3.7625e+00 -1.4743e+00 -2.5082e+00 -2.9302e+00 +1.5398e+00 +3.8881e+00
19886773 +6.147534106e+01 +6.147534106e+01 +1.015341058e+00 +1.015341058e+00 +1.6998e+00 +2.1700e+00 +3.9237e+00 +3.4277e-02 -3.0208e+00 -3.9603e-01 -6.8685e-01 -2.6602e+00 +2.3977e+00 +4.3621e+00
79942375 +6.015648919e+01 +6.015648919e+01 -3.035108148e-01 -3.035108148e-01 +3.6790e+00 +3.8649e+00 +4.4573e+00 +1.4367e+00 -4.0194e+00 +9.5482e-01 -2.5929e+00 -3.0894e+00 +2.4232e+00 +4.3288e+00
% function evaluation | noise-free fitness - Fopt (3.173300000000e+02) | best noise-free fitness - Fopt | measured fitness | best measured fitness | x1 | x2...
1 +9.230946341e+02 +9.230946341e+02 +1.240424634e+03 +1.240424634e+03 +4.4877e-01 +1.8870e+00 -2.0786e+00 +1.2935e+00 -3.7127e+00 +1.2553e+00 -3.7855e-01 +1.1656e+00 +9.1590e-01 -2.3604e+00
5 +5.612210309e+02 +5.612210309e+02 +8.785510309e+02 +8.785510309e+02 +3.3137e+00 +3.2474e+00 +1.8203e+00 +1.6777e+00 -2.4757e+00 -1.1389e+00 -1.1064e-01 -2.5673e+00 -3.6892e+00 -1.2951e+00
15 +4.391213039e+02 +4.391213039e+02 +7.564513039e+02 +7.564513039e+02 +4.4088e+00 +2.6094e+00 -2.3747e+00 +3.9628e-01 +7.8758e-01 -2.2293e+00 -2.1885e+00 -1.4364e+00 -1.7717e+00 -1.8436e+00
64 +2.798228195e+02 +2.798228195e+02 +5.971528195e+02 +5.971528195e+02 +1.7247e+00 -4.5849e+00 -7.0592e-01 -1.9819e+00 +2.0485e-01 -1.8246e+00 -4.6477e+00 +2.3091e+00 -1.2778e+00 -3.5493e+00
279 +1.867234212e+02 +1.867234212e+02 +5.040534212e+02 +5.040534212e+02 -2.7055e+00 -2.6799e+00 -9.9700e-01 -2.2702e-02 +1.6936e+00 -1.8300e+00 -4.7006e+00 +6.5045e-01 -4.5703e+00 -3.9671e+00
1458 +1.840894466e+02 +1.840894466e+02 +5.014194466e+02 +5.014194466e+02 +2.0097e+00 -2.7242e+00 -6.5649e-01 -1.9230e+00 +1.7468e+00 -2.3593e+00 -2.4630e+00 +2.1328e+00 -3.3284e+00 -1.5304e+00
1638 +1.786189014e+02 +1.786189014e+02 +4.959489014e+02 +4.959489014e+02 +2.6347e+00 -4.4723e+00 +2.4357e+00 +1.3642e+00 +1.2082e+00 +1.0185e-01 -2.4904e+00 +4.8091e+00 -2.9432e+00 -4.5604e+00
2185 +1.638690160e+02 +1.638690160e+02 +4.811990160e+02 +4.811990160e+02 -2.1954e+00 -3.5279e+00 +2.7586e+00 +2.2536e+00 +2.1557e+00 -1.2502e-01 -3.3149e+00 +1.8028e+00 -4.1671e+00 -1.4020e+00
4092 +1.430007853e+02 +1.430007853e+02 +4.603307853e+02 +4.603307853e+02 +3.1779e+00 -4.3140e+00 -1.0881e+00 +3.5456e+00 +1.5409e+00 -3.1924e+00 -3.2843e+00 +2.8396e+00 -3.2838e+00 -3.2717e+00
7395 +1.357208900e+02 +1.357208900e+02 +4.530508900e+02 +4.530508900e+02 +4.1308e-02 -1.4048e+00 +1.5079e+00 -1.4248e-01 +1.0876e+00 -4.6250e+00 -3.2182e+00 +3.0807e+00 -3.3229e+00 -3.6824e+00
9689 +1.101453480e+02 +1.101453480e+02 +4.274753480e+02 +4.274753480e+02 +1.2974e+00 -4.0008e+00 +4.4246e+00 +1.1197e+00 +4.1485e-01 -1.1420e+00 -3.2247e+00 +3.5290e+00 -2.6258e+00 -2.4357e+00
90694 +1.049879975e+02 +1.049879975e+02 +4.223179975e+02 +4.223179975e+02 -4.4414e+00 +9.4618e-01 +3.0497e+00 -9.1248e-01 +1.6603e+00 -1.2725e+00 -3.9332e+00 +3.6338e+00 -2.9264e+00 -2.8794e+00
242848 +1.044210027e+02 +1.044210027e+02 +4.217510027e+02 +4.217510027e+02 -1.9543e+00 -4.4960e+00 +3.9929e+00 +2.6141e+00 -2.2676e-01 -1.1320e+00 -4.6944e+00 +2.9827e+00 -4.7181e+00 -2.2700e+00
341924 +9.789715946e+01 +9.789715946e+01 +4.152271595e+02 +4.152271595e+02 +2.2356e-01 -2.4340e+00 +3.5873e+00 +8.6444e-01 +5.1531e-01 -2.1934e+00 -3.8273e+00 +3.2851e+00 -3.0099e+00 -2.2539e+00
1215139 +9.382779147e+01 +9.382779147e+01 +4.111577915e+02 +4.111577915e+02 -2.5003e+00 -8.4111e-01 +2.9220e+00 +4.3024e+00 -1.3063e-01 -7.5050e-01 -4.7140e+00 +4.5618e+00 -3.6649e+00 -3.2319e+00
1772157 +7.243372633e+01 +7.243372633e+01 +3.897637263e+02 +3.897637263e+02 -3.5038e+00 -4.2062e+00 +2.6304e+00 +3.1282e+00 +1.5263e+00 -3.7856e-01 -4.9984e+00 +4.0929e+00 -2.4826e+00 -2.2483e+00
15317942 +6.377836924e+01 +6.377836924e+01 +3.811083692e+02 +3.811083692e+02 -3.2350e+00 -4.2898e+00 +3.8317e+00 +3.8629e+00 -1.7412e-01 -1.2101e+00 -3.5729e+00 +4.3059e+00 -4.1179e+00 -1.6336e+00
52176325 +6.265546876e+01 +6.265546876e+01 +3.799854688e+02 +3.799854688e+02 -3.4234e+00 -2.6063e+00 +4.7663e+00 -3.5517e-02 -5.9422e-01 -1.8303e-01 -3.7212e+00 +3.6205e+00 -3.6633e+00 -2.9983e+00
68305557 +5.962517621e+01 +5.962517621e+01 +3.769551762e+02 +3.769551762e+02 -1.4114e+00 -1.5441e+00 +2.9809e+00 +3.9182e+00 +3.7897e-01 -1.2445e+00 -4.2599e+00 +4.1345e+00 -3.3620e+00 -2.4496e+00
77909188 +5.883209453e+01 +5.883209453e+01 +3.761620945e+02 +3.761620945e+02 -1.7947e+00 -4.2962e+00 +4.6043e+00 +3.2335e+00 +2.1330e+00 -7.9050e-01 -3.6540e+00 +3.1624e+00 -3.7453e+00 -1.6612e+00
% function evaluation | noise-free fitness - Fopt (3.384000000000e+02) | best noise-free fitness - Fopt | measured fitness | best measured fitness | x1 | x2...
1 +5.784263804e+02 +5.784263804e+02 +9.168263804e+02 +9.168263804e+02 -2.9251e+00 -2.7204e+00 -4.9321e+00 -7.5484e-01 +1.7975e+00 -3.0870e-01 -2.6323e+00 +2.8965e+00 -3.3935e+00 +1.4220e+00
2 +4.366274911e+02 +4.366274911e+02 +7.750274911e+02 +7.750274911e+02 +2.7722e+00 -3.8974e+00 -3.5269e+00 -9.8552e-01 -9.2708e-01 -2.7677e-01 +3.9109e+00 -1.7064e+00 -2.1069e+00 -3.0193e+00
34 +3.583358084e+02 +3.583358084e+02 +6.967358084e+02 +6.967358084e+02 -1.3275e+00 -3.5889e+00 -4.7757e-01 +3.3651e+00 +2.1695e+00 -2.0900e+00 +2.3242e+00 -4.1677e+00 -3.6964e+00 -3.9233e+00
43 +3.505763151e+02 +3.505763151e+02 +6.889763151e+02 +6.889763151e+02 -7.3313e-01 -4.2551e+00 -2.5782e+00 -2.7801e+00 -4.0302e+00 -2.9444e-01 +8.8274e-01 -1.5821e+00 -6.1887e-01 -1.1585e+00
52 +2.879512212e+02 +2.879512212e+02 +6.263512212e+02 +6.263512212e+02 +1.3103e+00 -2.0153e+00 +2.6364e+00 +3.7484e+00 -2.0633e+00 -2.9685e+00 -1.9829e+00 +9.3032e-01 -4.3071e-01 -2.2608e+00
110 +2.683115009e+02 +2.683115009e+02 +6.067115009e+02 +6.067115009e+02 +8.4997e-01 -3.3766e+00 -2.6630e+00 +2.8266e+00 -3.7820e-01 -2.6014e+00 +2.1274e+00 +2.1825e-01 +1.6679e-01 -2.3742e+00
223 +2.285814914e+02 +2.285814914e+02 +5.669814914e+02 +5.669814914e+02 -3.5330e+00 -1.3609e+00 -3.2755e+00 +3.5550e+00 +6.1305e-01 -2.1789e+00 -2.9812e+00 -4.3568e+00 -2.0772e+00 -1.5165e+00
954 +1.682727041e+02 +1.682727041e+02 +5.066727041e+02 +5.066727041e+02 -3.0325e+00 -1.9341e+00 -4.5917e+00 +8.2211e-01 -2.7456e+00 -3.3067e+00 -1.7858e+00 +3.6420e-01 -6.6937e-01 -2.6211e+00
2795 +1.592468306e+02 +1.592468306e+02 +4.976468306e+02 +4.976468306e+02 -1.1609e+00 -4.0024e+00 -4.4963e+00 -8.5251e-01 +1.5115e-01 -2.5188e+00 +1.5138e+00 -2.2603e+00 -1.9625e+00 -2.7331e+00
5023 +1.404569244e+02 +1.404569244e+02 +4.788569244e+02 +4.788569244e+02 +1.5341e+00 -1.9290e+00 +7.6504e-01 +8.0264e-01 +1.4205e+00 -2.1384e+00 -5.6628e-01 -1.1837e+00 -1.1888e+00 -1.2882e+00
10562 +1.372849132e+02 +1.372849132e+02 +4.756849132e+02 +4.756849132e+02 -4.1416e+00 -1.1879e+00 -1.7180e+00 +1.7339e+00 +5.9267e-01 -4.2920e+00 -2.4287e+00 -2.1654e+00 -1.7099e+00 -2.4805e-01
11397 +1.308867138e+02 +1.308867138e+02 +4.692867138e+02 +4.692867138e+02 -3.1734e+00 -3.6092e+00 +9.9182e-01 +1.1049e+00 -1.8372e+00 -4.2422e+00 -1.7917e+00 +1.3005e+00 -8.6328e-01 -1.6421e+00
13853 +9.138483876e+01 +9.138483876e+01 +4.297848388e+02 +4.297848388e+02 +9.2279e-01 -3.6946e+00 -5.2589e-01 +3.6158e-01 +3.3131e+00 -3.8419e+00 -9.1706e-01 -2.5056e+00 -1.2691e+00 -1.1985e+00
172323 +8.133793311e+01 +8.133793311e+01 +4.197379331e+02 +4.197379331e+02 -3.4212e+00 -3.8710e+00 -4.5413e+00 -1.0828e+00 +1.3011e+00 -3.9106e+00 -6.9595e-01 -4.2689e-01 -2.4560e+00 -1.1705e+00
2805555 +6.685609160e+01 +6.685609160e+01 +4.052560916e+02 +4.052560916e+02 -5.0165e-01 -3.7434e+00 -2.2710e+00 +1.1023e+00 +3.0437e+00 -3.8154e+00 -5.3545e-01 -1.8489e+00 -1.3244e+00 -2.5619e+00
3465036 +6.130234800e+01 +6.130234800e+01 +3.997023480e+02 +3.997023480e+02 -3.1982e+00 -3.8803e+00 +1.4131e+00 +1.1120e+00 +5.2656e-01 -2.4329e+00 -1.8561e+00 -3.8901e-01 -1.2799e+00 -2.1117e+00
17373786 +6.018672925e+01 +6.018672925e+01 +3.985867293e+02 +3.985867293e+02 -1.8131e-01 -3.9448e+00 -2.8760e+00 +2.2195e+00 +8.9931e-01 -3.7416e+00 -1.0427e+00 -9.1244e-01 -1.7431e+00 -2.1929e+00
38738983 +5.833544328e+01 +5.833544328e+01 +3.967354433e+02 +3.967354433e+02 -2.0072e+00 -2.9499e+00 -8.6378e-01 +2.2368e+00 +3.3138e+00 -4.2774e+00 -1.2157e-01 +1.2178e-01 -2.7549e+00 -1.2361e+00
43644335 +5.737099148e+01 +5.737099148e+01 +3.957709915e+02 +3.957709915e+02 -2.9937e+00 -2.0124e+00 -1.3799e+00 -8.6649e-01 +5.7578e-01 -3.8206e+00 +6.1842e-01 -6.5556e-01 -2.5373e+00 -1.4622e+00
60271761 +5.576626946e+01 +5.576626946e+01 +3.941662695e+02 +3.941662695e+02 -3.1296e+00 -2.0029e+00 -2.1225e+00 -1.2999e-01 -3.4763e-01 -3.8036e+00 -9.1926e-01 -3.5085e-01 -9.5277e-01 -2.7466e+00
% function evaluation | noise-free fitness - Fopt (-4.940000000000e+01) | best noise-free fitness - Fopt | measured fitness | best measured fitness | x1 | x2...
1 +2.852741122e+03 +2.852741122e+03 +2.803341122e+03 +2.803341122e+03 -4.0599e+00 +2.1490e+00 -4.9068e+00 -1.1374e+00 -3.5709e+00 -2.7042e+00 +3.5683e+00 +4.0973e+00 -4.0045e+00 +1.3634e+00
2 +5.764429534e+02 +5.764429534e+02 +5.270429534e+02 +5.270429534e+02 -3.3247e+00 -4.0911e+00 +3.3115e-02 -3.6564e+00 -5.7930e-01 -3.5644e+00 -4.0608e+00 -2.3906e+00 -3.6926e+00 +2.4680e+00
4 +3.032345912e+02 +3.032345912e+02 +2.538345912e+02 +2.538345912e+02 -4.0525e-01 -3.4945e-01 -2.6894e+00 -1.7208e+00 -3.4821e-01 +3.9085e+00 -3.0074e+00 -4.8031e+00 +6.3616e-01 +7.9985e-01
5 +2.698381840e+02 +2.698381840e+02 +2.204381840e+02 +2.204381840e+02 +2.3909e+00 +7.2429e-01 +4.5183e-01 -1.3400e+00 -9.1360e-01 -4.0150e+00 -2.3824e+00 -3.5566e+00 +2.8475e+00 +1.9561e-01
160 +2.643315444e+02 +2.643315444e+02 +2.149315444e+02 +2.149315444e+02 -1.9783e-02 +4.3462e-02 +3.9641e+00 -1.1826e+00 -1.6280e+00 -3.6437e+00 -1.9640e+00 -3.6624e+00 +2.2183e+00 -4.3048e-01
213 +2.306184764e+02 +2.306184764e+02 +1.812184764e+02 +1.812184764e+02 +2.2656e+00 -1.6090e+00 +4.9371e+00 -2.6725e+00 -5.9420e-01 +1.1302e+00 -3.1274e+00 -3.9241e+00 +2.5482e+00 +8.8311e-01
757 +1.941176718e+02 +1.941176718e+02 +1.447176718e+02 +1.447176718e+02 +2.6954e+00 +3.1278e+00 -2.3194e-01 +1.4191e+00 -3.0970e+00 +9.9850e-01 -6.9103e-01 -2.1614e+00 -5.0615e-01 -1.4399e-01
953 +1.599118188e+02 +1.599118188e+02 +1.105118188e+02 +1.105118188e+02 -1.2882e-01 -7.2856e-01 +2.0723e+00 +2.2218e+00 -3.8009e+00 -1.0900e+00 -1.3185e+00 -8.4596e-01 +9.8269e-01 +6.5823e-02
7328 +1.377666694e+02 +1.377666694e+02 +8.836666943e+01 +8.836666943e+01 +3.1429e+00 +1.1196e+00 -1.0448e+00 +2.8179e+00 -8.2969e-01 +3.1654e+00 -2.4598e+00 -2.8109e+00 +3.0329e+00 +7.7038e-01
39626 +1.312549645e+02 +1.312549645e+02 +8.185496450e+01 +8.185496450e+01 +2.4343e+00 -1.6954e+00 -2.2411e+00 +6.6554e-01 -2.9211e+00 +6.1375e-01 -2.1729e+00 -1.8719e+00 +2.5777e+00 +2.8034e-01
40685 +9.321208955e+01 +9.321208955e+01 +4.381208955e+01 +4.381208955e+01 +4.7884e+00 -2.4323e-01 -2.0342e+00 +2.1125e+00 -4.2486e+00 +7.9714e-01 -4.6278e+00 -4.0031e+00 +2.5220e+00 +1.2186e+00
77749 +8.874706199e+01 +8.874706199e+01 +3.934706199e+01 +3.934706199e+01 +4.0418e+00 +3.7945e+00 +1.6245e+00 +2.0098e+00 -4.3971e+00 +2.2221e+00 -3.0010e+00 -2.9595e+00 +2.7052e+00 +1.5613e+00
1842601 +8.104016346e+01 +8.104016346e+01 +3.164016346e+01 +3.164016346e+01 +3.0540e+00 +4.5424e+00 +5.9439e-01 +2.5963e+00 -4.4558e+00 -1.4881e+00 -3.4021e+00 -2.8456e+00 +1.8426e+00 +1.1828e+00
5679096 +7.210071036e+01 +7.210071036e+01 +2.270071036e+01 +2.270071036e+01 -7.9131e-01 +2.1636e+00 +6.3336e-01 +1.4493e+00 -3.1744e+00 +1.7645e+00 -4.0052e+00 -2.0407e+00 +2.5896e+00 +1.1448e+00
11255238 +6.709663135e+01 +6.709663135e+01 +1.769663135e+01 +1.769663135e+01 +2.9764e+00 +3.1633e-01 -1.9194e-01 +1.2154e-01 -3.8164e+00 +8.4411e-01 -4.6503e+00 -8.5681e-01 +2.5929e+00 +5.5406e-01
78311177 +5.529191128e+01 +5.529191128e+01 +5.891911281e+00 +5.891911281e+00 +3.0419e+00 -4.4842e-01 -1.0624e+00 +2.7437e+00 -4.3342e+00 +1.3176e+00 -4.3498e+00 -1.5978e+00 +1.8512e+00 +1.4230e+00
% function evaluation | noise-free fitness - Fopt (-5.557000000000e+01) | best noise-free fitness - Fopt | measured fitness | best measured fitness | x1 | x2...
1 +5.387753339e+02 +5.387753339e+02 +4.832053339e+02 +4.832053339e+02 +1.0209e+00 +4.7912e+00 -5.9354e-01 +1.3974e+00 -9.5207e-01 -4.8831e-01 -1.4403e+00 -9.1366e-01 -4.8419e+00 -2.1191e+00
2 +3.952046722e+02 +3.952046722e+02 +3.396346722e+02 +3.396346722e+02 +1.7261e+00 +4.2209e+00 +4.6805e+00 -3.5402e+00 -4.8195e+00 +1.1473e+00 -2.7505e-01 +2.1631e+00 -1.1278e+00 +5.1548e-01
14 +3.339265178e+02 +3.339265178e+02 +2.783565178e+02 +2.783565178e+02 +3.7826e-01 +7.5314e-01 +1.4460e+00 +4.1048e+00 -4.7664e+00 -2.2178e+00 -1.8640e+00 +6.0197e-01 -2.8815e+00 +1.2546e+00
25 +3.284967948e+02 +3.284967948e+02 +2.729267948e+02 +2.729267948e+02 -4.5613e+00 +4.7085e+00 -3.9534e+00 -4.7122e+00 +1.3793e+00 +3.8382e+00 +9.7507e-01 -8.1722e-01 -2.8960e+00 +4.4535e+00
33 +2.540443113e+02 +2.540443113e+02 +1.984743113e+02 +1.984743113e+02 -3.5880e-01 -1.0239e+00 -6.3739e-02 +3.7887e+00 -3.1427e+00 +3.0318e+00 +4.2733e+00 +1.1162e+00 -7.9923e-01 +1.2038e+00
120 +2.166014284e+02 +2.166014284e+02 +1.610314284e+02 +1.610314284e+02 -1.9701e+00 +8.1390e-02 -3.0205e-01 -3.6704e+00 -1.4202e-01 +3.6259e+00 +4.8621e-01 +1.3500e+00 -2.1786e+00 +2.0216e+00
762 +1.682464845e+02 +1.682464845e+02 +1.126764845e+02 +1.126764845e+02 -1.5253e+00 +1.7188e+00 +1.8286e+00 +1.3158e-01 -2.5941e+00 +3.6204e+00 +1.2572e-01 -2.2338e+00 -1.7573e+00 +2.5665e+00
981 +1.466083837e+02 +1.466083837e+02 +9.103838374e+01 +9.103838374e+01 -3.6942e+00 +2.2607e+00 -3.5531e+00 +4.1357e+00 -7.3716e-01 +3.5718e+00 +2.3270e+00 -1.9121e-01 -2.4792e+00 +4.3002e+00
1845 +1.376006391e+02 +1.376006391e+02 +8.203063909e+01 +8.203063909e+01 -3.3173e+00 +1.6851e+00 -3.5326e+00 +3.7593e+00 -1.0342e+00 +3.2326e+00 -1.4525e+00 -1.2451e+00 -1.6211e+00 +3.5056e+00
13392 +1.159793924e+02 +1.159793924e+02 +6.040939242e+01 +6.040939242e+01 -3.9515e+00 +2.4084e+00 +7.2290e-01 +3.4366e+00 -1.4230e+00 +3.2204e+00 -2.9341e-01 -1.6310e+00 -1.5409e+00 +3.0297e+00
116212 +9.955196992e+01 +9.955196992e+01 +4.398196992e+01 +4.398196992e+01 -2.6957e+00 +2.3449e+00 -3.8239e-01 +3.2737e+00 -7.4939e-01 +3.3947e+00 +1.6039e+00 -3.1896e-01 -1.3214e+00 +2.1971e+00
1138983 +8.572118574e+01 +8.572118574e+01 +3.015118574e+01 +3.015118574e+01 -2.4650e+00 +4.0143e+00 +1.7342e+00 +4.0598e+00 -2.3737e+00 +3.3479e+00 -3.5882e-01 +9.0562e-01 -1.4971e+00 +2.5339e+00
1376740 +7.236056441e+01 +7.236056441e+01 +1.679056441e+01 +1.679056441e+01 -2.9101e+00 +4.7390e+00 +9.3582e-01 +4.1245e+00 -1.1378e+00 +3.3170e+00 +1.3279e+00 -1.4911e+00 -1.1203e+00 +2.4939e+00
4571286 +6.028739312e+01 +6.028739312e+01 +4.717393122e+00 +4.717393122e+00 -9.3371e-01 +1.3220e+00 +1.0366e+00 +3.0149e+00 -2.5458e+00 +1.6088e+00 +1.0738e+00 -3.5818e-01 -1.4868e+00 +2.2574e+00
% function evaluation | noise-free fitness - Fopt (-1.412700000000e+02) | best noise-free fitness - Fopt | measured fitness | best measured fitness | x1 | x2...
1 +1.566677412e+03 +1.566677412e+03 +1.425407412e+03 +1.425407412e+03 +4.3804e+00 +1.1631e+00 +4.0173e+00 +5.7842e-02 -3.7422e-02 -1.0152e+00 +3.1692e+00 +2.8462e+00 +2.0773e-01 +1.0877e+00
6 +3.487996642e+02 +3.487996642e+02 +2.075296642e+02 +2.075296642e+02 -3.1091e-01 -1.8180e+00 -2.4296e+00 +1.1071e+00 -2.5582e+00 -3.7786e+00 +4.7896e+00 -4.1881e+00 -1.1506e+00 -3.8199e+00
20 +2.786636723e+02 +2.786636723e+02 +1.373936723e+02 +1.373936723e+02 +3.6026e-01 +3.9786e+00 +6.5833e-01 +6.2206e-01 +4.5173e+00 +2.5011e-01 -2.7787e-01 -3.2270e+00 +1.2956e+00 -1.5805e+00
81 +2.318468224e+02 +2.318468224e+02 +9.057682238e+01 +9.057682238e+01 +2.9538e+00 +3.9876e+00 -3.5682e+00 -2.3027e-01 +1.3640e-01 -1.6657e+00 +2.5056e+00 -1.9344e+00 -2.9299e-01 -4.2785e+00
134 +2.093583437e+02 +2.093583437e+02 +6.808834374e+01 +6.808834374e+01 -1.0972e+00 +4.0873e+00 +1.9581e+00 +5.8971e-02 +2.2112e+00 +1.5130e+00 +2.2078e+00 -1.5542e+00 +1.4199e+00 -1.1288e+00
162 +2.087215509e+02 +2.087215509e+02 +6.745155091e+01 +6.745155091e+01 +3.8590e+00 -5.0108e-02 +1.6470e+00 +3.2368e+00 +1.9920e+00 +3.1175e+00 +3.5011e+00 -4.1189e+00 +1.3567e+00 -3.3048e+00
906 +1.889732026e+02 +1.889732026e+02 +4.770320262e+01 +4.770320262e+01 +4.8701e+00 +3.8847e+00 +2.0253e+00 +1.0911e+00 +1.5498e+00 +3.6606e+00 +3.5476e+00 -7.1096e-01 -2.2495e-01 -1.7942e+00
1062 +1.694733948e+02 +1.694733948e+02 +2.820339475e+01 +2.820339475e+01 +3.1756e+00 +4.3753e+00 +3.8324e+00 +3.9640e-01 +4.2855e+00 +1.6955e+00 +1.3328e+00 -4.0733e+00 -1.5439e+00 -2.8141e+00
1908 +1.522373364e+02 +1.522373364e+02 +1.096733644e+01 +1.096733644e+01 +3.1535e+00 +1.8654e+00 +1.3078e+00 +1.9487e+00 +4.1101e+00 +6.4916e-01 +2.4037e+00 -2.5213e+00 +6.3718e-01 -3.0332e+00
4724 +1.284611630e+02 +1.284611630e+02 -1.280883704e+01 -1.280883704e+01 +1.3019e+00 +3.2012e+00 -4.1919e-01 +6.1796e-01 -1.5457e+00 -1.4208e+00 +3.2355e+00 -2.5652e+00 -1.8761e+00 -2.4481e+00
40231 +1.207457318e+02 +1.207457318e+02 -2.052426821e+01 -2.052426821e+01 +3.5655e+00 +4.3652e+00 -6.5118e-02 +4.2457e-01 -7.3588e-01 +1.8193e+00 +3.7465e+00 -2.7102e+00 -8.6477e-01 -2.4375e+00
132347 +1.186721365e+02 +1.186721365e+02 -2.259786348e+01 -2.259786348e+01 +1.0473e-01 +4.2018e+00 -2.5727e+00 -1.3665e+00 -7.0210e-01 +3.3876e+00 +2.3730e+00 -2.3249e+00 -6.6691e-01 -1.8249e+00
154426 +1.098496887e+02 +1.098496887e+02 -3.142031126e+01 -3.142031126e+01 +1.7030e+00 +2.4118e+00 +1.7008e+00 -4.3016e+00 +1.7788e-01 +7.2050e-01 +2.6531e+00 -3.4234e+00 -8.0923e-01 -2.1759e+00
176614 +1.001049217e+02 +1.001049217e+02 -4.116507831e+01 -4.116507831e+01 +1.3224e+00 +1.9643e+00 +1.0472e+00 -1.9013e+00 +8.7738e-01 +7.5154e-01 +2.8061e+00 -3.4178e+00 -2.9141e+00 -2.8523e+00
275842 +8.473715874e+01 +8.473715874e+01 -5.653284126e+01 -5.653284126e+01 +4.1259e+00 +2.5532e+00 -2.5385e+00 -1.1393e+00 +1.5565e+00 +3.3701e+00 +1.9053e+00 -3.8580e+00 +5.1728e-02 -2.0751e+00
468436 +7.730330502e+01 +7.730330502e+01 -6.396669498e+01 -6.396669498e+01 +2.9439e+00 +5.8888e-01 -4.4228e-01 -4.1976e-02 -3.4172e-01 -4.6572e-01 +2.3651e+00 -2.9873e+00 -1.6502e-01 -2.9121e+00
1894197 +7.442623915e+01 +7.442623915e+01 -6.684376085e+01 -6.684376085e+01 +1.7848e+00 +4.1667e+00 +1.3818e+00 -1.3194e+00 +1.7121e+00 +8.0530e-01 +2.2069e+00 -2.5833e+00 -3.9187e-01 -2.2127e+00
4676694 +7.122449443e+01 +7.122449443e+01 -7.004550557e+01 -7.004550557e+01 +1.8280e+00 +2.3464e+00 -1.0526e+00 -3.1655e-01 -2.8936e-01 +1.8187e+00 +1.9442e+00 -3.8104e+00 -4.7152e-02 -1.9088e+00
7670462 +6.989327493e+01 +6.989327493e+01 -7.137672507e+01 -7.137672507e+01 +2.5391e+00 +3.4598e+00 +5.0041e-01 +8.3836e-01 -2.2638e-01 +3.3126e+00 +2.2706e+00 -3.4587e+00 -6.9529e-01 -1.6728e+00
12768069 +5.743407694e+01 +5.743407694e+01 -8.383592306e+01 -8.383592306e+01 +3.0806e+00 +6.1941e-01 +2.1894e+00 +1.2827e+00 +1.4616e+00 +1.2617e+00 +2.8625e+00 -4.2681e+00 -1.1329e+00 -3.1460e+00
14415144 +4.759595718e+01 +4.759595718e+01 -9.367404282e+01 -9.367404282e+01 +1.8374e+00 +4.3343e+00 +4.6929e-01 -1.1525e+00 +8.7907e-01 +3.1119e+00 +1.3488e+00 -3.2828e+00 -3.3815e-01 -2.1924e+00
% function evaluation | noise-free fitness - Fopt (1.822100000000e+02) | best noise-free fitness - Fopt | measured fitness | best measured fitness | x1 | x2...
1 +6.943307942e+02 +6.943307942e+02 +8.765407942e+02 +8.765407942e+02 -1.5511e-01 -4.0793e-01 +3.9962e+00 -9.3958e-01 -3.7122e+00 -1.2246e+00 -4.1465e+00 +2.7590e+00 -2.5264e+00 -3.3206e+00
2 +6.059291621e+02 +6.059291621e+02 +7.881391621e+02 +7.881391621e+02 +3.3098e+00 -4.5408e+00 -3.9709e+00 -4.9625e+00 -7.6764e-01 +1.5567e+00 +2.3052e+00 +2.7193e+00 +4.5805e+00 +5.2698e-01
3 +4.099875339e+02 +4.099875339e+02 +5.921975339e+02 +5.921975339e+02 -4.5247e+00 -3.9231e+00 -5.9122e-01 -3.0729e+00 -6.2291e-01 +4.1949e+00 -3.1948e+00 +4.9692e+00 -1.1893e+00 +1.8781e+00
10 +2.991303407e+02 +2.991303407e+02 +4.813403407e+02 +4.813403407e+02 +4.3137e+00 +3.2291e+00 +1.8676e+00 +2.4425e+00 -2.5819e+00 -3.4692e-01 -1.4433e+00 +3.4666e+00 +3.3727e+00 +3.0482e+00
30 +1.942101279e+02 +1.942101279e+02 +3.764201279e+02 +3.764201279e+02 +2.1222e+00 -4.9006e-01 -1.2464e+00 +4.9180e+00 +1.0819e+00 -1.5947e+00 -1.9171e+00 +2.0379e+00 +1.2218e+00 -2.7577e-01
693 +1.677105670e+02 +1.677105670e+02 +3.499205670e+02 +3.499205670e+02 -3.1950e-01 +2.0739e+00 +2.7365e+00 +3.8015e+00 +1.5099e+00 -6.2611e-02 -2.1393e+00 +2.7531e+00 +2.6187e-01 +2.2156e+00
1876 +1.612069462e+02 +1.612069462e+02 +3.434169462e+02 +3.434169462e+02 +6.8666e-01 -6.1068e-01 -1.4402e+00 +1.7167e+00 -2.6722e+00 -7.7233e-01 -2.0602e+00 +4.2310e-01 +2.1581e+00 +9.9834e-01
2037 +1.544232830e+02 +1.544232830e+02 +3.366332830e+02 +3.366332830e+02 +2.2963e+00 -2.8687e+00 -1.1856e+00 +2.3478e+00 -3.7614e-01 +1.7366e+00 -9.6771e-01 +2.4180e+00 -3.1003e-01 +1.5122e+00
5603 +1.496585079e+02 +1.496585079e+02 +3.318685079e+02 +3.318685079e+02 +8.3392e-01 -2.3372e+00 +1.0867e-01 +4.6464e+00 +5.5933e-01 +7.3969e-01 -1.3824e-01 +7.4973e-01 +3.5877e+00 +9.8904e-01
9988 +1.400371020e+02 +1.400371020e+02 +3.222471020e+02 +3.222471020e+02 -2.6937e-01 -4.0603e+00 -1.8840e+00 +3.7442e+00 -1.1769e+00 +1.8806e+00 -1.0536e+00 +2.8266e+00 -6.1073e-01 +1.3895e+00
14863 +1.009091887e+02 +1.009091887e+02 +2.831191887e+02 +2.831191887e+02 +2.5262e+00 -5.7644e-01 +9.4883e-01 +2.5933e+00 +2.2553e+00 -2.7781e-01 -8.3293e-01 +1.9776e+00 +1.6245e+00 +3.1573e+00
159961 +9.574036273e+01 +9.574036273e+01 +2.779503627e+02 +2.779503627e+02 -1.7723e-01 -3.1661e+00 +1.5279e+00 +4.4171e+00 -3.1528e-01 +1.4313e-01 +9.0437e-02 +3.7883e+00 +1.2019e+00 +2.3350e+00
377996 +9.011877821e+01 +9.011877821e+01 +2.723287782e+02 +2.723287782e+02 -6.6326e-01 -3.2523e+00 -3.0893e-02 +3.1534e+00 +6.9335e-01 +1.3623e+00 -1.7758e+00 +2.4349e+00 +1.4529e-01 +1.2147e+00
604006 +8.644551852e+01 +8.644551852e+01 +2.686555185e+02 +2.686555185e+02 +7.6045e-01 -4.9245e+00 +1.3208e+00 +4.4650e+00 +9.4683e-01 -1.4230e+00 -1.3176e+00 +2.6100e+00 +4.6824e-01 +2.5208e+00
1015365 +7.987667786e+01 +7.987667786e+01 +2.620866779e+02 +2.620866779e+02 -1.4586e-01 -3.6916e+00 +1.6096e-01 +4.6430e+00 +2.2793e+00 +1.2336e+00 -2.5313e+00 +1.2649e+00 +4.1701e-01 +2.4718e+00
1801807 +6.843327782e+01 +6.843327782e+01 +2.506432778e+02 +2.506432778e+02 +6.9253e-01 -4.2032e+00 +1.5239e+00 +3.8281e+00 +1.7851e-01 +7.7191e-01 -1.2454e+00 +2.8557e+00 -1.7275e-01 +2.4862e+00
9896550 +6.547665834e+01 +6.547665834e+01 +2.476866583e+02 +2.476866583e+02 +1.9387e+00 -1.5297e+00 +2.7512e+00 +3.1356e+00 +1.0270e+00 +5.6576e-01 -2.5732e+00 +2.4673e+00 +2.2751e+00 +1.2203e+00
18865177 +6.395987933e+01 +6.395987933e+01 +2.461698793e+02 +2.461698793e+02 +3.6999e+00 -4.0992e+00 +6.3721e-01 +3.9961e+00 -1.0915e+00 +1.2238e+00 -8.6044e-01 +2.0371e+00 +1.8552e+00 +2.2088e+00
23440957 +5.464475327e+01 +5.464475327e+01 +2.368547533e+02 +2.368547533e+02 -1.2332e+00 -4.3442e+00 -4.0212e-02 +3.1659e+00 -5.2072e-02 +6.7125e-01 -2.5384e+00 +2.8807e+00 +2.2430e+00 +2.2417e+00
% function evaluation | noise-free fitness - Fopt (8.191000000000e+01) | best noise-free fitness - Fopt | measured fitness | best measured fitness | x1 | x2...
1 +7.820053810e+02 +7.820053810e+02 +8.639153810e+02 +8.639153810e+02 +3.9123e+00 -3.1203e+00 +1.9891e+00 +3.1051e+00 +3.6501e+00 +3.3173e+00 +4.7644e+00 -2.6039e+00 +1.4862e+00 +9.3032e-01
2 +3.643415311e+02 +3.643415311e+02 +4.462515311e+02 +4.462515311e+02 -1.7005e+00 +1.3179e+00 -9.1571e-01 -3.4885e+00 +2.6664e+00 -4.8133e+00 -1.6687e+00 +3.2352e+00 +4.8638e-01 +1.1904e+00
5 +3.099581132e+02 +3.099581132e+02 +3.918681132e+02 +3.918681132e+02 -3.7776e+00 +2.4837e+00 -6.5539e-02 +3.2334e-02 +3.7974e+00 +1.0261e+00 -4.5568e+00 +3.9230e+00 -1.5356e+00 -1.0546e+00
66 +2.849237244e+02 +2.849237244e+02 +3.668337244e+02 +3.668337244e+02 +4.9817e+00 +1.2769e+00 -3.1784e+00 -2.2185e+00 +2.2755e-01 -1.4783e+00 +8.9429e-01 +4.1479e+00 -1.7253e+00 -2.5189e+00
99 +2.483363664e+02 +2.483363664e+02 +3.302463664e+02 +3.302463664e+02 +3.2683e+00 -4.8548e+00 -1.5837e+00 -9.7795e-02 -7.3316e-02 +4.9500e+00 +2.4334e+00 +4.5186e+00 -2.2249e+00 +1.0339e+00
110 +1.704948820e+02 +1.704948820e+02 +2.524048820e+02 +2.524048820e+02 +3.3365e+00 +2.1721e+00 +3.6380e+00 -1.5847e+00 +2.7685e+00 +2.5076e-01 -1.7661e+00 +3.3326e+00 -1.0478e+00 +5.2052e-01
972 +1.425296080e+02 +1.425296080e+02 +2.244396080e+02 +2.244396080e+02 +4.1506e+00 -2.2326e+00 -6.1808e-01 -4.7711e+00 +9.0963e-01 +1.6993e+00 -1.8035e+00 +3.5345e+00 -2.2533e-01 -7.4144e-01
6436 +1.248657897e+02 +1.248657897e+02 +2.067757897e+02 +2.067757897e+02 -3.9364e+00 -2.9043e+00 +8.8346e-01 -1.8723e+00 +6.6631e-01 +3.6934e+00 +5.2238e-01 +4.1847e+00 -2.7582e-01 -1.0311e+00
9475 +1.150313112e+02 +1.150313112e+02 +1.969413112e+02 +1.969413112e+02 -7.9939e-01 -2.3001e-01 -7.2549e-01 -1.8996e+00 -6.0530e-01 +2.5518e+00 +2.4489e+00 +2.7385e+00 -9.0888e-01 -3.7974e-01
21862 +1.116014245e+02 +1.116014245e+02 +1.935114245e+02 +1.935114245e+02 +4.0408e+00 -4.2788e+00 -6.1366e-01 -2.1259e+00 +3.7567e+00 +3.1076e+00 +2.4036e+00 +4.1132e+00 -2.3367e+00 -1.0743e+00
45798 +1.034951223e+02 +1.034951223e+02 +1.854051223e+02 +1.854051223e+02 -1.0680e+00 -3.0030e+00 +1.9853e+00 -3.9312e+00 +3.7359e+00 +3.6708e+00 +6.4156e-01 +3.2013e+00 -1.6317e+00 -9.4162e-01
261063 +8.104832697e+01 +8.104832697e+01 +1.629583270e+02 +1.629583270e+02 +1.3646e+00 +6.6266e-01 +1.0613e+00 -4.1439e+00 +2.9734e+00 +3.7220e+00 +4.1252e-02 +3.3910e+00 -1.3014e+00 -1.3167e-01
489497 +7.873282790e+01 +7.873282790e+01 +1.606428279e+02 +1.606428279e+02 +1.0063e+00 -3.5770e-01 +7.4847e-01 -2.7698e+00 +4.3824e+00 +3.1860e+00 +9.8798e-01 +4.5518e+00 -3.4364e-01 -3.8875e-01
931475 +6.524737538e+01 +6.524737538e+01 +1.471573754e+02 +1.471573754e+02 +1.3811e-01 -2.4035e+00 -5.8962e-01 -2.0102e+00 +3.5481e+00 +1.8583e+00 +1.8916e+00 +3.6938e+00 -2.1130e+00 +3.4860e-01
4028087 +5.148610566e+01 +5.148610566e+01 +1.333961057e+02 +1.333961057e+02 +3.0159e-01 -2.2481e+00 -1.4106e+00 -3.5129e+00 +4.1594e+00 +2.2114e+00 +2.2534e-01 +3.2256e+00 -2.0539e+00 -1.6133e+00
