% function evaluation | noise-free fitness - Fopt (-2.098800000000e+02) | best noise-free fitness - Fopt | measured fitness | best measured fitness | x1 | x2...
1 +1.075390402e+05 +1.075390402e+05 +1.073291602e+05 +1.073291602e+05 -5.1508e-01 +1.2658e-01
21 +2.653915673e+04 +2.653915673e+04 +2.632927673e+04 +2.632927673e+04 -4.5819e+00 +6.1290e-01
65 +7.112978013e+03 +7.112978013e+03 +6.903098013e+03 +6.903098013e+03 +2.4512e+00 +3.5722e-01
88 +2.084539886e+02 +2.084539886e+02 -1.426011411e+00 -1.426011411e+00 -3.8635e+00 +4.6137e-01
780 +3.138428764e+01 +3.138428764e+01 -1.784957124e+02 -1.784957124e+02 -4.0781e+00 +4.4564e-01
1183 +2.724726983e+01 +2.724726983e+01 -1.826327302e+02 -1.826327302e+02 +2.2824e+00 +4.5296e-01
1539 +1.006169104e+01 +1.006169104e+01 -1.998183090e+02 -1.998183090e+02 +2.5426e+00 +4.4514e-01
3104 +5.827388487e+00 +5.827388487e+00 -2.040526115e+02 -2.040526115e+02 -1.2384e+00 +4.4759e-01
20043 +5.775255877e-01 +5.775255877e-01 -2.093024744e+02 -2.093024744e+02 +1.8925e+00 +4.4830e-01
115654 +2.309457324e-01 +2.309457324e-01 -2.096490543e+02 -2.096490543e+02 +7.8741e-01 +4.4820e-01
396158 +7.222754698e-02 +7.222754698e-02 -2.098077725e+02 -2.098077725e+02 +1.4686e+00 +4.4795e-01
1107849 +1.751020369e-02 +1.751020369e-02 -2.098624898e+02 -2.098624898e+02 +1.3315e+00 +4.4805e-01
4187993 +3.205776821e-03 +3.205776821e-03 -2.098767942e+02 -2.098767942e+02 +1.2584e+00 +4.4800e-01
12121693 +8.657511596e-04 +8.657511596e-04 -2.098791342e+02 -2.098791342e+02 +1.1808e+00 +4.4801e-01
% function evaluation | noise-free fitness - Fopt (-9.209000000000e+01) | best noise-free fitness - Fopt | measured fitness | best measured fitness | x1 | x2...
1 +4.348377111e+06 +4.348377111e+06 +4.348285021e+06 +4.348285021e+06 -1.3531e+00 +5.3305e-01
10 +1.537776554e+06 +1.537776554e+06 +1.537684464e+06 +1.537684464e+06 -2.1707e+00 +3.7571e+00
20 +1.130201390e+06 +1.130201390e+06 +1.130109300e+06 +1.130109300e+06 -1.1232e+00 +1.5775e+00
21 +6.687884598e+05 +6.687884598e+05 +6.686963698e+05 +6.686963698e+05 +4.2705e+00 +1.7564e+00
37 +2.227308953e+03 +2.227308953e+03 +2.135218953e+03 +2.135218953e+03 +4.2155e-01 +2.5771e+00
278 +1.000022935e+02 +1.000022935e+02 +7.912293516e+00 +7.912293516e+00 -5.9289e-01 +2.6112e+00
737 +6.009689496e+01 +6.009689496e+01 -3.199310504e+01 -3.199310504e+01 +1.3823e+00 +2.6292e+00
1010 +5.565743968e+01 +5.565743968e+01 -3.643256032e+01 -3.643256032e+01 -4.1208e+00 +2.6161e+00
1220 +2.811075872e+01 +2.811075872e+01 -6.397924128e+01 -6.397924128e+01 -4.4997e+00 +2.6201e+00
1944 +2.003383035e+01 +2.003383035e+01 -7.205616965e+01 -7.205616965e+01 -3.5553e+00 +2.6203e+00
4702 +1.438725594e+01 +1.438725594e+01 -7.770274406e+01 -7.770274406e+01 +5.6154e-01 +2.6253e+00
5038 +1.290972729e+01 +1.290972729e+01 -7.918027271e+01 -7.918027271e+01 -2.4174e+00 +2.6197e+00
7546 +3.710301556e+00 +3.710301556e+00 -8.837969844e+01 -8.837969844e+01 +4.5547e-01 +2.6196e+00
10937 +1.820123086e-01 +1.820123086e-01 -9.190798769e+01 -9.190798769e+01 +9.9541e-01 +2.6213e+00
254328 +4.963879771e-02 +4.963879771e-02 -9.204036120e+01 -9.204036120e+01 +9.2033e-01 +2.6215e+00
317747 +4.832540196e-02 +4.832540196e-02 -9.204167460e+01 -9.204167460e+01 +7.8064e-01 +2.6214e+00
512975 +1.054744070e-02 +1.054744070e-02 -9.207945256e+01 -9.207945256e+01 +8.2073e-01 +2.6216e+00
7066629 +6.025390178e-03 +6.025390178e-03 -9.208397461e+01 -9.208397461e+01 +7.9709e-01 +2.6216e+00
11625295 +1.883285782e-03 +1.883285782e-03 -9.208811671e+01 -9.208811671e+01 +7.4389e-01 +2.6216e+00
% function evaluation | noise-free fitness - Fopt (-8.789000000000e+01) | best noise-free fitness - Fopt | measured fitness | best measured fitness | x1 | x2...
1 +2.063030174e+04 +2.063030174e+04 +2.054241174e+04 +2.054241174e+04 +3.8576e+00 +3.7949e+00
3 +2.173345702e+03 +2.173345702e+03 +2.085455702e+03 +2.085455702e+03 -2.0693e+00 +3.6018e+00
201 +1.760469350e+02 +1.760469350e+02 +8.815693503e+01 +8.815693503e+01 -2.9993e+00 +3.6328e+00
325 +6.397025015e+01 +6.397025015e+01 -2.391974985e+01 -2.391974985e+01 +3.1816e+00 +3.6375e+00
465 +1.225007943e+01 +1.225007943e+01 -7.563992057e+01 -7.563992057e+01 +2.7737e+00 +3.6477e+00
3506 +1.068231061e+01 +1.068231061e+01 -7.720768939e+01 -7.720768939e+01 -1.8805e+00 +3.6479e+00
7973 +9.264868995e+00 +9.264868995e+00 -7.862513100e+01 -7.862513100e+01 +2.5235e+00 +3.6474e+00
13492 +6.621294853e+00 +6.621294853e+00 -8.126870515e+01 -8.126870515e+01 -7.6149e-01 +3.6431e+00
16395 +3.353266522e+00 +3.353266522e+00 -8.453673348e+01 -8.453673348e+01 -1.4050e+00 +3.6461e+00
27094 +2.448834315e+00 +2.448834315e+00 -8.544116569e+01 -8.544116569e+01 -3.9808e-01 +3.6442e+00
72256 +6.941076955e-01 +6.941076955e-01 -8.719589230e+01 -8.719589230e+01 -4.6784e-01 +3.6461e+00
144450 +4.590015398e-02 +4.590015398e-02 -8.784409985e+01 -8.784409985e+01 +1.0500e-01 +3.6454e+00
1673719 +5.748233920e-03 +5.748233920e-03 -8.788425177e+01 -8.788425177e+01 +1.5615e-01 +3.6456e+00
2434956 +3.540925826e-03 +3.540925826e-03 -8.788645907e+01 -8.788645907e+01 +2.9461e-01 +3.6456e+00
10548137 +6.476532970e-04 +6.476532970e-04 -8.788935235e+01 -8.788935235e+01 +2.5895e-01 +3.6456e+00
% function evaluation | noise-free fitness - Fopt (3.201900000000e+02) | best noise-free fitness - Fopt | measured fitness | best measured fitness | x1 | x2...
1 +2.530557205e+06 +2.530557205e+06 +2.530877395e+06 +2.530877395e+06 +4.3087e+00 -6.3549e-01
7 +7.762821084e+04 +7.762821084e+04 +7.794840084e+04 +7.794840084e+04 +2.3136e+00 -2.0869e+00
12 +1.214877122e+04 +1.214877122e+04 +1.246896122e+04 +1.246896122e+04 +4.7757e+00 -2.2583e+00
202 +1.051883914e+03 +1.051883914e+03 +1.372073914e+03 +1.372073914e+03 +4.1154e+00 -2.3256e+00
441 +5.301203583e+02 +5.301203583e+02 +8.503103583e+02 +8.503103583e+02 +8.0056e-01 -2.3840e+00
568 +3.521114151e+02 +3.521114151e+02 +6.723014151e+02 +6.723014151e+02 -1.5521e+00 -2.3414e+00
677 +2.265496108e+02 +2.265496108e+02 +5.467396108e+02 +5.467396108e+02 -1.9374e+00 -2.3754e+00
957 +1.695807639e+01 +1.695807639e+01 +3.371480764e+02 +3.371480764e+02 +2.9805e+00 -2.3633e+00
1910 +9.257314471e+00 +9.257314471e+00 +3.294473145e+02 +3.294473145e+02 -2.4338e+00 -2.3632e+00
4440 +2.296443942e+00 +2.296443942e+00 +3.224864439e+02 +3.224864439e+02 +1.1075e+00 -2.3612e+00
33600 +1.565065583e+00 +1.565065583e+00 +3.217550656e+02 +3.217550656e+02 -9.1963e-01 -2.3620e+00
119189 +6.668079123e-01 +6.668079123e-01 +3.208568079e+02 +3.208568079e+02 +2.9965e-01 -2.3604e+00
123723 +2.915586514e-01 +2.915586514e-01 +3.204815587e+02 +3.204815587e+02 -9.8451e-01 -2.3607e+00
231076 +2.547742020e-01 +2.547742020e-01 +3.204447742e+02 +3.204447742e+02 -2.4291e-01 -2.3603e+00
496852 +8.230100889e-02 +8.230100889e-02 +3.202723010e+02 +3.202723010e+02 -2.6471e-01 -2.3611e+00
1295798 +4.019150587e-02 +4.019150587e-02 +3.202301915e+02 +3.202301915e+02 -5.5200e-01 -2.3610e+00
2024710 +3.661144526e-02 +3.661144526e-02 +3.202266114e+02 +3.202266114e+02 -6.0903e-01 -2.3608e+00
2181709 +4.302848330e-03 +4.302848330e-03 +3.201943028e+02 +3.201943028e+02 -3.6617e-01 -2.3608e+00
10931397 +6.821345452e-04 +6.821345452e-04 +3.201906821e+02 +3.201906821e+02 -4.4224e-01 -2.3608e+00
% function evaluation | noise-free fitness - Fopt (-1.042400000000e+02) | best noise-free fitness - Fopt | measured fitness | best measured fitness | x1 | x2...
1 +3.370397974e+07 +3.370397974e+07 +3.370387550e+07 +3.370387550e+07 +7.7094e-01 +1.8813e+00
2 +1.330248153e+06 +1.330248153e+06 +1.330143913e+06 +1.330143913e+06 -1.0785e+00 -2.8376e+00
3 +6.540928140e+05 +6.540928140e+05 +6.539885740e+05 +6.539885740e+05 -3.0162e+00 -4.7779e+00
7 +7.311909960e+04 +7.311909960e+04 +7.301485960e+04 +7.301485960e+04 -1.8325e+00 -4.1904e+00
10 +2.721981067e+04 +2.721981067e+04 +2.711557067e+04 +2.711557067e+04 -2.3325e-01 -3.7534e+00
29 +2.218174859e+04 +2.218174859e+04 +2.207750859e+04 +2.207750859e+04 +2.7274e+00 -4.0606e+00
50 +6.166713388e+02 +6.166713388e+02 +5.124313388e+02 +5.124313388e+02 +1.9431e+00 -3.9449e+00
443 +1.327032903e+02 +1.327032903e+02 +2.846329034e+01 +2.846329034e+01 +3.6946e+00 -3.9089e+00
485 +6.199898219e+01 +6.199898219e+01 -4.224101781e+01 -4.224101781e+01 -3.4181e+00 -3.9274e+00
1527 +2.789531177e+01 +2.789531177e+01 -7.634468823e+01 -7.634468823e+01 -3.6162e+00 -3.9233e+00
3060 +1.242453156e+01 +1.242453156e+01 -9.181546844e+01 -9.181546844e+01 -1.8060e+00 -3.9169e+00
3236 +1.156460820e+01 +1.156460820e+01 -9.267539180e+01 -9.267539180e+01 +3.7626e+00 -3.9191e+00
3512 +7.770205828e-01 +7.770205828e-01 -1.034629794e+02 -1.034629794e+02 -4.4365e-01 -3.9196e+00
21023 +7.513222527e-01 +7.513222527e-01 -1.034886777e+02 -1.034886777e+02 -3.3543e-02 -3.9192e+00
26778 +6.450896608e-01 +6.450896608e-01 -1.035949103e+02 -1.035949103e+02 +4.2065e-01 -3.9192e+00
55791 +3.318252367e-01 +3.318252367e-01 -1.039081748e+02 -1.039081748e+02 -8.0992e-02 -3.9203e+00
67125 +1.753778377e-01 +1.753778377e-01 -1.040646222e+02 -1.040646222e+02 +2.0074e-03 -3.9199e+00
210943 +1.153073906e-01 +1.153073906e-01 -1.041246926e+02 -1.041246926e+02 +7.7430e-02 -3.9199e+00
496043 +1.108299092e-01 +1.108299092e-01 -1.041291701e+02 -1.041291701e+02 +4.4390e-01 -3.9197e+00
712353 +5.101770642e-02 +5.101770642e-02 -1.041889823e+02 -1.041889823e+02 +4.4977e-01 -3.9198e+00
1029388 +2.592281556e-02 +2.592281556e-02 -1.042140772e+02 -1.042140772e+02 +5.5670e-01 -3.9200e+00
2066689 +7.498269740e-03 +7.498269740e-03 -1.042325017e+02 -1.042325017e+02 +3.0206e-01 -3.9200e+00
7737356 +6.748779719e-03 +6.748779719e-03 -1.042332512e+02 -1.042332512e+02 +3.0579e-01 -3.9200e+00
11140079 +3.078385985e-03 +3.078385985e-03 -1.042369216e+02 -1.042369216e+02 +3.4273e-01 -3.9200e+00
18577323 +2.258083589e-03 +2.258083589e-03 -1.042377419e+02 -1.042377419e+02 +3.6403e-01 -3.9200e+00
% function evaluation | noise-free fitness - Fopt (-4.791000000000e+01) | best noise-free fitness - Fopt | measured fitness | best measured fitness | x1 | x2...
1 +1.715374008e+07 +1.715374008e+07 +1.715369217e+07 +1.715369217e+07 +1.6404e+00 +2.6467e+00
2 +9.668589656e+06 +9.668589656e+06 +9.668541746e+06 +9.668541746e+06 +1.7522e+00 -4.6557e+00
3 +4.440246538e+06 +4.440246538e+06 +4.440198628e+06 +4.440198628e+06 -4.3321e+00 -3.6086e+00
7 +3.127947161e+05 +3.127947161e+05 +3.127468061e+05 +3.127468061e+05 -2.8914e+00 -2.0861e+00
66 +1.232855855e+05 +1.232855855e+05 +1.232376755e+05 +1.232376755e+05 +1.4213e+00 -1.1378e+00
79 +1.770944369e+04 +1.770944369e+04 +1.766153369e+04 +1.766153369e+04 +2.5130e+00 -1.6180e+00
82 +2.604161821e+03 +2.604161821e+03 +2.556251821e+03 +2.556251821e+03 +2.6257e+00 -1.4433e+00
108 +1.451652424e+03 +1.451652424e+03 +1.403742424e+03 +1.403742424e+03 -1.7109e+00 -1.4505e+00
171 +5.166634163e+01 +5.166634163e+01 +3.756341633e+00 +3.756341633e+00 -2.7509e+00 -1.4963e+00
784 +8.278907482e+00 +8.278907482e+00 -3.963109252e+01 -3.963109252e+01 +4.1283e+00 -1.4899e+00
1353 +6.660718978e+00 +6.660718978e+00 -4.124928102e+01 -4.124928102e+01 +1.3468e+00 -1.4877e+00
1493 +1.423414986e+00 +1.423414986e+00 -4.648658501e+01 -4.648658501e+01 +2.3321e+00 -1.4910e+00
33579 +2.908790746e-01 +2.908790746e-01 -4.761912093e+01 -4.761912093e+01 +1.7711e+00 -1.4907e+00
86752 +1.050817025e-01 +1.050817025e-01 -4.780491830e+01 -4.780491830e+01 +1.6150e+00 -1.4903e+00
155186 +3.071099921e-02 +3.071099921e-02 -4.787928900e+01 -4.787928900e+01 +1.2808e+00 -1.4906e+00
584293 +2.437154908e-02 +2.437154908e-02 -4.788562845e+01 -4.788562845e+01 +1.4699e+00 -1.4903e+00
3287830 +7.470499142e-03 +7.470499142e-03 -4.790252950e+01 -4.790252950e+01 +1.2859e+00 -1.4905e+00
3335228 +1.056414536e-03 +1.056414536e-03 -4.790894359e+01 -4.790894359e+01 +1.3444e+00 -1.4904e+00
% function evaluation | noise-free fitness - Fopt (-9.688000000000e+01) | best noise-free fitness - Fopt | measured fitness | best measured fitness | x1 | x2...
1 +8.445832762e+06 +8.445832762e+06 +8.445735882e+06 +8.445735882e+06 -1.8840e+00 +4.4608e-01
3 +2.120211232e+06 +2.120211232e+06 +2.120114352e+06 +2.120114352e+06 +2.9129e+00 -9.3629e-01
4 +1.475831611e+06 +1.475831611e+06 +1.475734731e+06 +1.475734731e+06 +3.1601e+00 -3.6342e+00
10 +3.413305981e+04 +3.413305981e+04 +3.403617981e+04 +3.403617981e+04 +6.6362e-01 -2.6608e+00
15 +2.152656215e+03 +2.152656215e+03 +2.055776215e+03 +2.055776215e+03 -2.1912e+00 -2.4396e+00
36 +9.643193241e+02 +9.643193241e+02 +8.674393241e+02 +8.674393241e+02 -3.5697e+00 -2.4521e+00
66 +7.454499919e+02 +7.454499919e+02 +6.485699919e+02 +6.485699919e+02 +1.2686e+00 -2.4587e+00
313 +3.104002633e+02 +3.104002633e+02 +2.135202633e+02 +2.135202633e+02 +3.0821e-01 -2.5011e+00
579 +1.111207536e+02 +1.111207536e+02 +1.424075359e+01 +1.424075359e+01 +9.5740e-01 -2.4737e+00
658 +1.006890882e+02 +1.006890882e+02 +3.809088190e+00 +3.809088190e+00 +2.5388e-01 -2.4745e+00
1899 +6.648644495e+01 +6.648644495e+01 -3.039355505e+01 -3.039355505e+01 +3.9474e+00 -2.4761e+00
1941 +5.821346735e+01 +5.821346735e+01 -3.866653265e+01 -3.866653265e+01 -4.6995e+00 -2.4825e+00
2331 +6.163880512e+00 +6.163880512e+00 -9.071611949e+01 -9.071611949e+01 +1.3687e+00 -2.4857e+00
17382 +4.912491473e-01 +4.912491473e-01 -9.638875085e+01 -9.638875085e+01 +3.7923e+00 -2.4839e+00
52346 +2.435356957e-01 +2.435356957e-01 -9.663646430e+01 -9.663646430e+01 +3.1869e+00 -2.4835e+00
55675 +6.930228761e-05 +6.930228761e-05 -9.687993070e+01 -9.687993070e+01 +3.1319e+00 -2.4840e+00
% function evaluation | noise-free fitness - Fopt (-3.152000000000e+02) | best noise-free fitness - Fopt | measured fitness | best measured fitness | x1 | x2...
1 +1.189160794e+07 +1.189160794e+07 +1.189129274e+07 +1.189129274e+07 -2.8397e+00 -2.9656e+00
2 +6.848230184e+06 +6.848230184e+06 +6.847914984e+06 +6.847914984e+06 -4.4463e-01 +2.9813e+00
3 +6.527868010e+06 +6.527868010e+06 +6.527552810e+06 +6.527552810e+06 -3.4736e+00 -2.1373e+00
5 +6.203757555e+06 +6.203757555e+06 +6.203442355e+06 +6.203442355e+06 -3.7998e+00 -2.0704e+00
7 +5.540707653e+06 +5.540707653e+06 +5.540392453e+06 +5.540392453e+06 +5.9810e-01 -1.9203e+00
11 +4.759355009e+05 +4.759355009e+05 +4.756203009e+05 +4.756203009e+05 +2.2525e+00 -2.4843e-01
14 +7.639253955e+03 +7.639253955e+03 +7.324053955e+03 +7.324053955e+03 -3.2031e+00 +5.9067e-01
35 +2.634802823e+03 +2.634802823e+03 +2.319602823e+03 +2.319602823e+03 +4.8897e+00 +4.5501e-01
54 +2.035097085e+00 +2.035097085e+00 -3.131649029e+02 -3.131649029e+02 -4.3546e+00 +5.0413e-01
4239 +3.296750817e-01 +3.296750817e-01 -3.148703249e+02 -3.148703249e+02 -3.2377e+00 +5.0351e-01
5315 +6.270480428e-02 +6.270480428e-02 -3.151372952e+02 -3.151372952e+02 -2.9128e+00 +5.0420e-01
677730 +4.433967663e-02 +4.433967663e-02 -3.151556603e+02 -3.151556603e+02 -3.2542e+00 +5.0397e-01
838232 +1.433996224e-02 +1.433996224e-02 -3.151856600e+02 -3.151856600e+02 -2.9860e+00 +5.0390e-01
3891467 +1.044383672e-02 +1.044383672e-02 -3.151895562e+02 -3.151895562e+02 -2.9818e+00 +5.0392e-01
7731027 +5.655392551e-04 +5.655392551e-04 -3.151994345e+02 -3.151994345e+02 -3.0261e+00 +5.0400e-01
% function evaluation | noise-free fitness - Fopt (1.811000000000e+01) | best noise-free fitness - Fopt | measured fitness | best measured fitness | x1 | x2...
1 +5.079721591e+05 +5.079721591e+05 +5.079902691e+05 +5.079902691e+05 +1.7328e+00 -1.5128e+00
9 +2.005988113e+05 +2.005988113e+05 +2.006169213e+05 +2.006169213e+05 +8.4912e-02 -1.7961e+00
12 +8.362386383e+04 +8.362386383e+04 +8.364197383e+04 +8.364197383e+04 -2.6274e+00 -1.9781e+00
50 +1.860690773e+03 +1.860690773e+03 +1.878800773e+03 +1.878800773e+03 +3.8020e+00 -2.2181e+00
75 +3.722778870e+02 +3.722778870e+02 +3.903878870e+02 +3.903878870e+02 -5.3914e-01 -2.2800e+00
85 +7.627803683e+01 +7.627803683e+01 +9.438803683e+01 +9.438803683e+01 -7.3858e-02 -2.2702e+00
957 +3.425355823e+01 +3.425355823e+01 +5.236355823e+01 +5.236355823e+01 +3.8470e+00 -2.2649e+00
1040 +1.866086758e+01 +1.866086758e+01 +3.677086758e+01 +3.677086758e+01 -4.7706e-01 -2.2568e+00
5987 +6.701147494e+00 +6.701147494e+00 +2.481114749e+01 +2.481114749e+01 +6.4590e-01 -2.2585e+00
6925 +5.182763493e+00 +5.182763493e+00 +2.329276349e+01 +2.329276349e+01 +1.2697e-01 -2.2587e+00
8640 +2.994740161e-01 +2.994740161e-01 +1.840947402e+01 +1.840947402e+01 -2.0956e-02 -2.2613e+00
62239 +7.487884924e-02 +7.487884924e-02 +1.818487885e+01 +1.818487885e+01 +2.0693e-01 -2.2606e+00
206662 +2.624687938e-02 +2.624687938e-02 +1.813624688e+01 +1.813624688e+01 +1.1445e-01 -2.2609e+00
700257 +7.721245496e-03 +7.721245496e-03 +1.811772125e+01 +1.811772125e+01 -4.9038e-03 -2.2607e+00
2753212 +4.279255961e-04 +4.279255961e-04 +1.811042793e+01 +1.811042793e+01 -3.1816e-03 -2.2608e+00
3990620 +3.814642751e-04 +3.814642751e-04 +1.811038146e+01 +1.811038146e+01 +9.3765e-03 -2.2608e+00
% function evaluation | noise-free fitness - Fopt (9.656000000000e+01) | best noise-free fitness - Fopt | measured fitness | best measured fitness | x1 | x2...
1 +6.202179442e+05 +6.202179442e+05 +6.203145042e+05 +6.203145042e+05 -5.7659e-02 +4.0918e+00
18 +1.116602280e+03 +1.116602280e+03 +1.213162280e+03 +1.213162280e+03 -1.3977e+00 +3.2637e+00
86 +1.151215894e+02 +1.151215894e+02 +2.116815894e+02 +2.116815894e+02 +2.5153e+00 +3.2363e+00
969 +2.037080214e+01 +2.037080214e+01 +1.169308021e+02 +1.169308021e+02 -3.5962e+00 +3.2231e+00
1891 +1.211341115e+01 +1.211341115e+01 +1.086734112e+02 +1.086734112e+02 -3.5598e+00 +3.2307e+00
2960 +1.481379933e-01 +1.481379933e-01 +9.670813799e+01 +9.670813799e+01 -3.1288e+00 +3.2275e+00
548758 +5.142119803e-02 +5.142119803e-02 +9.661142120e+01 +9.661142120e+01 -3.1091e+00 +3.2273e+00
576906 +1.379905879e-02 +1.379905879e-02 +9.657379906e+01 +9.657379906e+01 -2.7930e+00 +3.2272e+00
9093051 +2.409229295e-03 +2.409229295e-03 +9.656240923e+01 +9.656240923e+01 -2.8983e+00 +3.2272e+00
% function evaluation | noise-free fitness - Fopt (1.000000000000e+03) | best noise-free fitness - Fopt | measured fitness | best measured fitness | x1 | x2...
1 +5.394906588e+06 +5.394906588e+06 +5.395906588e+06 +5.395906588e+06 +2.4499e+00 -2.3827e+00
3 +4.828711205e+06 +4.828711205e+06 +4.829711205e+06 +4.829711205e+06 -5.1213e-01 -2.2306e+00
5 +2.577511381e+05 +2.577511381e+05 +2.587511381e+05 +2.587511381e+05 +4.2549e+00 -5.1321e-01
25 +4.896618501e+03 +4.896618501e+03 +5.896618501e+03 +5.896618501e+03 +1.3967e+00 -7.1467e-02
33 +3.867297443e+03 +3.867297443e+03 +4.867297443e+03 +4.867297443e+03 +2.3051e+00 +7.2398e-02
59 +1.060114313e+03 +1.060114313e+03 +2.060114313e+03 +2.060114313e+03 +1.1499e-01 -2.5680e-02
71 +7.059734840e+01 +7.059734840e+01 +1.070597348e+03 +1.070597348e+03 -4.4935e+00 +1.3512e-02
526 +2.741309974e+01 +2.741309974e+01 +1.027413100e+03 +1.027413100e+03 +2.9107e+00 +4.0612e-03
10718 +2.132421491e+01 +2.132421491e+01 +1.021324215e+03 +1.021324215e+03 -3.2914e+00 +1.5329e-03
11327 +1.926712409e+01 +1.926712409e+01 +1.019267124e+03 +1.019267124e+03 +9.2386e-01 +8.9805e-03
12434 +9.160778553e+00 +9.160778553e+00 +1.009160779e+03 +1.009160779e+03 -1.0066e+00 +8.6290e-03
13627 +8.614979860e+00 +8.614979860e+00 +1.008614980e+03 +1.008614980e+03 -6.4169e-01 +8.1187e-03
15694 +2.534952531e+00 +2.534952531e+00 +1.002534953e+03 +1.002534953e+03 -1.2723e+00 +4.2288e-03
23250 +2.031348062e+00 +2.031348062e+00 +1.002031348e+03 +1.002031348e+03 -3.2273e+00 +4.6532e-03
24659 +5.677085360e-01 +5.677085360e-01 +1.000567709e+03 +1.000567709e+03 -2.5898e+00 +5.0223e-03
53049 +1.131655630e-01 +1.131655630e-01 +1.000113166e+03 +1.000113166e+03 -2.1283e+00 +5.9276e-03
133284 +3.186027867e-02 +3.186027867e-02 +1.000031860e+03 +1.000031860e+03 -2.2337e+00 +5.4336e-03
291677 +3.058360981e-02 +3.058360981e-02 +1.000030584e+03 +1.000030584e+03 -2.3107e+00 +5.5436e-03
2411653 +9.048217613e-03 +9.048217613e-03 +1.000009048e+03 +1.000009048e+03 -2.0969e+00 +5.6749e-03
3188249 +7.048295925e-05 +7.048295925e-05 +1.000000070e+03 +1.000000070e+03 -2.1578e+00 +5.6075e-03
% function evaluation | noise-free fitness - Fopt (-7.724000000000e+01) | best noise-free fitness - Fopt | measured fitness | best measured fitness | x1 | x2...
1 +2.924377666e+04 +2.924377666e+04 +2.916653666e+04 +2.916653666e+04 -2.3348e+00 +1.4570e+00
12 +3.332269915e+03 +3.332269915e+03 +3.255029915e+03 +3.255029915e+03 -3.1740e+00 +1.2253e+00
61 +1.368229855e+03 +1.368229855e+03 +1.290989855e+03 +1.290989855e+03 +3.3569e+00 +1.3248e+00
191 +5.021025255e+02 +5.021025255e+02 +4.248625255e+02 +4.248625255e+02 -1.4677e+00 +1.2630e+00
230 +2.193451347e+02 +2.193451347e+02 +1.421051347e+02 +1.421051347e+02 -4.6509e+00 +1.2716e+00
564 +4.607654371e+01 +4.607654371e+01 -3.116345629e+01 -3.116345629e+01 +2.5152e+00 +1.2794e+00
916 +3.831891397e+01 +3.831891397e+01 -3.892108603e+01 -3.892108603e+01 -7.1859e-01 +1.2793e+00
2175 +2.565459703e+01 +2.565459703e+01 -5.158540297e+01 -5.158540297e+01 +1.9627e+00 +1.2816e+00
7377 +4.207730361e+00 +4.207730361e+00 -7.303226964e+01 -7.303226964e+01 -1.6198e+00 +1.2838e+00
25357 +4.096736830e+00 +4.096736830e+00 -7.314326317e+01 -7.314326317e+01 +1.4839e+00 +1.2856e+00
25488 +4.859121822e-02 +4.859121822e-02 -7.719140878e+01 -7.719140878e+01 -3.8723e-01 +1.2854e+00
189956 +4.723989233e-02 +4.723989233e-02 -7.719276011e+01 -7.719276011e+01 -4.6698e-01 +1.2854e+00
332586 +1.228239698e-02 +1.228239698e-02 -7.722771760e+01 -7.722771760e+01 -5.1149e-01 +1.2857e+00
420180 +9.559206935e-03 +9.559206935e-03 -7.723044079e+01 -7.723044079e+01 -6.2082e-01 +1.2857e+00
5083191 +3.756266920e-03 +3.756266920e-03 -7.723624373e+01 -7.723624373e+01 -4.7539e-01 +1.2856e+00
7505241 +2.056970908e-03 +2.056970908e-03 -7.723794303e+01 -7.723794303e+01 -5.3773e-01 +1.2856e+00
% function evaluation | noise-free fitness - Fopt (4.939400000000e+02) | best noise-free fitness - Fopt | measured fitness | best measured fitness | x1 | x2...
1 +3.265614053e+07 +3.265614053e+07 +3.265663447e+07 +3.265663447e+07 +3.2506e+00 -2.5402e+00
2 +2.106732446e+07 +2.106732446e+07 +2.106781840e+07 +2.106781840e+07 +9.8611e-01 -1.1358e+00
3 +1.053368639e+06 +1.053368639e+06 +1.053862579e+06 +1.053862579e+06 -2.7865e+00 +2.4711e+00
5 +6.128209774e+05 +6.128209774e+05 +6.133149174e+05 +6.133149174e+05 +4.1118e+00 +4.3499e+00
8 +6.933587301e+04 +6.933587301e+04 +6.982981301e+04 +6.982981301e+04 +2.6434e+00 +3.2260e+00
48 +4.634071842e+04 +4.634071842e+04 +4.683465842e+04 +4.683465842e+04 +9.3014e-01 +3.7039e+00
55 +3.761879546e+02 +3.761879546e+02 +8.701279546e+02 +8.701279546e+02 +1.5820e+00 +3.4711e+00
166 +4.666455354e+01 +4.666455354e+01 +5.406045535e+02 +5.406045535e+02 +2.4238e+00 +3.4921e+00
2004 +4.213736620e+01 +4.213736620e+01 +5.360773662e+02 +5.360773662e+02 -2.3875e+00 +3.4830e+00
3124 +3.738036112e+00 +3.738036112e+00 +4.976780361e+02 +4.976780361e+02 -1.8206e+00 +3.4895e+00
13170 +6.300602331e-01 +6.300602331e-01 +4.945700602e+02 +4.945700602e+02 -3.2727e+00 +3.4902e+00
15320 +5.038302788e-01 +5.038302788e-01 +4.944438303e+02 +4.944438303e+02 -3.5305e+00 +3.4889e+00
74085 +2.045291456e-01 +2.045291456e-01 +4.941445291e+02 +4.941445291e+02 -4.2005e+00 +3.4895e+00
103127 +1.462452777e-01 +1.462452777e-01 +4.940862453e+02 +4.940862453e+02 -3.9430e+00 +3.4899e+00
271124 +1.141476891e-01 +1.141476891e-01 +4.940541477e+02 +4.940541477e+02 -3.5272e+00 +3.4898e+00
429562 +8.290318224e-03 +8.290318224e-03 +4.939482903e+02 +4.939482903e+02 -3.8504e+00 +3.4895e+00
449112 +7.548308989e-04 +7.548308989e-04 +4.939407548e+02 +4.939407548e+02 -3.8057e+00 +3.4896e+00
4549355 +5.731298774e-05 +5.731298774e-05 +4.939400573e+02 +4.939400573e+02 -3.7943e+00 +3.4896e+00
% function evaluation | noise-free fitness - Fopt (4.161000000000e+01) | best noise-free fitness - Fopt | measured fitness | best measured fitness | x1 | x2...
1 +7.960447576e+05 +7.960447576e+05 +7.960863676e+05 +7.960863676e+05 -1.8513e+00 +2.8177e+00
14 +3.068783063e+04 +3.068783063e+04 +3.072944063e+04 +3.072944063e+04 +2.2152e-01 +3.9147e+00
32 +1.272328867e+04 +1.272328867e+04 +1.276489867e+04 +1.276489867e+04 +1.2534e+00 +3.8455e+00
124 +3.900827153e+03 +3.900827153e+03 +3.942437153e+03 +3.942437153e+03 +3.2901e+00 +3.6722e+00
264 +3.745080421e+02 +3.745080421e+02 +4.161180421e+02 +4.161180421e+02 +4.4887e+00 +3.7599e+00
793 +2.639578300e+01 +2.639578300e+01 +6.800578300e+01 +6.800578300e+01 -3.4556e-01 +3.7434e+00
2780 +2.255467761e+01 +2.255467761e+01 +6.416467761e+01 +6.416467761e+01 -1.1463e+00 +3.7401e+00
6055 +1.847957079e+01 +1.847957079e+01 +6.008957079e+01 +6.008957079e+01 +6.6975e-01 +3.7434e+00
6521 +3.161927082e+00 +3.161927082e+00 +4.477192708e+01 +4.477192708e+01 +2.3182e+00 +3.7390e+00
26620 +1.947007258e+00 +1.947007258e+00 +4.355700726e+01 +4.355700726e+01 +2.5263e+00 +3.7393e+00
29065 +1.550787489e+00 +1.550787489e+00 +4.316078749e+01 +4.316078749e+01 +3.7426e+00 +3.7387e+00
36432 +9.399575920e-01 +9.399575920e-01 +4.254995759e+01 +4.254995759e+01 +2.7538e+00 +3.7404e+00
48377 +3.103555733e-01 +3.103555733e-01 +4.192035557e+01 +4.192035557e+01 +3.1423e+00 +3.7402e+00
244643 +3.068481298e-01 +3.068481298e-01 +4.191684813e+01 +4.191684813e+01 +3.1038e+00 +3.7399e+00
597416 +7.159619936e-02 +7.159619936e-02 +4.168159620e+01 +4.168159620e+01 +3.6446e+00 +3.7397e+00
1493002 +5.551914863e-02 +5.551914863e-02 +4.166551915e+01 +4.166551915e+01 +3.6833e+00 +3.7397e+00
2122500 +7.877929781e-03 +7.877929781e-03 +4.161787793e+01 +4.161787793e+01 +3.6120e+00 +3.7399e+00
5616989 +3.411694159e-04 +3.411694159e-04 +4.161034117e+01 +4.161034117e+01 +3.6617e+00 +3.7400e+00
% function evaluation | noise-free fitness - Fopt (-1.619400000000e+02) | best noise-free fitness - Fopt | measured fitness | best measured fitness | x1 | x2...
1 +1.686427628e+07 +1.686427628e+07 +1.686411434e+07 +1.686411434e+07 +3.7948e+00 +1.3209e+00
2 +4.735563594e+05 +4.735563594e+05 +4.733944194e+05 +4.733944194e+05 -2.6902e+00 -2.1342e+00
4 +1.366614109e+05 +1.366614109e+05 +1.364994709e+05 +1.364994709e+05 +4.3309e+00 -2.3982e+00
17 +2.180327101e+04 +2.180327101e+04 +2.164133101e+04 +2.164133101e+04 -6.9943e-01 -2.6304e+00
58 +6.651439762e+01 +6.651439762e+01 -9.542560238e+01 -9.542560238e+01 +7.8409e-01 -2.7756e+00
429 +3.249509029e+01 +3.249509029e+01 -1.294449097e+02 -1.294449097e+02 +1.0744e+00 -2.7876e+00
513 +3.549990340e+00 +3.549990340e+00 -1.583900097e+02 -1.583900097e+02 -2.9904e-01 -2.7822e+00
10967 +7.527207170e-01 +7.527207170e-01 -1.611872793e+02 -1.611872793e+02 -2.8853e+00 -2.7833e+00
36635 +6.009673642e-01 +6.009673642e-01 -1.613390326e+02 -1.613390326e+02 -1.4372e+00 -2.7827e+00
65836 +4.352317192e-01 +4.352317192e-01 -1.615047683e+02 -1.615047683e+02 -2.7101e+00 -2.7832e+00
78585 +2.257832366e-02 +2.257832366e-02 -1.619174217e+02 -1.619174217e+02 -1.8860e+00 -2.7831e+00
1455524 +1.254596146e-02 +1.254596146e-02 -1.619274540e+02 -1.619274540e+02 -1.9595e+00 -2.7831e+00
3464647 +6.505731595e-03 +6.505731595e-03 -1.619334943e+02 -1.619334943e+02 -1.9068e+00 -2.7832e+00
4874437 +5.599463941e-03 +5.599463941e-03 -1.619344005e+02 -1.619344005e+02 -1.9116e+00 -2.7832e+00
14045259 +4.086740274e-03 +4.086740274e-03 -1.619359133e+02 -1.619359133e+02 -2.0447e+00 -2.7832e+00
