% f evaluations | g evaluations | best noise-free fitness - Fopt (-5.235000000000e+01) + sum g_i+ | measured fitness | best measured fitness or single-digit g-values | x1 | x2...
1 0 +5.270997878e+01 +3.599787793e-01 +3.599787793e-01 +2.7068e+00 -2.9679e+00 -2.4232e+00 -3.1066e-01 +9.7662e-01 -7.4036e-01 -5.2951e-01 +2.3204e+00 -9.0133e-01 -2.8696e+00
12 0 +4.540929445e+01 -6.940705552e+00 -6.940705552e+00 -7.8457e-01 +1.2386e-02 +2.3388e+00 -1.1315e+00 -6.1488e-01 +2.6339e+00 +1.3288e+00 +4.8071e-01 +1.5432e-01 -2.8777e+00
21 0 +2.799920090e+01 -2.435079910e+01 -2.435079910e+01 -6.7572e-01 -1.9577e+00 -1.3888e+00 +9.0896e-01 +1.1853e+00 +6.0185e-01 -1.8309e+00 +2.7185e+00 +9.2830e-02 -2.0297e+00
25 0 +2.586221065e+01 -2.648778935e+01 -2.648778935e+01 +1.5990e+00 -2.2187e+00 +1.4009e+00 +4.9242e-01 -6.7927e-01 -8.0420e-01 -2.6752e+00 +2.9965e+00 +1.7835e+00 +5.1819e-01
66 0 +1.659586831e+01 -3.575413169e+01 -3.575413169e+01 -7.4200e-01 -1.7512e+00 +2.6464e+00 -7.8316e-01 -1.4132e+00 +7.0175e-01 -1.0329e-01 +2.8194e+00 +2.7150e+00 -2.6539e+00
110 0 +1.518807776e+01 -3.716192224e+01 -3.716192224e+01 -1.4189e+00 -1.0858e+00 -1.2114e+00 +3.8976e-01 +1.4589e+00 +1.9185e+00 -2.3637e+00 -1.6259e-01 +1.7623e+00 -2.3266e+00
147 0 +1.424829482e+01 -3.810170518e+01 -3.810170518e+01 +6.3614e-01 +2.2368e-01 +2.7701e-01 -7.1146e-01 +1.8898e+00 +7.5917e-01 -2.3164e+00 -2.8476e+00 +1.0384e+00 -1.9592e+00
276 0 +1.383857009e+01 -3.851142991e+01 -3.851142991e+01 -5.2310e-01 +1.6429e+00 -1.1103e+00 +3.6541e-01 +1.4057e+00 +2.3049e+00 -1.7329e+00 -1.6995e+00 +1.6175e+00 -2.4452e+00
354 0 +1.199384720e+01 -4.035615280e+01 -4.035615280e+01 -2.0406e-01 -4.3627e-01 +2.9280e+00 -2.5275e+00 -1.1174e-01 +1.9635e+00 -2.7265e+00 -1.4173e+00 +2.6766e+00 +1.5980e+00
473 0 +1.049356452e+01 -4.185643548e+01 -4.185643548e+01 -1.8672e+00 -7.5056e-01 +1.4837e+00 +1.3314e+00 -2.1561e+00 +2.9475e+00 -2.8309e+00 +1.7153e+00 +1.9282e+00 +6.4839e-01
646 0 +9.784435925e+00 -4.256556408e+01 -4.256556408e+01 -1.2659e+00 +1.4852e+00 +6.4096e-01 -1.6741e+00 +2.2029e+00 +2.4595e+00 -2.6091e+00 -1.9422e+00 +1.9871e+00 -2.3904e+00
692 0 +9.751399417e+00 -4.259860058e+01 -4.259860058e+01 -1.5317e+00 -2.7772e+00 +2.9818e+00 -1.5178e+00 +1.9947e-01 +2.7556e+00 -2.5627e+00 +1.1161e+00 +1.7881e+00 +3.5897e-01
1128 0 +8.361383515e+00 -4.398861649e+01 -4.398861649e+01 +1.0972e+00 -1.4271e+00 +1.9540e+00 -2.5098e+00 -9.1692e-01 +2.1676e+00 -1.9380e+00 -1.9522e-01 +1.0686e+00 -2.3257e+00
1288 0 +8.204287158e+00 -4.414571284e+01 -4.414571284e+01 -1.7552e+00 -1.5005e+00 +2.6141e+00 -1.8439e+00 -1.9848e+00 +1.2712e+00 -2.4766e+00 +2.9651e+00 +2.9652e+00 -9.5829e-01
3911 0 +6.593322996e+00 -4.575667700e+01 -4.575667700e+01 -1.0385e+00 -8.3193e-01 +9.5653e-01 -1.6849e+00 +1.5130e+00 +2.2886e+00 -2.7834e+00 -6.8353e-01 +1.7755e+00 -1.1161e+00
5468 0 +4.463932018e+00 -4.788606798e+01 -4.788606798e+01 +2.5255e-01 -1.4634e+00 +1.7426e+00 -2.1690e+00 -1.7877e+00 +2.7960e+00 -2.3539e+00 +3.2640e-02 +1.3577e+00 -2.2755e+00
65734 0 +4.316013376e+00 -4.803398662e+01 -4.803398662e+01 -2.5141e+00 -2.0106e+00 +2.1198e+00 -2.6542e+00 -5.7773e-01 +2.2957e+00 -2.7816e+00 +1.9121e+00 +1.9163e+00 -1.1256e+00
147103 0 +3.655089874e+00 -4.869491013e+01 -4.869491013e+01 -6.5313e-01 -1.1888e+00 +2.1380e+00 -1.2728e+00 -8.4214e-01 +2.8406e+00 -2.2120e+00 -1.3101e-01 +2.1107e+00 -1.4721e+00
164312 0 +3.505493958e+00 -4.884450604e+01 -4.884450604e+01 -1.6134e+00 -1.3928e+00 +1.9101e+00 -1.2580e+00 -2.4986e+00 +2.5036e+00 -2.4794e+00 -7.3223e-01 +2.8604e+00 -2.0250e+00
376251 0 +3.366837559e+00 -4.898316244e+01 -4.898316244e+01 -1.0088e+00 -1.9256e-01 +1.3501e+00 -1.9882e+00 +2.9781e-01 +2.5868e+00 -2.6393e+00 -3.5287e-01 +2.6958e+00 -1.3360e+00
443835 0 +3.112019049e+00 -4.923798095e+01 -4.923798095e+01 -1.0916e+00 -2.0497e+00 +2.7774e+00 -2.6881e+00 -7.3066e-01 +1.7273e+00 -2.8568e+00 +7.2634e-02 +1.7553e+00 -2.7003e+00
663932 0 +2.479592664e+00 -4.987040734e+01 -4.987040734e+01 -6.8428e-03 -1.9336e+00 +2.5839e+00 -1.2931e+00 -1.2662e+00 +2.7524e+00 -2.3458e+00 +2.0532e-01 +2.8983e+00 -1.4244e+00
904424 0 +1.971683549e+00 -5.037831645e+01 -5.037831645e+01 -2.0385e+00 -1.6271e+00 +2.9721e+00 -1.4639e+00 -1.0763e+00 +2.9926e+00 -2.7871e+00 +6.6700e-01 +2.7481e+00 -1.7620e+00
5661334 0 +1.949641018e+00 -5.040035898e+01 -5.040035898e+01 -1.4292e+00 -7.0811e-01 +1.8548e+00 -1.9645e+00 -1.7289e+00 +2.7403e+00 -2.9995e+00 -1.3369e+00 +2.4903e+00 -2.1764e+00
% f evaluations | g evaluations | best noise-free fitness - Fopt (-1.795400000000e+02) + sum g_i+ | measured fitness | best measured fitness or single-digit g-values | x1 | x2...
1 0 +3.966644785e+02 +2.171244785e+02 +2.171244785e+02 -1.4755e+00 +1.7814e+00 +2.7146e+00 -2.3852e+00 +1.2137e+00 +9.3613e-01 -2.3549e+00 -2.7066e+00 +2.9516e+00 +1.7731e+00
2 0 +8.430776217e+01 -9.523223783e+01 -9.523223783e+01 -1.3692e+00 -2.8112e+00 +8.0504e-01 -2.5204e+00 -5.2280e-01 +2.6986e+00 -9.3222e-01 -5.9735e-01 +2.6531e+00 +4.4139e-01
4 0 +5.999024762e+01 -1.195497524e+02 -1.195497524e+02 -9.6492e-01 -1.9188e+00 +1.9645e+00 +2.4553e+00 -1.2591e+00 +1.0018e+00 -2.1220e+00 +1.1417e+00 -6.4988e-01 +4.4929e-01
10 0 +3.678375785e+01 -1.427562422e+02 -1.427562422e+02 +4.2576e-01 -2.2565e+00 -1.5959e+00 +1.7429e+00 -2.7091e+00 +4.6227e-01 +1.4868e+00 +2.7203e+00 +2.2571e+00 -2.0985e+00
16 0 +3.186964661e+01 -1.476703534e+02 -1.476703534e+02 +2.0087e+00 -1.0753e+00 +1.0199e+00 -2.5034e-01 +1.1323e+00 +1.4554e+00 +2.7287e+00 +2.2517e+00 -1.1909e+00 +1.5746e+00
27 0 +2.848605509e+01 -1.510539449e+02 -1.510539449e+02 +7.4938e-01 -2.7810e+00 -2.3976e+00 +2.2487e+00 +2.1803e+00 +1.5511e+00 -1.0051e+00 +1.8862e+00 +2.1718e+00 +2.3573e+00
40 0 +2.627972455e+01 -1.532602755e+02 -1.532602755e+02 -2.4850e+00 -1.4873e+00 -1.4208e+00 +2.5112e+00 -1.4367e+00 +2.2453e+00 +2.3522e+00 +5.3208e-01 -5.8030e-01 -1.0057e+00
83 0 +2.283346852e+01 -1.567065315e+02 -1.567065315e+02 +2.7985e+00 -2.2586e+00 -1.1503e+00 +2.4645e+00 +1.5688e+00 +9.3216e-01 +1.3213e+00 +1.9292e+00 -1.0672e-01 -2.6126e-01
146 0 +1.969592732e+01 -1.598440727e+02 -1.598440727e+02 -2.0379e+00 -1.3670e+00 -5.8475e-01 +1.8080e+00 -3.6041e-01 +2.7912e+00 -4.7885e-01 +2.6308e+00 +6.8410e-01 +5.8116e-01
156 0 +1.292697275e+01 -1.666130273e+02 -1.666130273e+02 +4.8582e-01 -2.4466e+00 -2.1533e+00 +1.4473e+00 -7.4970e-01 -9.2391e-01 +2.8310e+00 +9.6333e-01 +1.4583e+00 +2.7625e+00
692 0 +7.949354300e+00 -1.715906457e+02 -1.715906457e+02 +1.0589e+00 -2.0947e+00 -1.8535e+00 +1.3329e+00 +2.4790e+00 -1.2547e+00 +2.3876e+00 +1.9084e+00 +2.7992e+00 +2.3993e+00
3310 0 +3.890855064e+00 -1.756491449e+02 -1.756491449e+02 -4.8140e-01 -2.3007e-01 -2.8235e+00 +2.8149e+00 +2.1792e+00 -8.9619e-01 +2.3284e+00 +2.4155e+00 +1.7348e+00 +1.9370e+00
99484 0 +3.603290672e+00 -1.759367093e+02 -1.759367093e+02 +1.5323e+00 +1.1544e+00 -2.1414e+00 +2.6780e+00 +2.8023e+00 -8.8129e-01 +2.4320e+00 +2.9742e+00 +7.0093e-01 +5.2266e-01
221568 0 +3.488003931e+00 -1.760519961e+02 -1.760519961e+02 +4.5011e-02 +1.3721e-01 -2.3613e+00 +1.8720e+00 +2.8673e+00 +9.1183e-01 +1.9931e+00 +2.8462e+00 +6.5110e-02 +1.8652e+00
1925145 0 +3.166239739e+00 -1.763737603e+02 -1.763737603e+02 +1.0293e+00 -5.6452e-01 -2.4752e+00 +2.1661e+00 +2.6554e+00 -2.3218e+00 +2.5236e+00 +2.9256e+00 -4.0552e-02 +1.7647e+00
2225716 0 +3.134188725e+00 -1.764058113e+02 -1.764058113e+02 -2.7508e-01 +1.2329e+00 -2.9912e+00 +2.6667e+00 +2.5219e+00 -2.7009e-01 +2.9925e+00 +2.5334e+00 -4.9910e-01 +2.0921e+00
6312632 0 +2.569223568e+00 -1.769707764e+02 -1.769707764e+02 -4.3510e-01 +6.8324e-01 -2.9211e+00 +2.7930e+00 +2.6942e+00 -1.5701e+00 +2.6981e+00 +2.9575e+00 +3.1233e-01 +2.3053e+00
% f evaluations | g evaluations | best noise-free fitness - Fopt (7.731000000000e+01) + sum g_i+ | measured fitness | best measured fitness or single-digit g-values | x1 | x2...
1 0 +8.863463048e+01 +1.659446305e+02 +1.659446305e+02 -2.7381e+00 +9.6686e-01 +1.5583e+00 +1.9968e+00 +1.3773e+00 -5.5682e-01 -6.8211e-01 +1.3288e+00 +2.9965e+00 +1.1228e+00
4 0 +4.724755903e+01 +1.245575590e+02 +1.245575590e+02 -2.3174e+00 -1.3608e+00 +2.9999e+00 -7.0026e-01 -9.0909e-01 +2.1227e-01 -4.3435e-01 -1.7574e+00 -9.7397e-01 -5.2781e-01
7 0 +2.700515309e+01 +1.043151531e+02 +1.043151531e+02 +1.3901e+00 +7.8578e-01 +1.6344e+00 -2.6594e+00 -1.4714e+00 -6.7263e-01 +2.0273e+00 -2.8808e+00 +2.1277e+00 -2.2608e+00
9 0 +1.762342496e+01 +9.493342496e+01 +9.493342496e+01 -2.7647e-01 +1.1771e+00 -2.8670e+00 -2.1337e+00 -2.3240e+00 -8.2907e-01 -2.3710e+00 -7.2855e-02 +1.2259e+00 -3.5235e-01
15 0 +1.589437675e+01 +9.320437675e+01 +9.320437675e+01 -1.7850e+00 -2.0425e+00 -1.1663e+00 +1.3880e-01 -1.7822e+00 -2.2926e+00 -1.0023e+00 -9.7476e-01 +2.0047e+00 +2.2221e+00
29 0 +1.261117466e+01 +8.992117466e+01 +8.992117466e+01 -1.0821e+00 -1.5362e+00 +2.8219e-01 -2.9402e+00 +1.9173e+00 -2.4316e+00 +1.4369e+00 -1.6015e-01 +2.2592e+00 +2.2205e+00
85 0 +1.201153883e+01 +8.932153883e+01 +8.932153883e+01 +2.1157e+00 +4.3697e-02 +1.8667e-01 -3.1644e-01 -1.9985e+00 -2.9599e+00 -2.2736e+00 +3.4879e-01 +1.9955e+00 +1.0052e+00
97 0 +8.982829786e+00 +8.629282979e+01 +8.629282979e+01 +2.1318e+00 -8.8887e-01 -1.1380e+00 -2.6601e+00 -1.8288e+00 +1.4144e-01 +2.7590e+00 -2.8307e+00 +2.0971e+00 +2.3447e+00
195 0 +8.187528197e+00 +8.549752820e+01 +8.549752820e+01 +2.2115e+00 -2.0709e+00 -3.0127e-01 -2.0116e+00 +1.0385e+00 -4.5840e-01 -1.2697e+00 -2.9198e-01 +4.6515e-01 +2.0482e+00
416 0 +6.974280000e+00 +8.428428000e+01 +8.428428000e+01 +2.1664e+00 -7.0851e-01 +4.2974e-01 +8.9002e-02 +1.3336e+00 -1.4544e+00 +1.9014e+00 -2.9115e+00 +2.9853e-01 +2.4060e+00
689 0 +5.354309224e+00 +8.266430922e+01 +8.266430922e+01 +1.3504e+00 +6.4892e-01 -1.8170e+00 +4.6221e-01 +4.1701e-01 -2.7782e+00 -8.3229e-02 -2.1293e+00 +6.5390e-01 +2.0872e+00
791 0 +5.039449630e+00 +8.234944963e+01 +8.234944963e+01 +1.6902e+00 -9.3647e-01 -1.4473e+00 -2.4351e+00 -1.3856e+00 -1.1380e+00 -2.4697e+00 -2.3551e+00 +1.1637e+00 +1.4375e+00
1316 0 +2.504557732e+00 +7.981455773e+01 +7.981455773e+01 +1.9669e+00 -6.9632e-01 -1.3236e+00 -2.1733e+00 +5.5251e-01 -7.8021e-01 +5.8111e-01 -2.4062e+00 +2.3727e+00 +2.7397e+00
5684 0 +1.697684582e+00 +7.900768458e+01 +7.900768458e+01 +1.7393e+00 -2.7494e-01 -2.1562e+00 -1.4299e+00 +3.3693e-01 -2.0808e+00 +1.2061e+00 -1.0051e+00 +2.5802e+00 +2.7490e+00
44478 0 +1.229797475e+00 +7.853979747e+01 +7.853979747e+01 +1.3362e+00 -5.8537e-01 -2.4586e+00 -1.9307e+00 +1.6764e+00 -2.7750e+00 +1.3834e+00 -9.8418e-01 +1.4892e+00 +2.3269e+00
637990 0 +1.105542365e+00 +7.841554237e+01 +7.841554237e+01 +3.4177e-02 -1.1382e+00 -2.4796e+00 -2.2535e+00 +1.0109e+00 -2.9421e+00 +1.6483e-01 -1.5662e+00 +1.1979e+00 +2.3240e+00
884664 0 +4.341304468e-01 +7.774413045e+01 +7.774413045e+01 +6.1614e-01 -8.6560e-01 -2.5004e+00 -1.9244e+00 +1.4220e+00 -2.3426e+00 +5.6212e-01 -1.9612e+00 +1.2758e+00 +2.3903e+00
% f evaluations | g evaluations | best noise-free fitness - Fopt (3.992000000000e+01) + sum g_i+ | measured fitness | best measured fitness or single-digit g-values | x1 | x2...
1 0 +1.830438336e+02 +2.229638336e+02 +2.229638336e+02 -5.6410e-01 +7.7839e-01 -1.0468e+00 +2.8995e+00 +2.9644e+00 +2.1586e+00 -2.9959e+00 -5.3266e-02 -1.7223e+00 -2.2297e+00
2 0 +2.203877941e+01 +6.195877941e+01 +6.195877941e+01 -1.4933e+00 -1.4507e+00 +1.9982e+00 +3.5515e-01 -2.0976e+00 -1.6698e+00 -9.9364e-01 +2.0624e-02 +2.2735e+00 -1.4418e+00
5 0 +1.719549951e+01 +5.711549951e+01 +5.711549951e+01 +1.8315e+00 +2.2067e+00 +2.6883e+00 +7.2101e-01 -5.6653e-01 -4.0678e-01 +7.4469e-01 +6.6587e-01 +1.3743e+00 +2.1107e+00
17 0 +1.681195708e+01 +5.673195708e+01 +5.673195708e+01 -1.3737e+00 +1.1260e+00 +2.9372e+00 +1.5767e+00 -2.7205e+00 -2.0091e+00 -2.1516e-01 +4.5026e-01 -3.5845e-02 +3.5962e-01
19 0 +1.442828829e+01 +5.434828829e+01 +5.434828829e+01 -1.8964e+00 -9.0083e-01 +1.1773e+00 -9.5422e-01 +4.8277e-02 -1.0308e+00 -9.9662e-01 -8.0195e-01 +1.3485e-01 +2.5322e+00
155 0 +1.180934605e+01 +5.172934605e+01 +5.172934605e+01 +2.7659e-01 +6.2838e-01 +1.4170e+00 -1.8840e+00 +1.5515e+00 -1.2997e+00 -1.1572e+00 +5.6634e-01 +1.8612e+00 +2.7381e+00
299 0 +8.311031704e+00 +4.823103170e+01 +4.823103170e+01 +4.2511e-01 +1.6272e+00 +2.5574e+00 -4.0103e-01 -1.5273e+00 +1.5144e+00 +2.3163e+00 -4.2516e-01 +1.0506e+00 +2.2282e+00
328 0 +4.553934987e+00 +4.447393499e+01 +4.447393499e+01 +1.3694e+00 -1.4791e+00 +1.4592e+00 -2.2630e+00 -1.9730e+00 +2.8799e+00 +2.8941e+00 +4.9735e-01 +2.6845e+00 +2.4032e+00
1044 0 +4.449825317e+00 +4.436982532e+01 +4.436982532e+01 +1.6047e+00 +9.7215e-02 +2.7890e+00 -2.2576e+00 -1.7744e+00 +2.9132e+00 +5.1153e-01 +3.4237e-01 +2.1862e+00 +2.8258e+00
61534 0 +2.314215572e+00 +4.223421557e+01 +4.223421557e+01 +2.4291e+00 -2.0447e+00 +2.3132e+00 -2.7280e+00 -1.4056e+00 +2.0980e+00 +2.2624e+00 +1.0590e-01 +2.9485e+00 +2.4229e+00
1262522 0 +1.985330268e+00 +4.190533027e+01 +4.190533027e+01 +2.5704e+00 -1.2846e+00 +2.7811e+00 -2.7265e+00 -2.7806e+00 +1.4853e+00 +2.1820e+00 -4.6244e-01 +2.3652e+00 +2.8599e+00
6009610 0 +1.835137125e+00 +4.175513712e+01 +4.175513712e+01 +2.3414e+00 -7.9927e-03 +2.4193e+00 -2.3539e+00 -2.5649e+00 +2.1570e+00 +2.0900e+00 -6.4078e-01 +2.7989e+00 +2.7347e+00
% f evaluations | g evaluations | best noise-free fitness - Fopt (-5.661000000000e+01) + sum g_i+ | measured fitness | best measured fitness or single-digit g-values | x1 | x2...
1 0 +3.687317046e+01 -1.973682954e+01 -1.973682954e+01 +3.2485e-01 -2.0790e+00 -2.8621e+00 -2.1663e+00 -1.8794e+00 -1.0907e+00 -1.6971e+00 -2.2805e+00 -1.8728e+00 +1.0898e+00
4 0 +2.968467848e+01 -2.692532152e+01 -2.692532152e+01 +2.5629e+00 +1.7729e+00 +1.2531e+00 -1.7327e+00 -2.9940e+00 +2.7356e-01 +2.2337e-02 -8.1802e-01 -4.1618e-02 -1.7372e+00
13 0 +2.393713134e+01 -3.267286866e+01 -3.267286866e+01 +1.0338e-01 +2.7780e+00 +2.8724e+00 -2.3428e+00 -2.7430e+00 +2.1387e+00 +8.0130e-01 -2.7831e+00 -1.0616e+00 +2.8886e+00
57 0 +2.212634476e+01 -3.448365524e+01 -3.448365524e+01 +1.4294e+00 +2.3891e+00 +1.6724e+00 -3.4975e-01 -1.1076e+00 +2.4552e+00 -1.0434e+00 -2.9172e+00 -2.0275e+00 -2.9595e-01
82 0 +2.067567331e+01 -3.593432669e+01 -3.593432669e+01 +8.3294e-01 +1.9847e+00 -1.4764e+00 -9.2005e-01 -1.6595e+00 +2.9615e-01 +2.5470e+00 -2.8098e-01 -2.7328e+00 -2.4919e+00
144 0 +1.388954320e+01 -4.272045680e+01 -4.272045680e+01 +2.6652e+00 -5.8999e-01 +2.0720e+00 -2.5010e+00 -1.6347e+00 -2.5386e+00 +1.6195e+00 -2.8531e+00 -7.4019e-01 +1.7802e+00
159 0 +1.339920448e+01 -4.321079552e+01 -4.321079552e+01 +1.2882e+00 -2.3858e-01 +2.6869e+00 -2.5117e+00 -1.9173e+00 +2.0227e+00 +2.6236e+00 -2.3440e+00 -2.7164e-01 +2.8587e+00
386 0 +1.296331612e+01 -4.364668388e+01 -4.364668388e+01 +2.0842e+00 +8.6285e-01 +2.6820e+00 -2.6683e+00 -2.9632e+00 -5.5503e-02 -8.6816e-01 -2.9766e+00 -1.9082e+00 -1.4158e+00
473 0 +1.095173644e+01 -4.565826356e+01 -4.565826356e+01 +2.4128e+00 +1.0721e+00 +2.5934e+00 -2.2059e+00 -1.4522e+00 -2.3737e+00 +1.8805e+00 -2.2398e+00 -2.6777e+00 +1.9124e+00
5137 0 +8.324640282e+00 -4.828535972e+01 -4.828535972e+01 +2.1451e+00 +2.7110e+00 +1.7168e+00 -2.6203e+00 -2.5271e+00 +1.8743e-01 +1.8056e+00 -1.6755e+00 -1.0376e+00 -1.0453e+00
15743 0 +7.610293600e+00 -4.899970640e+01 -4.899970640e+01 +1.0365e+00 +1.9384e+00 +2.5004e+00 -1.6400e+00 -2.2333e+00 +1.3934e+00 +1.6473e+00 -1.1561e+00 -2.2797e+00 -1.6028e-01
27212 0 +3.544353069e+00 -5.306564693e+01 -5.306564693e+01 +8.6138e-01 +1.6161e+00 +2.7635e+00 -2.4266e+00 -2.5684e+00 +8.1788e-01 +2.3109e+00 -2.2945e+00 -2.7337e+00 -1.1461e+00
1212778 0 +3.278991984e+00 -5.333100802e+01 -5.333100802e+01 +2.0490e+00 +2.7865e+00 +1.9210e+00 -2.5229e+00 -2.4929e+00 +1.2985e+00 +1.7131e+00 -2.6354e+00 -2.9966e+00 -2.2043e+00
3188618 0 +3.029041590e+00 -5.358095841e+01 -5.358095841e+01 +2.7076e+00 +1.6077e+00 +2.2154e+00 -2.2893e+00 -2.9375e+00 +2.3991e+00 +2.9474e+00 -2.8138e+00 -2.8580e+00 -8.7459e-01
3726358 0 +2.920006622e+00 -5.368999338e+01 -5.368999338e+01 +2.2809e+00 +2.7498e+00 +2.8584e+00 -2.9314e+00 -2.0370e+00 +5.9288e-01 +1.6895e+00 -2.5044e+00 -2.7210e+00 -7.4211e-01
4945922 0 +2.653751713e+00 -5.395624829e+01 -5.395624829e+01 +2.6757e+00 +2.8362e+00 +1.8752e+00 -2.2250e+00 -2.1389e+00 +1.6400e+00 +2.8191e+00 -2.1870e+00 -2.9601e+00 -7.0707e-01
5035508 0 +2.373653111e+00 -5.423634689e+01 -5.423634689e+01 +1.2975e+00 +2.0418e+00 +2.7904e+00 -2.5920e+00 -2.7712e+00 +2.3307e+00 +1.4834e+00 -2.6544e+00 -2.8863e+00 -1.2051e+00
6654021 0 +2.330503605e+00 -5.427949639e+01 -5.427949639e+01 +1.7899e+00 +2.7106e+00 +2.3530e+00 -2.9338e+00 -2.4016e+00 +1.8382e+00 +2.3453e+00 -2.6332e+00 -2.0296e+00 +9.3400e-02
% f evaluations | g evaluations | best noise-free fitness - Fopt (3.270000000000e+01) + sum g_i+ | measured fitness | best measured fitness or single-digit g-values | x1 | x2...
1 0 +6.260914471e+01 +9.530914471e+01 +9.530914471e+01 +1.5691e+00 +1.8540e-01 +2.4527e+00 -4.2455e-01 +2.3969e+00 +3.2725e-01 -1.6331e-01 -1.1470e+00 -1.5839e+00 +5.4186e-01
3 0 +4.734398579e+01 +8.004398579e+01 +8.004398579e+01 -1.8975e+00 -9.6927e-01 +2.1473e+00 -2.7487e+00 +7.0436e-01 -1.5490e+00 +1.3116e+00 -2.1657e+00 -2.7826e+00 +4.4051e-01
6 0 +3.054892100e+01 +6.324892100e+01 +6.324892100e+01 -6.2929e-01 -2.2344e+00 +6.9394e-01 +1.8541e-01 -2.8220e-01 -1.6466e+00 +2.2745e+00 -5.2022e-01 +2.3679e+00 -6.0413e-01
7 0 +9.792070556e+00 +4.249207056e+01 +4.249207056e+01 -2.3292e+00 -2.0976e+00 -2.3422e-01 +4.9896e-02 +2.6459e+00 -4.5637e-01 -6.6621e-01 +1.6176e+00 +1.0958e+00 +1.4544e+00
417 0 +6.575706708e+00 +3.927570671e+01 +3.927570671e+01 -1.3140e+00 -8.7787e-01 +2.5346e+00 -2.2053e+00 +1.3421e+00 -1.8498e+00 -2.8510e+00 +2.7646e+00 +2.4043e+00 +1.9031e+00
562 0 +6.068680961e+00 +3.876868096e+01 +3.876868096e+01 -2.4144e+00 -2.4194e+00 -1.5636e+00 +4.8157e-01 +5.5206e-01 +3.3522e-02 -6.9109e-01 +2.2408e+00 +2.0010e+00 +2.6348e+00
2630 0 +5.320552674e+00 +3.802055267e+01 +3.802055267e+01 -2.6209e+00 -5.6490e-01 -1.4996e-01 +2.2249e+00 -9.2256e-01 -2.5320e+00 -7.5614e-01 +2.9197e+00 +1.7128e+00 +1.9039e+00
4437 0 +4.060884769e+00 +3.676088477e+01 +3.676088477e+01 -1.7838e+00 -2.8759e+00 -1.8847e+00 +1.2364e+00 +6.5697e-01 -1.9136e+00 -2.9531e+00 +1.6041e+00 +2.8236e+00 +2.0473e+00
15707 0 +2.252919097e+00 +3.495291910e+01 +3.495291910e+01 -1.4876e+00 -1.6717e+00 -2.0794e-01 +1.8937e+00 -1.0461e+00 -2.2934e+00 -2.5781e+00 +1.8474e+00 +2.9079e+00 +2.4812e+00
20195 0 +1.672770514e+00 +3.437277051e+01 +3.437277051e+01 -2.8346e+00 -9.0509e-01 +1.0717e+00 +6.2728e-01 +3.9846e-01 -1.8793e+00 -2.4325e+00 +2.9799e+00 +2.6774e+00 +2.4110e+00
654661 0 +1.614806278e+00 +3.431480628e+01 +3.431480628e+01 -2.1184e+00 -1.6484e+00 -7.0843e-01 +1.8630e+00 +1.6826e-01 -1.7049e+00 -1.5854e+00 +2.8193e+00 +2.4047e+00 +2.9246e+00
6186814 0 +1.470693162e+00 +3.417069316e+01 +3.417069316e+01 -2.6513e+00 -1.1086e+00 +2.4458e-01 +1.1259e+00 -5.6379e-02 -2.1827e-01 -2.5852e+00 +2.5196e+00 +2.9526e+00 +2.2641e+00
% f evaluations | g evaluations | best noise-free fitness - Fopt (-3.943000000000e+01) + sum g_i+ | measured fitness | best measured fitness or single-digit g-values | x1 | x2...
1 0 +2.223175489e+01 -1.719824511e+01 -1.719824511e+01 +2.5887e+00 +2.1435e+00 +9.9166e-01 -3.3797e-01 -1.2075e-01 -2.8352e+00 +2.9318e+00 -1.2551e+00 -1.1877e+00 +2.5035e+00
5 0 +2.172512420e+01 -1.770487580e+01 -1.770487580e+01 +1.5915e+00 -2.6003e+00 +1.1761e+00 +1.1919e+00 +2.2254e+00 +7.4940e-02 +2.3293e+00 -1.9730e-01 -2.4216e+00 +2.4710e-01
10 0 +1.466874097e+01 -2.476125903e+01 -2.476125903e+01 -1.9650e+00 +2.9887e+00 +1.4098e+00 +1.6592e+00 +1.4027e+00 -2.4381e+00 +1.0043e+00 +7.5298e-01 +4.2629e-01 +1.8153e+00
40 0 +1.312843417e+01 -2.630156583e+01 -2.630156583e+01 -1.4581e+00 +2.6718e+00 +2.2014e-01 +2.5396e+00 +2.2012e+00 -9.7817e-01 -8.6102e-01 +2.0099e+00 +1.1626e+00 +7.1123e-01
142 0 +1.209085315e+01 -2.733914685e+01 -2.733914685e+01 +2.5964e+00 +1.7872e+00 +2.7584e+00 -1.1594e+00 -1.2986e+00 -9.7973e-01 -2.0732e+00 +1.7669e+00 -8.9571e-01 +2.1738e+00
166 0 +6.686881105e+00 -3.274311889e+01 -3.274311889e+01 +1.2689e+00 +8.9158e-01 +2.4123e+00 +1.8765e+00 +2.0996e+00 +1.0858e+00 -9.4064e-01 +1.0945e+00 -1.0832e+00 +1.1820e+00
385 0 +6.259139420e+00 -3.317086058e+01 -3.317086058e+01 +7.3891e-01 +2.7891e+00 +9.3005e-01 +4.8328e-01 +1.6372e+00 -1.1321e+00 -1.5806e+00 +2.3438e+00 -1.0057e+00 +1.0901e+00
484 0 +3.137589887e+00 -3.629241011e+01 -3.629241011e+01 +2.6250e+00 +2.6998e+00 +1.9560e+00 +1.7109e+00 +1.8010e+00 -1.4059e+00 -6.1369e-01 +1.5381e+00 -2.2850e+00 +1.4844e+00
378625 0 +2.714882950e+00 -3.671511705e+01 -3.671511705e+01 +2.7596e+00 +2.6772e+00 +2.6311e+00 +1.3111e+00 +1.1708e+00 -1.1712e+00 -1.1702e+00 +1.8990e+00 -2.1922e-01 +4.1216e-01
947668 0 +2.113720136e+00 -3.731627986e+01 -3.731627986e+01 +2.3533e+00 +2.7115e+00 +2.6660e+00 +2.6252e+00 +1.2498e+00 -1.4352e+00 -1.4230e+00 +2.6141e+00 -2.7883e-01 +2.8247e+00
2119249 0 +2.085862417e+00 -3.734413758e+01 -3.734413758e+01 +2.9049e+00 +2.6290e+00 +2.5510e+00 +8.5201e-01 +9.3220e-01 -8.3836e-01 -1.8627e-01 +2.7337e+00 +1.5516e-01 +2.4884e+00
5202891 0 +1.890878268e+00 -3.753912173e+01 -3.753912173e+01 +2.7964e+00 +2.6930e+00 +1.9426e+00 +1.3897e+00 +1.1928e+00 -9.3070e-01 +7.9709e-02 +2.3040e+00 -5.0417e-01 +1.6284e+00
7121881 0 +1.765010826e+00 -3.766498917e+01 -3.766498917e+01 +2.8378e+00 +2.5127e+00 +2.8275e+00 +2.2990e+00 +1.8631e+00 -1.9737e+00 -1.8203e+00 +2.6133e+00 -1.1635e+00 +2.4104e+00
9795826 0 +1.653710586e+00 -3.777628941e+01 -3.777628941e+01 +2.5752e+00 +2.5873e+00 +2.7043e+00 +2.1031e+00 +1.5389e+00 -5.2044e-01 -1.0951e+00 +2.3880e+00 -1.2260e-01 +2.6540e+00
% f evaluations | g evaluations | best noise-free fitness - Fopt (4.197200000000e+02) + sum g_i+ | measured fitness | best measured fitness or single-digit g-values | x1 | x2...
1 0 +3.682687930e+01 +4.565468793e+02 +4.565468793e+02 +2.4731e+00 -1.9971e+00 -2.0444e+00 +2.6574e+00 -1.1288e+00 -1.9370e+00 -1.2332e+00 -3.3484e-01 -1.3842e+00 +9.7450e-01
6 0 +1.911079480e+01 +4.388307948e+02 +4.388307948e+02 +1.4189e+00 +2.3281e+00 -7.8693e-01 -2.2469e-02 +2.4324e+00 +9.5105e-01 -1.6151e-01 -1.3926e+00 -1.1904e+00 +8.3720e-01
76 0 +1.208081203e+01 +4.318008120e+02 +4.318008120e+02 -2.2014e+00 +1.1258e+00 +9.3582e-01 +1.4686e+00 +5.5444e-03 -1.9991e+00 -1.2853e+00 -1.1965e+00 +8.3271e-01 +1.7480e+00
142 0 +1.160039514e+01 +4.313203951e+02 +4.313203951e+02 -8.2394e-01 +9.3608e-01 -9.7230e-01 +1.9780e+00 +1.2239e+00 -1.2420e+00 -1.5161e+00 -2.5233e-02 -1.5088e+00 +1.7830e-01
676 0 +1.063863078e+01 +4.303586308e+02 +4.303586308e+02 -8.4426e-01 +2.9408e+00 +2.0692e+00 +2.0001e+00 +2.0015e+00 -8.6519e-01 -1.4765e+00 +2.5090e+00 -1.9015e+00 +1.3571e+00
1083 0 +1.001176273e+01 +4.297317627e+02 +4.297317627e+02 -2.8607e+00 +2.3638e+00 +1.9221e+00 +2.0533e+00 -1.5480e+00 -2.3163e+00 +1.9677e-02 +7.1175e-01 +2.0515e+00 +2.9232e+00
2214 0 +9.837389220e+00 +4.295573892e+02 +4.295573892e+02 -2.4409e+00 +2.6386e+00 +1.2528e+00 +2.1787e+00 +2.3862e+00 -2.6788e+00 +1.0522e+00 +1.0652e+00 +1.8571e+00 +4.8590e-01
2365 0 +9.391413658e+00 +4.291114137e+02 +4.291114137e+02 -1.5145e-01 +8.1264e-01 -2.2271e-01 +2.8458e+00 +3.7292e-01 -1.7343e+00 -6.1046e-01 +2.2008e+00 +1.3403e+00 +8.5897e-01
2785 0 +5.570115196e+00 +4.252901152e+02 +4.252901152e+02 -5.4953e-01 +1.6299e+00 -2.4795e+00 +2.1557e+00 +2.9686e+00 -2.9288e+00 +3.7284e-01 +9.2447e-01 +1.4704e-01 +1.9770e+00
6294 0 +5.019723280e+00 +4.247397233e+02 +4.247397233e+02 -5.7967e-01 +2.0867e+00 -6.9345e-01 +1.4792e+00 +1.5783e+00 -1.7597e+00 +1.5998e-01 +1.1024e+00 +8.3219e-01 +2.8635e+00
9431 0 +4.861147660e+00 +4.245811477e+02 +4.245811477e+02 -8.7011e-01 +2.8926e+00 +4.9234e-01 +1.8404e+00 +1.1476e+00 -2.2015e+00 -8.7594e-01 +6.8122e-01 -5.2005e-02 +2.7347e+00
14220 0 +4.229930939e+00 +4.239499309e+02 +4.239499309e+02 -1.7189e+00 +2.5971e+00 -3.5027e-01 +1.5642e+00 +2.0450e+00 -2.8019e+00 -5.8500e-01 +9.0249e-01 -4.6415e-02 +2.2225e+00
20258 0 +4.032065405e+00 +4.237520654e+02 +4.237520654e+02 -2.0992e+00 +1.3417e+00 -8.5908e-01 +2.9506e+00 +2.2756e+00 -2.5216e+00 -3.6197e-01 +8.0705e-01 +1.1775e+00 +2.5288e+00
45244 0 +2.872889873e+00 +4.225928899e+02 +4.225928899e+02 -1.1290e+00 +2.6290e+00 -3.8692e-01 +1.9606e+00 +2.6858e+00 -1.7771e+00 -1.5348e+00 -1.2677e+00 -6.1421e-01 +2.7446e+00
437145 0 +2.724545109e+00 +4.224445451e+02 +4.224445451e+02 -2.4855e+00 +2.0616e+00 +3.7559e-02 +2.9915e+00 +2.8521e+00 -2.7322e+00 -1.1687e+00 -8.2098e-01 -1.1716e+00 +2.6896e+00
499971 0 +2.683858911e+00 +4.224038589e+02 +4.224038589e+02 -2.9187e+00 +2.1585e+00 -9.6633e-01 +2.3941e+00 +2.6893e+00 -2.8111e+00 -6.6776e-01 +1.7800e-01 -3.6398e-01 +2.6367e+00
3868811 0 +2.600834012e+00 +4.223208340e+02 +4.223208340e+02 -1.1089e-01 +2.3766e+00 -1.2888e+00 +2.4819e+00 +2.8732e+00 -1.4572e+00 -1.3199e+00 +6.5002e-01 +6.3588e-02 +2.6852e+00
4209817 0 +2.539779389e+00 +4.222597794e+02 +4.222597794e+02 -1.5404e+00 +2.9297e+00 -9.2557e-01 +2.9952e+00 +2.3093e+00 -1.0054e+00 -7.8472e-01 -2.2673e-01 -1.0739e-01 +2.6444e+00
6448977 0 +2.492126155e+00 +4.222121262e+02 +4.222121262e+02 -1.5056e+00 +2.8868e+00 -1.8290e+00 +2.5416e+00 +2.0839e+00 -2.3577e+00 -8.3420e-02 +1.8664e-02 -8.5982e-01 +2.5293e+00
% f evaluations | g evaluations | best noise-free fitness - Fopt (7.640000000000e+00) + sum g_i+ | measured fitness | best measured fitness or single-digit g-values | x1 | x2...
1 0 +2.369267456e+02 +2.445667456e+02 +2.445667456e+02 -1.3215e+00 +1.0489e-01 -6.0313e-02 -1.4777e-01 -1.3212e+00 +1.3248e+00 +6.0551e-01 +2.4655e+00 +2.5862e+00 -2.0726e+00
2 0 +2.522093550e+01 +3.286093550e+01 +3.286093550e+01 -5.7167e-01 +1.0250e+00 -2.6478e+00 +2.7722e+00 +1.4064e+00 +6.3862e-01 -4.7931e-01 -1.9915e+00 -1.3058e+00 +2.6782e+00
6 0 +9.481212074e+00 +1.712121207e+01 +1.712121207e+01 +2.1497e+00 +2.1725e+00 +1.2790e+00 +1.7468e+00 +2.6347e+00 +2.4413e+00 +2.0021e+00 +1.9299e+00 -6.7571e-01 -1.7625e+00
325 0 +8.411870465e+00 +1.605187046e+01 +1.605187046e+01 +7.3219e-01 +1.9468e+00 +7.0203e-01 +1.6149e+00 +2.1691e+00 +5.7204e-01 -1.1804e+00 +6.3076e-01 -1.1677e+00 -3.9568e-02
475 0 +8.013383425e+00 +1.565338343e+01 +1.565338343e+01 -4.7392e-03 +1.6797e+00 +9.4172e-01 +8.2139e-01 +1.9173e+00 +2.4215e+00 -6.3274e-01 -6.1609e-01 -2.8443e+00 +1.2086e+00
1093 0 +6.773021631e+00 +1.441302163e+01 +1.441302163e+01 +2.9059e+00 +2.5150e+00 +1.2897e+00 +1.7229e+00 +2.6044e+00 +2.0834e+00 -2.6812e-01 -2.3235e+00 +4.9772e-01 -4.1064e-01
3252 0 +4.688105731e+00 +1.232810573e+01 +1.232810573e+01 +2.8402e+00 +2.0799e+00 +1.9612e+00 +2.1692e+00 +1.5681e+00 +2.2975e+00 -8.9330e-01 -1.4814e+00 -5.3309e-01 -2.4091e-01
22506 0 +4.522158704e+00 +1.216215870e+01 +1.216215870e+01 +2.7894e+00 +2.1422e+00 +2.2315e+00 +2.8727e+00 +1.3798e+00 +2.6065e+00 -1.1544e+00 -1.0260e-01 -2.8538e+00 -1.3663e+00
50861 0 +4.296486503e+00 +1.193648650e+01 +1.193648650e+01 +9.1656e-01 +1.9845e+00 +2.4221e+00 +2.4896e+00 +1.4775e+00 +1.7144e+00 +1.1649e+00 -1.5094e+00 -2.7124e+00 -1.6525e+00
51669 0 +3.008532417e+00 +1.064853242e+01 +1.064853242e+01 +2.8911e+00 +2.0360e+00 +1.5811e+00 +2.2398e+00 +2.1788e+00 +2.8504e+00 +3.6374e-01 -1.1476e+00 -1.4691e+00 -8.7946e-01
72436 0 +2.635419665e+00 +1.027541966e+01 +1.027541966e+01 +2.3459e+00 +2.0964e+00 +2.0102e+00 +2.9783e+00 +2.0829e+00 +2.7540e+00 -6.6962e-01 -1.1716e+00 -9.5604e-01 -1.4696e+00
779239 0 +2.312721242e+00 +9.952721242e+00 +9.952721242e+00 +2.3616e+00 +2.2148e+00 +2.1027e+00 +2.6065e+00 +2.4163e+00 +1.9981e+00 +4.1429e-03 -2.5961e-01 -8.3649e-01 -1.9430e+00
7170176 0 +1.688490185e+00 +9.328490185e+00 +9.328490185e+00 +2.7984e+00 +1.4582e+00 +2.9771e+00 +2.7813e+00 +2.4819e+00 +2.6864e+00 +1.1009e+00 -4.9830e-01 -1.5730e+00 -2.3924e+00
% f evaluations | g evaluations | best noise-free fitness - Fopt (-1.276800000000e+02) + sum g_i+ | measured fitness | best measured fitness or single-digit g-values | x1 | x2...
1 0 +1.199168800e+02 -7.763120045e+00 -7.763120045e+00 +2.7908e+00 +7.8906e-01 +1.9715e+00 -1.7810e+00 +1.5182e+00 +1.2564e-01 -2.5053e+00 +7.9463e-01 +2.8001e+00 -7.8550e-01
2 0 +1.119449115e+02 -1.573508850e+01 -1.573508850e+01 -1.0227e-01 +1.6581e-01 -1.2753e+00 +1.8913e+00 -2.7360e+00 -4.6107e-01 -1.3342e+00 +2.8806e+00 -7.3082e-01 +9.9261e-02
3 0 +3.705496059e+01 -9.062503941e+01 -9.062503941e+01 -1.5528e+00 +2.1394e+00 +1.8971e+00 +2.3225e+00 -2.2612e+00 -4.1375e-02 -3.9537e-01 +1.8713e-01 +1.0288e+00 +2.4047e+00
9 0 +3.404121879e+01 -9.363878121e+01 -9.363878121e+01 +2.5450e-01 -8.7843e-01 -9.5869e-01 -1.1508e+00 +2.8382e+00 +2.3013e+00 -1.7187e+00 -1.9757e+00 -1.3039e+00 -6.1060e-01
17 0 +2.287784887e+01 -1.048021511e+02 -1.048021511e+02 -7.6158e-01 +1.5032e+00 -1.8848e+00 -2.9107e+00 +1.6615e-01 +1.4617e+00 -2.3384e+00 -2.4859e+00 +1.8892e-01 -1.6534e+00
29 0 +1.956594703e+01 -1.081140530e+02 -1.081140530e+02 -3.4799e-01 +7.9711e-01 +3.4198e-01 -2.4746e+00 +9.3283e-01 -1.7571e-01 -2.2352e+00 -2.2231e+00 +2.1538e+00 +7.6931e-01
44 0 +1.032659082e+01 -1.173534092e+02 -1.173534092e+02 +2.9828e+00 +2.2795e+00 +1.2172e+00 +1.4774e+00 -2.1432e+00 +2.0766e+00 -2.7962e+00 -2.9443e+00 +1.8554e+00 +1.6371e+00
1137 0 +8.694161314e+00 -1.189858387e+02 -1.189858387e+02 +4.9301e-01 +1.1444e+00 +2.2325e+00 +2.6036e+00 -2.5697e+00 +3.6767e-01 -8.7258e-01 -2.5086e+00 +1.8085e+00 +1.1566e+00
1687 0 +5.250115692e+00 -1.224298843e+02 -1.224298843e+02 +2.7913e+00 +2.4881e+00 -1.7297e-02 +9.9213e-01 -2.7503e+00 -1.1554e+00 -1.4722e+00 -1.9062e+00 +2.2237e+00 +2.5285e+00
137491 0 +4.364438055e+00 -1.233155619e+02 -1.233155619e+02 +2.7354e+00 +2.8087e+00 +6.5733e-01 +5.0470e-01 -2.7799e+00 -1.7895e+00 -1.9276e+00 -1.7134e+00 +2.6221e+00 +1.7139e+00
211386 0 +2.690979788e+00 -1.249890202e+02 -1.249890202e+02 +1.5883e+00 +2.5066e+00 +2.3579e+00 +1.0361e+00 -1.6162e+00 -1.1847e+00 -2.3862e+00 -2.9051e+00 +2.9057e+00 +1.9661e+00
503312 0 +2.279669714e+00 -1.254003303e+02 -1.254003303e+02 +2.2334e+00 +2.7654e+00 +2.0184e+00 +5.1551e-01 -1.6573e+00 -2.5210e+00 -2.8987e+00 -2.8121e+00 +2.7589e+00 +2.5943e+00
1939699 0 +2.238323637e+00 -1.254416764e+02 -1.254416764e+02 +2.4556e+00 +2.7940e+00 +2.3504e+00 +1.4582e+00 -1.8352e+00 -1.5813e+00 -1.9878e+00 -2.9391e+00 +2.2259e+00 +2.6840e+00
7149957 0 +2.124274800e+00 -1.255557252e+02 -1.255557252e+02 +2.5857e+00 +2.9507e+00 +1.8888e+00 +1.9731e+00 -2.8436e+00 -1.6546e+00 -2.3575e+00 -2.8268e+00 +2.9192e+00 +2.4576e+00
% f evaluations | g evaluations | best noise-free fitness - Fopt (-3.650000000000e+01) + sum g_i+ | measured fitness | best measured fitness or single-digit g-values | x1 | x2...
1 0 +1.524498004e+02 +1.159498004e+02 +1.159498004e+02 -1.8984e+00 +1.9950e+00 -1.2557e+00 +6.4051e-01 -4.5377e-01 -2.6215e+00 -6.7958e-01 +1.0190e+00 +3.2696e-01 +1.4877e+00
2 0 +1.469957827e+02 +1.104957827e+02 +1.104957827e+02 -2.0312e+00 -7.0813e-01 -1.1218e+00 -2.8897e+00 +8.0740e-01 -1.4682e+00 +2.1804e+00 -2.8622e+00 +1.5100e+00 +1.9941e+00
3 0 +1.066640959e+02 +7.016409585e+01 +7.016409585e+01 -1.2383e+00 -8.7251e-01 -1.7161e+00 -5.5929e-02 +2.0424e+00 -7.5969e-01 -1.7355e+00 -1.8948e+00 -2.3657e+00 +1.5801e+00
4 0 +3.118344853e+01 -5.316551472e+00 -5.316551472e+00 +6.9621e-01 +3.9450e-01 +2.0327e+00 +1.6921e+00 -3.6170e-01 +1.4329e+00 +2.0594e+00 +6.4066e-01 -2.9404e+00 +2.5258e+00
24 0 +2.930877419e+01 -7.191225807e+00 -7.191225807e+00 +1.2242e+00 -7.0817e-01 +1.2737e+00 -7.6163e-01 +4.6081e-01 +2.8657e+00 +2.6509e+00 -6.1293e-01 +2.2997e-01 +1.0914e-02
29 0 +2.590123280e+01 -1.059876720e+01 -1.059876720e+01 +2.6483e-01 -2.9467e+00 +1.9974e+00 -1.1552e+00 -1.5393e+00 +1.4121e+00 +5.3541e-01 +1.4194e+00 -1.7377e+00 -2.6427e+00
57 0 +2.263617123e+01 -1.386382877e+01 -1.386382877e+01 +2.5267e+00 +6.3300e-01 +1.2475e+00 -9.2197e-01 +2.6060e+00 +2.6053e+00 +2.5763e+00 +1.5222e+00 -1.4039e+00 +2.5202e+00
78 0 +2.107563176e+01 -1.542436824e+01 -1.542436824e+01 -6.3404e-01 +2.2660e+00 +2.7649e+00 -1.9302e+00 +2.9498e+00 +2.1699e+00 -1.7582e+00 +7.5737e-01 -3.8984e-01 -2.7437e+00
106 0 +2.062344734e+01 -1.587655266e+01 -1.587655266e+01 -7.0730e-01 +8.6489e-02 +8.6071e-01 -6.9631e-01 -2.7350e-01 +1.7292e+00 -1.7816e-01 +6.7430e-01 -8.0912e-01 -2.4998e+00
182 0 +9.372980186e+00 -2.712701981e+01 -2.712701981e+01 +2.8850e-01 +7.2247e-01 +2.9980e+00 +1.3899e+00 +2.5112e+00 +8.6988e-01 +2.1669e+00 -2.9167e+00 -1.1307e-01 -2.5722e+00
1975 0 +7.154414788e+00 -2.934558521e+01 -2.934558521e+01 +1.8281e+00 +2.0637e+00 +2.4789e+00 +1.6612e+00 +2.2501e+00 +2.6062e+00 +2.6757e+00 +2.0686e+00 -8.1501e-01 -8.1538e-01
3301 0 +5.853838077e+00 -3.064616192e+01 -3.064616192e+01 +2.3132e+00 +2.7493e-01 +1.3656e+00 +1.6039e+00 +1.1265e+00 +2.7178e+00 +2.4597e+00 +1.9501e+00 -2.2727e+00 -6.4405e-01
13536 0 +5.622456381e+00 -3.087754362e+01 -3.087754362e+01 +1.2808e+00 -1.2574e+00 +2.7057e+00 +1.5602e+00 +1.9587e+00 +2.2442e+00 +2.3622e+00 -7.7255e-02 -2.4005e-01 -1.5252e+00
21182 0 +4.637150692e+00 -3.186284931e+01 -3.186284931e+01 +1.7547e+00 +1.7089e+00 +2.0883e+00 +9.8975e-01 +2.7170e+00 +1.9964e+00 +2.3452e+00 +8.8252e-01 -2.7213e+00 -1.5308e+00
47352 0 +4.546055040e+00 -3.195394496e+01 -3.195394496e+01 +1.9883e+00 +7.1453e-01 +7.8612e-01 +1.2773e-01 +1.7099e+00 +2.2470e+00 +2.7270e+00 +2.4156e+00 -1.7815e+00 -1.6487e+00
62610 0 +4.373584937e+00 -3.212641506e+01 -3.212641506e+01 +4.0069e-01 +9.5561e-01 +2.8705e+00 +7.5617e-01 +2.6605e+00 +2.2280e+00 +1.4079e+00 +4.5377e-02 -1.3532e+00 -1.6097e+00
66836 0 +4.126622399e+00 -3.237337760e+01 -3.237337760e+01 +8.3045e-01 +4.4723e-01 +1.5029e+00 +2.0913e+00 +2.4813e+00 +2.4278e+00 +2.9209e+00 +1.8297e-01 -7.8611e-01 -2.3891e+00
81775 0 +3.177726084e+00 -3.332227392e+01 -3.332227392e+01 +2.5823e+00 +1.0741e+00 +2.2954e+00 +2.1404e+00 +1.9385e+00 +2.8181e+00 +1.9984e+00 +3.9349e-01 -1.5318e+00 -2.8073e+00
270909 0 +2.639566531e+00 -3.386043347e+01 -3.386043347e+01 +6.8152e-01 +6.1131e-01 +2.3928e+00 +1.3843e+00 +1.6959e+00 +2.1944e+00 +2.7084e+00 +2.9988e-01 -2.2379e+00 -2.0155e+00
569664 0 +2.091445434e+00 -3.440855457e+01 -3.440855457e+01 +2.1137e+00 -2.3319e-01 +2.5498e+00 +2.8602e+00 +2.7019e+00 +2.8936e+00 +2.7427e+00 +1.1608e+00 -8.2274e-01 -2.0947e+00
2381469 0 +2.088848457e+00 -3.441115154e+01 -3.441115154e+01 +1.6030e+00 +4.8595e-01 +1.7980e+00 +1.4372e+00 +1.8683e+00 +2.9565e+00 +1.9393e+00 +7.8803e-01 -1.6803e+00 -2.4933e+00
3134526 0 +1.735424441e+00 -3.476457556e+01 -3.476457556e+01 +1.9425e+00 +5.7331e-01 +2.6792e+00 +1.9861e+00 +2.7948e+00 +2.1682e+00 +2.9479e+00 +9.2061e-01 -1.5222e+00 -2.1954e+00
6045352 0 +1.089099221e+00 -3.541090078e+01 -3.541090078e+01 +2.2381e+00 +5.8889e-01 +2.9193e+00 +1.9164e+00 +1.8570e+00 +2.9223e+00 +2.6104e+00 +2.4841e+00 -1.8710e+00 -2.5597e+00
% f evaluations | g evaluations | best noise-free fitness - Fopt (1.728700000000e+02) + sum g_i+ | measured fitness | best measured fitness or single-digit g-values | x1 | x2...
1 0 +1.086036200e+02 +2.814736200e+02 +2.814736200e+02 +1.8650e+00 -3.7660e-01 +1.2097e-01 +2.3170e-01 +2.1594e+00 -1.1133e+00 -2.4614e+00 -2.1322e+00 +2.9777e+00 -2.5934e+00
2 0 +9.816975959e+01 +2.710397596e+02 +2.710397596e+02 -1.8823e+00 -2.8809e+00 +8.9864e-01 -2.8561e+00 -1.4965e+00 +1.6584e+00 -2.8671e-01 +1.4416e+00 +9.6718e-02 -9.4789e-01
3 0 +5.861222993e+01 +2.314822299e+02 +2.314822299e+02 -3.1301e-01 +4.2726e-01 +1.1935e+00 -2.7794e+00 -1.3370e+00 +8.6754e-01 +2.5225e+00 +2.8749e+00 +1.4917e+00 -1.2033e-01
4 0 +3.665558872e+01 +2.095255887e+02 +2.095255887e+02 -2.4625e-01 -1.9752e+00 -1.8439e+00 -1.2923e+00 +1.7077e+00 -2.8718e+00 -2.6147e+00 -1.1159e+00 +2.6940e+00 -6.3486e-01
7 0 +1.123290225e+01 +1.841029022e+02 +1.841029022e+02 +2.9456e+00 -1.0011e+00 +2.2866e+00 +2.4427e+00 -1.8465e+00 -2.3401e+00 -2.1339e+00 -2.6123e+00 -2.5564e+00 -2.3448e+00
18 0 +1.067266741e+01 +1.835426674e+02 +1.835426674e+02 +2.1323e+00 -9.0301e-01 -1.9111e+00 +1.9442e+00 -4.7732e-01 -1.2998e+00 +2.4901e+00 -1.8467e+00 -1.0502e+00 -1.4129e+00
108 0 +8.959400030e+00 +1.818294000e+02 +1.818294000e+02 +1.4471e+00 -9.2453e-01 +7.3751e-01 -2.9202e+00 -5.6171e-01 -1.8338e+00 +2.2617e+00 -1.3731e+00 -4.4947e-01 -1.0282e+00
133 0 +7.435732917e+00 +1.803057329e+02 +1.803057329e+02 +9.5267e-01 -4.2814e-01 +1.4480e+00 -2.7833e+00 -1.0560e+00 -2.4268e+00 +7.7981e-01 -6.4438e-01 -9.4126e-01 -1.9383e+00
558 0 +4.498883219e+00 +1.773688832e+02 +1.773688832e+02 +2.7661e+00 -1.5681e-01 -7.3406e-01 -9.8068e-01 +9.7326e-01 -2.1638e+00 +2.3736e+00 -2.2938e+00 -2.5124e+00 -2.9297e+00
5747 0 +4.430036522e+00 +1.773000365e+02 +1.773000365e+02 +2.5897e+00 -1.6788e+00 +2.2406e+00 +1.3999e+00 +1.1428e+00 -2.8881e+00 +2.1376e-02 +1.3730e+00 -1.9977e+00 -2.3989e+00
10117 0 +3.897511505e+00 +1.767675115e+02 +1.767675115e+02 +1.7394e+00 -1.3879e+00 +2.8142e+00 -1.0570e+00 +2.2805e+00 -2.7314e+00 +1.5702e+00 +3.8112e-01 -1.2276e+00 -2.3540e+00
13637 0 +2.328434655e+00 +1.751984347e+02 +1.751984347e+02 +2.8725e+00 -1.1688e+00 +7.6123e-01 +1.5697e-02 +1.5515e-01 -2.5365e+00 +6.1053e-01 -2.2086e-01 -5.4087e-01 -2.2804e+00
158447 0 +2.111439431e+00 +1.749814394e+02 +1.749814394e+02 +2.9555e+00 -3.6847e-01 +1.5174e+00 +1.1590e+00 +1.4857e+00 -2.3774e+00 +1.1641e+00 +5.6131e-01 -1.6251e+00 -2.1944e+00
858461 0 +2.028096060e+00 +1.748980961e+02 +1.748980961e+02 +2.5924e+00 -1.3942e+00 +1.7795e+00 -5.5259e-01 +1.0509e+00 -2.7674e+00 +3.8595e-01 -5.1547e-02 -1.3777e+00 -1.8138e+00
1048401 0 +1.935895701e+00 +1.748058957e+02 +1.748058957e+02 +2.4378e+00 -4.4960e-01 +2.7810e+00 +3.2630e-01 +9.5175e-01 -2.8114e+00 +2.3013e+00 -1.4443e+00 -1.2589e+00 -2.3551e+00
1149633 0 +1.663833554e+00 +1.745338336e+02 +1.745338336e+02 +2.5081e+00 -1.2283e-02 +2.5814e+00 -2.2510e-01 +5.2114e-01 -2.7231e+00 +4.5674e-01 +3.1747e-03 -1.8048e+00 -2.2290e+00
1669016 0 +1.403469942e+00 +1.742734699e+02 +1.742734699e+02 +2.1610e+00 -8.4325e-01 +1.9992e+00 +1.0744e+00 +2.1200e+00 -2.8301e+00 +1.2732e+00 -2.5258e-01 -1.9851e+00 -2.4368e+00
8748526 0 +1.202484216e+00 +1.740724842e+02 +1.740724842e+02 +2.0489e+00 -1.3284e+00 +2.3825e+00 +3.7822e-01 +7.3237e-01 -2.7492e+00 +2.0819e+00 -5.2153e-01 -1.8820e+00 -2.9776e+00
% f evaluations | g evaluations | best noise-free fitness - Fopt (1.577200000000e+02) + sum g_i+ | measured fitness | best measured fitness or single-digit g-values | x1 | x2...
1 0 +6.531796360e+01 +2.230379636e+02 +2.230379636e+02 +6.8148e-01 -4.1469e-01 +2.2056e+00 +2.3469e+00 +1.0408e+00 -6.6824e-01 +2.1758e+00 -3.8423e-01 -2.3941e+00 +2.7154e+00
7 0 +3.584616346e+01 +1.935661635e+02 +1.935661635e+02 +8.0753e-01 +2.1550e+00 +2.8189e+00 +2.9999e+00 +2.3498e+00 +6.2523e-01 -7.2324e-01 -5.8277e-01 -2.5951e+00 -2.3211e+00
11 0 +3.269869170e+01 +1.904186917e+02 +1.904186917e+02 -2.6807e+00 +8.5142e-01 +1.9122e+00 +3.4838e-01 +2.1199e+00 +1.6268e+00 +1.8143e+00 +1.7300e+00 +2.1232e+00 +8.4072e-02
12 0 +3.002687202e+01 +1.877468720e+02 +1.877468720e+02 -5.0022e-01 -7.1547e-01 +2.2028e+00 -1.6807e+00 +9.8963e-01 +7.2885e-01 +1.2990e+00 -1.3214e+00 +2.8997e-01 -2.1999e+00
58 0 +2.936653375e+01 +1.870865338e+02 +1.870865338e+02 -1.7222e+00 +7.3192e-01 +2.2674e+00 +2.1387e+00 +1.0482e-02 -2.2250e+00 +2.9370e+00 -2.3416e+00 -2.6535e-01 -2.7630e+00
69 0 +2.679888879e+01 +1.845188888e+02 +1.845188888e+02 -1.4572e+00 -2.6010e+00 +2.8114e+00 +5.8257e-01 +2.2113e+00 +2.9393e+00 +2.7430e+00 -1.4941e+00 +2.6002e+00 -1.3717e+00
91 0 +2.091526067e+01 +1.786352607e+02 +1.786352607e+02 -2.1967e+00 -2.9722e+00 +8.4321e-01 +2.6455e+00 -1.7088e+00 +6.5730e-01 +2.9892e+00 -1.6899e+00 -1.3735e+00 +1.2323e-01
133 0 +1.274186394e+01 +1.704618639e+02 +1.704618639e+02 -1.3167e+00 -4.5096e-02 +2.4433e+00 +2.5531e+00 -6.6647e-01 +2.6433e+00 +1.7843e+00 -2.3090e+00 +6.6593e-01 +7.1547e-01
699 0 +9.150766396e+00 +1.668707664e+02 +1.668707664e+02 -2.5015e+00 -4.0899e-01 +2.1992e+00 +1.1127e+00 +1.9691e+00 +2.5240e+00 +2.8689e+00 -1.7795e+00 +3.0990e-01 +1.9811e+00
4092 0 +8.254628645e+00 +1.659746286e+02 +1.659746286e+02 -2.3734e+00 -1.6462e+00 +1.9787e+00 +2.2191e+00 +6.0340e-01 +8.8362e-02 +2.9534e+00 -2.5321e+00 -2.7318e+00 +1.6523e+00
21089 0 +7.170969794e+00 +1.648909698e+02 +1.648909698e+02 -1.8498e+00 -1.5844e+00 +1.9696e+00 +1.5352e+00 +2.1669e+00 +1.7685e+00 +9.5846e-01 -2.9459e+00 -2.0659e+00 -1.6407e+00
29938 0 +6.287405942e+00 +1.640074059e+02 +1.640074059e+02 -2.3009e+00 -1.0499e-01 +2.7648e+00 +2.5035e+00 +1.8452e+00 +1.7803e+00 +1.3723e+00 -2.5144e+00 -2.9077e+00 +1.7869e+00
40708 0 +4.731762039e+00 +1.624517620e+02 +1.624517620e+02 -2.8090e+00 -1.0163e+00 +2.6589e+00 +2.2755e-01 +1.5885e+00 +2.2778e+00 +1.8910e+00 -2.0276e+00 -2.6987e+00 +1.1563e+00
546961 0 +2.356086803e+00 +1.600760868e+02 +1.600760868e+02 -2.3582e+00 -1.5172e+00 +2.9135e+00 +2.3274e+00 +2.5264e+00 +1.2929e+00 +2.4562e+00 -2.8225e+00 -2.9001e+00 +1.0482e+00
% f evaluations | g evaluations | best noise-free fitness - Fopt (2.819000000000e+01) + sum g_i+ | measured fitness | best measured fitness or single-digit g-values | x1 | x2...
1 0 +1.900765804e+01 +4.719765804e+01 +4.719765804e+01 +4.0023e-01 -2.0102e+00 -2.9719e+00 +6.6179e-01 -1.2079e+00 -2.4431e+00 +2.5424e-02 +2.0953e+00 +2.6205e+00 -1.3624e+00
3 0 +1.719280294e+01 +4.538280294e+01 +4.538280294e+01 +6.3078e-01 +1.0291e-01 +6.4474e-01 +2.7585e+00 -1.7533e+00 +1.7011e+00 +3.4495e-01 +2.0645e+00 +5.8419e-01 -2.5984e+00
6 0 +1.255081635e+01 +4.074081635e+01 +4.074081635e+01 +2.5623e+00 -2.6290e+00 +1.0923e+00 +2.3355e+00 +7.7584e-01 -1.3189e+00 +2.0945e+00 +6.8416e-01 -2.4723e+00 -5.4491e-01
11 0 +9.587651655e+00 +3.777765166e+01 +3.777765166e+01 +7.6377e-01 -1.2736e+00 -2.5245e+00 +2.6919e+00 -5.5762e-01 -1.1491e+00 +1.5845e+00 +1.2143e+00 -2.7117e+00 -1.8668e+00
31 0 +8.480335248e+00 +3.667033525e+01 +3.667033525e+01 +2.3787e+00 +3.1617e-01 -2.0584e+00 +2.5375e+00 -1.8598e+00 -6.6610e-01 +8.7967e-01 -1.7242e-01 -2.4957e+00 -1.2773e+00
45 0 +5.431185340e+00 +3.362118534e+01 +3.362118534e+01 +4.9814e-01 +1.8954e+00 +1.9956e+00 +1.5854e+00 +2.2499e-01 -2.9729e+00 -2.6082e+00 -3.3231e-01 -2.2215e+00 +5.1502e-01
181 0 +4.569092088e+00 +3.275909209e+01 +3.275909209e+01 +1.7754e+00 -2.6630e+00 +1.0538e+00 +2.9912e+00 -1.1384e+00 -8.5772e-01 -1.0090e+00 -1.8333e+00 -2.3472e+00 -1.7203e+00
467 0 +2.576502466e+00 +3.076650247e+01 +3.076650247e+01 +1.9111e+00 +1.4574e-02 -9.3688e-01 +2.0469e+00 -9.1283e-01 -2.1561e+00 -6.1744e-01 +7.0939e-02 -1.9886e+00 +1.9415e+00
7805 0 +2.077654479e+00 +3.026765448e+01 +3.026765448e+01 +1.7751e+00 +1.0056e-01 -5.6153e-01 +1.6689e+00 +2.3441e-01 -2.8285e+00 -8.1686e-01 -2.2372e+00 -2.2604e+00 +8.2682e-01
14574 0 +1.608341114e+00 +2.979834111e+01 +2.979834111e+01 +6.8433e-01 -1.0829e+00 +3.6492e-01 +2.4405e+00 -7.2032e-02 -2.3849e+00 -2.0695e+00 -8.5766e-01 -2.8966e+00 +1.5554e+00
104902 0 +1.092140997e+00 +2.928214100e+01 +2.928214100e+01 +1.7776e+00 -8.1310e-01 +5.7322e-01 +1.8130e+00 -7.3386e-01 -2.3020e+00 -1.2640e+00 -1.8459e+00 -2.8303e+00 +7.8000e-01
206718 0 +9.939229830e-01 +2.918392298e+01 +2.918392298e+01 +2.4326e+00 -4.5142e-01 +8.8386e-01 +2.2626e+00 -5.3718e-01 -2.8487e+00 -2.1757e+00 -1.5995e+00 -2.9599e+00 +1.4786e+00
1716049 0 +9.650819701e-01 +2.915508197e+01 +2.915508197e+01 +1.3592e+00 -6.0336e-01 +1.5243e-02 +2.2219e+00 -2.8585e-01 -2.8022e+00 -1.3683e+00 -2.2370e+00 -2.9836e+00 +1.0324e+00
6165348 0 +9.356166572e-01 +2.912561666e+01 +2.912561666e+01 +2.4760e+00 -8.3021e-03 +9.5391e-01 +1.8720e+00 -2.5148e-02 -2.9966e+00 -1.7037e+00 -1.1130e+00 -2.8286e+00 +1.2102e+00
8257560 0 +9.112227435e-01 +2.910122274e+01 +2.910122274e+01 +2.2312e+00 -3.0675e-01 +1.3418e-01 +1.6480e+00 -4.5901e-01 -2.7667e+00 -1.1196e+00 -2.8282e-01 -2.4599e+00 +1.0463e+00
% f evaluations | g evaluations | best noise-free fitness - Fopt (-9.925000000000e+01) + sum g_i+ | measured fitness | best measured fitness or single-digit g-values | x1 | x2...
1 0 +3.741937070e+01 -6.183062930e+01 -6.183062930e+01 -1.2157e+00 -2.1077e+00 -2.0103e+00 -2.8691e+00 +8.7356e-01 -9.0537e-01 +4.6755e-01 +1.9804e+00 +5.0823e-01 +2.8963e-01
6 0 +3.286779206e+01 -6.638220794e+01 -6.638220794e+01 -3.5130e-01 +1.5342e+00 +1.3250e+00 -1.8521e+00 +1.2325e+00 +2.3453e+00 +3.4581e-01 -2.0540e-01 -1.5759e+00 -1.7690e+00
16 0 +1.453292971e+01 -8.471707029e+01 -8.471707029e+01 +9.7114e-01 -1.7556e+00 +1.5940e+00 -1.1769e-01 +1.5577e+00 +1.8010e+00 -1.2175e+00 +1.6292e+00 -2.6292e+00 -2.8714e+00
152 0 +1.068699282e+01 -8.856300718e+01 -8.856300718e+01 -3.2253e-01 -2.4528e+00 -1.9959e+00 +1.6399e+00 +2.6486e+00 +4.5100e-01 +2.9213e+00 +4.1399e-01 -2.2126e+00 -2.6568e+00
197 0 +9.835997200e+00 -8.941400280e+01 -8.941400280e+01 -7.9381e-02 -1.5799e+00 -8.3021e-01 +2.3020e+00 +2.9791e+00 +1.7537e+00 +1.3689e+00 -4.3953e-01 -2.0655e+00 -6.3981e-01
254 0 +8.663529526e+00 -9.058647047e+01 -9.058647047e+01 +1.5213e+00 -2.7622e+00 -8.8774e-01 +1.1168e+00 +2.3123e+00 +2.4166e+00 +2.4245e+00 +1.5815e+00 -2.0480e+00 +5.0429e-01
659 0 +7.467539447e+00 -9.178246055e+01 -9.178246055e+01 +2.1302e+00 -2.5990e+00 +2.3152e+00 +1.0289e+00 +1.9710e+00 +3.5347e-01 -1.3772e+00 +4.9317e-01 -6.5744e-03 -2.4039e+00
3362 0 +6.941666705e+00 -9.230833329e+01 -9.230833329e+01 +1.0120e+00 -1.5914e+00 -3.2541e-01 +1.6639e+00 +2.3806e+00 +1.5871e+00 +2.8688e+00 +2.1433e+00 -2.6230e+00 -1.8094e+00
5364 0 +6.418438122e+00 -9.283156188e+01 -9.283156188e+01 +1.9027e+00 -1.4545e+00 +9.7256e-01 +2.2107e+00 +2.0470e+00 +1.6294e+00 +1.7806e+00 +2.8187e+00 +1.9652e+00 -1.2118e+00
7214 0 +4.609344590e+00 -9.464065541e+01 -9.464065541e+01 +7.4724e-01 -2.4414e+00 +1.3540e+00 +2.2426e+00 +2.9952e+00 +2.4329e+00 -4.1727e-03 +2.5210e+00 +1.5212e-01 -2.1369e+00
23703 0 +4.559778294e+00 -9.469022171e+01 -9.469022171e+01 +1.0078e+00 -1.8695e+00 -8.4596e-01 +1.6881e+00 +2.3342e+00 +2.5492e+00 +3.5800e-01 +1.5221e+00 -8.5216e-01 -1.5538e+00
30758 0 +4.060392889e+00 -9.518960711e+01 -9.518960711e+01 +2.2678e+00 -1.3431e+00 +1.1037e+00 +2.8178e+00 +2.6993e+00 +2.1618e+00 +4.4189e-01 +2.6141e+00 -2.0488e-01 -2.3636e+00
78598 0 +3.845711992e+00 -9.540428801e+01 -9.540428801e+01 +2.4571e+00 -1.9982e+00 -7.7125e-02 +2.4318e+00 +2.6058e+00 +2.1470e+00 +1.7766e+00 +2.3325e+00 -1.3962e+00 -9.0652e-01
210410 0 +3.665581558e+00 -9.558441844e+01 -9.558441844e+01 +1.1981e+00 -2.4253e+00 +8.1192e-01 +2.4862e+00 +2.9554e+00 +1.2690e-01 +2.5947e+00 +1.8173e+00 -9.9692e-02 -1.7094e+00
243133 0 +3.162014177e+00 -9.608798582e+01 -9.608798582e+01 +1.4560e+00 -2.8272e+00 +1.4748e+00 +2.3524e+00 +2.4817e+00 +2.3696e+00 +5.4682e-01 +2.9939e+00 -8.8861e-01 -2.0008e+00
268836 0 +3.034927259e+00 -9.621507274e+01 -9.621507274e+01 +2.4548e+00 -2.5039e+00 +9.8829e-01 +2.0395e+00 +2.6109e+00 +1.4602e+00 +1.4391e-01 +1.9295e+00 -7.0058e-01 -8.6688e-01
668694 0 +2.996522136e+00 -9.625347786e+01 -9.625347786e+01 +2.5056e+00 -2.0191e+00 +1.0186e+00 +2.8824e+00 +2.3010e+00 +1.1040e+00 +1.2757e+00 +2.6696e+00 -2.7369e-01 -1.1835e+00
888186 0 +2.900903454e+00 -9.634909655e+01 -9.634909655e+01 +1.5659e+00 -2.6170e+00 +1.2889e+00 +1.9382e+00 +2.8365e+00 +1.6378e+00 +2.0459e+00 +2.5452e+00 -2.6666e+00 -1.4941e+00
1674002 0 +2.059625926e+00 -9.719037407e+01 -9.719037407e+01 +2.0778e+00 -2.8019e+00 +3.0168e-01 +2.7142e+00 +2.9620e+00 +9.8982e-01 +2.3060e+00 +2.7531e+00 -2.0477e+00 -1.0701e+00
4810191 0 +1.918235188e+00 -9.733176481e+01 -9.733176481e+01 +2.1177e+00 -2.5753e+00 +6.3911e-01 +2.0671e+00 +2.8447e+00 +1.8527e+00 +6.7672e-01 +2.3793e+00 -9.7287e-01 -1.8339e+00
5494271 0 +1.476421544e+00 -9.777357846e+01 -9.777357846e+01 +2.0582e+00 -2.9278e+00 +3.4836e-01 +1.2534e+00 +2.7769e+00 +1.0743e+00 +1.5789e+00 +2.3810e+00 -1.1559e+00 -1.9065e+00
