% f evaluations | g evaluations | best noise-free fitness - Fopt (-5.235000000000e+01) + sum g_i+ | measured fitness | best measured fitness or single-digit g-values | x1 | x2...
1 0 +4.303428011e+01 -9.315719889e+00 -9.315719889e+00 -1.1400e+00 -5.6001e-01 -2.0996e+00 -1.2142e+00 -1.9996e+00
11 0 +1.011528349e+00 -5.133847165e+01 -5.133847165e+01 -7.7408e-01 -6.5275e-01 +1.5055e+00 -2.7905e+00 -1.1892e+00
176 0 +8.708433282e-01 -5.147915667e+01 -5.147915667e+01 -1.3396e+00 -4.2165e-01 +1.9571e+00 -2.1765e+00 -1.8200e+00
706 0 +8.225468225e-01 -5.152745318e+01 -5.152745318e+01 -7.1872e-01 -1.8430e+00 +2.4953e+00 -1.6330e+00 -2.0193e+00
1340 0 +7.875247618e-01 -5.156247524e+01 -5.156247524e+01 -6.3052e-01 -9.0982e-01 +2.9260e+00 -2.5102e+00 -6.7640e-01
3521 0 +4.127581938e-01 -5.193724181e+01 -5.193724181e+01 -9.8484e-01 -1.7247e+00 +2.9199e+00 -2.9199e+00 -1.2455e+00
17058 0 +3.691682129e-01 -5.198083179e+01 -5.198083179e+01 -1.2598e+00 -1.7147e+00 +2.5658e+00 -2.4875e+00 -1.8949e+00
17174 0 +2.115361379e-01 -5.213846386e+01 -5.213846386e+01 -8.3411e-01 -1.5564e+00 +2.8550e+00 -2.4811e+00 -1.3974e+00
117410 0 +9.179552801e-02 -5.225820447e+01 -5.225820447e+01 -8.7275e-01 -1.2302e+00 +2.6098e+00 -2.0229e+00 -1.3567e+00
348432 0 +8.646323902e-02 -5.226353676e+01 -5.226353676e+01 -9.0750e-01 -1.3793e+00 +2.7368e+00 -2.6596e+00 -1.6025e+00
691374 0 +8.287289546e-02 -5.226712710e+01 -5.226712710e+01 -9.9818e-01 -1.2006e+00 +2.4628e+00 -2.4421e+00 -1.5696e+00
2176933 0 +7.984115810e-02 -5.227015884e+01 -5.227015884e+01 -9.3920e-01 -1.1979e+00 +2.3926e+00 -2.1514e+00 -1.3495e+00
2274128 0 +5.792940271e-02 -5.229207060e+01 -5.229207060e+01 -7.2201e-01 -1.1433e+00 +2.3446e+00 -2.2552e+00 -1.3964e+00
3533844 0 +5.223059689e-02 -5.229776940e+01 -5.229776940e+01 -9.4475e-01 -1.4250e+00 +2.8597e+00 -2.2763e+00 -1.6967e+00
3703525 0 +1.365290041e-02 -5.233634710e+01 -5.233634710e+01 -9.0080e-01 -1.2043e+00 +2.3845e+00 -2.4520e+00 -1.5426e+00
% f evaluations | g evaluations | best noise-free fitness - Fopt (-1.795400000000e+02) + sum g_i+ | measured fitness | best measured fitness or single-digit g-values | x1 | x2...
1 0 +9.347555257e+01 -8.606444743e+01 -8.606444743e+01 +2.9543e+00 +1.5281e+00 -1.9160e+00 -2.9912e+00 +1.0428e+00
3 0 +1.793514260e+01 -1.616048574e+02 -1.616048574e+02 +2.9157e+00 +4.7653e-01 -1.7190e+00 -5.3669e-01 +2.5398e+00
6 0 +1.764145964e+01 -1.618985404e+02 -1.618985404e+02 +2.2470e+00 -5.5222e-01 -7.7266e-01 +1.3719e+00 +6.9592e-01
8 0 +1.344841421e+01 -1.660915858e+02 -1.660915858e+02 +2.4387e+00 +1.4231e+00 -1.4943e+00 +7.5816e-01 +2.3527e-02
18 0 +1.102963399e+01 -1.685103660e+02 -1.685103660e+02 -8.5093e-01 +7.2290e-01 +1.4128e-01 +1.9601e+00 +5.3527e-01
20 0 +1.080077760e+01 -1.687392224e+02 -1.687392224e+02 +2.9564e+00 +2.6141e+00 -1.3500e+00 +1.2304e-01 +1.6041e+00
35 0 +9.033741521e+00 -1.705062585e+02 -1.705062585e+02 +6.7170e-01 +1.9321e+00 -1.2530e+00 +1.8646e+00 -4.2888e-02
44 0 +6.966492723e+00 -1.725735073e+02 -1.725735073e+02 +1.1207e+00 +2.0934e+00 -7.3704e-02 +2.3923e+00 +2.9304e+00
127 0 +1.998507673e+00 -1.775414923e+02 -1.775414923e+02 +1.1859e+00 +6.8739e-01 -2.6255e+00 +2.1491e+00 +2.2103e+00
4582 0 +1.670413068e+00 -1.778695869e+02 -1.778695869e+02 +1.2949e+00 +7.3342e-01 -2.9138e+00 +2.8005e+00 +2.4302e+00
5870 0 +1.554033501e+00 -1.779859665e+02 -1.779859665e+02 -4.2899e-02 +1.0109e+00 -2.7379e+00 +1.9117e+00 +2.9388e+00
10071 0 +1.546430915e+00 -1.779935691e+02 -1.779935691e+02 +1.1813e-01 +5.4644e-01 -2.8080e+00 +2.5917e+00 +2.5846e+00
14461 0 +1.130256524e+00 -1.784097435e+02 -1.784097435e+02 +1.0354e+00 +3.7197e-01 -2.9188e+00 +1.8949e+00 +2.7167e+00
89014 0 +1.030636217e+00 -1.785093638e+02 -1.785093638e+02 +9.1189e-01 +5.5361e-01 -2.9434e+00 +2.8131e+00 +2.7888e+00
130571 0 +1.012661238e+00 -1.785273388e+02 -1.785273388e+02 +6.8660e-01 +3.8300e-01 -2.7185e+00 +1.9800e+00 +2.9662e+00
395260 0 +9.798568331e-01 -1.785601432e+02 -1.785601432e+02 +9.4881e-01 +5.4194e-02 -2.6937e+00 +2.0027e+00 +2.9706e+00
481260 0 +9.152864033e-01 -1.786247136e+02 -1.786247136e+02 +1.0422e+00 +3.6529e-02 -2.8113e+00 +2.2724e+00 +2.8002e+00
675312 0 +8.901918011e-01 -1.786498082e+02 -1.786498082e+02 +4.7287e-01 +2.4973e-01 -2.9875e+00 +2.5774e+00 +2.8659e+00
887116 0 +8.532146811e-01 -1.786867853e+02 -1.786867853e+02 +9.8625e-01 -6.1031e-02 -2.8177e+00 +2.1065e+00 +2.9610e+00
2294731 0 +8.484710931e-01 -1.786915289e+02 -1.786915289e+02 +1.0687e+00 +2.1251e-01 -2.9365e+00 +2.0770e+00 +2.8412e+00
2375265 0 +7.113876078e-01 -1.788286124e+02 -1.788286124e+02 +1.1232e+00 +2.8039e-01 -2.9358e+00 +2.3562e+00 +2.9639e+00
% f evaluations | g evaluations | best noise-free fitness - Fopt (7.731000000000e+01) + sum g_i+ | measured fitness | best measured fitness or single-digit g-values | x1 | x2...
1 0 +5.863995667e+00 +8.317399567e+01 +8.317399567e+01 -2.6291e+00 +9.0393e-01 -2.3354e+00 -1.5474e+00 -1.6179e+00
2 0 +4.610341685e+00 +8.192034168e+01 +8.192034168e+01 +5.3544e-02 -1.3724e+00 -7.2595e-01 +3.3510e-01 -9.8094e-02
30 0 +3.462699539e+00 +8.077269954e+01 +8.077269954e+01 -5.5648e-01 +2.4743e-02 -2.4444e+00 +4.7107e-01 -1.0368e+00
94 0 +3.333644544e+00 +8.064364454e+01 +8.064364454e+01 -1.0575e+00 +1.0799e+00 -2.4881e+00 -1.7241e+00 -1.2177e+00
103 0 +3.131607691e+00 +8.044160769e+01 +8.044160769e+01 +2.1722e-02 -8.2446e-01 -1.6902e+00 -1.5616e+00 -2.0414e+00
110 0 +3.078928976e+00 +8.038892898e+01 +8.038892898e+01 +8.1225e-01 +8.0821e-01 -1.4189e+00 -1.6620e+00 -5.4105e-01
131 0 +1.355578881e+00 +7.866557888e+01 +7.866557888e+01 +3.3492e-01 -1.2257e+00 -2.9707e+00 -2.8115e+00 +7.7906e-01
206 0 +6.545019898e-01 +7.796450199e+01 +7.796450199e+01 +6.5377e-01 -1.2517e+00 -2.3991e+00 -1.4830e+00 +1.1277e+00
947 0 +4.639864710e-01 +7.777398647e+01 +7.777398647e+01 +6.3304e-01 -4.8117e-01 -2.1242e+00 -2.6062e+00 +9.0181e-01
7236 0 +1.110803511e-01 +7.742108035e+01 +7.742108035e+01 +7.7631e-01 -6.8489e-01 -1.9232e+00 -1.7774e+00 +1.1602e+00
33975 0 +1.021995668e-01 +7.741219957e+01 +7.741219957e+01 +6.8343e-01 -6.0024e-01 -2.0640e+00 -2.1323e+00 +1.0116e+00
538277 0 +7.530841114e-02 +7.738530841e+01 +7.738530841e+01 +8.4305e-01 -3.2451e-01 -2.3059e+00 -2.0583e+00 +1.0810e+00
734250 0 +6.367998078e-02 +7.737367998e+01 +7.737367998e+01 +9.1971e-01 -3.1452e-01 -2.2361e+00 -1.8340e+00 +1.0223e+00
875910 0 +6.000054817e-02 +7.737000055e+01 +7.737000055e+01 +6.9979e-01 -9.0920e-01 -2.1297e+00 -1.8904e+00 +1.0431e+00
1861925 0 +3.476177705e-02 +7.734476178e+01 +7.734476178e+01 +8.4796e-01 -5.0314e-01 -2.0370e+00 -2.1008e+00 +9.6117e-01
% f evaluations | g evaluations | best noise-free fitness - Fopt (3.992000000000e+01) + sum g_i+ | measured fitness | best measured fitness or single-digit g-values | x1 | x2...
1 0 +2.723563269e+01 +6.715563269e+01 +6.715563269e+01 -2.9006e+00 +2.2558e+00 -1.3434e+00 +1.3624e+00 -2.5797e+00
2 0 +2.716305442e+01 +6.708305442e+01 +6.708305442e+01 -1.5497e+00 +2.2588e+00 -2.4211e+00 +1.8671e+00 -1.4064e+00
3 0 +1.967342669e+01 +5.959342669e+01 +5.959342669e+01 -7.6030e-01 -1.4591e+00 -2.0012e+00 +3.0793e-01 +2.3523e+00
4 0 +1.723657549e+01 +5.715657549e+01 +5.715657549e+01 +6.7001e-01 +1.5530e+00 -2.4644e+00 -7.8517e-03 +9.9016e-01
5 0 +4.763993010e+00 +4.468399301e+01 +4.468399301e+01 +2.2634e-01 -1.4826e+00 +1.6157e+00 -2.3758e+00 -4.8849e-01
46 0 +4.666969145e+00 +4.458696915e+01 +4.458696915e+01 +2.8828e+00 -2.6268e+00 +6.7643e-01 -1.9837e-01 -6.4455e-01
57 0 +2.393676879e+00 +4.231367688e+01 +4.231367688e+01 +2.9008e+00 +3.2484e-01 +9.9011e-01 -1.6685e+00 -2.0909e+00
173 0 +2.331487478e+00 +4.225148748e+01 +4.225148748e+01 +1.8276e+00 -5.4706e-01 +1.7574e+00 -2.9819e+00 -1.6975e+00
1239 0 +2.261592027e+00 +4.218159203e+01 +4.218159203e+01 +2.6136e+00 -1.4521e-01 +2.2775e+00 -6.0764e-01 -1.6342e+00
1880 0 +1.977674351e+00 +4.189767435e+01 +4.189767435e+01 +2.2397e+00 -1.1678e+00 +1.4824e+00 -2.5210e+00 -1.4459e+00
3062 0 +9.750403665e-01 +4.089504037e+01 +4.089504037e+01 +2.9539e+00 -8.0615e-01 +2.0709e+00 -2.6713e+00 -2.5166e+00
39454 0 +8.883140162e-01 +4.080831402e+01 +4.080831402e+01 +2.8870e+00 -1.1061e+00 +2.6703e+00 -2.0502e+00 -2.2732e+00
76383 0 +8.246654358e-01 +4.074466544e+01 +4.074466544e+01 +2.9469e+00 -1.3892e+00 +2.7636e+00 -2.5481e+00 -1.8316e+00
446924 0 +6.877730894e-01 +4.060777309e+01 +4.060777309e+01 +2.9974e+00 -1.1628e+00 +2.4927e+00 -2.3765e+00 -2.1266e+00
% f evaluations | g evaluations | best noise-free fitness - Fopt (-5.661000000000e+01) + sum g_i+ | measured fitness | best measured fitness or single-digit g-values | x1 | x2...
1 0 +4.477526222e+01 -1.183473778e+01 -1.183473778e+01 +1.3622e+00 -3.9828e-01 +1.4853e+00 +1.5960e+00 +2.3525e+00
4 0 +2.140140224e+01 -3.520859776e+01 -3.520859776e+01 +1.8074e+00 -1.3829e-02 -9.6555e-01 +2.7544e-01 -1.5167e+00
19 0 +2.070314953e+01 -3.590685047e+01 -3.590685047e+01 +1.9541e+00 +1.2821e+00 +2.5874e+00 -2.1265e+00 +2.1105e+00
21 0 +9.928179175e+00 -4.668182082e+01 -4.668182082e+01 +2.0051e+00 +2.8564e+00 +8.0840e-01 -8.2558e-01 -5.9994e-01
69 0 +9.656165460e+00 -4.695383454e+01 -4.695383454e+01 +1.3604e+00 -2.0275e+00 +1.8529e+00 -2.9735e+00 -2.6589e+00
87 0 +6.923814562e+00 -4.968618544e+01 -4.968618544e+01 -6.0240e-01 +1.9565e+00 +2.4194e+00 -2.8864e+00 -2.2570e+00
100 0 +4.471436088e+00 -5.213856391e+01 -5.213856391e+01 +1.4001e+00 +1.3202e+00 +2.2180e+00 -9.6321e-01 -2.1968e+00
252 0 +2.633319993e+00 -5.397668001e+01 -5.397668001e+01 +1.8254e+00 +1.5050e+00 +1.7943e+00 -2.4925e+00 -2.9078e+00
1712 0 +2.136929045e+00 -5.447307095e+01 -5.447307095e+01 +2.5986e+00 +2.9933e+00 +2.8458e+00 -1.5910e+00 -1.7713e+00
2083 0 +1.237636502e+00 -5.537236350e+01 -5.537236350e+01 +9.8685e-01 +2.2043e+00 +2.8314e+00 -2.4603e+00 -2.6097e+00
7053 0 +9.399918192e-01 -5.567000818e+01 -5.567000818e+01 +1.0637e+00 +2.8515e+00 +2.5442e+00 -2.7879e+00 -2.9750e+00
13239 0 +5.678241899e-01 -5.604217581e+01 -5.604217581e+01 +2.2788e+00 +2.6763e+00 +2.7021e+00 -2.8791e+00 -2.7489e+00
126069 0 +5.020952680e-01 -5.610790473e+01 -5.610790473e+01 +1.2913e+00 +2.5124e+00 +2.8787e+00 -2.8295e+00 -2.7378e+00
823023 0 +4.508822968e-01 -5.615911770e+01 -5.615911770e+01 +2.0693e+00 +2.7831e+00 +2.4261e+00 -2.9532e+00 -2.9572e+00
880639 0 +3.911631551e-01 -5.621883684e+01 -5.621883684e+01 +1.7346e+00 +2.6541e+00 +2.6375e+00 -2.8722e+00 -2.9540e+00
1861308 0 +3.822606951e-01 -5.622773930e+01 -5.622773930e+01 +2.0724e+00 +2.7067e+00 +2.8256e+00 -2.8989e+00 -2.8453e+00
2032173 0 +3.341772826e-01 -5.627582272e+01 -5.627582272e+01 +1.9805e+00 +2.8318e+00 +2.7825e+00 -2.8024e+00 -2.9757e+00
4091077 0 +2.851226649e-01 -5.632487734e+01 -5.632487734e+01 +1.6151e+00 +2.8472e+00 +2.8242e+00 -2.8190e+00 -2.8907e+00
4384949 0 +2.247388552e-01 -5.638526114e+01 -5.638526114e+01 +1.6610e+00 +2.7774e+00 +2.8527e+00 -2.9244e+00 -2.8925e+00
% f evaluations | g evaluations | best noise-free fitness - Fopt (3.270000000000e+01) + sum g_i+ | measured fitness | best measured fitness or single-digit g-values | x1 | x2...
1 0 +1.615274926e+01 +4.885274926e+01 +4.885274926e+01 -1.2848e-01 +2.3393e+00 -2.8656e+00 -2.4049e+00 -2.5425e+00
2 0 +1.191316856e+01 +4.461316856e+01 +4.461316856e+01 +2.0007e+00 +8.1352e-01 +1.1450e+00 -6.3398e-01 +3.4757e-03
4 0 +9.456793205e+00 +4.215679320e+01 +4.215679320e+01 +4.9110e-01 +2.0206e+00 -4.9754e-01 +4.4211e-01 +1.6249e+00
6 0 +6.155677526e+00 +3.885567753e+01 +3.885567753e+01 -1.4640e+00 +5.2928e-01 -2.2933e+00 -7.9351e-02 +2.1267e-01
8 0 +3.863769611e+00 +3.656376961e+01 +3.656376961e+01 -1.1774e+00 -1.8788e+00 +3.3076e-01 +2.5134e+00 -2.2367e+00
37 0 +3.139705596e+00 +3.583970560e+01 +3.583970560e+01 -1.3317e+00 -1.2723e+00 -3.3554e-01 +1.5708e-01 -1.9594e+00
58 0 +2.089186036e+00 +3.478918604e+01 +3.478918604e+01 -5.6836e-01 -2.4181e+00 +1.0620e+00 +1.2146e+00 -1.2628e+00
234 0 +1.451118605e+00 +3.415111861e+01 +3.415111861e+01 -1.3724e+00 -2.5435e+00 -3.2667e-01 +2.1972e+00 -6.3033e-01
238 0 +1.030922677e+00 +3.373092268e+01 +3.373092268e+01 -1.9887e+00 -1.5259e+00 +1.1810e+00 +4.5762e-01 -6.7517e-01
982 0 +9.684962371e-01 +3.366849624e+01 +3.366849624e+01 -1.0787e+00 -1.7347e+00 -1.2468e-01 +1.5849e+00 -5.5838e-01
1485 0 +5.662159448e-01 +3.326621594e+01 +3.326621594e+01 -2.7755e+00 -1.6961e+00 +9.4901e-02 +7.7069e-01 -4.9688e-01
2404 0 +3.836142685e-01 +3.308361427e+01 +3.308361427e+01 -2.6271e+00 -1.6132e+00 +1.3570e-01 +1.5877e+00 -5.7939e-01
13021 0 +2.690210840e-01 +3.296902108e+01 +3.296902108e+01 -2.4959e+00 -1.6931e+00 +4.6804e-01 +1.6109e+00 -4.8252e-01
13235 0 +9.266798702e-02 +3.279266799e+01 +3.279266799e+01 -1.9819e+00 -1.5097e+00 +3.6876e-01 +1.1094e+00 -1.9341e-01
1633395 0 +6.402538043e-02 +3.276402538e+01 +3.276402538e+01 -1.9571e+00 -1.3988e+00 +5.4711e-02 +1.5799e+00 -2.3208e-01
1683914 0 +3.944189882e-02 +3.273944190e+01 +3.273944190e+01 -1.9919e+00 -1.4250e+00 +4.1726e-01 +1.4994e+00 +4.2390e-02
3467705 0 +3.449008581e-02 +3.273449009e+01 +3.273449009e+01 -2.0808e+00 -1.5547e+00 +6.5549e-02 +1.3642e+00 -3.1225e-01
% f evaluations | g evaluations | best noise-free fitness - Fopt (-3.943000000000e+01) + sum g_i+ | measured fitness | best measured fitness or single-digit g-values | x1 | x2...
1 0 +6.947643820e+01 +3.004643820e+01 +3.004643820e+01 +9.3044e-01 +8.0653e-01 +5.9759e-01 -3.5987e-01 +2.8406e+00
2 0 +3.946942969e+01 +3.942969052e-02 +3.942969052e-02 +2.2039e-01 -2.2066e+00 +9.3207e-01 +1.8866e+00 +5.0022e-01
4 0 +3.877874970e+01 -6.512503005e-01 -6.512503005e-01 +2.8219e+00 -2.9682e+00 -2.2206e+00 +2.2713e+00 -1.6075e+00
7 0 +2.985133113e+01 -9.578668867e+00 -9.578668867e+00 +7.1501e-01 -9.5522e-01 +1.5772e+00 -2.9499e+00 -2.5121e+00
9 0 +1.498274624e+01 -2.444725376e+01 -2.444725376e+01 +2.5943e+00 +6.4668e-01 -1.9595e+00 -1.0235e+00 -2.7033e+00
13 0 +1.039052687e+01 -2.903947313e+01 -2.903947313e+01 +1.0548e+00 -6.6971e-01 +2.8265e+00 +8.8849e-01 -4.9703e-01
23 0 +7.309813746e+00 -3.212018625e+01 -3.212018625e+01 +1.2331e+00 +2.5568e+00 +2.3052e+00 +1.8651e+00 +2.1734e+00
340 0 +4.833160417e+00 -3.459683958e+01 -3.459683958e+01 +1.0737e+00 +1.9940e+00 +2.8470e+00 +1.0157e+00 +1.2437e+00
465 0 +3.695990094e+00 -3.573400991e+01 -3.573400991e+01 +1.7348e+00 +2.5732e+00 +2.4956e+00 +1.5224e+00 +8.2083e-01
709 0 +1.683393216e+00 -3.774660678e+01 -3.774660678e+01 +2.7320e+00 +2.4988e+00 +2.4807e+00 +7.9349e-01 +3.4289e-01
25325 0 +1.218161695e+00 -3.821183830e+01 -3.821183830e+01 +2.9382e+00 +2.2070e+00 +2.6878e+00 +1.5402e+00 +1.0751e+00
30097 0 +9.633897572e-01 -3.846661024e+01 -3.846661024e+01 +2.6885e+00 +2.7533e+00 +2.6643e+00 +1.5982e+00 +1.3202e+00
34534 0 +7.935827367e-01 -3.863641726e+01 -3.863641726e+01 +2.9900e+00 +2.7157e+00 +2.4844e+00 +1.1831e+00 +7.3381e-01
432516 0 +6.987642327e-01 -3.873123577e+01 -3.873123577e+01 +2.9600e+00 +2.9928e+00 +2.7241e+00 +1.6293e+00 +6.3955e-01
588658 0 +6.491781937e-01 -3.878082181e+01 -3.878082181e+01 +2.9474e+00 +2.7113e+00 +2.7830e+00 +1.4986e+00 +1.1903e+00
741140 0 +5.482349962e-01 -3.888176500e+01 -3.888176500e+01 +2.9021e+00 +2.9221e+00 +2.5524e+00 +1.2335e+00 +1.2946e+00
% f evaluations | g evaluations | best noise-free fitness - Fopt (4.197200000000e+02) + sum g_i+ | measured fitness | best measured fitness or single-digit g-values | x1 | x2...
1 0 +5.356642736e+01 +4.732864274e+02 +4.732864274e+02 +1.7717e+00 -2.1747e+00 -8.1240e-01 +8.4759e-01 +1.0549e+00
3 0 +4.450019422e+01 +4.642201942e+02 +4.642201942e+02 -2.7254e+00 +1.6351e+00 +5.1155e-01 +2.6847e+00 -9.1564e-01
9 0 +6.823138164e+00 +4.265431382e+02 +4.265431382e+02 +1.0245e-01 +6.8218e-01 -3.2446e-01 +2.0898e+00 +2.1479e+00
12 0 +5.730153925e+00 +4.254501539e+02 +4.254501539e+02 -2.6644e+00 +1.6620e+00 -6.6154e-01 +2.5214e+00 +1.6606e+00
79 0 +2.663044919e+00 +4.223830449e+02 +4.223830449e+02 +5.4152e-01 +2.9798e+00 -1.5311e-01 +2.5392e+00 +2.6471e+00
266 0 +2.404495863e+00 +4.221244959e+02 +4.221244959e+02 +4.2213e-01 +2.6316e+00 -1.8129e+00 +2.1112e+00 +2.9156e+00
2743 0 +1.020067799e+00 +4.207400678e+02 +4.207400678e+02 -9.5693e-01 +1.7709e+00 -6.8637e-01 +2.8935e+00 +2.8106e+00
19149 0 +8.301031286e-01 +4.205501031e+02 +4.205501031e+02 -1.6952e+00 +2.6426e+00 -1.8915e+00 +2.7434e+00 +2.8469e+00
32787 0 +7.362064233e-01 +4.204562064e+02 +4.204562064e+02 -1.1935e+00 +2.3838e+00 -1.5322e+00 +2.6278e+00 +2.9704e+00
211612 0 +6.209619868e-01 +4.203409620e+02 +4.203409620e+02 -6.5907e-01 +2.8102e+00 -1.4668e+00 +2.8907e+00 +2.9862e+00
301660 0 +5.305862282e-01 +4.202505862e+02 +4.202505862e+02 -6.6841e-01 +2.4383e+00 -1.4499e+00 +2.9361e+00 +2.8185e+00
1123443 0 +4.497972437e-01 +4.201697972e+02 +4.201697972e+02 -1.4084e+00 +2.4951e+00 -8.9101e-01 +2.9361e+00 +2.9562e+00
1156023 0 +3.974307453e-01 +4.201174307e+02 +4.201174307e+02 -1.1456e+00 +2.9421e+00 -9.4486e-01 +2.9595e+00 +2.9678e+00
4675669 0 +2.607008514e-01 +4.199807009e+02 +4.199807009e+02 -1.4553e+00 +2.8390e+00 -1.0741e+00 +2.9948e+00 +2.9850e+00
% f evaluations | g evaluations | best noise-free fitness - Fopt (7.640000000000e+00) + sum g_i+ | measured fitness | best measured fitness or single-digit g-values | x1 | x2...
1 0 +3.501307930e+01 +4.265307930e+01 +4.265307930e+01 -1.7467e+00 +2.3277e+00 -9.5625e-01 -2.0295e+00 -1.1648e+00
2 0 +1.865946680e+01 +2.629946680e+01 +2.629946680e+01 +2.5203e+00 +6.4163e-02 -7.6472e-01 +1.9368e+00 +1.9069e+00
20 0 +1.831347713e+01 +2.595347713e+01 +2.595347713e+01 -1.6196e+00 -4.2954e-01 +1.4777e+00 -2.1446e-01 +1.9640e+00
22 0 +9.313733705e+00 +1.695373371e+01 +1.695373371e+01 +2.5352e+00 +1.9675e+00 +3.8831e-01 +2.3530e+00 -7.5227e-01
305 0 +6.570018022e+00 +1.421001802e+01 +1.421001802e+01 +2.9402e+00 +2.7947e+00 +1.0399e+00 +1.2037e+00 +4.8081e-01
352 0 +5.916033841e+00 +1.355603384e+01 +1.355603384e+01 +1.0766e+00 +1.2602e+00 +1.9969e+00 +2.3177e+00 +1.5604e+00
354 0 +5.840858122e+00 +1.348085812e+01 +1.348085812e+01 +4.9496e-01 +2.7652e+00 +2.1857e+00 +1.7913e+00 +2.6508e+00
360 0 +5.608347201e+00 +1.324834720e+01 +1.324834720e+01 +2.0510e+00 +6.4552e-01 +2.2680e+00 +1.8061e+00 +1.6083e+00
413 0 +4.278966424e+00 +1.191896642e+01 +1.191896642e+01 +2.3080e+00 +1.6139e+00 +2.2041e+00 +2.0591e+00 +1.0727e+00
653 0 +2.689536181e+00 +1.032953618e+01 +1.032953618e+01 +2.6178e+00 +2.3437e+00 +2.0505e+00 +2.5815e+00 +1.5442e+00
3097 0 +2.613908660e+00 +1.025390866e+01 +1.025390866e+01 +2.0245e+00 +2.5266e+00 +2.7034e+00 +2.4092e+00 +2.8446e+00
8829 0 +2.334708785e+00 +9.974708785e+00 +9.974708785e+00 +2.6360e+00 +1.6029e+00 +2.3182e+00 +2.9115e+00 +1.4834e+00
22576 0 +2.055120730e+00 +9.695120730e+00 +9.695120730e+00 +2.2974e+00 +2.6024e+00 +2.8899e+00 +2.6658e+00 +2.6834e+00
38698 0 +1.970776435e+00 +9.610776435e+00 +9.610776435e+00 +2.7071e+00 +1.9655e+00 +2.7172e+00 +2.4990e+00 +2.5501e+00
41920 0 +1.272073349e+00 +8.912073349e+00 +8.912073349e+00 +2.9079e+00 +2.0499e+00 +2.9998e+00 +2.9663e+00 +2.2764e+00
685421 0 +1.186104134e+00 +8.826104134e+00 +8.826104134e+00 +2.9434e+00 +2.4699e+00 +1.9505e+00 +2.9242e+00 +2.9195e+00
1271588 0 +1.166205778e+00 +8.806205778e+00 +8.806205778e+00 +2.9327e+00 +2.4368e+00 +2.1576e+00 +2.9212e+00 +2.7819e+00
1393410 0 +1.075722458e+00 +8.715722458e+00 +8.715722458e+00 +2.9968e+00 +2.5043e+00 +2.4940e+00 +2.9543e+00 +2.7354e+00
% f evaluations | g evaluations | best noise-free fitness - Fopt (-1.276800000000e+02) + sum g_i+ | measured fitness | best measured fitness or single-digit g-values | x1 | x2...
1 0 +1.689907973e+02 +4.131079732e+01 +4.131079732e+01 +2.5323e+00 -1.3692e+00 -8.8432e-01 +2.3732e+00 -2.1717e-01
2 0 +1.278199456e+02 +1.399456058e-01 +1.399456058e-01 -2.7761e+00 +1.3462e+00 -1.5402e+00 +2.6948e+00 +1.6237e+00
3 0 +1.722975961e+01 -1.104502404e+02 -1.104502404e+02 -2.3869e+00 +8.1092e-01 +2.0419e+00 -2.1142e+00 +7.9642e-01
23 0 +7.125341082e+00 -1.205546589e+02 -1.205546589e+02 -1.3200e+00 +2.8516e+00 +2.8524e+00 -8.1849e-01 -1.2432e+00
42 0 +6.008758766e+00 -1.216712412e+02 -1.216712412e+02 +2.0570e+00 +2.6499e+00 +8.3358e-01 +1.6664e+00 -1.7836e+00
104 0 +5.497316559e+00 -1.221826834e+02 -1.221826834e+02 -1.3493e+00 +2.7398e+00 +9.5391e-01 -1.5172e+00 -2.4418e+00
110 0 +2.555668432e+00 -1.251243316e+02 -1.251243316e+02 +2.0410e+00 +2.9055e+00 +2.2530e+00 -1.4226e+00 -2.4110e+00
293 0 +2.268800739e+00 -1.254111993e+02 -1.254111993e+02 +1.7699e+00 +2.4885e+00 +2.4049e+00 +7.3662e-01 -2.8536e+00
3175 0 +1.863243645e+00 -1.258167564e+02 -1.258167564e+02 +7.7021e-01 +2.8745e+00 +2.0274e+00 +8.4407e-02 -2.9741e+00
6210 0 +1.561789833e+00 -1.261182102e+02 -1.261182102e+02 +1.2056e+00 +2.9523e+00 +2.1133e+00 -1.1827e-01 -1.8753e+00
10616 0 +1.504427484e+00 -1.261755725e+02 -1.261755725e+02 +1.9338e+00 +2.4039e+00 +2.7064e+00 -4.6728e-01 -2.9549e+00
19963 0 +1.186304605e+00 -1.264936954e+02 -1.264936954e+02 +2.8498e+00 +2.6440e+00 +2.7305e+00 +7.9859e-01 -2.4483e+00
20838 0 +9.223211580e-01 -1.267576788e+02 -1.267576788e+02 +1.8205e+00 +2.9955e+00 +2.7746e+00 -2.0944e-01 -2.8596e+00
114672 0 +7.218233009e-01 -1.269581767e+02 -1.269581767e+02 +1.8052e+00 +2.9324e+00 +2.3863e+00 +6.1130e-01 -2.4342e+00
203662 0 +4.856354921e-01 -1.271943645e+02 -1.271943645e+02 +2.3030e+00 +2.8439e+00 +2.5733e+00 +5.0619e-01 -2.7945e+00
233504 0 +4.778241553e-01 -1.272021758e+02 -1.272021758e+02 +2.3744e+00 +2.9897e+00 +2.1231e+00 +4.9340e-01 -2.7423e+00
1543515 0 +3.868130558e-01 -1.272931869e+02 -1.272931869e+02 +2.2200e+00 +2.9760e+00 +2.3970e+00 +5.2236e-01 -2.7488e+00
4111188 0 +3.444975754e-01 -1.273355024e+02 -1.273355024e+02 +2.4081e+00 +2.9748e+00 +2.6986e+00 +3.2187e-01 -2.9053e+00
% f evaluations | g evaluations | best noise-free fitness - Fopt (-3.650000000000e+01) + sum g_i+ | measured fitness | best measured fitness or single-digit g-values | x1 | x2...
1 0 +1.191413745e+01 -2.458586255e+01 -2.458586255e+01 -3.7501e-01 +2.0155e+00 +2.7673e+00 -2.6935e+00 +5.7532e-01
5 0 +1.180113877e+01 -2.469886123e+01 -2.469886123e+01 -7.1067e-01 +1.3570e+00 -1.1088e-02 -1.4866e+00 +8.2637e-01
11 0 +4.567013279e+00 -3.193298672e+01 -3.193298672e+01 +2.8093e+00 +4.6225e-01 +2.1313e+00 +2.2969e+00 +5.5946e-01
20 0 +3.616901865e+00 -3.288309813e+01 -3.288309813e+01 +1.2330e+00 -2.9462e+00 +2.5578e+00 +2.0471e+00 +1.1753e+00
93 0 +1.525583995e+00 -3.497441601e+01 -3.497441601e+01 +2.0894e+00 +3.8810e-03 +1.7536e+00 +1.9687e+00 +1.5444e+00
388 0 +1.503030200e+00 -3.499696980e+01 -3.499696980e+01 +2.0342e+00 +7.6112e-01 +1.6816e+00 +8.2132e-01 +1.8540e+00
410 0 +1.014526420e+00 -3.548547358e+01 -3.548547358e+01 +1.4909e+00 +8.8474e-02 +2.5787e+00 +1.6564e+00 +8.8370e-01
3025 0 +8.325741438e-01 -3.566742586e+01 -3.566742586e+01 +2.4076e+00 -6.2700e-02 +1.9539e+00 +1.3779e+00 +1.5765e+00
6807 0 +5.666879507e-01 -3.593331205e+01 -3.593331205e+01 +1.8765e+00 +5.6813e-01 +2.3374e+00 +2.2153e+00 +2.3538e+00
14715 0 +5.086955847e-01 -3.599130442e+01 -3.599130442e+01 +1.5142e+00 +2.9931e-01 +2.8147e+00 +1.9742e+00 +2.0887e+00
17672 0 +3.017355064e-01 -3.619826449e+01 -3.619826449e+01 +1.9968e+00 +9.4999e-01 +2.7919e+00 +1.7195e+00 +1.5477e+00
18909 0 +2.188833812e-01 -3.628111662e+01 -3.628111662e+01 +2.2213e+00 +4.9887e-01 +2.5263e+00 +1.6903e+00 +1.4028e+00
152186 0 +1.755653947e-01 -3.632443461e+01 -3.632443461e+01 +2.2296e+00 +3.1608e-01 +2.7843e+00 +1.7737e+00 +1.4574e+00
261739 0 +1.372317958e-01 -3.636276820e+01 -3.636276820e+01 +2.1377e+00 +2.8488e-01 +2.9463e+00 +1.2796e+00 +2.0487e+00
567915 0 +9.708354599e-02 -3.640291645e+01 -3.640291645e+01 +2.2990e+00 +4.6883e-01 +2.8459e+00 +1.5830e+00 +1.4060e+00
890479 0 +9.283726989e-02 -3.640716273e+01 -3.640716273e+01 +2.1712e+00 +6.0461e-01 +2.7880e+00 +2.0743e+00 +1.7400e+00
1570004 0 +7.203940259e-02 -3.642796060e+01 -3.642796060e+01 +2.0613e+00 +6.9018e-01 +2.9111e+00 +1.9620e+00 +1.5464e+00
4806644 0 +6.814717113e-02 -3.643185283e+01 -3.643185283e+01 +2.1036e+00 +5.1263e-01 +2.9665e+00 +1.5170e+00 +1.7839e+00
% f evaluations | g evaluations | best noise-free fitness - Fopt (1.728700000000e+02) + sum g_i+ | measured fitness | best measured fitness or single-digit g-values | x1 | x2...
1 0 +4.401691247e+00 +1.772716912e+02 +1.772716912e+02 +4.9616e-01 -7.4121e-01 +9.7260e-01 +2.8769e+00 +1.6404e-01
11 0 +3.083360564e+00 +1.759533606e+02 +1.759533606e+02 +1.9626e+00 -9.0529e-01 -1.1256e-02 +1.0002e+00 -3.8981e-01
45 0 +2.790214578e+00 +1.756602146e+02 +1.756602146e+02 +2.4509e+00 -1.3183e+00 +2.6601e+00 +2.5306e+00 +1.1780e+00
136 0 +1.724017866e+00 +1.745940179e+02 +1.745940179e+02 +2.6534e+00 -4.0302e-01 +1.1212e+00 +7.1715e-01 +2.1258e+00
219 0 +1.436511032e+00 +1.743065110e+02 +1.743065110e+02 +1.7100e+00 +4.9442e-02 +1.9971e+00 +5.7180e-01 +5.4870e-01
837 0 +8.187614381e-01 +1.736887614e+02 +1.736887614e+02 +2.9074e+00 -1.9038e-01 +2.8614e+00 +8.5607e-01 +6.2544e-01
3314 0 +5.700297304e-01 +1.734400297e+02 +1.734400297e+02 +2.7741e+00 -3.7661e-01 +1.9541e+00 +1.3094e+00 +5.6959e-01
7811 0 +4.557688738e-01 +1.733257689e+02 +1.733257689e+02 +2.9030e+00 -9.5919e-01 +1.9975e+00 +8.8693e-02 +1.4404e+00
17692 0 +1.587964690e-01 +1.730287965e+02 +1.730287965e+02 +2.9376e+00 -1.0340e+00 +1.9144e+00 +1.6214e-01 +5.8362e-01
124739 0 +1.077952511e-01 +1.729777953e+02 +1.729777953e+02 +2.8550e+00 -6.4228e-01 +1.9312e+00 +2.6166e-01 +9.1898e-01
1231571 0 +5.764761213e-02 +1.729276476e+02 +1.729276476e+02 +2.9494e+00 -8.8883e-01 +1.9465e+00 +3.9913e-01 +7.3690e-01
2821366 0 +5.137715251e-02 +1.729213772e+02 +1.729213772e+02 +2.9643e+00 -9.5147e-01 +2.1390e+00 +4.4011e-01 +9.8924e-01
% f evaluations | g evaluations | best noise-free fitness - Fopt (1.577200000000e+02) + sum g_i+ | measured fitness | best measured fitness or single-digit g-values | x1 | x2...
1 0 +1.652362123e+02 +3.229562123e+02 +3.229562123e+02 +2.7622e+00 +1.9979e+00 -2.7500e-01 +1.3580e-01 -1.1548e+00
3 0 +1.020104731e+02 +2.597304731e+02 +2.597304731e+02 -2.5530e+00 -1.2424e+00 -1.1883e+00 +1.8459e+00 +7.5580e-01
5 0 +1.755064988e+01 +1.752706499e+02 +1.752706499e+02 +1.3585e+00 -1.8147e+00 +2.7689e+00 +1.4487e+00 +1.8980e+00
36 0 +7.318476613e+00 +1.650384766e+02 +1.650384766e+02 -1.8515e+00 -3.5607e-01 +1.1803e+00 -3.3148e-01 +2.8071e+00
114 0 +2.574533619e+00 +1.602945336e+02 +1.602945336e+02 -1.5422e+00 -2.6596e+00 +2.1527e+00 +1.0412e+00 +1.6431e+00
463 0 +1.491354181e+00 +1.592113542e+02 +1.592113542e+02 -2.7567e+00 -1.5568e+00 +2.6031e+00 +1.1135e+00 +2.3497e+00
605 0 +1.178061022e+00 +1.588980610e+02 +1.588980610e+02 -2.2537e+00 -1.7126e+00 +2.7731e+00 +1.1491e+00 +1.6858e+00
21628 0 +1.093337420e+00 +1.588133374e+02 +1.588133374e+02 -2.8099e+00 -1.5488e+00 +2.7493e+00 +1.3291e+00 +1.7551e+00
21992 0 +1.014553750e+00 +1.587345538e+02 +1.587345538e+02 -2.8459e+00 -2.2304e+00 +2.9321e+00 +1.0604e+00 +1.3981e+00
39476 0 +8.974015972e-01 +1.586174016e+02 +1.586174016e+02 -2.7668e+00 -1.2738e+00 +2.9486e+00 +1.3069e+00 +1.6886e+00
352384 0 +8.387749643e-01 +1.585587750e+02 +1.585587750e+02 -2.8822e+00 -1.5231e+00 +2.9247e+00 +1.3596e+00 +1.3843e+00
590103 0 +7.601810762e-01 +1.584801811e+02 +1.584801811e+02 -2.6499e+00 -1.6784e+00 +2.9963e+00 +1.3263e+00 +1.0026e+00
625606 0 +7.390381126e-01 +1.584590381e+02 +1.584590381e+02 -2.8426e+00 -2.1454e+00 +2.9913e+00 +1.6729e+00 +1.3921e+00
2148096 0 +6.640929857e-01 +1.583840930e+02 +1.583840930e+02 -2.6585e+00 -1.9602e+00 +2.9932e+00 +1.5779e+00 +1.3440e+00
% f evaluations | g evaluations | best noise-free fitness - Fopt (2.819000000000e+01) + sum g_i+ | measured fitness | best measured fitness or single-digit g-values | x1 | x2...
1 0 +1.748887342e+01 +4.567887342e+01 +4.567887342e+01 -2.4275e+00 +3.1407e-01 +2.2057e+00 -1.7589e+00 +5.9859e-01
2 0 +5.977688646e+00 +3.416768865e+01 +3.416768865e+01 -4.2154e-01 +2.2661e+00 +2.4286e+00 +5.9514e-01 +1.0061e-01
12 0 +3.579806200e+00 +3.176980620e+01 +3.176980620e+01 +2.3738e+00 +1.6365e+00 +1.9667e+00 +1.0431e+00 +2.4944e-01
43 0 +2.518118924e+00 +3.070811892e+01 +3.070811892e+01 +1.7831e+00 -5.9548e-01 +2.1081e+00 +1.3103e+00 -5.5012e-01
246 0 +1.159375984e+00 +2.934937598e+01 +2.934937598e+01 +2.4053e+00 +2.3534e-01 +6.6985e-01 +1.7962e+00 +1.0213e-01
607 0 +1.059371863e+00 +2.924937186e+01 +2.924937186e+01 +1.9803e+00 -5.5051e-01 +1.7918e+00 +2.2096e+00 -3.0232e-01
1142 0 +3.192200011e-01 +2.850922000e+01 +2.850922000e+01 +1.4446e+00 -1.0485e+00 +5.1378e-01 +2.1302e+00 -6.1588e-01
8092 0 +1.051590171e-01 +2.829515902e+01 +2.829515902e+01 +1.8254e+00 -7.4384e-01 +4.8008e-01 +2.1411e+00 -5.2081e-02
83010 0 +1.026982604e-01 +2.829269826e+01 +2.829269826e+01 +2.0768e+00 -8.3655e-01 +4.9943e-01 +2.2644e+00 -5.9243e-01
638570 0 +7.306298578e-02 +2.826306299e+01 +2.826306299e+01 +1.8967e+00 -7.5017e-01 +2.3090e-01 +2.2060e+00 -5.9040e-01
4279870 0 +3.224026948e-02 +2.822224027e+01 +2.822224027e+01 +1.7934e+00 -6.7889e-01 +3.3516e-01 +2.5257e+00 -6.2133e-01
% f evaluations | g evaluations | best noise-free fitness - Fopt (-9.925000000000e+01) + sum g_i+ | measured fitness | best measured fitness or single-digit g-values | x1 | x2...
1 0 +2.124715655e+01 -7.800284345e+01 -7.800284345e+01 -2.1760e+00 -2.2655e+00 -2.5954e+00 -1.3548e+00 +1.6193e+00
3 0 +4.151226344e+00 -9.509877366e+01 -9.509877366e+01 +1.4920e+00 -7.2269e-01 +1.2573e+00 +2.9475e+00 +2.3086e+00
318 0 +3.669261736e+00 -9.558073826e+01 -9.558073826e+01 +8.7507e-02 -2.6493e+00 +1.4829e+00 +2.7084e+00 +2.8312e+00
1221 0 +1.849303527e+00 -9.740069647e+01 -9.740069647e+01 +1.6054e+00 -2.7577e+00 +6.8945e-04 +1.7140e+00 +2.4199e+00
3567 0 +1.514204426e+00 -9.773579557e+01 -9.773579557e+01 +1.5456e+00 -2.3760e+00 +3.8657e-01 +2.0977e+00 +2.8858e+00
9722 0 +1.254790409e+00 -9.799520959e+01 -9.799520959e+01 +1.7693e+00 -2.9226e+00 +8.4301e-01 +2.5936e+00 +2.8669e+00
63198 0 +1.216281881e+00 -9.803371812e+01 -9.803371812e+01 +2.5694e+00 -2.7945e+00 +3.7978e-01 +2.4564e+00 +2.8277e+00
91228 0 +1.097118789e+00 -9.815288121e+01 -9.815288121e+01 +2.9142e+00 -2.9476e+00 +5.6623e-01 +2.2099e+00 +2.9356e+00
243674 0 +1.084384248e+00 -9.816561575e+01 -9.816561575e+01 +1.5719e+00 -2.9848e+00 +6.3618e-01 +1.8743e+00 +2.9045e+00
471333 0 +9.890509363e-01 -9.826094906e+01 -9.826094906e+01 +2.7309e+00 -2.9722e+00 +5.5557e-01 +2.1678e+00 +2.9533e+00
673669 0 +9.672638030e-01 -9.828273620e+01 -9.828273620e+01 +2.1572e+00 -2.9575e+00 +8.5578e-01 +2.3116e+00 +2.9998e+00
792826 0 +9.387478480e-01 -9.831125215e+01 -9.831125215e+01 +2.2106e+00 -2.9206e+00 +8.6569e-01 +1.6697e+00 +2.9909e+00
4235685 0 +8.832329677e-01 -9.836676703e+01 -9.836676703e+01 +2.1094e+00 -2.9375e+00 +6.6527e-01 +1.8367e+00 +2.9571e+00
