% f evaluations | g evaluations | best noise-free fitness - Fopt (-5.235000000000e+01) + sum g_i+ | measured fitness | best measured fitness or single-digit g-values | x1 | x2...
1 0 +6.650302252e+01 +1.415302252e+01 +1.415302252e+01 +2.8172e+00 -1.6142e+00 +2.9089e+00 +8.4171e-01 -8.6244e-01 -2.2774e-01 +2.9156e+00 -2.6033e+00 -2.6821e+00 -2.2320e+00 -2.1201e+00 -1.0043e+00 +2.8957e+00 +9.3526e-02 -1.2090e+00 +1.8306e+00 +2.4092e-01 -2.0316e-01 +2.7968e+00 -1.1511e+00
5 0 +3.441494881e+01 -1.793505119e+01 -1.793505119e+01 +8.6887e-02 -1.0405e+00 -2.8945e-01 -4.0684e-01 -1.2769e+00 +8.8569e-01 -7.2565e-01 -5.1875e-01 -1.6517e+00 -5.4380e-02 -5.0244e-01 -1.7118e+00 -1.0997e+00 +9.9306e-01 +2.9650e+00 +5.8688e-01 +6.4987e-01 +1.8048e-02 -8.0805e-01 -2.3582e+00
22 0 +2.747669270e+01 -2.487330730e+01 -2.487330730e+01 -1.1601e+00 -1.4405e+00 +1.5448e+00 +3.8556e-01 +1.1873e+00 -1.8966e+00 -2.4799e+00 -7.4291e-01 +1.1444e+00 -2.4505e+00 -1.1885e+00 -2.2898e+00 -1.3143e+00 -1.8547e+00 +2.2722e+00 -8.1422e-01 +4.1503e-02 +2.0531e-01 +1.6972e+00 -1.6548e+00
332 0 +2.689195473e+01 -2.545804527e+01 -2.545804527e+01 +1.4368e+00 -1.9473e+00 -2.4774e-01 -6.6971e-01 -1.5747e+00 +2.1090e+00 +1.2208e+00 -3.2335e-01 -1.4988e+00 -9.7446e-01 -1.5763e+00 +1.6463e-01 +7.9077e-01 +1.2168e+00 +1.6218e+00 +1.8536e+00 -1.3156e+00 +2.3020e+00 +2.7248e+00 -2.9799e+00
428 0 +1.836731236e+01 -3.398268764e+01 -3.398268764e+01 -2.2450e+00 +2.0981e+00 +9.9478e-01 +1.8829e+00 -4.9389e-01 +2.0173e+00 -5.2570e-01 -2.9231e+00 +1.1744e+00 -1.7045e+00 -1.1879e+00 +1.5217e+00 +2.3088e+00 -5.2862e-01 +8.2814e-01 -1.9310e+00 -1.3585e+00 -3.0007e-01 +2.2826e+00 -2.6976e+00
875 0 +1.584536461e+01 -3.650463539e+01 -3.650463539e+01 -2.9075e+00 -7.1096e-01 +1.8062e+00 -3.8872e-02 -1.0463e-01 +2.8543e+00 -1.4191e+00 -1.4174e-01 +2.8669e+00 -6.7252e-01 +1.4977e+00 +1.5909e+00 +2.8904e+00 -2.9350e+00 -7.0320e-01 +6.6343e-01 -9.0011e-02 +1.5543e+00 +2.5178e+00 +7.9847e-01
1682 0 +1.495864051e+01 -3.739135949e+01 -3.739135949e+01 +9.8185e-01 -1.6907e+00 +1.3876e+00 -1.2984e+00 -2.7574e-02 +2.3370e+00 -4.0361e-02 -1.3004e+00 +2.0746e+00 +5.9605e-01 +2.2828e+00 -1.8613e+00 +1.4364e+00 +5.1999e-01 -1.8702e+00 -5.9449e-01 -2.6808e+00 -6.2956e-01 +1.3346e+00 -2.6273e+00
3684 0 +1.477169294e+01 -3.757830706e+01 -3.757830706e+01 -8.1153e-01 -5.2609e-01 +2.6339e+00 -2.6658e+00 -8.6477e-01 +2.4582e+00 -2.5048e+00 -1.5071e+00 +1.7809e+00 -6.4943e-01 +2.9815e+00 +2.3180e+00 +2.0266e+00 -8.4829e-01 -7.2553e-01 -1.1844e+00 -1.8322e+00 -1.3155e+00 -1.0683e+00 -1.5267e+00
10172 0 +1.443488435e+01 -3.791511565e+01 -3.791511565e+01 -1.0136e+00 -1.0529e+00 -2.0194e-01 -2.4875e+00 -3.3812e-01 +5.6860e-01 -1.9608e+00 +6.1851e-01 +2.9248e+00 -1.0788e+00 +2.8818e+00 +1.7576e+00 +1.2919e-01 -1.9885e+00 -8.4491e-02 -4.0882e-01 -1.5213e+00 -1.0955e+00 +2.8142e+00 -1.2351e+00
60171 0 +1.378968887e+01 -3.856031113e+01 -3.856031113e+01 -1.3963e+00 -5.8698e-01 +1.4799e+00 -8.7174e-01 -1.5475e+00 -1.6087e+00 -2.9068e+00 -1.0655e+00 +4.8220e-01 -2.5914e+00 +2.8776e+00 -1.5691e+00 +2.2405e+00 -2.4825e+00 -1.8943e+00 +2.4505e-01 -3.3275e-01 +2.4436e+00 +6.2165e-01 -2.5233e+00
68627 0 +1.019797412e+01 -4.215202588e+01 -4.215202588e+01 -2.9854e+00 -4.1163e-01 +4.0222e-02 -2.8556e+00 -8.0443e-01 +2.9494e+00 -2.8829e+00 -2.6833e+00 +2.5344e+00 -2.2934e+00 +1.3185e+00 -2.7571e-01 +1.7166e+00 +4.4057e-01 +2.3565e+00 +6.9566e-01 -1.2949e+00 +1.1214e+00 +1.9912e+00 -2.9788e+00
150750 0 +9.720231384e+00 -4.262976862e+01 -4.262976862e+01 -1.8234e+00 -6.1312e-02 +2.7471e+00 -2.0311e+00 -1.4297e+00 +6.8641e-01 -2.2867e+00 -6.6692e-01 +2.7982e+00 -1.7071e+00 +2.0717e+00 -1.3882e+00 +1.2359e+00 -1.3821e-01 -2.6865e-01 +1.2856e+00 -6.9622e-01 +2.7131e+00 +2.2187e+00 -2.5918e+00
1034852 0 +9.336375612e+00 -4.301362439e+01 -4.301362439e+01 +1.1738e+00 -1.8977e+00 +2.3778e+00 -2.8219e+00 -1.6679e+00 +2.5276e+00 -2.0283e+00 -1.8351e+00 +1.4610e+00 -1.1726e+00 +1.8048e+00 -2.6962e+00 +2.2798e+00 -5.5765e-02 +3.3719e-01 -1.0671e+00 -3.1081e-01 +7.9941e-01 +1.7735e+00 -2.9987e+00
2477650 0 +7.262024267e+00 -4.508797573e+01 -4.508797573e+01 +5.1923e-01 -2.5494e+00 +2.4729e+00 -2.0437e-01 -1.9774e+00 +1.8545e+00 -2.2914e+00 -1.8618e+00 +3.0738e-01 -1.4999e+00 +2.0021e+00 -1.9526e-01 +1.9338e+00 -2.2167e+00 -9.3763e-01 -1.9984e-01 -7.6779e-01 +2.2438e+00 +2.6590e+00 -2.2869e+00
8567456 0 +6.415592972e+00 -4.593440703e+01 -4.593440703e+01 -1.3138e+00 -8.6548e-01 +2.0819e+00 -2.2542e+00 -2.4212e+00 +2.8787e+00 -2.8676e+00 -1.7299e+00 +2.7657e+00 -2.7030e+00 +2.8929e+00 -1.0718e+00 +2.2671e+00 +3.3975e-01 +9.6165e-01 +2.2341e+00 -1.8463e+00 +4.3632e-01 +1.4388e+00 -2.9119e+00
% f evaluations | g evaluations | best noise-free fitness - Fopt (-1.795400000000e+02) + sum g_i+ | measured fitness | best measured fitness or single-digit g-values | x1 | x2...
1 0 +3.721717189e+01 -1.423228281e+02 -1.423228281e+02 -8.3058e-01 +1.6845e+00 -2.2602e+00 +2.9086e+00 +1.1531e+00 -7.0940e-02 -1.9216e-01 -1.1642e+00 +6.6694e-01 -7.1005e-01 +9.0742e-01 -2.3085e+00 +3.4378e-01 +2.8545e+00 +2.4814e+00 -2.4601e+00 +2.1427e+00 -3.5532e-01 -9.7420e-01 +8.1412e-01
55 0 +2.922893143e+01 -1.503110686e+02 -1.503110686e+02 -7.4659e-01 +1.4812e+00 -2.4942e+00 +2.8369e+00 +2.3891e+00 +1.4181e+00 +2.0008e+00 -2.4355e+00 -7.7351e-01 +2.9404e+00 -7.1625e-01 +1.4214e+00 -1.4605e+00 +2.8475e-01 +1.2179e+00 +1.2719e+00 +2.8732e+00 +1.1771e+00 +2.0566e+00 +2.8769e+00
170 0 +2.625921326e+01 -1.532807867e+02 -1.532807867e+02 -1.8830e+00 -1.2186e+00 -7.8692e-01 +1.6224e+00 -4.1819e-01 +1.5356e+00 -2.7912e-01 +2.6779e+00 +1.0469e+00 +2.7290e+00 +8.7000e-01 +2.9348e+00 +1.7612e+00 +9.9816e-01 +2.7025e+00 -2.4425e-01 +2.1137e+00 +2.6148e+00 +1.5147e+00 -1.2817e+00
377 0 +2.158880368e+01 -1.579511963e+02 -1.579511963e+02 -1.7928e+00 +6.0242e-01 -1.3378e+00 -2.5613e-01 +2.7830e+00 +7.0674e-01 -4.4604e-01 -2.6771e-01 +4.9724e-01 -1.0534e+00 +2.0767e-01 +1.1963e+00 -2.1377e+00 -1.1091e+00 +2.7749e+00 -2.5081e+00 +2.6490e+00 +1.9719e+00 -2.0462e+00 +2.3723e+00
3246 0 +2.030508875e+01 -1.592349112e+02 -1.592349112e+02 -1.4011e+00 +1.9714e+00 +1.1534e+00 +2.1587e+00 +2.9042e-03 +1.1763e+00 +1.5654e+00 +2.3820e+00 -1.5506e+00 -1.3611e+00 -1.5346e+00 +8.1553e-02 -4.3674e-01 -7.9721e-01 +2.3519e+00 +8.7284e-02 +2.3087e+00 +2.0685e+00 -1.4008e+00 -2.7265e-01
3867 0 +1.636043716e+01 -1.631795628e+02 -1.631795628e+02 -1.9080e+00 -7.9688e-01 -7.7576e-01 +1.3942e+00 +8.4273e-01 +8.4216e-01 +3.1181e-01 +1.5785e+00 -1.6535e+00 +1.3078e+00 -1.8103e-01 -5.3443e-02 +1.3822e+00 -5.6229e-02 +2.9871e+00 +8.2974e-01 -1.3065e+00 +2.5419e+00 +2.0632e+00 -1.4221e+00
6445 0 +1.612055975e+01 -1.634194402e+02 -1.634194402e+02 -8.7832e-01 -2.3046e-01 -2.6212e+00 +2.4827e+00 +1.3824e+00 +3.1952e-03 +2.7344e+00 +1.5801e+00 +2.8635e-01 +1.1272e+00 +1.8519e+00 +5.0215e-01 -2.0814e+00 +2.5814e+00 +1.1980e-01 -2.8258e+00 +1.4335e+00 +2.7145e+00 -2.3595e+00 +1.1057e+00
6794 0 +1.476626811e+01 -1.647737319e+02 -1.647737319e+02 +3.4360e-01 +1.5670e+00 -2.6845e-01 +1.6354e+00 +1.6097e+00 -3.1633e-01 +2.4418e+00 +2.2336e+00 +4.6610e-01 +1.0873e+00 -7.2188e-01 +6.7049e-01 -1.8481e+00 +1.5782e+00 +1.7277e+00 +1.9524e+00 -2.7676e+00 +2.7482e+00 +1.0568e+00 -4.5894e-01
8287 0 +1.420484442e+01 -1.653351556e+02 -1.653351556e+02 -4.6708e-01 +2.6518e+00 -2.9099e+00 +2.7819e+00 +8.9543e-01 +1.2544e+00 -1.4351e+00 +1.5504e+00 -1.4611e+00 +2.0830e+00 -8.1974e-01 -1.4027e+00 -2.9430e+00 +3.8371e-01 +1.0923e+00 -1.2425e-02 -1.8916e+00 +2.1764e+00 +8.8539e-01 -5.4282e-01
15683 0 +1.334863443e+01 -1.661913656e+02 -1.661913656e+02 -5.3241e-01 -2.3653e-01 -2.1717e+00 +2.3455e+00 +2.2338e+00 +8.1880e-01 +2.6723e+00 +2.5315e+00 -4.9000e-01 -2.0846e-01 -1.2817e+00 +8.5472e-01 -2.9140e+00 +2.4623e+00 +1.6042e+00 -2.8016e+00 -3.1748e-01 +1.1006e+00 +1.8397e-01 +2.1198e+00
129831 0 +1.207015594e+01 -1.674698441e+02 -1.674698441e+02 -1.3007e+00 +1.5998e+00 -1.9232e+00 +2.7262e+00 +2.4276e+00 +8.7810e-01 +1.0093e+00 +2.3530e+00 -7.8209e-01 +7.3726e-01 -1.8536e+00 +9.9015e-02 +7.4503e-01 -1.0161e+00 +2.3087e+00 +2.5628e+00 -3.8697e-01 +2.4407e+00 +1.5887e+00 -1.5418e+00
240953 0 +9.644486307e+00 -1.698955137e+02 -1.698955137e+02 +5.1500e-01 +1.0976e+00 +3.2836e-01 +2.0786e+00 +1.8897e+00 -1.9629e+00 +1.6145e+00 +2.9120e+00 -4.7147e-01 +2.0894e+00 -8.1217e-01 +3.4677e-01 -9.4673e-01 +3.3812e-01 +2.1937e+00 +1.5136e+00 -8.0536e-01 +2.4909e+00 +1.0588e+00 +3.1908e-01
1461026 0 +7.678457823e+00 -1.718615422e+02 -1.718615422e+02 -9.4219e-02 -3.4758e-01 -2.8938e+00 +2.3010e+00 +2.4408e+00 -9.4809e-01 +2.9603e+00 +2.3239e+00 -6.9504e-01 +2.8905e+00 -1.3860e+00 +2.1010e+00 -2.6719e+00 +1.4079e+00 +2.6311e+00 +1.0323e+00 +9.5091e-01 +1.2518e+00 +1.2817e+00 -1.5708e+00
% f evaluations | g evaluations | best noise-free fitness - Fopt (7.731000000000e+01) + sum g_i+ | measured fitness | best measured fitness or single-digit g-values | x1 | x2...
1 0 +2.580964599e+01 +1.031196460e+02 +1.031196460e+02 +5.6061e-01 -1.7993e+00 -1.2227e+00 -2.6431e+00 +5.2948e-01 +6.6938e-01 -2.7238e+00 +1.6600e+00 -2.3410e-01 -5.3131e-01 +2.5898e-01 -2.0160e-01 -8.0818e-01 +3.6936e-02 +5.5023e-01 -9.7385e-02 -1.3115e-01 -2.1012e+00 +2.7561e+00 +1.7327e+00
90 0 +2.106864952e+01 +9.837864952e+01 +9.837864952e+01 +2.4460e+00 -1.1909e+00 -1.8066e+00 +7.6671e-01 +2.3011e+00 -6.8655e-01 +2.6241e+00 -1.8680e+00 +7.1809e-01 +2.5691e+00 +2.9608e-01 +1.2499e+00 -2.5632e+00 -4.5848e-01 +1.1060e+00 +2.5168e+00 +9.3381e-01 -1.9888e-01 +1.0842e+00 -1.1781e+00
196 0 +1.902248284e+01 +9.633248284e+01 +9.633248284e+01 +1.4064e+00 -2.9445e+00 -2.8653e+00 -1.9795e+00 -1.0021e+00 -2.3090e-01 +2.9862e+00 -9.8248e-01 +2.1275e+00 -8.5214e-02 +2.7913e+00 -1.7996e-01 +2.3342e+00 +4.1498e-01 +1.4174e+00 +2.2033e+00 -2.9437e+00 +2.6650e+00 -7.2602e-01 +1.4550e+00
239 0 +1.572417271e+01 +9.303417271e+01 +9.303417271e+01 +7.6678e-01 -6.2109e-01 -3.9044e-01 +1.5354e+00 +8.8308e-01 -1.8254e+00 +1.6570e+00 -1.0121e+00 +6.3669e-01 +9.5557e-01 +1.9846e+00 -1.2853e+00 -1.2069e+00 -1.7746e+00 +1.5470e+00 +2.5904e+00 +5.9715e-01 -6.4980e-01 +3.2423e-01 +4.4114e-01
3081 0 +1.388180483e+01 +9.119180483e+01 +9.119180483e+01 +9.6828e-01 -1.8184e-01 -1.7394e+00 -6.5144e-01 +1.6601e+00 -1.0940e+00 +4.7926e-01 -2.4164e+00 -1.3926e-01 +2.7709e+00 +1.4161e+00 -2.9828e+00 -7.0577e-02 +7.2856e-01 +1.6265e+00 +3.3878e-01 -2.9890e+00 -8.4737e-01 +2.5726e+00 +1.8976e+00
3618 0 +1.329675999e+01 +9.060675999e+01 +9.060675999e+01 +1.1456e+00 +9.8860e-01 -2.8923e+00 -1.2415e+00 +1.9231e+00 +3.8601e-01 -1.0969e+00 -2.3236e+00 +2.3164e+00 +2.4944e+00 +1.5203e+00 -1.0213e+00 -4.4185e-01 -1.5118e+00 +1.1318e+00 +1.7745e+00 -1.1094e+00 -5.4153e-01 +2.0376e+00 +9.0823e-01
4016 0 +1.265525722e+01 +8.996525722e+01 +8.996525722e+01 +1.3270e+00 -1.2438e+00 -2.0386e+00 -2.1666e+00 -2.1360e+00 -2.7746e+00 +5.6693e-01 +1.4251e-01 +1.5681e+00 +3.3768e-01 +1.5893e+00 +9.8272e-01 +3.3996e-01 +8.4258e-01 +6.2512e-01 +2.6724e+00 +1.4544e+00 -2.2563e+00 +1.3545e+00 -3.4415e-02
6359 0 +1.175512497e+01 +8.906512497e+01 +8.906512497e+01 +1.8386e+00 +2.4517e-01 +2.3277e+00 -1.1737e+00 +2.6707e+00 -6.0275e-01 +1.4458e+00 -3.5300e-01 +9.2632e-02 +7.7983e-01 +2.4508e+00 +2.5855e+00 +1.3991e+00 -1.6145e+00 +7.7583e-01 +2.3212e+00 +1.6537e+00 +2.2600e+00 +2.3275e+00 +1.7863e-01
6517 0 +1.118725733e+01 +8.849725733e+01 +8.849725733e+01 -7.4258e-02 -1.7668e+00 -2.5846e+00 -1.6624e+00 -1.6446e+00 -6.1206e-01 +2.8147e+00 -8.5550e-01 +1.7957e+00 +2.3954e+00 +6.9549e-01 -4.3921e-01 +1.2010e+00 +8.3398e-01 +2.6303e+00 +1.8775e+00 -2.1117e+00 -1.0552e-01 +2.6678e+00 +1.0073e+00
25447 0 +1.036406007e+01 +8.767406007e+01 +8.767406007e+01 +1.3324e+00 +5.1721e-01 -7.3812e-01 +1.6070e-01 +2.1614e+00 +1.3616e+00 +2.4625e+00 +2.9024e-01 +1.5462e+00 +3.5581e-01 +5.1043e-01 -5.0916e-01 +1.6319e+00 -4.8460e-01 -1.5038e-01 +2.7572e+00 -2.8750e+00 +2.3691e+00 +2.7731e+00 +2.2497e-01
51557 0 +8.275731062e+00 +8.558573106e+01 +8.558573106e+01 +9.7906e-01 +2.0598e+00 -1.7373e-01 -1.6596e+00 +1.0861e+00 -6.8400e-01 +2.5566e+00 -1.1062e+00 +2.4763e+00 +1.5083e+00 +2.1339e+00 +1.9802e+00 -1.1121e+00 -6.1678e-01 +7.5633e-01 +2.0566e+00 -4.1614e-01 +2.2655e+00 +2.4174e+00 +1.2562e+00
53401 0 +7.340158399e+00 +8.465015840e+01 +8.465015840e+01 +1.8965e+00 -4.4167e-01 -1.1454e+00 -1.3504e+00 -8.7803e-01 -1.8873e+00 +9.9983e-01 -5.3028e-01 +2.5169e+00 +2.1309e+00 -6.5962e-01 -5.7792e-01 +2.2808e+00 +2.3232e+00 +7.3805e-01 +2.4388e+00 -1.1526e+00 +2.2066e+00 +2.0545e+00 +3.8630e-01
174888 0 +6.307076969e+00 +8.361707697e+01 +8.361707697e+01 +2.9960e+00 -1.1055e+00 -1.9264e-01 -2.6957e+00 -9.0138e-01 -2.2387e+00 -9.9598e-01 -2.1731e+00 +5.1656e-01 +1.7309e+00 +9.4039e-01 +2.3138e+00 +5.3205e-02 +1.1880e+00 +8.0572e-01 +1.9540e+00 -2.7878e-01 +1.7287e+00 +2.5381e+00 +1.2132e-01
248063 0 +5.465128096e+00 +8.277512810e+01 +8.277512810e+01 +2.9581e+00 -1.5990e+00 -2.9201e+00 -1.6420e+00 +4.2968e-01 -2.7865e+00 +6.4432e-02 -2.3872e+00 -2.4281e-01 +1.1086e+00 +1.0138e+00 +1.6225e+00 +1.1675e+00 +2.5134e+00 +7.3101e-01 +2.8936e+00 -1.8190e-01 +6.5918e-01 +2.6955e+00 +2.1061e+00
2723207 0 +4.255046617e+00 +8.156504662e+01 +8.156504662e+01 +1.7765e-03 -1.3716e+00 -7.3914e-01 -2.8623e+00 -3.8435e-02 -1.5152e+00 +1.9555e+00 -2.4624e+00 +7.3674e-01 +2.5373e+00 +1.4565e+00 +2.8630e+00 +1.4476e+00 +8.1428e-01 -4.6189e-01 +2.9461e+00 -2.0030e+00 +1.5047e+00 +2.8247e+00 +1.6895e+00
8518320 0 +3.796269906e+00 +8.110626991e+01 +8.110626991e+01 +1.0684e+00 -2.0686e+00 -1.4987e+00 -1.7768e+00 -2.3037e-01 -2.2403e+00 +1.2819e+00 -1.7548e+00 +1.4617e+00 +1.7191e+00 +2.6777e+00 -5.0058e-01 +1.6120e+00 -7.9443e-02 +2.1704e-01 +2.4231e+00 -1.1625e+00 +1.4210e+00 +2.4974e+00 +1.6463e+00
% f evaluations | g evaluations | best noise-free fitness - Fopt (3.992000000000e+01) + sum g_i+ | measured fitness | best measured fitness or single-digit g-values | x1 | x2...
1 0 +8.280968943e+01 +1.227296894e+02 +1.227296894e+02 +1.4200e+00 -1.2798e+00 -2.0839e+00 +1.9976e+00 +1.3621e+00 -7.0985e-01 +1.3123e+00 -2.4280e+00 +1.0145e+00 +1.9540e+00 +1.7950e+00 +9.3869e-01 -5.1321e-01 +9.9022e-01 -2.6321e+00 +1.2330e-01 -1.2278e+00 +2.5460e+00 -8.6951e-01 +2.1996e+00
2 0 +5.757132026e+01 +9.749132026e+01 +9.749132026e+01 -1.5869e+00 -1.8973e+00 +8.2448e-01 -8.0175e-01 -2.8458e+00 +2.6920e+00 +1.0398e+00 -2.5078e+00 +2.7337e+00 +2.0922e+00 +1.6244e+00 +2.1495e+00 +2.8301e+00 +2.8327e+00 +9.5777e-01 +2.0588e+00 +7.7123e-01 +1.6601e+00 +1.5370e+00 +1.4194e+00
8 0 +3.729055136e+01 +7.721055136e+01 +7.721055136e+01 +6.3996e-02 -1.7107e+00 +2.8383e+00 -2.9007e+00 -4.8232e-01 -2.1135e-01 +1.9898e+00 +1.2752e+00 -1.5586e+00 +2.5988e+00 +2.9004e+00 +1.0603e+00 +1.1412e+00 +9.9574e-01 +7.5147e-01 -1.8693e-01 +2.1176e+00 +2.6693e-01 -8.0542e-01 -1.5720e-01
26 0 +3.170948688e+01 +7.162948688e+01 +7.162948688e+01 +9.9215e-01 -2.1324e+00 +2.5740e+00 -2.2101e+00 -6.6504e-01 +2.9563e+00 +5.8994e-01 +7.1744e-01 +1.7059e+00 +2.6562e+00 +2.4689e+00 +5.3245e-03 +1.7685e+00 +1.0927e+00 -4.6080e-01 +1.4271e+00 +2.8171e+00 +2.2079e+00 +1.2549e+00 -1.9332e+00
27 0 +2.171422727e+01 +6.163422727e+01 +6.163422727e+01 +8.5291e-01 +1.8368e+00 +2.4107e+00 +1.2855e+00 -2.7333e+00 -7.0014e-01 -6.0844e-01 -1.7388e+00 +1.7874e+00 -8.8712e-01 +1.3188e+00 +1.4809e+00 -2.6892e+00 +2.7518e-01 -1.8361e+00 -2.1265e+00 +9.3404e-01 -3.2210e-01 +1.1421e+00 -1.8643e+00
424 0 +1.980614428e+01 +5.972614428e+01 +5.972614428e+01 +2.1543e+00 +2.4641e+00 +1.2278e+00 -2.6747e+00 +2.0029e+00 -2.6450e+00 -2.7201e+00 -1.8995e+00 +3.4926e-01 +2.7237e+00 -2.5999e+00 -2.2467e+00 -1.2149e+00 +1.5099e+00 +1.1213e+00 -1.6935e+00 -2.6518e+00 +1.8462e+00 +2.8847e-02 -2.2955e+00
541 0 +1.734069927e+01 +5.726069927e+01 +5.726069927e+01 +2.3443e+00 +1.0290e+00 +1.8468e+00 -2.6704e+00 -2.9954e+00 -3.0879e-01 +2.3413e+00 +1.4301e+00 +1.0209e+00 -8.0042e-01 +2.5680e+00 -2.7311e+00 -1.6666e+00 +1.2606e+00 -1.4120e+00 +2.3595e-01 -9.0356e-01 +7.3223e-01 +2.7178e+00 -1.6610e+00
1026 0 +9.937864516e+00 +4.985786452e+01 +4.985786452e+01 +2.8738e+00 -1.9458e-01 -1.6076e-02 -1.9471e+00 -1.5789e+00 +2.2542e+00 +3.5518e-01 -2.6244e+00 +2.4416e+00 +2.2307e-01 +4.1745e-01 +1.1825e+00 -2.3916e+00 +7.5904e-02 -1.1296e+00 -3.8529e-01 +1.4345e+00 -1.8392e+00 +1.2609e+00 -2.6059e+00
3585 0 +8.158184984e+00 +4.807818498e+01 +4.807818498e+01 +2.9605e+00 +1.4541e-01 +2.3860e+00 -1.3531e+00 -2.2775e+00 +1.6172e+00 +2.9993e+00 -8.8691e-01 +2.0949e+00 +2.2335e+00 -5.6816e-01 -1.3689e+00 -1.1463e+00 -1.2428e+00 -9.0970e-01 +1.5132e+00 +1.3497e+00 -2.9023e-01 -1.3930e+00 -2.3751e+00
603202 0 +8.010934557e+00 +4.793093456e+01 +4.793093456e+01 +2.7953e+00 +2.3040e+00 +1.4199e+00 -1.8434e+00 -2.6359e+00 +1.8434e+00 +7.1043e-01 +7.4878e-01 +1.8517e+00 +2.8906e+00 +1.2842e+00 +1.1479e+00 -4.2527e-01 +1.4860e+00 +4.3734e-01 -6.5554e-01 +4.7595e-02 +3.9095e-01 +4.0055e-01 -2.4083e+00
1559443 0 +6.962885045e+00 +4.688288504e+01 +4.688288504e+01 +2.3703e+00 -3.7998e-02 +2.7708e+00 -2.9316e+00 -2.9087e+00 +8.8226e-01 +2.2710e+00 -1.5689e+00 +1.6561e+00 +1.1817e+00 +9.7423e-02 -2.1484e-01 -7.1399e-01 +2.0842e+00 -6.5718e-01 -8.3277e-01 -6.1792e-01 +3.9564e-01 +4.8758e-01 -1.6763e+00
2555676 0 +6.890675018e+00 +4.681067502e+01 +4.681067502e+01 +2.5725e+00 -4.4698e-01 +2.0156e+00 -2.5465e+00 -1.4343e+00 +2.8855e+00 +1.6858e+00 -2.8540e+00 +2.6060e+00 +1.2640e+00 +7.0044e-01 -3.1247e-01 -2.0565e-01 +2.0120e+00 -2.5538e+00 +2.8673e-01 +7.1910e-01 +9.4412e-01 -2.5371e-01 -2.9541e+00
7477462 0 +6.653663836e+00 +4.657366384e+01 +4.657366384e+01 +2.6286e+00 -4.0626e-01 +7.9154e-01 -5.9166e-01 -2.7357e+00 +1.3169e+00 +2.1046e+00 -4.8653e-01 +2.6436e+00 +2.5723e+00 +1.3923e-01 +1.3188e+00 +7.6901e-01 +1.5190e+00 -9.7624e-01 -3.0219e-01 -7.6873e-01 -1.0545e+00 +6.8988e-01 -2.7393e+00
% f evaluations | g evaluations | best noise-free fitness - Fopt (-5.661000000000e+01) + sum g_i+ | measured fitness | best measured fitness or single-digit g-values | x1 | x2...
1 0 +9.722249596e+01 +4.061249596e+01 +4.061249596e+01 +1.7020e-01 -1.8429e+00 +6.4589e-01 +1.1470e+00 -1.9749e-01 -1.7792e+00 +1.7953e+00 +1.0778e+00 +2.8273e+00 +8.3983e-01 +2.6215e+00 -1.6066e+00 +2.7198e+00 +1.1760e-01 -1.0553e+00 -1.7768e+00 +9.7157e-01 +2.8124e+00 +8.0597e-01 -1.2960e+00
2 0 +7.480188361e+01 +1.819188361e+01 +1.819188361e+01 +1.4534e+00 +2.4116e-01 -1.7602e+00 +2.1256e+00 +2.3066e-01 -9.5255e-01 +2.3687e+00 +2.0995e+00 -2.9744e+00 +2.0893e+00 +1.6802e+00 +7.8122e-01 -3.2836e-01 -2.1894e+00 -1.1513e+00 +1.6165e+00 +1.3257e+00 +2.7440e+00 -1.8792e+00 +4.7657e-01
3 0 +6.500845617e+01 +8.398456167e+00 +8.398456167e+00 +2.8342e+00 +3.0170e-01 +1.3233e+00 -1.7152e+00 +1.9777e+00 -7.0885e-01 +1.4910e+00 -1.4396e+00 +7.5193e-01 +7.9775e-01 +3.8900e-01 +1.8629e+00 +1.2835e+00 -1.0969e+00 -1.9762e+00 +7.7460e-01 -4.0116e-01 -2.3590e+00 -5.2688e-01 +1.8674e+00
5 0 +6.236748892e+01 +5.757488919e+00 +5.757488919e+00 +1.1560e-01 +2.6610e+00 -1.0382e+00 +3.6908e-01 -1.7032e+00 +1.3267e+00 -3.6581e-01 -2.9482e+00 -1.6285e+00 -1.3292e+00 +2.4126e+00 -1.4286e+00 -1.8628e+00 -2.4446e+00 +6.7253e-01 -1.1255e+00 -7.2041e-01 +1.1534e+00 +2.9323e+00 -1.7923e+00
8 0 +2.190945143e+01 -3.470054857e+01 -3.470054857e+01 -2.1846e+00 -6.6682e-01 +7.9070e-01 +1.2025e+00 +1.2420e+00 -3.4685e-01 +2.5674e+00 -1.4090e+00 -2.8166e+00 +1.4475e+00 +2.3079e+00 +7.5866e-01 -1.2545e+00 -2.9667e+00 +4.0755e-01 +2.8946e+00 +1.3353e+00 -9.0161e-01 +3.6138e-01 -1.6563e+00
247 0 +1.979488170e+01 -3.681511830e+01 -3.681511830e+01 -1.4569e-01 +2.8098e+00 +1.2314e+00 -2.4461e+00 +1.8672e-01 +6.5001e-01 +2.5080e+00 -2.3909e+00 +1.0284e+00 -1.9832e-02 -1.1463e+00 -1.5331e+00 -1.9661e-01 -1.7962e+00 +2.8146e+00 -3.4087e-01 -1.3903e+00 -9.6991e-01 -7.8703e-01 -4.8419e-01
249 0 +1.804893308e+01 -3.856106692e+01 -3.856106692e+01 +2.6492e-01 +2.6367e+00 +2.5490e+00 -2.7066e+00 -9.7765e-03 +7.6696e-01 +1.7472e+00 +1.9724e+00 -2.7321e+00 +2.0334e+00 +2.9371e+00 +9.9906e-01 +1.4802e+00 -1.0537e+00 +2.4325e+00 -2.8656e-01 -2.7918e+00 -2.2699e+00 -2.9138e+00 -1.1924e+00
1204 0 +1.333012902e+01 -4.327987098e+01 -4.327987098e+01 -8.8190e-01 +2.2963e+00 +1.6828e+00 -2.8536e+00 -7.2996e-01 -7.8223e-02 +2.5285e-01 -2.6259e+00 -2.3941e+00 +7.6600e-01 -6.5061e-01 +8.5199e-01 -5.6907e-01 -2.9943e+00 +1.5736e+00 +2.3993e-01 -2.1329e+00 -2.8266e+00 -1.5750e+00 -1.8237e+00
59828 0 +1.305524510e+01 -4.355475490e+01 -4.355475490e+01 -2.7458e+00 +2.3936e+00 +1.3988e+00 -6.2355e-01 -1.8268e+00 +6.9644e-01 +2.5998e+00 +1.3406e+00 -2.4728e+00 +1.9442e+00 -1.7100e+00 +1.4514e+00 +2.3558e+00 -1.9068e+00 -6.4877e-01 -7.3373e-01 -1.7980e+00 +2.1611e-01 +1.2315e+00 -7.1998e-01
123965 0 +1.179511662e+01 -4.481488338e+01 -4.481488338e+01 -7.7134e-01 +1.8400e+00 +2.4569e+00 -2.6494e+00 -2.3201e+00 +2.0029e+00 +1.0191e+00 -2.2498e+00 -1.5166e+00 +8.0752e-01 -1.4835e+00 +9.3540e-01 +4.2152e-01 -9.7524e-01 +9.6012e-01 +1.6312e+00 -1.7576e+00 -1.2957e+00 -9.1193e-01 -2.5219e+00
144556 0 +1.174485642e+01 -4.486514358e+01 -4.486514358e+01 +4.4703e-02 +1.6764e+00 +9.3861e-01 -3.2389e-01 -1.6771e+00 +1.1792e+00 +7.1074e-01 -2.6992e+00 -2.9793e+00 +3.3853e-02 +1.3788e+00 +1.5687e+00 +1.8705e+00 -1.5940e+00 -6.0468e-01 +2.4241e+00 -2.6222e+00 -1.3548e+00 -2.3158e+00 -2.2885e+00
197607 0 +9.162388816e+00 -4.744761118e+01 -4.744761118e+01 +8.5252e-01 +2.8974e+00 +2.9720e+00 -1.1935e+00 -1.9641e+00 +1.3722e+00 +2.9896e+00 -2.0958e+00 -1.4212e+00 -6.2981e-01 -8.9349e-01 -1.2602e+00 +2.2131e-01 +7.9647e-01 -2.5765e+00 +1.2112e+00 -1.6433e+00 -5.3475e-01 -2.2294e+00 -1.6517e+00
2471475 0 +8.890688411e+00 -4.771931159e+01 -4.771931159e+01 -1.7501e+00 +2.8681e+00 +1.7383e+00 -1.0070e+00 -2.5474e+00 +9.7275e-01 +1.3426e+00 -2.6423e-01 -2.6747e+00 +1.0794e+00 -1.4575e+00 -1.1184e+00 +6.5943e-01 -2.4206e-01 -1.5093e+00 +1.1600e+00 -2.0257e+00 +1.4049e+00 -2.3898e+00 -2.1738e+00
2785512 0 +8.686498143e+00 -4.792350186e+01 -4.792350186e+01 +9.5932e-01 +2.8670e+00 +1.7940e+00 -2.2139e+00 -1.9270e+00 +1.3169e+00 +1.6886e+00 -2.8626e-01 -2.0013e+00 -5.3836e-01 -1.9025e+00 +2.5576e-01 +2.9910e+00 +6.8353e-01 +5.0894e-01 -3.5237e-01 -2.9900e+00 +2.0356e+00 -1.9857e+00 -2.9241e+00
2806117 0 +8.476001695e+00 -4.813399831e+01 -4.813399831e+01 +1.2318e-01 +1.9530e+00 +1.3248e+00 -2.8369e+00 -1.0357e+00 +5.7012e-01 +2.6948e+00 -2.9773e+00 -2.7606e+00 -2.9803e-01 -2.2737e+00 -1.8678e+00 +2.4944e+00 +7.3479e-01 -1.4346e+00 -4.2186e-01 -2.2199e+00 +1.8781e+00 -1.0950e+00 -5.9726e-01
5058535 0 +7.809852594e+00 -4.880014741e+01 -4.880014741e+01 +5.3797e-01 +2.2110e+00 +1.0915e+00 -1.6567e+00 -2.1574e+00 +1.2765e-01 +2.9246e+00 -2.0163e+00 -1.2589e+00 +7.2043e-01 -1.6666e+00 -1.5233e+00 +2.6420e+00 -7.4786e-01 -2.1480e+00 +2.5268e+00 -1.8295e+00 -3.9712e-01 -2.2738e+00 -2.4139e+00
% f evaluations | g evaluations | best noise-free fitness - Fopt (3.270000000000e+01) + sum g_i+ | measured fitness | best measured fitness or single-digit g-values | x1 | x2...
1 0 +1.437312400e+02 +1.764312400e+02 +1.764312400e+02 -4.8614e-01 +2.2775e+00 +7.2332e-02 +1.6001e+00 -2.6890e+00 -6.2662e-01 +2.0343e+00 -1.3668e+00 +1.8170e+00 -2.6154e+00 +2.5322e+00 -2.1024e+00 +1.5365e+00 -9.1572e-01 -1.5234e+00 +1.4660e+00 +2.1837e+00 -1.3489e+00 +8.9618e-02 +2.1956e+00
2 0 +1.354021015e+02 +1.681021015e+02 +1.681021015e+02 -1.6792e+00 +2.7695e+00 -9.4267e-01 +2.6405e+00 +2.4905e+00 -1.1812e-01 +8.0633e-01 -2.7658e+00 -2.4843e+00 -2.7117e+00 -1.5442e+00 -1.0635e-01 +1.4367e+00 -2.4648e+00 +4.7484e-01 +2.0986e+00 -2.5580e+00 +1.4568e+00 -2.3320e+00 -1.5515e+00
5 0 +4.321904595e+01 +7.591904595e+01 +7.591904595e+01 +1.0507e+00 -2.4329e-01 +2.6232e+00 +2.3257e+00 -1.1897e+00 +8.1718e-01 -2.5434e+00 +2.0992e+00 -1.9929e+00 -1.7337e+00 -8.5534e-01 -2.8577e+00 +2.1738e-01 -2.7556e+00 -1.9978e+00 +2.6093e+00 +1.9664e+00 -2.1102e+00 -2.8665e+00 -2.1890e+00
9 0 +2.975479918e+01 +6.245479918e+01 +6.245479918e+01 +1.2270e+00 -1.1825e+00 +1.2262e+00 -1.0333e+00 +2.4342e+00 -3.1845e-01 -4.4288e-02 +4.6982e-01 +3.1686e-01 -1.8459e+00 -2.7731e+00 -1.9243e+00 +1.7282e+00 -2.7262e+00 -2.2304e+00 +2.6311e+00 +2.9332e+00 +2.7834e+00 -1.9309e+00 +6.0795e-01
172 0 +2.306139912e+01 +5.576139912e+01 +5.576139912e+01 -1.0770e+00 -1.3631e+00 +6.8374e-01 +2.3328e+00 +2.8139e-02 -2.3874e+00 -2.2289e+00 +6.6765e-01 -9.4641e-02 -8.8675e-01 -1.0727e+00 +5.4400e-01 +1.5607e+00 +1.7285e+00 +2.3436e-01 +4.5286e-01 +4.2739e-01 +4.7802e-01 -2.6120e+00 +2.5497e+00
533 0 +1.567235502e+01 +4.837235502e+01 +4.837235502e+01 -2.2468e+00 -2.9823e+00 -7.9532e-01 +1.7784e+00 -1.3430e-01 -4.8134e-01 -2.4592e+00 +1.8345e+00 -9.5861e-01 -2.6174e+00 -2.0084e+00 -2.9481e+00 +2.8029e+00 -2.9863e+00 -2.6476e+00 +1.6825e+00 +1.0440e+00 -1.4913e+00 -1.7999e+00 +2.2924e+00
1224 0 +1.066970794e+01 +4.336970794e+01 +4.336970794e+01 -1.6307e+00 -1.4194e+00 -1.0747e+00 +2.8787e+00 +1.1553e+00 -1.8892e+00 +2.5400e-01 +2.2121e+00 +2.1237e+00 +1.9540e+00 -1.5430e+00 -9.3906e-01 +2.8400e+00 -1.8457e-01 -2.2053e+00 +2.2525e+00 -1.4424e+00 -6.0968e-01 -2.3978e+00 +2.9621e+00
21051 0 +1.007533469e+01 +4.277533469e+01 +4.277533469e+01 -1.8253e+00 -1.0421e+00 +1.1082e+00 +2.7745e-01 -5.7456e-02 -8.4828e-02 -2.1938e+00 -6.0952e-02 +2.2456e+00 -3.6335e-01 -2.1321e+00 -3.6648e-01 +2.9504e+00 +9.2026e-01 -1.9756e+00 -3.8903e-01 +2.3845e+00 -1.0302e+00 +1.5700e-01 +2.7270e+00
90090 0 +9.120523325e+00 +4.182052333e+01 +4.182052333e+01 -1.4038e+00 -1.6839e+00 -5.9564e-01 +1.5288e+00 +1.4169e+00 -1.8125e+00 -1.9651e+00 +4.8389e-01 +2.2099e+00 +2.9158e+00 -2.9374e+00 +1.3236e+00 +7.0705e-01 +2.4734e+00 -2.6481e+00 +2.7653e-01 -2.5858e-01 -1.2591e+00 -2.0773e+00 +2.1786e+00
519290 0 +7.649598346e+00 +4.034959835e+01 +4.034959835e+01 -2.4296e+00 +2.0934e-01 -1.0844e+00 +1.8772e+00 -7.3930e-01 -2.0357e+00 -7.8873e-01 +2.5159e+00 +2.8992e+00 +8.5141e-01 -2.8808e+00 -1.1595e+00 +2.3983e+00 +1.5113e-01 -2.7085e+00 +2.0214e-01 -1.3440e+00 -5.8928e-01 -1.6862e+00 +2.8028e+00
4841175 0 +6.262801766e+00 +3.896280177e+01 +3.896280177e+01 -1.5180e+00 -1.1995e+00 -1.9692e+00 +1.6786e+00 -6.1408e-01 -2.5432e+00 -2.9244e+00 +2.2185e+00 +1.8378e+00 +1.9283e+00 -9.1283e-01 -2.7264e-01 +2.4424e+00 +2.4822e+00 -2.9249e+00 +2.7899e+00 -1.0100e+00 -6.4207e-01 -4.8500e-01 +2.7147e+00
% f evaluations | g evaluations | best noise-free fitness - Fopt (-3.943000000000e+01) + sum g_i+ | measured fitness | best measured fitness or single-digit g-values | x1 | x2...
1 0 +1.125616723e+02 +7.313167227e+01 +7.313167227e+01 -1.1628e+00 +2.8595e+00 +8.1235e-01 +5.0239e-01 -1.7227e+00 +2.1842e+00 -2.9299e+00 +2.6333e+00 +2.7736e+00 -9.4727e-01 -1.3845e+00 -2.3874e+00 -1.6570e+00 +2.1254e-01 +1.6348e+00 -2.9528e+00 +2.8239e+00 +4.8986e-01 +7.1816e-01 +3.0676e-02
2 0 +9.966159290e+01 +6.023159290e+01 +6.023159290e+01 -1.2330e+00 +2.2269e+00 -1.4072e+00 -2.3827e+00 -1.6327e+00 +1.7484e+00 +1.2472e-02 -1.5281e-01 +4.4326e-01 +1.4940e-01 -2.1527e+00 -2.2686e+00 -6.3179e-01 +1.8784e+00 -9.2542e-01 -2.0347e+00 -1.6270e+00 -4.8121e-01 -2.3844e+00 -1.5863e+00
3 0 +5.176534739e+01 +1.233534739e+01 +1.233534739e+01 +1.4981e+00 +2.9165e+00 -1.1806e+00 +1.5636e+00 +8.4883e-01 -1.8039e+00 -2.1505e+00 +1.1743e-01 +5.2543e-01 +2.1125e+00 -1.3679e+00 -2.2674e+00 +2.9761e+00 +8.1069e-01 -1.0620e+00 +3.1160e-01 +3.2484e-01 -1.2132e+00 +9.1510e-02 -5.1103e-01
7 0 +4.096800186e+01 +1.538001864e+00 +1.538001864e+00 +1.2416e+00 -2.3826e+00 -2.8125e-01 -1.7448e+00 -2.6503e-01 -1.2890e+00 +4.8346e-01 -1.0454e+00 -1.7614e+00 +2.6274e+00 -3.2074e-01 -1.6487e+00 -1.4614e+00 -6.4351e-01 +1.9376e+00 -2.9198e+00 +1.5332e+00 -2.0487e+00 +2.9308e+00 +2.7784e+00
43 0 +3.863207089e+01 -7.979291095e-01 -7.979291095e-01 +9.4502e-01 +2.8270e+00 +2.2525e-01 +5.1477e-01 -2.5324e+00 -1.5647e-01 +2.1366e+00 -2.2928e+00 +1.4134e+00 +2.5867e+00 +2.0631e+00 -5.1109e-01 -1.2240e+00 +4.8407e-01 +4.8548e-01 -6.4847e-01 -2.6279e+00 +2.0970e+00 -3.6621e-01 +6.6936e-01
71 0 +2.815859093e+01 -1.127140907e+01 -1.127140907e+01 +1.3305e+00 +1.5670e+00 +1.9525e+00 +1.0185e+00 +7.5473e-01 +5.4791e-01 -2.2369e+00 -6.9188e-01 +7.6000e-01 +2.7453e+00 -1.7204e+00 -1.5691e+00 -2.4997e+00 +1.4912e+00 +1.4896e+00 +1.9690e+00 -9.0117e-02 -4.8272e-01 -1.2663e+00 +2.7918e+00
227 0 +2.636724542e+01 -1.306275458e+01 -1.306275458e+01 +1.5022e-01 +4.8169e-01 +4.1943e-01 +2.9337e-01 +7.7130e-01 -1.9105e+00 +7.2501e-02 +6.6026e-01 +1.2175e+00 +1.0283e+00 -2.8071e+00 -2.0379e+00 +1.4016e-01 -9.4436e-01 -2.4284e+00 +2.2457e+00 -1.6188e+00 -2.9150e+00 +1.1170e+00 +7.8737e-01
394 0 +2.408874440e+01 -1.534125560e+01 -1.534125560e+01 +1.1827e+00 +2.1350e+00 +9.1033e-01 +2.9690e+00 -1.9949e+00 -8.1013e-01 +2.2679e+00 +1.2227e+00 -2.1349e+00 +2.6202e+00 -1.4277e+00 +1.1410e+00 +4.8849e-01 +2.2772e-01 +2.9673e+00 +1.4655e+00 +1.2098e+00 -1.9052e+00 +2.5043e+00 +2.8857e-01
756 0 +2.282300845e+01 -1.660699155e+01 -1.660699155e+01 +1.1670e+00 +2.0271e+00 -1.5111e+00 -2.2986e-01 -1.3963e+00 -2.8385e+00 -6.7768e-01 -1.4257e-01 -2.0501e+00 +1.5798e+00 -1.7921e+00 -1.9808e-01 +6.6277e-01 -1.4793e+00 +9.1043e-01 +6.0278e-01 -4.1941e-01 +1.1054e+00 +2.4300e+00 +2.0519e+00
946 0 +2.137592590e+01 -1.805407410e+01 -1.805407410e+01 -1.3782e-01 +1.1001e-02 +2.4033e+00 +2.9482e+00 +1.2102e+00 -1.7120e+00 -1.4987e+00 +2.6928e+00 -6.6865e-03 +2.9745e+00 -2.8631e+00 -1.5571e+00 -1.6329e+00 -1.7566e-01 -1.0610e+00 +2.7510e+00 +2.5521e+00 +1.5690e+00 +5.1474e-01 +2.6030e+00
1776 0 +2.038822688e+01 -1.904177312e+01 -1.904177312e+01 +2.9151e+00 +1.1108e+00 +2.4737e+00 +5.7951e-01 -7.4132e-01 -2.9415e+00 -1.5179e+00 -1.1887e+00 -6.6824e-01 +2.9493e+00 -2.6476e+00 -2.8891e+00 +1.2702e+00 +1.9068e+00 -5.4160e-01 -1.1124e+00 -2.6912e+00 +1.9532e+00 -2.2040e-01 -1.0129e+00
2561 0 +1.724433857e+01 -2.218566143e+01 -2.218566143e+01 +2.5696e+00 +1.7558e-01 +1.8278e+00 -7.0193e-02 -4.6060e-01 -1.2539e+00 -2.2650e+00 -4.0648e-01 +1.2229e+00 +5.5539e-01 -2.1994e+00 -1.1679e-01 +1.9652e+00 +2.5007e+00 +1.3845e+00 +1.8380e+00 -9.9222e-01 +1.7836e+00 +7.9292e-01 +2.6837e+00
11319 0 +1.643232517e+01 -2.299767483e+01 -2.299767483e+01 +7.4508e-01 +2.5685e+00 +2.5925e+00 +1.4489e+00 +2.0730e+00 -9.3512e-01 +3.8865e-01 +2.4322e-01 -4.2187e-01 +1.0515e+00 -2.5061e+00 -3.2082e-01 +2.9500e+00 +2.1187e+00 +1.6779e+00 +9.2787e-01 +1.7767e+00 -9.9803e-01 +2.0619e+00 +2.1482e+00
30491 0 +1.336596910e+01 -2.606403090e+01 -2.606403090e+01 +1.0815e+00 +1.8297e+00 +3.5452e-01 +1.9206e+00 -1.2620e+00 +4.7711e-01 +1.0276e+00 +1.5392e+00 -1.4173e+00 +2.1415e+00 -1.8716e+00 -4.1896e-01 +2.1527e+00 +2.8197e+00 +2.7599e+00 -5.9143e-01 -1.7353e+00 -2.2306e-01 -6.9240e-01 +1.9195e+00
37531 0 +1.080500820e+01 -2.862499180e+01 -2.862499180e+01 +2.5605e+00 +2.9482e+00 +1.4262e+00 +2.2708e+00 +5.1592e-01 -2.7275e+00 -7.8187e-01 +2.4992e+00 +1.7907e+00 +2.8457e+00 -2.7472e+00 -3.1390e-02 +2.6357e+00 +2.4720e+00 +2.0604e+00 +1.6842e+00 -9.4267e-01 +1.7080e+00 -1.5361e+00 +8.5601e-01
409588 0 +1.068125336e+01 -2.874874664e+01 -2.874874664e+01 +2.6731e+00 +2.7011e+00 +2.8341e+00 +1.5617e+00 +1.9205e+00 -7.2252e-01 -1.5591e+00 +9.9555e-01 +2.2535e+00 +2.4034e+00 -1.7360e+00 -9.2080e-01 +2.0189e+00 +2.7506e+00 +1.0098e+00 +1.1528e+00 -1.6108e+00 +1.6663e+00 -4.2300e-01 +1.8592e+00
2379494 0 +1.022328129e+01 -2.920671871e+01 -2.920671871e+01 +2.8147e+00 +2.7485e-02 +2.5496e+00 +1.0619e+00 -4.1454e-01 -2.7353e+00 -9.9887e-01 +2.0448e+00 +7.2969e-01 +1.2257e+00 -2.4476e+00 -1.9680e+00 +1.6222e+00 +8.5986e-01 +2.9642e+00 -1.2813e+00 -1.3885e+00 +1.5075e+00 +1.9799e+00 +7.2996e-01
2701281 0 +9.297285406e+00 -3.013271459e+01 -3.013271459e+01 +1.5874e+00 +2.6090e+00 +1.1448e+00 +1.6660e+00 -4.4683e-01 -8.1089e-01 +2.2373e-01 +6.9084e-01 +9.4560e-01 +2.3758e+00 -2.1202e+00 -2.1955e+00 +8.7999e-01 +2.3455e+00 +2.7133e+00 +5.5989e-01 -1.6378e+00 +2.7114e+00 +1.8624e+00 +2.9802e+00
4486132 0 +7.702388816e+00 -3.172761118e+01 -3.172761118e+01 +2.1736e+00 +9.7799e-01 +2.3162e+00 +1.9919e+00 +6.1164e-01 -1.0554e+00 -4.6117e-02 +6.2795e-01 -9.6343e-02 +1.1308e+00 -2.9629e+00 -1.5476e+00 +1.4996e+00 +2.3561e+00 +2.8036e+00 -1.0836e+00 -2.5229e+00 -4.4428e-02 +1.5844e+00 +1.4920e+00
11002762 0 +6.576552125e+00 -3.285344788e+01 -3.285344788e+01 +2.6293e+00 +2.4856e+00 +2.7170e+00 +8.7444e-01 +1.1544e+00 -2.4120e+00 -6.2599e-01 +2.8031e-01 +1.3625e+00 +1.9541e+00 -1.9514e+00 -2.2950e+00 +2.1627e+00 +2.1577e+00 +1.7979e+00 +2.0086e+00 -2.5759e+00 +6.5361e-01 +2.3321e+00 +1.7973e+00
% f evaluations | g evaluations | best noise-free fitness - Fopt (4.197200000000e+02) + sum g_i+ | measured fitness | best measured fitness or single-digit g-values | x1 | x2...
1 0 +8.754698041e+01 +5.072669804e+02 +5.072669804e+02 +1.9105e+00 +2.9814e-01 -1.0186e+00 -2.7786e+00 -8.5802e-01 +4.4292e-01 +2.4804e+00 +3.6132e-01 +4.3276e-02 -2.4130e+00 +2.0746e+00 +6.1929e-01 +9.2664e-01 +2.4995e+00 -9.8993e-01 -1.1276e-01 -5.9316e-01 -1.8874e+00 +1.9661e+00 +2.7286e+00
2 0 +8.107749667e+01 +5.007974967e+02 +5.007974967e+02 +2.5392e+00 -2.4163e+00 +2.2788e+00 +1.9715e-01 +1.4777e+00 +5.7241e-01 +2.7018e+00 -1.4255e+00 -1.3303e+00 -1.1265e+00 +8.6778e-01 -1.5737e+00 +1.0367e+00 +2.5533e+00 +9.7776e-01 +8.5732e-01 +2.3194e+00 +1.2806e+00 -3.5109e-01 -1.0645e+00
3 0 +7.661646767e+01 +4.963364677e+02 +4.963364677e+02 +4.9798e-02 -1.7106e+00 -2.7926e+00 -1.6796e+00 -1.5412e+00 -7.3978e-01 +2.8162e+00 +2.8843e+00 -4.4288e-01 -3.8449e-02 -8.1509e-01 +5.4581e-01 -1.3947e+00 -2.9358e-01 -6.5766e-01 +7.6992e-01 -2.2857e+00 +1.6908e+00 -1.3139e+00 -1.1890e-01
4 0 +3.813504401e+01 +4.578550440e+02 +4.578550440e+02 +9.5868e-01 -1.2470e-01 +2.5693e+00 -1.0185e+00 +1.5419e+00 -2.0555e+00 +9.7881e-02 +2.7230e-01 -2.1434e+00 +2.5458e+00 +1.4451e+00 +1.4179e+00 +2.1616e+00 +2.9486e+00 -1.3878e+00 +4.5820e-01 +2.1976e-01 -2.5122e+00 -2.3396e+00 -2.6410e+00
10 0 +3.584054473e+01 +4.555605447e+02 +4.555605447e+02 -1.6012e+00 -9.8206e-01 -1.2856e+00 +1.5705e+00 +5.8338e-01 -1.7712e-01 -1.3447e+00 -1.3683e+00 +2.7808e+00 -6.6066e-01 +2.7550e+00 +1.2635e+00 +5.5549e-01 -4.9329e-02 -2.4937e+00 +2.7758e+00 +1.2600e+00 +5.6599e-01 -6.0704e-01 -2.5170e+00
17 0 +3.480556976e+01 +4.545255698e+02 +4.545255698e+02 +2.0632e+00 +2.1994e+00 -2.1397e+00 -2.1957e+00 +2.2668e+00 +2.9520e+00 +6.3600e-01 -1.3825e-01 -2.9002e+00 +3.5550e-01 -4.7225e-01 +1.8334e-01 +1.8962e+00 +1.1191e+00 -1.6465e+00 -2.5354e+00 -1.2529e+00 -1.5033e+00 +1.8997e+00 -3.7381e-01
20 0 +3.282250762e+01 +4.525425076e+02 +4.525425076e+02 +2.2426e+00 -3.4350e-01 +7.8002e-01 +1.6303e+00 +2.6671e+00 -2.4823e+00 -2.6526e+00 +9.1949e-01 -1.4935e+00 -9.1975e-01 -2.3516e+00 +1.0487e+00 +1.5826e+00 -1.7672e+00 -1.5053e+00 +1.1680e-01 -1.8566e+00 -1.5260e+00 -2.0835e+00 -1.1812e+00
31 0 +2.319391247e+01 +4.429139125e+02 +4.429139125e+02 -2.8976e+00 +1.5944e+00 -2.4534e+00 +2.4760e+00 -6.0824e-01 +8.1921e-02 +3.0812e-01 -1.7045e+00 -1.6480e+00 +2.9242e-01 +1.9926e+00 -2.7590e+00 +2.6309e+00 -2.1467e+00 -1.8895e+00 -2.6706e+00 +1.9270e+00 -4.0548e-01 -1.9415e+00 -1.6566e+00
82 0 +2.100308524e+01 +4.407230852e+02 +4.407230852e+02 -1.4092e+00 +2.5677e+00 -1.3883e-01 -5.0076e-01 +1.1722e+00 -1.9110e+00 -4.7416e-01 +1.3212e+00 +1.9764e-01 +2.0668e+00 +6.2559e-01 +2.1229e+00 +2.3182e+00 +5.7562e-01 -1.0300e+00 +1.8451e-01 -2.7037e+00 -6.6768e-01 -4.1974e-01 +4.8377e-01
985 0 +1.904614656e+01 +4.387661466e+02 +4.387661466e+02 -2.4026e+00 +2.7732e+00 -2.9854e+00 +1.7541e+00 +2.1369e+00 -1.7561e+00 -1.0475e+00 -3.9287e-01 +1.6569e+00 +2.3911e+00 -2.0981e+00 +1.7670e+00 +1.2706e+00 -2.9666e+00 -1.0314e+00 -2.7770e+00 -3.0983e-01 +1.8751e-01 +1.7259e+00 -1.0840e-01
1954 0 +1.470531849e+01 +4.344253185e+02 +4.344253185e+02 -2.6631e+00 +1.2573e+00 -2.1045e+00 +2.7912e+00 -5.0572e-01 -2.5255e+00 -2.4599e+00 +2.7977e+00 +4.0058e-01 +1.9862e+00 +2.1426e+00 +1.0980e+00 +2.2092e+00 +1.6777e+00 +7.1109e-01 -1.2677e+00 -1.8889e-01 -1.6019e+00 +1.5451e+00 -1.0147e+00
25977 0 +1.236538219e+01 +4.320853822e+02 +4.320853822e+02 -7.0959e-01 +4.5727e-01 -1.1084e+00 +1.9342e+00 +2.3268e+00 -2.6916e+00 +8.6114e-01 -7.3414e-01 -2.3667e+00 +2.3772e+00 -4.1532e-01 +9.9859e-01 +7.7695e-01 +1.5529e+00 -1.4319e+00 -1.2819e+00 +1.6728e-01 -2.3297e+00 -1.7650e+00 -1.0755e+00
32438 0 +1.207314782e+01 +4.317931478e+02 +4.317931478e+02 -1.4714e+00 +1.4676e+00 -4.2603e-02 +2.2262e+00 +1.9151e+00 -2.3484e+00 -1.7181e+00 +1.0973e+00 -2.2392e+00 +1.1278e-01 +2.4618e+00 +2.2707e+00 +2.2021e-01 +8.2707e-01 +5.1041e-01 -7.4021e-01 -7.1715e-01 -3.2955e-01 -1.8746e+00 -8.3231e-01
172728 0 +1.079832552e+01 +4.305183255e+02 +4.305183255e+02 -2.2192e+00 +1.2360e+00 -1.2238e+00 +2.4535e+00 +5.6656e-01 -2.9992e+00 -2.5065e+00 -1.5077e+00 -7.2794e-01 +2.5282e+00 +2.9040e+00 +1.7264e+00 +2.3766e+00 +2.2135e+00 +1.5702e+00 -4.6320e-01 +6.4672e-01 +6.5324e-01 -1.5736e+00 -1.8027e+00
188325 0 +1.061609542e+01 +4.303360954e+02 +4.303360954e+02 -1.8111e+00 +1.7971e+00 -1.9585e+00 +2.4544e+00 +2.9628e+00 -2.1984e+00 -2.4637e+00 -2.2922e+00 -2.0320e+00 +3.6622e-01 -6.6164e-02 +2.6183e+00 +5.5753e-01 +2.2389e+00 +5.6685e-01 -8.0673e-01 -1.6829e-01 -2.8320e+00 -2.7102e+00 -1.1386e+00
474302 0 +1.015201205e+01 +4.298720121e+02 +4.298720121e+02 +1.7757e+00 +2.7538e+00 -1.8668e+00 +2.1510e+00 -1.0931e+00 -2.5512e+00 +1.0710e-01 +6.0574e-01 +2.1040e-01 +2.9044e+00 +2.8348e+00 -2.1507e-01 +2.3891e+00 +2.9101e+00 -1.2806e+00 -2.4170e+00 -6.6913e-01 -2.6558e+00 -1.7189e+00 -1.4496e+00
701359 0 +8.875871027e+00 +4.285958710e+02 +4.285958710e+02 +1.2953e+00 +2.6498e+00 -2.7421e+00 +2.4130e+00 +2.7641e+00 -2.7131e+00 -1.1129e+00 +1.7200e+00 +3.1240e-01 +2.8321e+00 +1.4145e+00 +3.7692e-02 +8.4314e-01 +2.0609e+00 -2.0682e-01 -2.8316e+00 -2.4179e+00 -2.5867e+00 -2.2873e+00 -1.0592e+00
968179 0 +8.296545462e+00 +4.280165455e+02 +4.280165455e+02 +2.1533e+00 +2.3128e+00 -1.9888e+00 +2.5700e+00 +1.4734e+00 -5.6579e-01 -1.2236e+00 +2.4447e-01 +2.7731e-01 +2.5865e+00 +2.2632e+00 +2.2502e+00 +2.3209e+00 +2.3562e+00 -1.8801e+00 -2.1901e+00 -2.1698e+00 -1.3228e+00 -1.9508e+00 +3.0720e-01
2629400 0 +6.552688018e+00 +4.262726880e+02 +4.262726880e+02 -1.2902e+00 +1.2245e+00 -1.3110e+00 +2.8650e+00 +1.8063e+00 -1.5239e+00 -2.3933e+00 -6.5349e-01 -8.0499e-01 +2.8836e+00 +2.4168e+00 +2.5269e+00 +2.7610e+00 +1.1823e+00 -1.0538e+00 +1.3297e-01 -6.4610e-01 -2.9392e+00 -1.3247e+00 -4.0080e-01
5975775 0 +6.225222440e+00 +4.259452224e+02 +4.259452224e+02 -1.7709e+00 +2.6235e+00 -1.5650e+00 +2.7550e+00 +2.9819e+00 -2.2709e+00 -9.0613e-01 -6.1114e-01 -1.6811e+00 +2.0828e+00 +2.3374e+00 +2.6840e+00 +2.8892e-01 +2.4080e+00 +4.6489e-01 -1.1291e+00 -1.1101e+00 -6.6897e-01 -1.9328e+00 +5.0887e-01
% f evaluations | g evaluations | best noise-free fitness - Fopt (7.640000000000e+00) + sum g_i+ | measured fitness | best measured fitness or single-digit g-values | x1 | x2...
1 0 +1.205649903e+02 +1.282049903e+02 +1.282049903e+02 +1.5788e+00 +1.7603e+00 +1.1088e+00 -1.5192e+00 -2.4698e+00 +2.0897e+00 +1.7760e+00 +2.4620e+00 -1.6664e-01 -1.9417e+00 -1.4798e+00 -3.1162e-01 +9.6617e-01 +2.6732e+00 +1.6519e+00 +1.0473e+00 -1.7032e+00 -3.0093e-01 +5.3446e-01 +2.7674e+00
6 0 +8.955170405e+01 +9.719170405e+01 +9.719170405e+01 -1.2755e+00 +1.3498e+00 -1.3488e+00 -2.5356e+00 -2.6698e+00 -1.3407e+00 +1.3175e+00 +2.6164e+00 -1.5685e-01 +2.4509e+00 -1.3272e+00 +7.2944e-01 -1.9348e+00 +1.3780e+00 +2.5236e-02 -7.2398e-03 -3.1667e-01 +2.7780e+00 +2.6682e+00 -1.1217e+00
19 0 +6.187968116e+01 +6.951968116e+01 +6.951968116e+01 +1.8053e+00 +1.1389e+00 +1.4231e+00 -1.5008e+00 -2.5764e+00 -1.2825e+00 -1.7051e-01 +3.5936e-01 -8.6982e-01 +1.5223e+00 +2.4467e+00 -2.8444e+00 -1.3742e+00 +2.7586e+00 +1.1654e+00 -1.0355e+00 +2.9482e+00 -4.6361e-01 -2.3409e-01 -1.6160e+00
37 0 +4.617608463e+01 +5.381608463e+01 +5.381608463e+01 +2.8559e+00 -3.8705e-01 +2.1760e+00 +7.6910e-01 +1.6940e+00 +8.5998e-01 +1.8902e+00 -1.4353e+00 +4.9992e-01 +2.5949e+00 +2.3695e+00 -2.9090e+00 -1.3999e+00 -8.3848e-01 -2.5324e+00 +1.8102e+00 +1.0649e+00 -2.5908e+00 +2.1975e+00 +2.4456e-01
183 0 +4.029095392e+01 +4.793095392e+01 +4.793095392e+01 +2.8434e+00 -1.9144e+00 +6.4714e-01 -1.1186e+00 -2.2599e+00 +2.8325e+00 -2.1764e+00 -2.8488e+00 +4.9071e-01 -1.2693e+00 -2.6219e+00 -1.9937e+00 -2.8222e+00 -7.8282e-01 -2.0127e+00 +2.4734e+00 +1.2527e+00 -4.2953e-01 -1.0652e+00 -1.0811e+00
381 0 +3.621274386e+01 +4.385274386e+01 +4.385274386e+01 -3.1260e-02 +1.5726e+00 +9.2939e-01 +7.5895e-01 +1.3139e+00 +2.4518e+00 -1.1771e+00 -2.2556e+00 -1.9269e+00 +7.4652e-01 +1.7749e-02 -2.5517e+00 +8.5385e-01 +2.5475e+00 +1.5152e+00 +1.3535e+00 +2.6111e+00 +1.9296e+00 +1.9122e+00 -1.2328e+00
1520 0 +3.418298896e+01 +4.182298896e+01 +4.182298896e+01 +4.7352e-01 +1.3734e+00 +2.5716e+00 -5.2034e-01 -1.5276e+00 +6.9936e-01 +9.3256e-01 +1.6304e+00 -8.9117e-01 -3.6724e-01 +1.3899e+00 -1.9376e+00 -7.9172e-01 +1.1701e+00 -3.4814e-01 +2.8596e+00 +2.1235e+00 -1.3249e+00 +6.9246e-01 -8.8347e-02
1709 0 +2.725740025e+01 +3.489740025e+01 +3.489740025e+01 +2.8834e+00 -1.3404e+00 +1.4205e+00 +2.0152e+00 +4.1396e-01 +2.7525e+00 +1.7777e-01 -9.7474e-01 -2.7719e+00 +1.7287e-01 -2.4447e+00 +7.6869e-02 -2.6788e+00 +2.1874e+00 -2.0820e+00 +1.2792e+00 +2.7839e+00 +1.2789e+00 +2.2469e+00 -2.5507e+00
9035 0 +2.633164014e+01 +3.397164014e+01 +3.397164014e+01 +1.9149e+00 +1.2877e+00 +2.9708e-01 +4.2113e-01 +7.7599e-01 +1.1476e+00 +1.8372e+00 +9.2538e-01 +7.4530e-01 -2.1164e+00 +8.8697e-01 +1.1399e+00 -2.1491e+00 +2.1169e+00 +1.8434e+00 +2.5513e+00 +2.8281e-01 +2.6252e+00 +2.6563e+00 -9.1141e-01
10888 0 +2.497772986e+01 +3.261772986e+01 +3.261772986e+01 +2.5468e+00 -1.9632e-01 -1.8841e+00 +2.9300e+00 -1.4039e+00 +1.0030e+00 -1.1926e+00 -2.2769e+00 -3.9039e-01 -2.6142e+00 +4.7898e-01 -2.0038e+00 -1.5764e+00 +2.3831e+00 +2.6948e+00 +2.7628e+00 +2.4651e+00 +2.5846e+00 +2.3888e+00 -9.8287e-01
21671 0 +2.027760880e+01 +2.791760880e+01 +2.791760880e+01 +2.1687e+00 -1.2967e-01 +5.0430e-01 +2.4789e+00 +1.4873e+00 +1.8694e+00 -2.9223e+00 -2.6854e+00 +1.4705e+00 +1.7662e-01 +2.9271e+00 -2.6022e+00 -2.1499e+00 +6.7813e-01 -9.7433e-01 +2.9166e+00 +9.3162e-01 +9.6938e-01 +1.3180e+00 -9.4412e-01
84010 0 +1.597058316e+01 +2.361058316e+01 +2.361058316e+01 +2.2643e+00 +1.3834e-01 +1.4930e+00 +2.6488e+00 +2.5811e+00 +1.6822e+00 -2.1338e+00 +3.7733e-01 -2.5714e-01 +6.5578e-01 +1.6227e+00 +5.7912e-02 -2.5146e+00 +1.5202e+00 +2.9799e+00 +2.4292e+00 +1.3031e+00 -6.2722e-01 +2.7333e+00 -2.9479e+00
280125 0 +1.509172934e+01 +2.273172934e+01 +2.273172934e+01 +1.6936e+00 +8.3457e-01 +8.1194e-02 +2.1722e+00 +1.8390e+00 +1.8506e+00 +3.7689e-01 -2.3779e+00 -2.1607e+00 -6.1229e-01 +1.5938e+00 -2.5317e+00 -2.1961e+00 +2.9529e+00 +5.3298e-01 +2.1325e+00 +7.8319e-01 +1.2139e+00 +1.4453e+00 -1.4136e+00
1273053 0 +1.258394491e+01 +2.022394491e+01 +2.022394491e+01 +2.0083e+00 -1.3193e+00 +1.2228e+00 +2.4190e+00 +2.7381e+00 +2.0525e+00 -8.8982e-01 -2.0067e-01 -1.1038e+00 -1.4481e-01 +2.3313e+00 -1.3422e+00 -1.5148e+00 +2.7111e+00 +1.3695e+00 +2.7206e+00 +2.3367e+00 +2.5327e+00 +2.4326e+00 -1.2746e+00
7732880 0 +1.072216959e+01 +1.836216959e+01 +1.836216959e+01 +2.5513e+00 +2.5475e+00 +2.7255e+00 +2.7515e+00 +2.0462e+00 +2.4642e+00 -1.2268e+00 +2.2630e-01 +3.7200e-01 -7.5261e-01 +2.5021e+00 -1.0213e+00 -2.8664e+00 +2.9528e+00 +5.3877e-01 +2.2221e+00 +2.0731e+00 +1.3107e+00 +2.0180e+00 -1.7134e+00
% f evaluations | g evaluations | best noise-free fitness - Fopt (-1.276800000000e+02) + sum g_i+ | measured fitness | best measured fitness or single-digit g-values | x1 | x2...
1 0 +9.308267009e+01 -3.459732991e+01 -3.459732991e+01 -4.7458e-01 -1.1840e+00 +9.3473e-01 -9.6325e-01 +2.6370e+00 -1.8369e-01 -2.8324e-02 +6.5928e-01 +1.5455e+00 +2.8716e+00 +6.5862e-01 -2.5999e+00 -2.4955e+00 +2.2093e+00 -3.3597e-01 -2.3686e+00 +1.4602e+00 +9.6332e-02 +2.9559e+00 -9.9549e-01
3 0 +8.729866643e+01 -4.038133357e+01 -4.038133357e+01 +1.5577e+00 +1.8251e+00 -1.4465e+00 -9.1723e-01 -2.6922e+00 -1.7936e+00 -1.1351e+00 -8.6807e-02 -2.6717e+00 -2.9669e+00 -3.6303e-01 +1.8655e+00 +1.3763e+00 +1.4086e+00 -2.1781e+00 +1.8850e-01 -2.3959e+00 +2.8314e-01 +8.5651e-01 -1.5670e+00
5 0 +7.156358660e+01 -5.611641340e+01 -5.611641340e+01 -2.1556e+00 -2.3317e-01 +6.1755e-01 -1.1973e+00 +2.2390e+00 -4.1510e-01 -1.9951e+00 +2.9047e+00 +2.5035e-01 +1.4639e+00 -4.3523e-01 -2.7368e+00 -7.4603e-02 -2.1887e+00 +6.5234e-01 +1.4762e+00 +1.3654e+00 -4.0359e-01 -5.4797e-01 +6.3080e-01
9 0 +6.024595579e+01 -6.743404421e+01 -6.743404421e+01 +2.5419e+00 +1.5186e+00 -1.7473e+00 -5.4805e-01 -2.9555e+00 +2.0542e+00 +4.8132e-01 +1.9152e+00 +2.1242e+00 +2.4886e+00 +2.8001e+00 +2.7001e+00 -4.7728e-01 +2.9232e+00 +1.8886e+00 -4.1668e-01 +7.0123e-01 +1.8230e+00 -2.1692e+00 -8.8441e-01
20 0 +4.706441161e+01 -8.061558839e+01 -8.061558839e+01 -9.4496e-01 +9.8682e-01 +2.1223e+00 +3.3335e-01 -1.9114e+00 +1.5275e+00 -2.2341e+00 -5.1103e-01 -2.9012e-01 -2.5402e+00 +1.7097e+00 +1.6942e+00 -6.7936e-01 +3.8747e-01 -1.4948e+00 -5.5797e-01 +6.7062e-01 -1.2509e+00 -1.3011e+00 -1.3139e-01
28 0 +3.250518153e+01 -9.517481847e+01 -9.517481847e+01 +2.3873e-01 -2.0401e+00 +9.2502e-01 +3.9785e-01 +1.1727e+00 +9.5580e-01 -2.0219e+00 +2.6506e+00 -1.4035e+00 +1.6823e+00 +2.6050e+00 -4.0460e-01 +1.1545e+00 +5.2647e-01 +1.7915e+00 +4.9362e-01 -1.2857e+00 -2.4299e+00 +3.8344e-01 +2.4143e+00
284 0 +3.159905617e+01 -9.608094383e+01 -9.608094383e+01 +1.3903e-01 +2.7807e+00 +2.7811e+00 +1.5487e-01 -2.5668e-01 +9.7432e-01 +1.4463e+00 -2.3014e+00 -1.2433e+00 -1.1429e+00 +2.9053e+00 +4.5046e-01 +1.9853e+00 +7.0758e-01 -4.2736e-01 -1.1423e+00 +2.2378e+00 +2.0999e+00 +2.7339e+00 +1.4169e+00
361 0 +2.930806009e+01 -9.837193991e+01 -9.837193991e+01 +1.7255e+00 +2.0307e+00 +2.4347e+00 +2.0962e+00 +4.4684e-01 -2.1579e+00 +3.6441e-01 -8.2989e-01 +1.7389e+00 +4.5443e-01 -3.1943e-01 -1.0503e+00 -7.2482e-01 +9.6200e-01 +2.7970e+00 -2.4855e+00 -1.2645e+00 -2.4175e+00 -1.4704e+00 +2.4532e+00
447 0 +2.616458072e+01 -1.015154193e+02 -1.015154193e+02 +1.7375e+00 +1.3529e+00 +2.5051e+00 +6.4037e-01 -4.5594e-01 +2.0387e+00 -1.1115e+00 -1.4926e+00 +2.3572e+00 -1.0542e+00 +7.7137e-01 +2.2389e+00 +1.5786e+00 -6.9036e-01 +2.0164e+00 +2.1381e+00 +1.9655e+00 +2.7487e+00 +1.4484e+00 +2.5661e+00
503 0 +2.031836097e+01 -1.073616390e+02 -1.073616390e+02 +8.9967e-01 +2.5092e+00 +2.6969e+00 +2.4153e+00 -1.9046e+00 +2.0347e+00 -1.2686e+00 -3.3296e-02 +1.3971e+00 +2.6882e+00 +7.8585e-01 +1.0608e+00 +1.2521e+00 -2.3738e+00 -2.6276e-01 +6.2664e-01 +7.4809e-01 -9.4716e-01 +1.7049e+00 -8.6535e-02
1020 0 +1.637813705e+01 -1.113018630e+02 -1.113018630e+02 +1.6786e+00 +2.6192e+00 +1.7564e+00 +2.7488e+00 -2.8102e+00 -2.0197e+00 -1.4150e+00 -1.4797e+00 +9.4640e-01 +5.1421e-01 +5.8733e-01 +1.0401e+00 -1.9054e+00 -1.2455e+00 +2.6566e+00 +2.4464e+00 -7.1654e-01 -1.1975e+00 +5.4034e-01 +3.0399e-01
21786 0 +1.579029019e+01 -1.118897098e+02 -1.118897098e+02 -2.5794e-01 +7.9828e-01 +2.7433e+00 +2.0273e+00 -2.8654e+00 -1.3455e-01 -8.8423e-01 -1.3751e+00 +1.6043e+00 +2.5845e+00 -1.3481e+00 -2.9645e+00 -2.1921e+00 -2.1283e+00 +1.0537e+00 +7.2907e-01 -6.2660e-02 -1.0034e+00 +2.9981e+00 +7.6733e-01
29687 0 +1.489142113e+01 -1.127885789e+02 -1.127885789e+02 +2.7987e+00 +1.9511e+00 +1.4268e+00 -4.0538e-01 -2.3269e+00 -6.0024e-01 -1.3851e+00 -2.1257e+00 +2.6182e+00 +9.1850e-01 +2.2465e+00 -2.8950e+00 -1.8251e-02 -6.4512e-01 +2.9764e+00 -1.9774e+00 -6.8528e-01 -6.2653e-01 +3.9603e-01 -7.1637e-01
32112 0 +1.174144004e+01 -1.159385600e+02 -1.159385600e+02 +2.4348e+00 +1.5519e+00 -3.2744e-01 +1.4866e+00 -5.3923e-01 -2.8849e+00 -6.6979e-01 -3.3999e-01 +1.8586e+00 +2.5405e+00 +2.0779e+00 -1.5790e+00 +6.7778e-01 -1.9814e-01 +2.3315e+00 -1.3618e+00 -1.6190e-01 +1.4199e-01 +2.5739e+00 +2.1411e+00
165034 0 +1.048313418e+01 -1.171968658e+02 -1.171968658e+02 -1.0555e-02 +2.4132e+00 +1.0743e+00 +2.3794e+00 -2.2863e+00 -1.8456e+00 -1.5545e+00 -1.8386e+00 +1.9332e+00 +6.4694e-01 +7.6057e-01 -2.0064e+00 +9.4432e-01 -1.8782e-01 +6.1749e-01 -3.4872e-01 +1.2451e+00 +1.8738e+00 +2.8181e+00 +2.5440e+00
396021 0 +1.015166582e+01 -1.175283342e+02 -1.175283342e+02 +2.5035e+00 +1.8891e+00 -3.9754e-01 +2.3923e+00 -2.3577e+00 -2.4628e+00 -2.7261e+00 -2.9778e+00 +1.4852e+00 +2.7833e+00 +1.8271e+00 -2.6633e+00 +2.7591e+00 +8.5316e-01 +2.3562e+00 +6.8691e-01 -3.1000e-01 -2.0335e+00 +2.8634e+00 +1.4216e+00
598359 0 +9.764946557e+00 -1.179150534e+02 -1.179150534e+02 -8.7661e-02 +2.4414e+00 +2.7340e+00 +1.3799e+00 -2.5705e+00 -8.4627e-01 -1.6868e+00 +8.3176e-03 +2.9334e+00 +2.6254e+00 +3.7792e-01 -1.4889e+00 -6.2065e-01 -5.6972e-01 +7.1118e-01 +1.9015e+00 +1.6019e+00 -2.0960e+00 +2.6059e+00 +1.4405e+00
989218 0 +9.494447984e+00 -1.181855520e+02 -1.181855520e+02 +1.2188e+00 +2.9704e+00 +1.0148e+00 +2.4396e+00 -2.2694e+00 -2.9374e+00 -9.5297e-01 -2.4378e+00 +1.3500e+00 +2.5697e+00 -8.2992e-02 -2.4564e+00 +1.2146e+00 -1.2058e+00 +2.4091e+00 -1.0486e+00 +1.2506e+00 -1.7877e+00 +2.3784e+00 +1.3927e+00
1624478 0 +7.934062458e+00 -1.197459375e+02 -1.197459375e+02 +2.0628e+00 +1.6598e+00 +1.5114e+00 +1.5616e+00 -2.3577e+00 +9.3509e-01 -2.1125e+00 -1.0808e+00 +2.8546e+00 +1.9538e+00 +2.9755e+00 -1.3584e+00 -6.5159e-01 -4.7074e-01 +1.7310e+00 +1.1136e+00 +1.2691e+00 +1.9829e-01 +2.5609e+00 +1.3573e+00
% f evaluations | g evaluations | best noise-free fitness - Fopt (-3.650000000000e+01) + sum g_i+ | measured fitness | best measured fitness or single-digit g-values | x1 | x2...
1 0 +6.820970737e+01 +3.170970737e+01 +3.170970737e+01 +1.2253e+00 +6.0438e-01 -2.1765e+00 +3.3219e-01 +1.7640e+00 +1.5382e+00 +1.1481e+00 -6.3056e-01 +6.0782e-01 +2.5738e+00 -1.7041e+00 -2.3900e+00 -2.4416e+00 +6.1938e-01 -1.5554e+00 +7.1169e-01 +1.9838e-01 -2.5648e+00 +3.6074e-01 +3.1097e-01
6 0 +4.297118753e+01 +6.471187533e+00 +6.471187533e+00 +1.6164e-01 -1.7478e+00 +6.3067e-01 -1.6422e+00 -1.3269e+00 -8.5798e-01 +1.7380e-01 -6.4578e-01 +1.6158e+00 +1.5930e+00 +2.4517e+00 -1.5003e+00 +2.7404e+00 -7.9538e-01 -2.3389e+00 -1.9839e+00 -5.0792e-01 -2.4968e+00 +2.1570e+00 +2.2389e+00
18 0 +2.983203032e+01 -6.667969677e+00 -6.667969677e+00 +4.3394e-01 +1.7921e+00 +2.9099e+00 +1.1177e+00 -9.5100e-01 +2.4673e-01 -1.9669e+00 -1.7460e+00 -2.4337e+00 -1.7103e+00 +6.1331e-01 +2.4815e+00 -5.1624e-01 -4.8426e-01 -1.8286e+00 -2.2558e+00 +2.8753e+00 -1.4238e+00 -2.1262e+00 +5.8823e-01
51 0 +2.763575458e+01 -8.864245416e+00 -8.864245416e+00 -5.7343e-01 -1.1918e+00 -1.6101e-01 -6.6152e-01 +2.3919e+00 +1.8200e+00 -1.5804e+00 +1.6152e+00 -2.4454e+00 -2.7085e-01 +3.0222e-01 +2.1566e+00 +2.8154e+00 -2.7148e-01 +1.4007e+00 -2.6337e+00 +2.2813e+00 -2.5471e+00 -2.0079e-01 +1.1887e+00
63 0 +2.362485848e+01 -1.287514152e+01 -1.287514152e+01 -4.2315e-01 +2.8483e+00 +8.7238e-01 +4.5615e-01 +2.9010e+00 +2.3296e+00 -1.0373e+00 -3.9345e-01 +2.5634e+00 -1.0859e+00 +1.4667e+00 +2.8324e+00 +2.7460e+00 +2.8317e+00 +1.8263e+00 -2.4006e+00 -2.5193e+00 -1.2786e+00 -2.8706e+00 +2.0172e+00
686 0 +1.372876862e+01 -2.277123138e+01 -2.277123138e+01 +2.5764e+00 -2.3079e+00 +2.4306e+00 +1.5634e+00 +1.6327e+00 +2.2658e+00 +1.1817e+00 +2.0033e+00 -1.6879e+00 -2.3581e+00 +6.6555e-01 -1.7667e+00 +1.9869e+00 -9.0401e-01 +2.1178e+00 -2.9900e+00 +1.4668e+00 -1.0425e+00 -1.1165e+00 +5.2974e-01
33371 0 +1.226178549e+01 -2.423821451e+01 -2.423821451e+01 -5.9076e-02 -6.8904e-01 +9.4272e-01 +3.6406e-01 +1.0768e+00 +2.5694e+00 -3.4852e-02 +5.4599e-01 +8.8438e-01 -1.9861e+00 +2.2769e+00 -1.5642e+00 +1.6073e+00 +8.0682e-01 +3.2069e-02 -2.9423e+00 -1.3899e+00 -2.1665e+00 -2.4790e+00 +1.3175e+00
173241 0 +1.192306360e+01 -2.457693640e+01 -2.457693640e+01 +1.5411e+00 -6.1777e-01 +2.7182e+00 +2.1991e+00 +9.0942e-01 -3.1066e-01 +1.7550e+00 +2.3771e+00 -3.9479e-01 -2.0250e+00 -1.6427e+00 -1.9005e+00 +1.4578e+00 -5.0207e-01 +5.7780e-01 -1.8837e+00 -5.2347e-01 -2.6814e+00 -2.1551e+00 +1.4070e+00
352527 0 +9.768372588e+00 -2.673162741e+01 -2.673162741e+01 +7.9941e-01 -1.5036e+00 +5.8051e-01 -2.9552e-01 +1.5058e+00 +1.6231e+00 +1.7464e+00 +6.2001e-01 -7.8354e-01 -8.0593e-01 +1.3946e+00 -5.4273e-01 +2.1393e+00 -2.3201e+00 +1.2791e+00 -2.4500e+00 -1.6770e+00 -2.7792e+00 -2.2511e+00 +2.0013e+00
361969 0 +8.663909315e+00 -2.783609069e+01 -2.783609069e+01 +1.2145e-02 -8.0031e-01 +1.7409e+00 +1.9057e+00 -1.1868e-01 +1.7071e+00 +2.7772e+00 +1.4506e+00 -5.8739e-01 -1.0160e+00 +1.4631e+00 +4.2936e-01 +1.9796e+00 -2.4267e+00 +4.6399e-01 -2.2790e+00 +6.8634e-02 -2.5538e+00 -2.7265e+00 +2.2328e+00
6670750 0 +8.498238062e+00 -2.800176194e+01 -2.800176194e+01 +1.9167e+00 -5.9050e-01 +2.7762e+00 -1.4710e+00 +1.2105e+00 +2.7865e+00 +1.8823e+00 +9.0925e-01 -1.8042e+00 -1.7361e+00 +2.2841e+00 +1.2649e+00 +8.8700e-01 -2.1408e+00 +1.5671e+00 -2.6178e+00 -8.8279e-01 -2.2186e+00 -2.2199e+00 +1.8760e+00
17205303 0 +7.884590231e+00 -2.861540977e+01 -2.861540977e+01 +2.6644e+00 -7.7372e-01 +2.7354e+00 +1.8118e+00 +1.6258e+00 +1.5097e+00 +1.4339e+00 +1.4633e+00 -2.2349e+00 -1.1705e+00 +2.8899e-01 -1.2310e+00 +1.0266e+00 -6.0840e-01 +1.4271e+00 -2.5056e+00 -1.5352e+00 -2.5093e+00 -8.9805e-01 +1.7945e+00
% f evaluations | g evaluations | best noise-free fitness - Fopt (1.728700000000e+02) + sum g_i+ | measured fitness | best measured fitness or single-digit g-values | x1 | x2...
1 0 +7.244198679e+01 +2.453119868e+02 +2.453119868e+02 -8.7654e-01 -2.1622e+00 +3.3267e-01 -1.3100e+00 -3.1845e-01 +1.5293e+00 +7.7918e-01 +2.1438e+00 +2.8328e+00 +2.2104e+00 +2.1383e+00 -3.7060e-01 +2.3320e-01 +9.9135e-01 +2.1954e+00 -5.0343e-01 -4.2555e-01 +2.2976e+00 -1.8790e+00 +2.4970e+00
3 0 +1.781274820e+01 +1.906827482e+02 +1.906827482e+02 +9.9998e-01 +1.4032e-01 -5.5042e-01 -6.2032e-01 -8.7877e-01 -1.7260e-01 -4.1478e-01 -1.3039e+00 -1.3275e+00 -8.9639e-02 -3.5027e-01 -7.4501e-01 -2.4768e+00 -1.0369e+00 -2.2847e+00 +8.0908e-01 +7.3987e-01 +1.7758e+00 +1.2248e+00 +2.5455e-01
140 0 +1.180920814e+01 +1.846792081e+02 +1.846792081e+02 -1.0142e-01 -1.8676e-01 +2.2174e+00 -1.5140e+00 -4.4527e-01 -7.5962e-01 +7.6918e-01 -1.1420e-01 -1.7745e+00 -9.9590e-01 -2.6343e+00 -1.1676e-01 -3.5571e-01 -2.6396e+00 -2.1120e+00 -2.0125e-01 +9.2050e-01 +2.0503e+00 +2.4852e-01 -1.0902e+00
6466 0 +1.108924677e+01 +1.839592468e+02 +1.839592468e+02 +1.3190e+00 -1.3223e-01 +2.5503e+00 -1.5821e+00 -8.9124e-02 -1.1439e+00 +2.1761e+00 -4.3190e-01 -1.1932e+00 -5.9311e-01 -2.2967e+00 -2.5596e+00 +1.5386e+00 -2.9095e+00 +8.9129e-01 -1.6905e+00 -2.7233e+00 +2.1189e+00 -3.4110e-01 -2.5955e+00
20517 0 +1.032361293e+01 +1.831936129e+02 +1.831936129e+02 +1.4712e+00 -1.6291e+00 +1.2806e+00 -2.9564e+00 -1.6863e+00 -1.8392e+00 -1.1694e-01 +1.3856e+00 -2.8564e+00 -2.6880e+00 -1.3376e+00 -1.0144e+00 +2.6904e+00 +2.8193e+00 -1.1812e+00 -3.3839e-01 -1.5439e+00 +2.3932e+00 +1.3555e+00 -2.1117e+00
22903 0 +9.742133048e+00 +1.826121330e+02 +1.826121330e+02 +1.4259e+00 -5.5175e-01 +8.3103e-01 -9.9925e-01 +5.5119e-01 +3.1017e-01 +1.2402e+00 +6.3547e-01 -1.7027e+00 -1.3484e+00 -5.8070e-01 +7.1561e-01 -1.2125e-01 +1.6748e-01 -2.1267e+00 +7.3940e-01 -2.4987e+00 +2.3954e+00 -1.5750e-01 -1.4531e+00
56469 0 +9.476911072e+00 +1.823469111e+02 +1.823469111e+02 +1.2102e+00 -2.1446e+00 +2.2745e+00 -4.7376e-01 +1.0090e+00 -1.0902e+00 +2.2706e+00 -4.3495e-01 -2.5794e+00 -2.9826e+00 +1.1834e+00 -1.5088e+00 +8.8594e-02 -2.2544e+00 +1.0729e+00 -3.1410e-01 -9.6349e-01 +1.4458e+00 -8.2994e-02 -1.3883e+00
60791 0 +8.362675630e+00 +1.812326756e+02 +1.812326756e+02 +2.9757e+00 -3.0499e-01 +1.0355e+00 -1.0394e+00 +7.6871e-01 -2.2277e+00 +1.1319e+00 +8.7696e-01 -1.7724e+00 -7.1646e-01 -3.6969e-01 +4.4359e-02 -1.8787e+00 -2.0737e+00 +6.1849e-01 -6.6984e-01 +7.8932e-01 +2.6500e+00 -8.2711e-01 -1.8472e+00
139168 0 +7.750069180e+00 +1.806200692e+02 +1.806200692e+02 +2.5579e+00 -1.9625e+00 +9.8823e-01 -4.4120e-01 -3.1230e-01 -1.2615e+00 -1.0875e+00 +9.6485e-01 -1.5410e+00 -2.2794e+00 -2.4350e+00 -9.7249e-01 +1.5007e-01 -1.3853e-03 -1.4564e+00 -5.4321e-01 -1.0817e+00 +1.4693e+00 +1.4252e+00 -1.7831e+00
555551 0 +7.417576373e+00 +1.802875764e+02 +1.802875764e+02 +2.0612e+00 -5.4224e-01 +2.5105e+00 -1.1522e+00 +2.7395e-02 -1.8189e+00 +2.1877e+00 -6.8358e-01 -2.1026e+00 -2.5156e+00 -2.0945e+00 -1.0520e+00 +1.7609e+00 -1.8416e+00 +9.5678e-01 -1.9341e-01 +7.1908e-01 +2.5710e+00 +4.7461e-01 -1.4488e+00
558600 0 +6.345590325e+00 +1.792155903e+02 +1.792155903e+02 +2.2657e+00 -2.1610e+00 +2.4915e+00 -1.4033e-02 +1.3467e+00 -2.5061e+00 +9.1572e-01 +9.9571e-01 -1.9701e+00 -2.2138e+00 -3.3248e-01 +7.8700e-01 +1.8525e+00 -2.2508e+00 -1.5837e-01 -1.8763e+00 -2.2210e+00 +1.6241e+00 -6.1742e-01 -2.8785e+00
764478 0 +5.973941326e+00 +1.788439413e+02 +1.788439413e+02 +2.3066e+00 -1.7015e+00 +1.1466e+00 +1.1908e+00 +1.2796e-01 -2.1185e+00 +1.5529e+00 -2.4856e-01 -1.9713e+00 -2.6377e+00 -2.6655e-01 -1.9610e+00 +2.1278e-01 -2.7637e+00 -3.3810e-01 -5.0140e-01 -2.9236e+00 +2.4920e+00 -1.0137e+00 -2.1365e+00
2855645 0 +5.118570837e+00 +1.779885708e+02 +1.779885708e+02 +1.5574e+00 -1.9802e-01 +1.9636e+00 +4.2225e-01 +2.6887e-01 -2.4886e+00 -5.2293e-01 -7.5567e-01 -2.6205e+00 -1.8557e+00 -7.6116e-01 -1.0960e+00 -7.5935e-01 +1.1771e-01 +1.9833e-01 -1.5840e+00 -1.6594e+00 +1.5326e+00 +1.9253e+00 -2.7494e+00
% f evaluations | g evaluations | best noise-free fitness - Fopt (1.577200000000e+02) + sum g_i+ | measured fitness | best measured fitness or single-digit g-values | x1 | x2...
1 0 +7.399091991e+01 +2.317109199e+02 +2.317109199e+02 -1.1029e+00 +4.8228e-01 -6.8322e-01 -2.0627e+00 +1.1519e+00 -2.6522e+00 +8.6194e-01 -1.8575e+00 -8.2509e-01 +6.1780e-01 +1.2558e+00 -5.8954e-01 -2.4870e+00 +2.1365e+00 +1.3859e+00 +2.2123e+00 +2.4984e+00 -2.7318e+00 -1.7047e+00 -2.0388e-01
3 0 +7.226306619e+01 +2.299830662e+02 +2.299830662e+02 -1.1825e+00 -5.8648e-01 +5.3114e-02 +2.7260e+00 +1.2763e-01 -6.8686e-01 -1.0328e+00 -7.2239e-01 +9.1729e-01 +5.6139e-02 -1.7067e+00 +1.0281e+00 +1.9524e-01 +3.6664e-01 -2.0609e+00 -1.0437e+00 -1.0845e+00 -2.2511e+00 +1.1982e+00 -2.3075e-01
9 0 +4.713288557e+01 +2.048528856e+02 +2.048528856e+02 -2.5435e+00 -6.1868e-01 +2.4374e+00 +2.3402e+00 +1.8663e+00 -3.1551e-01 -6.2769e-01 -1.3675e+00 +9.0447e-01 +1.2124e+00 -2.6416e+00 +1.8023e+00 +2.8685e+00 -2.4250e-02 -7.5022e-01 -1.9042e-01 -1.9428e+00 +2.5348e+00 +7.0675e-01 -1.9959e+00
57 0 +3.484867426e+01 +1.925686743e+02 +1.925686743e+02 -8.5306e-01 -2.9935e+00 +1.7865e+00 +2.1179e+00 +1.6468e+00 -2.4925e-01 +1.5496e+00 -4.6918e-01 +1.3080e+00 -6.7790e-01 +2.1095e+00 -2.3311e+00 +6.2258e-01 -1.3475e-01 +2.3695e+00 +1.7749e+00 -1.8416e+00 +2.9490e+00 +1.0659e-02 -1.0559e+00
88 0 +3.331658483e+01 +1.910365848e+02 +1.910365848e+02 -7.1558e-01 +2.4224e-01 +1.5843e+00 -1.3780e+00 +5.2861e-01 -2.1326e+00 +1.0401e+00 -2.4133e+00 -1.0169e+00 +2.8842e+00 +2.2537e+00 -2.2856e+00 -1.9509e+00 -4.0285e-01 -6.5455e-01 +1.4189e+00 +2.3710e+00 +8.3027e-01 +1.7081e+00 -2.6860e+00
159 0 +2.972659027e+01 +1.874465903e+02 +1.874465903e+02 -4.1004e-01 -2.5430e+00 +2.5111e+00 +4.9265e-01 +2.4649e+00 +2.4412e+00 +2.5420e+00 -2.3870e+00 -7.1002e-01 +1.8650e+00 -1.3231e+00 +1.8513e+00 +1.0601e+00 +1.2363e+00 +1.0234e-01 +1.7013e+00 -2.2844e-01 -3.8467e-01 -1.2804e+00 -1.0718e+00
914 0 +2.804206467e+01 +1.857620647e+02 +1.857620647e+02 -1.2963e+00 +6.7496e-01 +4.3950e-01 -2.5811e+00 -1.7171e+00 -6.8713e-01 +2.6945e+00 -5.0889e-01 -1.4957e+00 +1.7691e+00 -3.5337e-02 -2.8775e+00 -7.4966e-01 -6.3925e-01 +2.5925e+00 +2.0271e+00 +3.5324e-01 +1.9570e+00 +2.7689e+00 -2.8546e+00
1313 0 +2.221001948e+01 +1.799300195e+02 +1.799300195e+02 -2.6399e+00 -3.8908e-01 +2.6880e+00 +1.1093e+00 +1.6273e+00 +7.3356e-01 +2.3317e+00 +1.0309e+00 -1.3932e-01 +2.7217e+00 -1.4184e+00 -4.1354e-01 -1.6063e+00 +8.2908e-01 +3.7387e-01 -1.3191e+00 +2.6520e+00 +2.0352e+00 +1.5322e+00 -2.1238e+00
2288 0 +2.078507755e+01 +1.785050776e+02 +1.785050776e+02 -1.3519e+00 -1.8597e+00 +2.5273e+00 +2.1973e-01 -2.3968e-01 -3.8334e-01 +1.6728e+00 -1.2905e-01 +9.2421e-01 +4.5950e-01 -7.1482e-01 -1.1293e+00 -1.4212e+00 -1.3195e+00 +2.8739e-01 -5.1195e-01 +8.4977e-01 +1.0662e+00 +9.5633e-01 -2.0175e+00
6551 0 +1.982332697e+01 +1.775433270e+02 +1.775433270e+02 -2.2520e+00 -2.1378e+00 +1.4575e+00 -7.5643e-02 +1.4881e+00 +2.5322e+00 -1.2683e+00 -2.6085e+00 -1.8775e+00 +9.5202e-01 -4.0536e-01 -2.0127e+00 -1.6409e+00 -1.3419e-01 +2.6797e+00 +7.2338e-01 -1.5305e-02 +1.1280e+00 +2.3808e+00 -2.6503e+00
18246 0 +1.505115689e+01 +1.727711569e+02 +1.727711569e+02 -2.0696e+00 -2.3102e-01 +2.6170e+00 +2.1839e+00 +2.4504e+00 -4.1519e-01 +2.4158e+00 -2.8080e+00 -2.4328e+00 +2.4924e+00 -2.7824e+00 -4.2722e-01 -2.7211e-01 +6.7446e-01 +2.5657e+00 +1.8077e+00 +2.3347e+00 +1.9363e+00 +2.7190e+00 +1.7260e-01
451956 0 +1.410614900e+01 +1.718261490e+02 +1.718261490e+02 -6.0750e-01 -2.6654e+00 +1.2344e+00 +2.3139e+00 +3.0173e-01 +1.1799e+00 +2.4118e+00 -2.6656e+00 -5.6334e-01 +1.8609e+00 -1.8061e-01 -4.6363e-01 -5.7762e-01 +5.1062e-01 +2.4514e+00 +2.2454e+00 +2.9438e+00 +1.1812e+00 -3.0785e-01 -2.6499e+00
912011 0 +1.265192097e+01 +1.703719210e+02 +1.703719210e+02 -2.6719e+00 +4.1087e-01 +1.1175e+00 +7.3976e-01 +1.2280e+00 +1.3154e+00 +2.7827e+00 -2.5039e+00 -1.7148e+00 +6.0706e-01 -3.8281e-01 +2.2760e+00 -2.4204e+00 -1.6581e+00 +1.7384e+00 +3.9713e-01 +1.6369e+00 +9.3147e-01 +1.5814e+00 -1.7249e+00
2671594 0 +1.251526128e+01 +1.702352613e+02 +1.702352613e+02 -1.2983e+00 -2.4021e+00 +1.5630e+00 +1.8992e+00 +7.6404e-01 +1.8755e+00 +2.1734e+00 -2.6057e+00 +6.4219e-01 +8.6080e-01 -2.0874e+00 +8.3335e-01 -2.5399e+00 +1.5199e+00 +2.8227e+00 +2.2719e+00 +2.8509e+00 +1.2703e+00 +2.1703e+00 -2.2310e+00
5982241 0 +8.517772314e+00 +1.662377723e+02 +1.662377723e+02 -2.1677e+00 -1.5988e+00 +2.0883e+00 +7.4713e-01 +2.7022e+00 +1.5193e+00 +2.1089e+00 -1.5649e+00 -1.8924e+00 +7.4562e-01 -1.9204e+00 +1.4634e+00 -2.7679e+00 -2.0957e+00 +3.8770e-01 +1.1578e+00 +4.4103e-01 +2.1056e+00 +2.7346e+00 -2.1010e+00
% f evaluations | g evaluations | best noise-free fitness - Fopt (2.819000000000e+01) + sum g_i+ | measured fitness | best measured fitness or single-digit g-values | x1 | x2...
1 0 +5.574636114e+01 +8.393636114e+01 +8.393636114e+01 +7.7415e-01 +2.1951e-01 +2.4843e+00 -4.2822e-02 +9.3380e-01 +2.0843e+00 +2.5317e+00 +2.5128e+00 -1.4216e+00 +7.5836e-01 -2.8592e+00 -5.3132e-01 +2.1662e+00 -2.7729e-01 +7.4415e-01 -1.3027e-01 -2.5975e+00 +1.8487e-01 -2.5945e+00 +7.0495e-01
7 0 +4.656227434e+01 +7.475227434e+01 +7.475227434e+01 +1.4935e+00 -2.5458e+00 +4.2037e-01 +1.7743e+00 +2.3698e-01 +1.6310e-01 -1.1813e+00 -1.5024e+00 -2.0306e+00 -7.9841e-01 -1.2743e+00 -2.6856e+00 +1.6520e+00 -1.5722e+00 -1.6468e+00 +1.6063e+00 +9.0981e-01 -7.2591e-01 -2.8805e+00 +1.1678e+00
10 0 +4.145064517e+01 +6.964064517e+01 +6.964064517e+01 +1.3312e+00 +1.9319e+00 +2.1355e+00 +4.7787e-01 +2.9417e+00 -1.1140e+00 -6.6926e-01 -1.3247e+00 -2.7385e+00 +2.3496e+00 +1.6146e+00 -1.9837e+00 +2.5438e+00 -2.4712e+00 -1.8218e+00 -2.0799e+00 -9.9449e-02 +2.9837e+00 -3.4570e-01 +2.3867e+00
11 0 +3.533317255e+01 +6.352317255e+01 +6.352317255e+01 +1.8296e+00 -3.7852e-01 +5.1563e-01 -2.4996e+00 -3.5192e-02 +9.8953e-01 -2.9428e+00 -2.6517e+00 -2.5638e+00 -1.5227e+00 -2.2729e+00 +5.8444e-01 +1.3916e-01 -1.3302e+00 +2.6126e+00 -2.8920e+00 -2.0585e+00 +3.3113e-01 +2.1478e+00 -1.3619e+00
18 0 +3.120487694e+01 +5.939487694e+01 +5.939487694e+01 +1.6193e+00 +6.7913e-01 -2.2452e+00 -2.0876e+00 +2.1879e+00 -2.1897e+00 -1.1255e+00 -1.0010e+00 +1.7315e+00 -2.5074e+00 +1.2530e+00 -1.2356e+00 +6.0416e-01 +2.9969e+00 +1.3393e+00 +2.6023e+00 -2.0275e+00 -1.1306e+00 +2.9096e+00 +1.2610e+00
49 0 +2.413064625e+01 +5.232064625e+01 +5.232064625e+01 +2.1890e+00 -2.0336e+00 -1.8757e+00 +2.0199e+00 +1.6761e+00 +1.6672e+00 -1.0917e+00 -2.8352e+00 +6.5423e-02 +7.8185e-01 -4.1643e-01 +2.5906e-01 -7.0640e-01 +1.1210e+00 +1.6026e+00 +2.7669e+00 -1.2327e+00 -2.2249e+00 +1.6056e+00 -1.2762e+00
65 0 +1.951686453e+01 +4.770686453e+01 +4.770686453e+01 +5.0872e-01 +2.9506e+00 +4.7847e-01 -1.7776e+00 -9.8360e-01 -1.5979e+00 -7.8639e-01 +2.5398e+00 -1.0804e+00 -1.5141e+00 -1.8772e+00 -2.2839e+00 -8.7873e-01 -1.1647e-01 +1.9089e+00 +1.9113e+00 -2.5414e+00 +1.8396e+00 +2.6130e+00 +1.6867e+00
237 0 +1.879530793e+01 +4.698530793e+01 +4.698530793e+01 +4.4901e-01 -1.8063e+00 -1.1808e+00 +2.0559e+00 -4.6745e-01 +3.3771e-01 +1.5701e+00 -1.4294e-01 -1.0313e+00 -1.7609e+00 -1.5181e+00 -2.7464e+00 -3.0538e-01 -1.1658e+00 +2.8775e+00 -9.6101e-01 +1.5961e+00 -1.5482e+00 +2.0664e+00 -7.4174e-01
320 0 +1.607433472e+01 +4.426433472e+01 +4.426433472e+01 +1.2911e+00 +1.1023e+00 +1.7249e+00 +1.8524e+00 +9.8020e-02 +2.6307e-01 +1.6428e+00 -1.9077e+00 -1.2053e+00 +1.1584e+00 -4.0307e-01 -1.4727e+00 +1.6380e+00 -8.9068e-01 +7.5716e-01 +1.6785e+00 -1.6903e+00 +2.0303e+00 +2.4312e+00 +2.2798e+00
1705 0 +1.511775919e+01 +4.330775919e+01 +4.330775919e+01 +1.4237e-01 -1.3367e+00 +1.1398e+00 +2.6179e+00 +1.6832e-01 -2.7377e+00 -2.8890e+00 -2.5839e+00 -8.7082e-01 -2.9307e+00 +5.0007e-01 -2.2443e+00 -1.5564e+00 -3.7285e-01 +1.2288e+00 +4.5481e-01 -2.6420e+00 -1.9266e+00 +2.2612e+00 -1.1308e+00
1712 0 +1.114765085e+01 +3.933765085e+01 +3.933765085e+01 +2.4896e+00 -2.7102e+00 +1.1048e+00 +1.5966e+00 +2.4702e+00 -1.9646e+00 +1.2604e+00 -1.1359e+00 -1.5037e+00 +8.4975e-01 -7.8548e-01 -2.5963e+00 -3.1248e-01 +1.3475e+00 +2.3008e+00 +2.0235e+00 -1.1875e+00 -1.7812e+00 +9.8335e-01 +8.5854e-01
14004 0 +8.931641375e+00 +3.712164138e+01 +3.712164138e+01 +2.6843e+00 -5.2474e-01 +8.4096e-01 +2.9756e+00 +1.6526e+00 -1.6891e+00 -1.3335e+00 -2.3197e+00 -2.1093e+00 -2.6169e-01 -1.2111e+00 -1.9347e+00 -1.0153e+00 +8.2130e-01 +1.2306e+00 +2.0562e-02 -1.5265e+00 -2.5518e+00 +5.8890e-01 -1.4457e+00
61049 0 +8.260166033e+00 +3.645016603e+01 +3.645016603e+01 +6.3565e-01 +4.5058e-01 -2.2827e+00 +1.8898e+00 -6.6305e-01 -2.0512e+00 +8.1309e-01 -1.9877e+00 -2.2102e+00 +6.0342e-01 -9.6561e-01 -1.6987e+00 +1.5001e+00 +2.5443e+00 +2.6608e+00 +2.2386e+00 -2.1254e+00 -1.7094e+00 +1.0267e+00 +2.0829e+00
181512 0 +7.246577460e+00 +3.543657746e+01 +3.543657746e+01 +2.8640e+00 -2.6683e-01 -1.2890e+00 +3.7783e-02 -1.4274e-01 -2.0049e+00 -1.9388e-01 -2.2073e-01 -2.9026e+00 -7.9862e-01 -1.3885e+00 -2.4586e+00 -1.4640e-01 -1.8478e+00 +1.3224e+00 +6.9474e-01 -2.8253e+00 -1.0723e+00 +6.9840e-01 +4.0450e-01
274846 0 +5.138918304e+00 +3.332891830e+01 +3.332891830e+01 +6.2988e-01 -1.3314e+00 -1.9126e+00 +2.5250e+00 +5.1457e-01 -2.9162e+00 -1.3488e+00 -1.6859e+00 -5.6501e-01 +1.4710e+00 -1.9559e+00 -1.5646e+00 -3.7295e-01 -5.6479e-01 +2.6004e+00 +6.7702e-01 -2.7604e+00 -1.7135e+00 +1.7173e+00 -4.1421e-01
10872783 0 +5.085899814e+00 +3.327589981e+01 +3.327589981e+01 +2.8146e+00 +6.2416e-01 +7.6671e-01 +2.4939e+00 -2.5198e-01 -2.7840e+00 -1.3566e+00 +7.3702e-01 -1.8033e+00 +1.9889e-01 -8.6119e-01 -2.1864e+00 -6.4935e-02 +1.8433e+00 +3.5125e-01 +4.2226e-01 -2.5757e+00 -1.3873e+00 +2.8299e+00 +8.3418e-01
12682375 0 +4.836242637e+00 +3.302624264e+01 +3.302624264e+01 +2.4580e+00 -1.5440e+00 -1.7968e-01 +2.2412e+00 +7.5001e-01 -2.9664e+00 -1.0268e+00 +4.0532e-01 -1.9712e+00 -6.2378e-01 -1.5742e+00 -1.4775e+00 +7.4683e-01 +9.1659e-01 +1.0600e+00 -4.1934e-01 -2.8603e+00 -1.9141e+00 +2.0339e+00 -1.5671e+00
% f evaluations | g evaluations | best noise-free fitness - Fopt (-9.925000000000e+01) + sum g_i+ | measured fitness | best measured fitness or single-digit g-values | x1 | x2...
1 0 +1.245710577e+02 +2.532105767e+01 +2.532105767e+01 -1.2863e-02 +1.7293e-01 +2.9486e+00 +2.6609e+00 +2.2144e+00 -1.1465e+00 -4.3867e-01 -2.6535e+00 +1.8633e-01 -7.2268e-01 -2.0694e+00 -8.9736e-02 +1.8125e+00 -2.0375e+00 -1.8665e+00 +1.1978e+00 +2.5824e+00 +1.9430e+00 -7.1511e-01 +1.7022e+00
2 0 +5.714639081e+01 -4.210360919e+01 -4.210360919e+01 -1.4411e+00 +5.4790e-01 +1.5499e+00 +1.7538e+00 +1.8807e+00 +2.9726e+00 +2.1822e+00 +6.6815e-01 -1.6272e+00 -6.3382e-01 -2.6698e+00 +1.8987e+00 +2.2249e+00 +4.4932e-01 +2.5832e+00 +3.0007e-01 -2.1857e+00 +1.3001e+00 +5.5144e-01 -2.1673e+00
7 0 +4.234818505e+01 -5.690181495e+01 -5.690181495e+01 +9.3059e-01 -2.9448e+00 -2.1278e+00 -8.9852e-01 +2.6534e+00 +3.7987e-01 +1.3540e+00 +1.7755e+00 -7.9601e-01 +2.8324e+00 +1.3209e-01 -2.4235e+00 +1.0562e+00 -2.7561e+00 +1.9738e+00 +5.4097e-01 +5.5013e-01 -2.0520e+00 +2.8936e+00 +1.2086e+00
26 0 +2.517100871e+01 -7.407899129e+01 -7.407899129e+01 +8.2109e-01 -2.6069e+00 +4.6678e-01 +2.2278e+00 +2.2022e+00 +3.0565e-01 -2.2220e+00 +3.5947e-01 +8.1745e-01 -2.0989e+00 +8.5797e-01 -9.5494e-01 -1.8716e+00 +1.4728e+00 -5.6044e-01 +2.3088e+00 +1.8442e+00 +6.6905e-01 +2.3682e+00 +1.8854e-01
4461 0 +2.414754633e+01 -7.510245367e+01 -7.510245367e+01 +1.5533e+00 -1.8287e+00 +1.8696e-01 -4.4434e-01 +1.8229e+00 +1.4595e+00 -1.2492e+00 +7.1134e-01 -9.9769e-01 -1.6060e+00 -2.0755e+00 -4.8834e-01 +1.0637e+00 +7.4549e-01 -1.1051e+00 +2.4886e+00 +1.1957e+00 +2.5528e+00 +8.6465e-01 +2.2903e+00
5321 0 +2.301340265e+01 -7.623659735e+01 -7.623659735e+01 +7.4549e-01 -9.3981e-01 -1.6710e-01 +2.8651e+00 +1.5799e+00 +7.6779e-01 +8.5052e-01 +1.9881e+00 +4.0859e-01 -1.2282e-01 +9.3248e-01 +1.1231e+00 -8.4018e-01 -1.3120e+00 +2.0748e-01 -1.2940e-01 +4.9280e-01 +2.2139e+00 +2.0188e+00 -1.3908e+00
6378 0 +2.171790812e+01 -7.753209188e+01 -7.753209188e+01 +2.4379e+00 -2.0174e+00 +1.6855e+00 -7.6750e-01 +2.2218e+00 +2.1302e+00 +6.8882e-01 +2.9464e+00 -1.8997e+00 -4.0067e-01 +6.2239e-02 -2.2493e+00 +1.4397e+00 +1.9709e+00 +2.6905e+00 +1.9724e+00 +3.4382e-01 +1.2317e+00 +2.3064e+00 -2.2089e+00
8762 0 +1.656794552e+01 -8.268205448e+01 -8.268205448e+01 +1.0591e+00 -2.2665e+00 -6.4133e-01 +2.1678e+00 +2.2697e+00 +2.4077e-01 +1.9124e+00 +2.7475e+00 -1.1132e+00 -1.9791e+00 -1.6656e+00 +5.7525e-02 -5.8179e-01 +1.8032e-02 -4.7779e-01 -6.0052e-01 +2.1319e+00 +2.9412e+00 +1.4110e+00 -2.9498e-01
71498 0 +1.536393174e+01 -8.388606826e+01 -8.388606826e+01 +1.2393e+00 -2.6962e+00 +3.9091e-01 +2.5811e-01 +2.6513e+00 +1.1685e+00 -6.6876e-01 +2.4908e+00 -6.8795e-01 -2.5809e+00 -2.0598e+00 -2.0872e+00 -1.6366e+00 -2.6900e+00 -8.8653e-01 -7.4560e-01 +1.9747e+00 +2.4708e+00 -6.7864e-01 +2.5864e+00
229743 0 +1.356267678e+01 -8.568732322e+01 -8.568732322e+01 +1.8552e+00 -2.6583e+00 +1.9616e+00 +2.7092e+00 +1.1873e+00 +2.8339e+00 +1.5016e+00 +2.4094e+00 +3.9193e-01 -1.6251e+00 +1.8019e+00 -6.2456e-01 -9.2432e-01 -2.7367e+00 +8.1051e-03 -2.2370e+00 +2.2221e+00 +2.8807e+00 +1.7557e+00 +1.6725e+00
492941 0 +1.132896398e+01 -8.792103602e+01 -8.792103602e+01 +1.6895e+00 -2.4836e+00 -1.1482e+00 +1.6710e+00 +1.9206e+00 +1.8159e+00 -6.0967e-02 +2.6207e+00 +4.4626e-02 -1.2024e+00 -1.3694e-01 +6.6526e-01 -2.2176e+00 -1.3694e+00 +3.7248e-01 -7.9323e-01 +2.6419e+00 +2.5308e+00 +2.3755e+00 +1.7426e+00
873718 0 +9.837491619e+00 -8.941250838e+01 -8.941250838e+01 +1.3418e+00 -2.2878e+00 -2.2284e+00 +2.8366e+00 +2.7909e+00 -4.5156e-01 -6.1339e-01 +2.9000e+00 +2.3083e-01 -1.4652e+00 -1.9521e+00 -2.0760e+00 -1.1447e+00 -1.7719e+00 +1.6007e+00 -1.3702e+00 +2.0067e+00 +2.2184e+00 +2.9769e+00 -5.9628e-01
4302531 0 +9.226430765e+00 -9.002356923e+01 -9.002356923e+01 -8.4659e-01 -2.0802e+00 +1.6867e+00 +1.3145e+00 +2.4506e+00 +1.3476e+00 +8.9628e-01 +2.6112e+00 +1.7629e+00 -1.5642e+00 -5.4727e-01 -2.8842e+00 -2.5843e+00 -2.5661e+00 +2.9695e+00 +1.7060e+00 +1.8390e+00 +1.3667e+00 +2.9898e+00 +2.5321e+00
9661866 0 +8.867087317e+00 -9.038291268e+01 -9.038291268e+01 +8.1369e-01 -1.9134e+00 +1.4043e+00 +2.0116e+00 +2.2147e+00 -5.7174e-01 +2.4728e+00 +2.6990e+00 -1.4179e+00 -7.2061e-01 -2.5958e-01 -1.2466e+00 -1.6970e+00 -2.2115e+00 +1.1176e-01 +1.7700e+00 +1.4875e+00 -2.2586e-01 +2.6034e+00 +2.8775e+00
