% function evaluation | noise-free fitness - Fopt (2.997000000000e+01) | best noise-free fitness - Fopt | measured fitness | best measured fitness | x1 | x2...
1 +2.539938144e+03 +2.539938144e+03 +2.569908144e+03 +2.569908144e+03 +2.8121e-01 -4.2143e+00 +4.7986e+00 -1.0519e+00 +1.7121e+00 -3.6976e+00 -2.9681e+00 +3.9886e+00 -2.9578e+00 +1.6993e+00
2 +2.065300018e+03 +2.065300018e+03 +2.095270018e+03 +2.095270018e+03 -2.7905e+00 -2.8438e-01 -4.3043e+00 -2.0996e+00 +1.2476e+00 -4.0548e+00 +1.3290e+00 -4.0139e+00 +2.7328e+00 +4.7318e+00
3 +1.756938430e+03 +1.756938430e+03 +1.786908430e+03 +1.786908430e+03 -3.3109e+00 -2.5946e+00 +1.6135e+00 -3.2186e+00 -1.8812e+00 +4.3145e+00 +3.0215e+00 -2.8899e+00 +3.8842e+00 -1.2370e+00
8 +1.489427596e+03 +1.489427596e+03 +1.519397596e+03 +1.519397596e+03 +3.5688e+00 -1.3044e+00 -3.4848e+00 -2.5837e-01 +4.8969e+00 -3.2739e+00 -3.4751e+00 -3.3078e+00 +4.8119e+00 -1.7280e+00
10 +1.380161566e+03 +1.380161566e+03 +1.410131566e+03 +1.410131566e+03 +1.1813e+00 -4.8587e+00 -2.3688e+00 -4.1031e+00 +3.3646e+00 +3.6936e+00 +1.5343e+00 -3.1881e+00 +3.4918e+00 -3.6827e+00
83 +1.254684925e+03 +1.254684925e+03 +1.284654925e+03 +1.284654925e+03 -9.1107e-01 -4.2457e+00 -3.7648e+00 +2.4780e+00 -9.0861e-01 +3.9175e+00 -4.7696e+00 -3.1251e+00 +1.9074e+00 +2.4838e+00
129 +1.070861962e+03 +1.070861962e+03 +1.100831962e+03 +1.100831962e+03 -9.7156e-01 -8.3314e-01 +7.7599e-01 -2.8138e+00 +4.5608e+00 +1.3895e+00 -1.1627e+00 -2.6948e+00 -1.4460e+00 -3.2998e-01
381 +8.492930403e+02 +8.492930403e+02 +8.792630403e+02 +8.792630403e+02 -2.8553e+00 -8.7043e-01 -4.7380e+00 -6.5950e-01 +1.5793e-01 +1.3705e+00 -3.1914e+00 -2.5956e+00 +2.7384e+00 -1.9397e+00
420 +6.050607966e+02 +6.050607966e+02 +6.350307966e+02 +6.350307966e+02 +4.6715e-01 -4.8538e-01 -4.4300e+00 -3.5950e+00 +5.2856e-02 +4.7421e+00 -2.3682e+00 -2.9489e+00 +2.6333e+00 -3.8114e+00
2506 +5.668213613e+02 +5.668213613e+02 +5.967913613e+02 +5.967913613e+02 +1.0834e+00 -2.3295e+00 -4.2392e+00 -2.4261e+00 +2.9833e+00 +2.7300e+00 -2.0701e+00 -2.6327e+00 -1.0342e+00 -7.8700e-01
21555 +4.287133045e+02 +4.287133045e+02 +4.586833045e+02 +4.586833045e+02 +1.9392e+00 -2.1559e+00 -1.6818e+00 -1.5557e+00 +4.3768e+00 +8.9493e-01 -4.8107e+00 -3.6797e+00 -6.2514e-01 +7.4899e-01
619565 +3.570767979e+02 +3.570767979e+02 +3.870467979e+02 +3.870467979e+02 +1.0963e+00 -9.2688e-01 -4.4236e+00 -2.6445e+00 +4.3137e+00 +3.7919e+00 -4.9299e+00 -3.5269e+00 +9.8666e-01 -1.4240e+00
739838 +3.529072073e+02 +3.529072073e+02 +3.828772073e+02 +3.828772073e+02 +1.5222e+00 -2.0093e+00 -1.8699e+00 -1.3824e+00 +3.8683e+00 +3.2046e+00 -3.6858e+00 -2.8525e+00 -6.7198e-01 +2.8445e-01
821715 +3.106516661e+02 +3.106516661e+02 +3.406216661e+02 +3.406216661e+02 +3.4582e-01 -2.6550e+00 -4.7831e+00 -2.3888e+00 +1.4122e+00 +4.6367e+00 -4.3670e+00 -2.6280e+00 +5.0217e-01 -2.3714e+00
1514815 +2.952196001e+02 +2.952196001e+02 +3.251896001e+02 +3.251896001e+02 +1.5967e+00 -1.7894e+00 -2.8510e+00 -1.8274e+00 +4.7474e+00 +1.9127e+00 -4.6694e+00 -2.8584e+00 +9.7724e-01 -1.2372e+00
7076994 +2.802736129e+02 +2.802736129e+02 +3.102436129e+02 +3.102436129e+02 +9.2348e-01 -1.2568e+00 -3.2618e+00 -2.3593e+00 +2.3485e+00 +2.5514e+00 -4.3834e+00 -3.1502e+00 -9.8265e-02 -4.7025e-01
13990979 +2.122497078e+02 +2.122497078e+02 +2.422197078e+02 +2.422197078e+02 +1.2175e+00 -1.4844e+00 -3.9021e+00 -2.3687e+00 +3.6267e+00 +3.5184e+00 -3.6730e+00 -2.7271e+00 +3.1156e-02 -2.9268e+00
28152637 +2.020855406e+02 +2.020855406e+02 +2.320555406e+02 +2.320555406e+02 +7.7022e-01 -1.4797e+00 -4.4348e+00 -2.5155e+00 +2.1190e+00 +3.5636e+00 -4.3933e+00 -2.6027e+00 +1.2612e+00 -1.5205e+00
% function evaluation | noise-free fitness - Fopt (-5.171000000000e+01) | best noise-free fitness - Fopt | measured fitness | best measured fitness | x1 | x2...
1 +2.104354570e+03 +2.104354570e+03 +2.052644570e+03 +2.052644570e+03 -4.7767e+00 -4.9993e-01 -3.8766e+00 -2.3505e+00 +5.9896e-02 +2.2533e+00 -4.2257e+00 -3.2126e+00 -9.2226e-01 +9.0197e-01
3 +1.363245835e+03 +1.363245835e+03 +1.311535835e+03 +1.311535835e+03 +4.0177e+00 -5.7454e-02 -4.4132e-01 +5.4268e-01 -3.4341e-01 +1.5263e+00 -1.4053e+00 +1.8180e-01 +3.4707e-01 +4.0106e+00
13 +1.300608880e+03 +1.300608880e+03 +1.248898880e+03 +1.248898880e+03 +3.7556e+00 -3.8013e+00 -4.5515e+00 -5.1089e-01 +2.2084e+00 -4.1937e+00 +1.5972e-01 +8.7783e-01 -2.2116e+00 +3.5556e+00
40 +6.957967820e+02 +6.957967820e+02 +6.440867820e+02 +6.440867820e+02 +4.8103e+00 -3.2189e-01 -3.7801e+00 -2.1687e+00 -6.9829e-01 -9.4644e-01 -3.7138e+00 -5.4080e-01 -1.0063e+00 +1.6982e-01
14350 +5.661168150e+02 +5.661168150e+02 +5.144068150e+02 +5.144068150e+02 +1.6237e+00 +2.9571e+00 -2.9696e+00 -1.4474e+00 -1.6095e-01 -1.5360e+00 -3.3783e+00 +2.3453e+00 -4.6762e+00 +1.5709e+00
28536 +4.597486325e+02 +4.597486325e+02 +4.080386325e+02 +4.080386325e+02 +2.7465e+00 +2.0832e+00 -4.7367e+00 -3.0849e+00 +1.1012e+00 +1.1251e+00 -3.6098e+00 +1.6188e+00 -4.0753e+00 +8.0031e-01
43622 +4.120972611e+02 +4.120972611e+02 +3.603872611e+02 +3.603872611e+02 +4.9695e+00 +1.3246e+00 -4.4611e+00 -2.6797e+00 +8.8951e-01 +1.8871e+00 -3.7712e+00 +2.7374e+00 -2.4225e+00 -1.3425e+00
191055 +2.848717023e+02 +2.848717023e+02 +2.331617023e+02 +2.331617023e+02 +1.7872e+00 +4.1954e+00 -3.0846e+00 -3.0056e+00 +1.2001e+00 +3.3758e-01 -3.4975e+00 +3.4464e+00 -3.7876e+00 +1.0358e+00
9491635 +2.808823801e+02 +2.808823801e+02 +2.291723801e+02 +2.291723801e+02 +3.3370e+00 +3.8641e+00 -1.8514e+00 -4.7271e+00 +3.4913e-01 +3.2554e+00 -3.4788e+00 +3.1073e+00 -4.4697e+00 +7.9746e-01
29517423 +2.448441001e+02 +2.448441001e+02 +1.931341001e+02 +1.931341001e+02 +3.6061e+00 +2.0919e+00 -4.3007e+00 -1.9335e+00 +1.3829e+00 +8.0097e-01 -3.4307e+00 +2.6771e+00 -2.8187e+00 -7.3452e-02
73727631 +2.158046054e+02 +2.158046054e+02 +1.640946054e+02 +1.640946054e+02 +2.2943e+00 +2.7282e+00 -4.0671e+00 -3.6962e+00 +1.4246e+00 +2.3195e+00 -3.6980e+00 +3.0117e+00 -3.1963e+00 +3.4008e-01
% function evaluation | noise-free fitness - Fopt (-2.799500000000e+02) | best noise-free fitness - Fopt | measured fitness | best measured fitness | x1 | x2...
1 +2.047637409e+03 +2.047637409e+03 +1.767687409e+03 +1.767687409e+03 +1.1840e+00 +1.5518e+00 -4.0556e-01 +9.8283e-01 -2.4076e+00 -1.5746e+00 -4.3408e+00 +2.6959e+00 +3.4293e+00 -4.3760e+00
5 +1.517154232e+03 +1.517154232e+03 +1.237204232e+03 +1.237204232e+03 -2.4239e+00 +2.1814e+00 -1.6938e+00 -2.8240e+00 +3.5090e-02 -4.5183e+00 -9.2474e-01 -1.7663e+00 +1.8011e+00 -7.3090e-01
43 +1.311155905e+03 +1.311155905e+03 +1.031205905e+03 +1.031205905e+03 -1.9141e+00 -3.2045e+00 -9.8412e-01 -4.0493e+00 +7.7668e-01 -7.3379e-01 -1.4538e-01 -1.9824e+00 -1.8709e+00 -4.9179e+00
118 +1.165735764e+03 +1.165735764e+03 +8.857857642e+02 +8.857857642e+02 +3.7452e-01 -2.8614e+00 +3.1206e+00 -4.0395e+00 -1.8246e+00 -4.4411e+00 +2.0476e+00 -4.5776e-01 +9.8299e-01 -1.5221e+00
224 +8.362933266e+02 +8.362933266e+02 +5.563433266e+02 +5.563433266e+02 -3.1650e+00 -2.8323e+00 +2.4669e+00 +1.3481e+00 -2.4706e+00 +1.5139e+00 +3.8741e-01 +1.3193e-01 +1.4597e+00 -2.8218e+00
2319 +7.314578498e+02 +7.314578498e+02 +4.515078498e+02 +4.515078498e+02 -3.2504e+00 -1.0662e+00 +1.8503e-01 -6.2974e-01 -2.4588e+00 -4.2749e-01 -1.3559e+00 +5.9492e-01 -1.7639e+00 -2.5846e+00
2780 +5.128868079e+02 +5.128868079e+02 +2.329368079e+02 +2.329368079e+02 -3.6835e+00 -7.9702e-01 +3.9821e+00 +5.0001e-01 -4.9956e+00 -1.7397e+00 -1.4881e-01 +3.6459e-01 +7.4207e-01 -1.6347e+00
40297 +4.386064987e+02 +4.386064987e+02 +1.586564987e+02 +1.586564987e+02 -2.5837e+00 -4.8614e+00 +3.2540e+00 -1.3929e+00 -3.1108e+00 -4.0450e+00 -1.0400e+00 -1.6763e+00 +1.7173e-01 -3.6587e+00
228240 +3.744447103e+02 +3.744447103e+02 +9.449471032e+01 +9.449471032e+01 -2.2745e+00 -1.9974e+00 +2.7177e+00 -1.8803e+00 -4.1990e+00 -3.2550e+00 -6.4332e-01 -4.1981e-01 +1.3212e+00 -3.3874e+00
414953 +3.345524730e+02 +3.345524730e+02 +5.460247296e+01 +5.460247296e+01 -3.9406e+00 -3.2614e+00 +2.3772e+00 -1.1371e+00 -3.2924e+00 -2.1499e+00 -6.1171e-01 +1.4119e+00 +1.8942e+00 -2.9491e+00
4898976 +3.136165027e+02 +3.136165027e+02 +3.366650269e+01 +3.366650269e+01 -2.3876e+00 -4.0999e+00 +3.6385e+00 -3.7057e-01 -3.0471e+00 -3.0287e+00 -1.6555e+00 -1.4433e-01 +2.1980e+00 -4.3005e+00
18912254 +2.891455757e+02 +2.891455757e+02 +9.195575677e+00 +9.195575677e+00 -3.9781e+00 -1.9131e+00 +1.2910e+00 -1.0706e+00 -3.8507e+00 -2.3306e+00 -5.7350e-01 +1.5482e+00 +6.2791e-01 -2.7573e+00
44654841 +2.768336307e+02 +2.768336307e+02 -3.116369349e+00 -3.116369349e+00 -3.1993e+00 -3.8634e+00 +3.8550e+00 -5.8732e-01 -4.4704e+00 -2.7568e+00 -7.4479e-01 +3.2536e-01 +1.3299e+00 -3.5993e+00
56569073 +2.647134878e+02 +2.647134878e+02 -1.523651220e+01 -1.523651220e+01 -3.2739e+00 -2.8569e+00 +3.6013e+00 -1.0960e+00 -3.6654e+00 -2.8683e+00 -1.9185e+00 +1.5037e-01 +1.5479e+00 -2.6295e+00
% function evaluation | noise-free fitness - Fopt (9.319900000000e+02) | best noise-free fitness - Fopt | measured fitness | best measured fitness | x1 | x2...
1 +1.466670930e+03 +1.466670930e+03 +2.398660930e+03 +2.398660930e+03 +3.4924e+00 -5.1649e-01 -2.4675e-01 -4.3846e+00 +7.8036e-01 -4.5968e+00 +1.6074e-01 -1.4491e+00 -3.1903e+00 -2.1740e+00
3 +1.279823801e+03 +1.279823801e+03 +2.211813801e+03 +2.211813801e+03 -3.0049e+00 +1.5929e-01 +3.9468e+00 +2.8006e+00 +5.0953e-02 +2.0085e+00 -1.4393e+00 -1.1502e+00 -1.9026e+00 +4.9051e+00
78 +1.146157629e+03 +1.146157629e+03 +2.078147629e+03 +2.078147629e+03 -1.4702e+00 +1.1012e+00 +2.5243e+00 +3.0990e+00 -2.4435e+00 -1.5326e+00 +3.9052e-01 -1.4853e+00 -1.8150e+00 +2.4145e+00
132 +9.255525117e+02 +9.255525117e+02 +1.857542512e+03 +1.857542512e+03 +3.5855e-01 +2.4191e+00 +1.9338e+00 -1.0985e-01 +2.1466e+00 +9.7972e-01 +4.9888e-01 -2.9613e+00 -4.2459e+00 -8.8702e-02
502 +8.158006481e+02 +8.158006481e+02 +1.747790648e+03 +1.747790648e+03 +1.7426e+00 +1.4028e+00 +2.5223e+00 +5.7606e-01 +4.6791e+00 +2.0623e+00 +2.3499e+00 -3.4677e+00 -3.0343e+00 +3.2458e+00
1648 +7.900771118e+02 +7.900771118e+02 +1.722067112e+03 +1.722067112e+03 -4.1938e-02 +2.9972e+00 +3.2564e+00 +2.9084e-01 +2.3915e+00 -3.4203e+00 -1.9819e-01 -3.7666e+00 -9.0861e-01 +3.6476e+00
2562 +7.136323345e+02 +7.136323345e+02 +1.645622335e+03 +1.645622335e+03 +3.4482e+00 +2.6186e+00 +3.1321e+00 -2.3783e+00 +3.9785e+00 -2.3615e+00 +1.9576e+00 -1.9201e+00 -1.8691e+00 +1.3124e-01
3034 +7.014611892e+02 +7.014611892e+02 +1.633451189e+03 +1.633451189e+03 +2.6304e+00 -1.3113e+00 +3.8119e+00 -5.9143e-01 -3.1358e-01 -4.3269e+00 +2.6125e+00 -2.6593e+00 -2.0149e+00 +1.4371e+00
5016 +4.583534512e+02 +4.583534512e+02 +1.390343451e+03 +1.390343451e+03 +2.7964e-01 +6.8313e-01 +3.4820e+00 +4.1433e-01 +3.6395e+00 -1.8970e+00 +1.6327e+00 -3.2060e+00 -2.4289e-01 +1.5683e+00
219932 +4.411596278e+02 +4.411596278e+02 +1.373149628e+03 +1.373149628e+03 +2.6510e+00 +3.5398e-02 +2.2368e+00 -1.6374e+00 +1.4570e+00 -2.3832e+00 +3.7347e+00 -4.3950e+00 -1.5327e+00 +9.4656e-01
366749 +4.033368437e+02 +4.033368437e+02 +1.335326844e+03 +1.335326844e+03 +3.1786e+00 +5.8554e-01 +3.0262e+00 +4.2298e-01 +3.4243e+00 -4.0102e+00 +3.3064e+00 -2.0907e+00 -1.5458e+00 +3.1340e+00
787709 +3.662205556e+02 +3.662205556e+02 +1.298210556e+03 +1.298210556e+03 +3.1891e+00 -5.8620e-01 +4.4208e+00 -5.2454e-01 +4.3876e+00 -4.1725e+00 +3.6964e+00 -1.7643e+00 -1.3885e+00 +2.9191e-01
1102296 +3.014994568e+02 +3.014994568e+02 +1.233489457e+03 +1.233489457e+03 +1.1277e+00 +1.6904e+00 +3.6800e+00 -5.9557e-01 +3.9294e+00 -2.8942e+00 +2.2371e+00 -3.5493e+00 -1.3553e+00 +2.4253e+00
2860144 +2.744619671e+02 +2.744619671e+02 +1.206451967e+03 +1.206451967e+03 +2.2562e+00 +1.4853e+00 +2.8735e+00 -9.2157e-01 +2.0069e+00 -2.6636e+00 +3.1406e+00 -4.0074e+00 -1.5980e+00 +3.0848e+00
3361557 +2.446454415e+02 +2.446454415e+02 +1.176635442e+03 +1.176635442e+03 +2.1568e+00 +1.1043e+00 +3.7813e+00 +3.1972e-01 +3.6635e+00 -1.9092e+00 +2.6902e+00 -3.5362e+00 -2.1334e+00 +2.5838e+00
% function evaluation | noise-free fitness - Fopt (1.133100000000e+02) | best noise-free fitness - Fopt | measured fitness | best measured fitness | x1 | x2...
1 +2.273459353e+03 +2.273459353e+03 +2.386769353e+03 +2.386769353e+03 +3.2227e+00 -4.7418e+00 -4.6715e+00 +1.2503e+00 +1.6672e+00 +1.5242e+00 -4.5783e+00 -2.8951e+00 -3.0608e+00 +1.9933e+00
2 +1.927810095e+03 +1.927810095e+03 +2.041120095e+03 +2.041120095e+03 -1.3650e+00 +4.7445e+00 -2.1838e-01 +3.3371e+00 +3.5016e+00 +2.7803e+00 -4.7164e+00 -3.5116e+00 +3.6923e+00 +3.5912e+00
4 +1.872196284e+03 +1.872196284e+03 +1.985506284e+03 +1.985506284e+03 +1.0693e+00 +1.6808e+00 +4.2178e-01 +6.3149e-01 +2.7320e-02 -7.6173e-01 -2.2159e+00 -1.1725e+00 -4.8019e+00 +2.6846e+00
8 +1.715879552e+03 +1.715879552e+03 +1.829189552e+03 +1.829189552e+03 +1.0884e+00 -6.1469e-01 +3.8705e+00 +3.1614e+00 -3.2513e+00 -2.3474e+00 +3.3398e+00 +6.1005e-01 +1.9553e-02 +9.0814e-01
13 +1.531085628e+03 +1.531085628e+03 +1.644395628e+03 +1.644395628e+03 -2.0018e+00 -1.2283e+00 +3.6367e+00 +3.9639e+00 +2.8108e+00 +2.2191e+00 +1.7074e+00 -4.1962e-01 +8.4239e-01 +3.6832e+00
23 +1.393338034e+03 +1.393338034e+03 +1.506648034e+03 +1.506648034e+03 +2.5574e+00 +2.5737e+00 +2.0772e+00 -2.4534e+00 -1.0013e+00 -1.3734e+00 +1.9127e+00 +1.3812e+00 +2.3030e+00 -4.6960e+00
41 +1.351617064e+03 +1.351617064e+03 +1.464927064e+03 +1.464927064e+03 +1.2232e+00 +3.6476e+00 +3.4956e+00 +4.3694e+00 -2.6815e+00 +4.7361e+00 +2.0385e+00 -2.2010e+00 +4.5327e+00 -2.3455e+00
51 +1.130750938e+03 +1.130750938e+03 +1.244060938e+03 +1.244060938e+03 -5.8623e-01 -1.5146e+00 -2.2921e+00 -3.3769e+00 +3.4542e+00 +1.8577e-01 -4.6993e-01 -2.6956e+00 -5.1695e-01 -3.2946e+00
53 +1.066399500e+03 +1.066399500e+03 +1.179709500e+03 +1.179709500e+03 +2.5422e+00 -3.3820e+00 -4.3175e-01 +2.0768e+00 +4.1817e+00 -1.7678e+00 +1.3013e-02 -1.6405e+00 +4.0388e+00 -3.9417e-01
204 +1.043088802e+03 +1.043088802e+03 +1.156398802e+03 +1.156398802e+03 +4.0267e+00 +2.4492e+00 +1.8344e+00 -6.8748e-01 +3.2585e+00 -6.1373e-01 -2.1447e+00 +2.5723e-01 +2.3764e+00 -1.9932e+00
253 +9.851360367e+02 +9.851360367e+02 +1.098446037e+03 +1.098446037e+03 +3.6893e+00 +2.2120e+00 +3.7097e+00 -8.4968e-01 -4.8476e-01 -9.6419e-01 -1.7083e+00 -1.5976e+00 -7.0302e-01 -1.6493e+00
564 +9.664857206e+02 +9.664857206e+02 +1.079795721e+03 +1.079795721e+03 +1.1949e-01 +1.1752e+00 -1.2195e+00 +2.0594e+00 -1.9557e+00 -2.1382e+00 +3.0019e+00 -9.0733e-01 +4.1388e+00 -2.6124e+00
752 +9.532316596e+02 +9.532316596e+02 +1.066541660e+03 +1.066541660e+03 -1.3794e+00 +1.6499e+00 -4.3615e+00 +4.6067e+00 +3.5298e+00 -6.2206e-01 +1.5645e+00 +6.8730e-01 +3.2361e+00 +1.7423e+00
1028 +9.191659526e+02 +9.191659526e+02 +1.032475953e+03 +1.032475953e+03 +1.6354e+00 +1.4435e-01 -2.1318e+00 -7.0872e-01 -2.7868e-01 +1.2250e+00 +2.4035e+00 -8.3499e-01 +3.1569e+00 -2.5010e+00
1462 +8.626532507e+02 +8.626532507e+02 +9.759632507e+02 +9.759632507e+02 +2.4646e+00 +2.2658e+00 +4.2998e+00 -3.8002e+00 -2.2619e+00 +4.2122e+00 +1.1288e+00 -3.6048e+00 +2.6488e+00 -8.7779e-01
1868 +7.179889903e+02 +7.179889903e+02 +8.312989903e+02 +8.312989903e+02 +2.0521e+00 +2.6093e+00 +1.0519e+00 +1.6832e+00 +1.5667e+00 -6.8985e-01 +1.2470e+00 +3.2904e-02 +1.4641e+00 -9.2982e-01
2039 +5.893927651e+02 +5.893927651e+02 +7.027027651e+02 +7.027027651e+02 +2.5916e+00 +2.4053e+00 +6.0696e-01 +8.2258e-01 +1.0505e+00 +2.8178e+00 +3.2557e-01 -1.5675e+00 +1.5983e+00 -3.3536e-01
18907 +5.657325802e+02 +5.657325802e+02 +6.790425802e+02 +6.790425802e+02 +2.9218e+00 +1.9214e+00 -1.2480e+00 +8.4684e-01 +2.6143e+00 -1.6735e+00 +7.2502e-01 -1.2644e+00 +7.1378e-01 +5.0006e-01
50928 +5.337191657e+02 +5.337191657e+02 +6.470291657e+02 +6.470291657e+02 +1.6808e+00 +3.8329e+00 +1.5797e+00 +5.1015e-01 +2.2657e+00 -1.7612e+00 -1.2356e+00 -1.9863e+00 +4.3766e+00 -1.1557e+00
69824 +4.447009057e+02 +4.447009057e+02 +5.580109057e+02 +5.580109057e+02 +3.2925e+00 +3.7550e+00 +3.0247e-02 +1.4356e+00 +2.0820e+00 -7.2074e-02 -1.7130e+00 -5.5531e-01 +3.4481e+00 +9.7906e-01
165099 +4.253419521e+02 +4.253419521e+02 +5.386519521e+02 +5.386519521e+02 +2.9197e+00 +3.0945e+00 +7.9414e-01 +4.7803e-01 +2.6105e-01 +3.4478e-01 +9.1033e-01 -1.1048e+00 +3.1546e+00 +2.8529e-01
457076 +3.282792397e+02 +3.282792397e+02 +4.415892397e+02 +4.415892397e+02 +2.1866e+00 +4.5490e+00 +2.6079e+00 -5.6921e-02 -1.3634e+00 -1.4221e+00 -3.8230e-01 -1.2145e+00 +2.9959e+00 -1.6312e+00
1260107 +2.632830384e+02 +2.632830384e+02 +3.765930384e+02 +3.765930384e+02 +2.1998e+00 +3.8378e+00 +1.7783e+00 +1.6114e-01 -1.2993e+00 +2.7186e-01 -7.7326e-01 -2.2127e+00 +4.1475e+00 -1.1063e+00
6398897 +2.516919384e+02 +2.516919384e+02 +3.650019384e+02 +3.650019384e+02 +2.2474e+00 +3.1335e+00 -1.2121e+00 +1.4966e+00 +2.2329e+00 -1.6267e+00 -4.4576e-01 -1.2971e+00 +1.9427e+00 -2.3487e-01
29258410 +2.480711262e+02 +2.480711262e+02 +3.613811262e+02 +3.613811262e+02 +2.6046e+00 +3.8451e+00 +9.9424e-01 -5.1967e-01 -1.7441e-01 -2.2543e-02 -9.2384e-01 -1.6815e+00 +3.5923e+00 -1.6184e+00
44084877 +2.378801714e+02 +2.378801714e+02 +3.511901714e+02 +3.511901714e+02 +2.0816e+00 +2.8969e+00 +1.8060e+00 -4.6988e-01 +2.2068e-01 -8.2154e-01 -4.5968e-01 -2.2008e+00 +2.1219e+00 -7.7144e-01
55194045 +2.134416230e+02 +2.134416230e+02 +3.267516230e+02 +3.267516230e+02 +1.8330e+00 +3.4245e+00 -7.6082e-01 +1.2309e+00 +2.3277e+00 -1.9952e+00 -6.5504e-01 -1.6464e+00 +3.3702e+00 -2.0046e-02
% function evaluation | noise-free fitness - Fopt (-1.223200000000e+02) | best noise-free fitness - Fopt | measured fitness | best measured fitness | x1 | x2...
1 +2.193355465e+03 +2.193355465e+03 +2.071035465e+03 +2.071035465e+03 +1.7270e+00 +2.4877e+00 -2.6775e+00 -3.5493e+00 +1.4693e+00 +1.8995e+00 +1.1887e+00 +3.7890e+00 -4.2280e+00 +2.3826e+00
2 +1.729825793e+03 +1.729825793e+03 +1.607505793e+03 +1.607505793e+03 +1.5321e+00 -3.6921e+00 -8.5994e-01 -9.0033e-01 -3.4662e+00 +1.4854e+00 +1.6348e+00 +1.8026e-01 +1.9512e+00 -2.8131e-01
7 +1.536225936e+03 +1.536225936e+03 +1.413905936e+03 +1.413905936e+03 -2.4983e+00 +9.4704e-01 -3.8892e+00 -3.0054e+00 +3.7230e+00 -1.2701e-01 -8.4712e-01 -1.1417e+00 +4.9683e+00 -4.7035e+00
25 +1.414757282e+03 +1.414757282e+03 +1.292437282e+03 +1.292437282e+03 -1.7451e-01 -1.0462e+00 -1.2763e+00 -1.3714e+00 +4.8701e+00 -9.8024e-02 +3.6390e+00 +2.1227e+00 +6.5752e-01 +1.7485e-01
54 +1.352832558e+03 +1.352832558e+03 +1.230512558e+03 +1.230512558e+03 +1.4091e+00 -4.7813e+00 -4.8522e+00 -1.6060e+00 +3.5125e+00 +9.8869e-02 -2.9649e+00 +1.1195e+00 +2.6954e+00 -3.0992e+00
90 +1.169270517e+03 +1.169270517e+03 +1.046950517e+03 +1.046950517e+03 -4.2658e+00 +2.4066e-01 -2.9941e+00 +2.1249e+00 +2.5553e+00 +4.3710e-01 +2.3413e+00 +1.8241e+00 +3.6645e+00 -9.4487e-02
204 +8.738021566e+02 +8.738021566e+02 +7.514821566e+02 +7.514821566e+02 +1.7733e+00 +8.1420e-01 -1.0527e+00 +1.4345e+00 +1.1608e+00 +4.4238e+00 -3.3039e-01 -3.9793e+00 +1.8396e+00 -3.6996e+00
1343 +8.154386625e+02 +8.154386625e+02 +6.931186625e+02 +6.931186625e+02 -3.3046e+00 +3.5307e+00 -9.4431e-01 -2.3203e+00 +3.2737e+00 +4.0401e+00 -1.1016e+00 -3.9357e+00 +5.0539e-01 -2.5825e+00
2079 +7.874095525e+02 +7.874095525e+02 +6.650895525e+02 +6.650895525e+02 -1.8293e+00 -4.9554e+00 -1.9536e+00 +3.1123e+00 +3.8733e+00 +1.9427e+00 +2.0527e+00 -1.0422e+00 +3.5511e+00 -5.6161e-01
4941 +7.622490346e+02 +7.622490346e+02 +6.399290346e+02 +6.399290346e+02 -2.0148e+00 -4.1790e+00 -2.3922e+00 +4.6430e+00 +1.7086e-01 -1.1462e+00 -2.3892e+00 +2.9727e+00 +3.1381e+00 -1.6869e+00
5552 +7.069537265e+02 +7.069537265e+02 +5.846337265e+02 +5.846337265e+02 +3.6015e+00 -3.3502e+00 -3.3954e+00 +4.7316e-01 +4.1819e+00 +1.5894e+00 +3.2917e-01 -1.3523e+00 +8.5922e-01 -2.9728e+00
13137 +4.703818783e+02 +4.703818783e+02 +3.480618783e+02 +3.480618783e+02 -3.1297e+00 -1.1816e+00 -2.1134e+00 +1.3575e+00 +3.3276e+00 +1.2577e+00 +2.5815e-01 -1.7837e+00 +2.5885e+00 -3.1983e+00
221813 +4.487137596e+02 +4.487137596e+02 +3.263937596e+02 +3.263937596e+02 -1.7438e+00 -2.4435e+00 -1.6322e+00 +1.1621e-01 +1.2307e+00 +1.5747e+00 +1.2454e+00 -2.4398e+00 +1.8075e+00 -4.1301e+00
678316 +3.476077369e+02 +3.476077369e+02 +2.252877369e+02 +2.252877369e+02 -6.1465e-01 -1.4543e+00 -2.6391e+00 +8.3641e-01 +3.2682e+00 +2.2647e+00 +5.0417e-01 -1.9612e+00 +2.3796e+00 -2.9268e+00
1525333 +2.884642375e+02 +2.884642375e+02 +1.661442375e+02 +1.661442375e+02 -5.2768e-01 -4.5585e+00 -2.9735e+00 +1.7391e+00 +3.5625e+00 +1.4344e+00 -1.1667e-01 -5.9138e-01 +2.1547e+00 -3.4675e+00
9129835 +2.810352789e+02 +2.810352789e+02 +1.587152789e+02 +1.587152789e+02 -1.6508e+00 -4.0955e+00 -1.3898e+00 +3.1049e+00 +1.8848e+00 +1.0272e+00 +3.0417e-01 -5.9677e-02 +2.4433e+00 -3.3379e+00
15676625 +2.686448895e+02 +2.686448895e+02 +1.463248895e+02 +1.463248895e+02 -2.1140e+00 -2.5865e+00 -1.6899e+00 +8.2514e-01 +3.1847e+00 +1.2299e+00 -4.4267e-01 -1.3735e+00 +1.9260e+00 -3.5473e+00
31248780 +2.304246316e+02 +2.304246316e+02 +1.081046316e+02 +1.081046316e+02 -4.4014e-01 -4.9999e+00 -2.4470e+00 +2.7075e+00 +2.8861e+00 +8.3085e-01 -4.6882e-01 +2.6063e-04 +2.9077e+00 -3.8740e+00
% function evaluation | noise-free fitness - Fopt (1.556000000000e+01) | best noise-free fitness - Fopt | measured fitness | best measured fitness | x1 | x2...
1 +2.268798083e+03 +2.268798083e+03 +2.284358083e+03 +2.284358083e+03 +4.9675e+00 -4.5636e+00 -9.4888e-01 -6.4041e-01 -1.3041e-01 -2.9225e+00 +4.1916e+00 +2.1471e+00 -7.6427e-01 +4.9796e-02
3 +1.323458847e+03 +1.323458847e+03 +1.339018847e+03 +1.339018847e+03 -4.6812e+00 -4.6544e+00 +4.6248e+00 -1.7383e+00 +2.5011e+00 +1.7267e+00 -1.4278e+00 +2.9382e+00 +1.0914e+00 -5.8068e-02
44 +1.237375803e+03 +1.237375803e+03 +1.252935803e+03 +1.252935803e+03 -4.0726e+00 -2.8226e+00 +4.9705e+00 -2.6580e+00 +2.5674e+00 -9.5345e-01 -1.0575e+00 -3.6312e+00 +2.6003e+00 -3.2663e+00
45 +1.125874600e+03 +1.125874600e+03 +1.141434600e+03 +1.141434600e+03 -2.0222e-01 -1.4418e+00 +3.1996e+00 +2.3436e+00 +3.4009e+00 +4.3167e+00 -1.6754e+00 +2.4629e+00 +3.3547e+00 +2.5632e+00
84 +6.810950547e+02 +6.810950547e+02 +6.966550547e+02 +6.966550547e+02 -2.2366e+00 -3.8977e+00 +2.8039e+00 -2.7620e+00 +2.4586e+00 +2.4202e+00 +6.6186e-01 -2.1651e+00 +1.7688e+00 -1.3181e+00
2468 +6.071778708e+02 +6.071778708e+02 +6.227378708e+02 +6.227378708e+02 +9.9331e-01 -1.2463e+00 +1.8157e+00 -2.0826e+00 +1.8540e+00 +4.0456e+00 -1.5469e+00 -1.5054e+00 +3.1489e+00 -2.0497e+00
4802 +5.195341856e+02 +5.195341856e+02 +5.350941856e+02 +5.350941856e+02 -2.2317e+00 -3.5841e-01 +2.5878e+00 -1.0999e+00 +3.1805e+00 +8.0305e-02 -1.6293e-01 +1.3669e+00 +9.8128e-01 +6.4323e-02
48741 +4.986406258e+02 +4.986406258e+02 +5.142006258e+02 +5.142006258e+02 -1.1186e+00 -1.4165e-03 +2.3057e+00 +1.0290e+00 +1.2895e+00 +1.3946e+00 -2.1411e+00 -8.2687e-01 +2.6805e+00 -1.3716e-01
84802 +3.960835831e+02 +3.960835831e+02 +4.116435831e+02 +4.116435831e+02 -1.2958e+00 -1.4692e+00 +2.9176e+00 +1.9447e+00 +1.8325e+00 +1.2395e+00 -1.9676e+00 -3.3303e-01 +2.4354e+00 -9.6954e-01
1056286 +3.056443544e+02 +3.056443544e+02 +3.212043544e+02 +3.212043544e+02 -7.5531e-01 -1.1740e+00 +2.9853e+00 -9.5823e-01 +2.3414e+00 +2.4072e+00 -1.4824e+00 +7.0004e-01 +2.2125e+00 -6.4669e-01
7301929 +2.493246258e+02 +2.493246258e+02 +2.648846258e+02 +2.648846258e+02 -6.9938e-01 -1.7475e+00 +2.5153e+00 -9.4203e-01 +2.8829e+00 +2.2470e+00 -7.2079e-01 -2.4989e-01 +3.6646e+00 -2.2781e+00
46270182 +2.420882462e+02 +2.420882462e+02 +2.576482462e+02 +2.576482462e+02 -1.4142e+00 -9.5270e-01 +2.4300e+00 -2.3323e+00 +3.0394e+00 +2.2435e+00 -7.2155e-01 -6.5977e-01 +2.0793e+00 -8.9874e-01
64554138 +2.100672511e+02 +2.100672511e+02 +2.256272511e+02 +2.256272511e+02 -1.1148e+00 -1.2907e+00 +2.3550e+00 +1.4181e-01 +3.2870e+00 +1.1048e+00 -1.3572e+00 +6.4800e-01 +2.6953e+00 -1.3331e+00
% function evaluation | noise-free fitness - Fopt (1.000000000000e+03) | best noise-free fitness - Fopt | measured fitness | best measured fitness | x1 | x2...
1 +2.149843916e+03 +2.149843916e+03 +3.149843916e+03 +3.149843916e+03 +1.3791e+00 +4.3001e+00 +1.8998e+00 -3.9689e+00 +1.2716e+00 -1.7226e+00 -3.2390e-01 +3.0402e+00 +1.7536e+00 -2.9274e+00
2 +1.675178232e+03 +1.675178232e+03 +2.675178232e+03 +2.675178232e+03 -1.5204e+00 -4.9532e+00 -2.7485e+00 +9.9951e-01 +2.0394e+00 -3.1811e+00 +2.5257e+00 -1.5081e+00 +2.0854e+00 +1.8178e-01
9 +1.411714537e+03 +1.411714537e+03 +2.411714537e+03 +2.411714537e+03 -4.4603e+00 +7.0257e-01 -2.1216e+00 +2.4442e+00 -1.2906e+00 +3.1280e+00 +3.7251e+00 +1.4570e+00 -3.2123e+00 -8.3080e-01
46 +1.202153321e+03 +1.202153321e+03 +2.202153321e+03 +2.202153321e+03 +9.5031e-01 -3.8726e+00 +3.8069e-01 +1.8262e+00 +2.1754e+00 +3.0260e+00 +2.6252e-03 -9.2572e-01 -1.6497e+00 -3.8917e+00
324 +1.124934890e+03 +1.124934890e+03 +2.124934890e+03 +2.124934890e+03 -4.5014e+00 -2.7712e+00 +3.1380e+00 +2.9206e+00 -5.9588e-01 -4.7582e+00 +3.8509e+00 +3.3825e+00 -6.9368e-01 -3.0954e+00
343 +1.054379140e+03 +1.054379140e+03 +2.054379140e+03 +2.054379140e+03 +1.2818e+00 -9.8668e-01 +1.1745e+00 +3.3245e+00 +9.2406e-01 +3.1440e+00 +4.4864e+00 -5.4238e-01 +2.3017e+00 -1.1136e+00
410 +9.677798768e+02 +9.677798768e+02 +1.967779877e+03 +1.967779877e+03 +3.5007e+00 -1.5486e+00 +1.3749e+00 +1.5457e+00 +1.0948e+00 +4.5929e+00 +2.1978e+00 +1.9961e+00 -8.1424e-01 -8.4814e-01
1091 +7.445371183e+02 +7.445371183e+02 +1.744537118e+03 +1.744537118e+03 -2.5779e+00 -3.8503e+00 -8.5205e-01 -6.7423e-01 +1.1809e+00 +2.0173e+00 +3.0314e+00 +2.7627e+00 -2.8830e+00 -2.2044e+00
1857 +7.308116321e+02 +7.308116321e+02 +1.730811632e+03 +1.730811632e+03 -1.9131e-02 -4.0738e+00 -9.2240e-01 +3.4840e+00 -7.3439e-01 +6.2615e-01 +3.0112e+00 +1.0878e+00 -3.1422e-01 -3.0343e+00
5049 +7.016157079e+02 +7.016157079e+02 +1.701615708e+03 +1.701615708e+03 +1.9870e+00 -2.5205e+00 -6.6580e-01 +3.9465e+00 -4.1769e-01 +2.7893e+00 +3.2157e+00 +2.7951e+00 -3.5051e+00 +2.0682e+00
13903 +6.226080967e+02 +6.226080967e+02 +1.622608097e+03 +1.622608097e+03 +1.2852e+00 -3.3729e+00 -7.7707e-02 +1.9495e+00 +2.0751e+00 +3.4256e+00 +3.3382e+00 +2.6689e+00 +4.1939e-01 -9.1550e-01
19150 +5.793545558e+02 +5.793545558e+02 +1.579354556e+03 +1.579354556e+03 +1.5369e+00 -4.6172e+00 +1.6626e+00 +4.3369e+00 +6.2746e-01 +2.5439e+00 +2.5785e+00 +2.4807e+00 -2.7116e+00 -6.3838e-01
27201 +4.713343029e+02 +4.713343029e+02 +1.471334303e+03 +1.471334303e+03 -2.3910e+00 +1.3936e-01 +2.0520e+00 +2.0667e+00 -7.1454e-01 -4.1141e-01 +3.2280e+00 +1.7115e+00 -1.1936e+00 -1.3002e+00
418861 +4.208681897e+02 +4.208681897e+02 +1.420868190e+03 +1.420868190e+03 -2.2008e+00 -2.0663e+00 +1.7232e+00 +2.9264e+00 -2.1682e+00 -1.0527e-02 +4.1925e+00 +3.7224e+00 -3.6494e+00 -2.3985e+00
1570904 +3.843289119e+02 +3.843289119e+02 +1.384328912e+03 +1.384328912e+03 +6.4402e-01 -2.9654e+00 -1.7130e-01 +4.5413e+00 +1.3707e+00 +2.5892e+00 +4.3771e+00 +3.3338e+00 -4.3334e+00 -8.3163e-02
1988618 +3.647384493e+02 +3.647384493e+02 +1.364738449e+03 +1.364738449e+03 -2.1201e+00 -3.9058e-01 +2.2781e+00 +1.2319e+00 -2.4603e+00 -4.7685e-01 +3.3343e+00 +3.6127e+00 -1.9916e+00 -2.7347e+00
3328278 +3.589061652e+02 +3.589061652e+02 +1.358906165e+03 +1.358906165e+03 +1.6716e-01 -4.5056e+00 -9.8222e-01 +3.6339e+00 -5.2252e-01 +8.8531e-01 +2.5780e+00 +3.3857e+00 -3.9382e+00 +2.6599e-01
5057437 +3.400938672e+02 +3.400938672e+02 +1.340093867e+03 +1.340093867e+03 -9.9374e-02 -3.0583e+00 +1.7519e+00 +3.5218e+00 -1.3739e-01 +1.6206e+00 +3.4048e+00 +2.6767e+00 -1.8263e+00 -1.2330e+00
6476337 +3.042850268e+02 +3.042850268e+02 +1.304285027e+03 +1.304285027e+03 -6.6486e-01 -2.8630e+00 -1.2772e+00 +3.5199e+00 +7.3448e-01 +1.6796e+00 +1.9138e+00 +2.8598e+00 -4.5961e+00 -2.6801e-01
6601701 +2.859336285e+02 +2.859336285e+02 +1.285933629e+03 +1.285933629e+03 +1.2727e-01 -2.8759e+00 -9.1645e-01 +3.2683e+00 +8.7329e-01 +2.1267e+00 +2.7846e+00 +2.7262e+00 -2.2806e+00 -1.7039e+00
6983858 +2.809305967e+02 +2.809305967e+02 +1.280930597e+03 +1.280930597e+03 +1.3134e+00 -3.8756e+00 -2.9136e+00 +4.8373e+00 +2.3213e+00 +3.8539e+00 +1.8410e+00 +2.6462e+00 -4.3762e+00 +9.1479e-01
7848296 +2.398276644e+02 +2.398276644e+02 +1.239827664e+03 +1.239827664e+03 -1.3305e+00 -1.8285e+00 +1.3559e+00 +2.8571e+00 -5.8012e-01 +5.1959e-02 +3.3020e+00 +3.5200e+00 -3.5036e+00 -1.3368e+00
% function evaluation | noise-free fitness - Fopt (1.177400000000e+02) | best noise-free fitness - Fopt | measured fitness | best measured fitness | x1 | x2...
1 +2.362651312e+03 +2.362651312e+03 +2.480391312e+03 +2.480391312e+03 -3.8201e+00 +1.6519e+00 +1.2695e+00 -3.0750e-01 +9.6392e-01 -2.8438e+00 +1.9525e+00 +3.0158e+00 +2.0290e+00 +6.5723e-01
3 +1.094513800e+03 +1.094513800e+03 +1.212253800e+03 +1.212253800e+03 +5.1262e-01 -4.4994e+00 -2.9889e+00 +3.1914e+00 -3.7537e+00 -2.2637e+00 -4.3375e+00 -7.2002e-01 -3.9497e-01 -4.0895e+00
10 +7.227453817e+02 +7.227453817e+02 +8.404853817e+02 +8.404853817e+02 +3.2179e+00 -2.1098e+00 -2.8015e+00 +4.9918e+00 +1.2403e-01 -4.7792e-01 -6.7563e-01 +1.1852e+00 +6.7137e-01 -4.6521e-01
2111 +6.592027946e+02 +6.592027946e+02 +7.769427946e+02 +7.769427946e+02 +5.5014e-01 -1.6922e+00 -2.2488e+00 +4.4617e+00 -7.5709e-01 +2.2236e+00 -6.7259e-01 +1.2190e+00 +3.2775e+00 -1.7030e+00
19054 +5.941222753e+02 +5.941222753e+02 +7.118622753e+02 +7.118622753e+02 +2.3183e+00 -9.8782e-01 -1.9612e+00 +2.4290e+00 +3.3959e-01 +2.9788e-01 -2.9235e+00 -6.5264e-01 +3.2657e+00 -3.6854e+00
29096 +5.638109049e+02 +5.638109049e+02 +6.815509049e+02 +6.815509049e+02 -4.4967e-01 -4.2312e+00 -3.9746e+00 +3.8317e+00 +3.0324e-02 -3.0030e+00 -3.6353e-01 +4.2908e+00 +6.1160e-01 +7.4311e-01
83137 +3.463108061e+02 +3.463108061e+02 +4.640508061e+02 +4.640508061e+02 +1.2671e+00 -2.7935e+00 -3.8631e+00 +3.5911e+00 -1.2290e-02 +2.9837e-02 -1.2781e+00 +1.3512e+00 +1.6613e+00 -1.4936e+00
1558799 +3.367477661e+02 +3.367477661e+02 +4.544877661e+02 +4.544877661e+02 +2.4424e+00 -2.9007e+00 -3.6000e+00 +3.1271e+00 -1.8545e-01 -3.9685e-01 -9.1393e-01 +8.6539e-01 +2.8938e+00 -1.8963e+00
4379290 +3.280135955e+02 +3.280135955e+02 +4.457535955e+02 +4.457535955e+02 +3.4547e+00 -3.7438e+00 -2.3552e+00 +2.9588e+00 -6.3961e-01 +1.1250e-01 -1.6758e+00 +1.3700e-01 +3.3831e+00 -3.6058e+00
8434998 +3.146714695e+02 +3.146714695e+02 +4.324114695e+02 +4.324114695e+02 +3.4324e+00 -1.7389e+00 -2.7823e+00 +3.4833e+00 -4.0384e-01 +7.2755e-01 -1.1307e+00 +1.1426e+00 +3.4405e+00 -3.6286e+00
16367277 +2.982134379e+02 +2.982134379e+02 +4.159534379e+02 +4.159534379e+02 +1.0784e+00 -2.9952e+00 -4.9389e+00 +3.5048e+00 +1.0052e+00 -9.3779e-01 -1.7320e+00 +2.5091e+00 +2.8686e+00 -5.3649e-01
17369222 +2.901226630e+02 +2.901226630e+02 +4.078626630e+02 +4.078626630e+02 +3.0879e+00 -2.9011e+00 -1.8164e+00 +3.8484e+00 -5.4415e-01 -6.0288e-01 -1.5627e+00 +1.4206e+00 +2.4470e+00 -1.6194e+00
35171928 +2.854160417e+02 +2.854160417e+02 +4.031560417e+02 +4.031560417e+02 +2.2811e+00 -4.0886e+00 -2.8588e+00 +3.3741e+00 -1.0396e+00 -6.2624e-01 -2.0629e+00 +1.8375e+00 +2.0176e+00 -2.4846e+00
40835224 +2.733537366e+02 +2.733537366e+02 +3.910937366e+02 +3.910937366e+02 +2.5817e+00 -3.7182e+00 -2.4373e+00 +3.9822e+00 +4.8417e-01 -1.2709e+00 -1.5522e+00 +2.2600e+00 +2.3853e+00 -2.4257e+00
69628541 +2.618122686e+02 +2.618122686e+02 +3.795522686e+02 +3.795522686e+02 +1.9473e+00 -2.6383e+00 -3.1594e+00 +4.5226e+00 +1.4611e+00 -6.0291e-01 -1.6129e+00 +1.2718e+00 +2.6871e+00 -1.4494e+00
% function evaluation | noise-free fitness - Fopt (-4.670000000000e+01) | best noise-free fitness - Fopt | measured fitness | best measured fitness | x1 | x2...
1 +1.628910241e+03 +1.628910241e+03 +1.582210241e+03 +1.582210241e+03 -9.2262e-01 +4.5466e+00 -2.3150e+00 -6.4338e-01 -3.6820e+00 -7.0418e-02 +3.5487e+00 +1.6981e+00 -2.7387e+00 -2.2846e+00
18 +1.556433000e+03 +1.556433000e+03 +1.509733000e+03 +1.509733000e+03 -1.2972e+00 -1.2185e+00 +2.9874e-01 -9.8801e-01 +7.8403e-01 +1.5770e+00 +4.5914e+00 +3.3023e-01 -2.4114e+00 +4.3016e+00
33 +1.332974013e+03 +1.332974013e+03 +1.286274013e+03 +1.286274013e+03 +9.5672e-01 +1.4476e+00 +2.2036e+00 +3.7145e+00 +1.0637e+00 -3.8889e-01 -1.7345e+00 +4.4351e+00 -3.2612e+00 +2.1383e+00
43 +1.265081212e+03 +1.265081212e+03 +1.218381212e+03 +1.218381212e+03 -4.6544e+00 +3.1061e+00 +1.3285e+00 +2.2177e+00 -3.3693e+00 +2.1998e+00 -1.0048e+00 -6.7524e-02 -4.7626e-01 +4.8399e+00
81 +8.538117899e+02 +8.538117899e+02 +8.071117899e+02 +8.071117899e+02 +1.3265e+00 +2.4214e+00 -4.9001e-02 -3.0209e+00 +1.9559e+00 +3.5548e+00 -1.0903e-01 +8.7111e-01 -2.3255e+00 -4.4622e-01
804 +7.107352753e+02 +7.107352753e+02 +6.640352753e+02 +6.640352753e+02 +3.4857e+00 +2.4681e+00 -2.6447e+00 -3.1855e+00 +2.7074e+00 +1.0690e+00 +1.3512e-01 +1.3918e+00 -2.0881e+00 +3.3964e-01
7979 +6.935261245e+02 +6.935261245e+02 +6.468261245e+02 +6.468261245e+02 -8.7773e-01 +3.2710e+00 +1.2542e+00 -1.1160e+00 -1.7605e+00 +2.0599e+00 +1.7062e+00 +4.0159e+00 -1.1593e+00 +1.5535e+00
14530 +4.572704083e+02 +4.572704083e+02 +4.105704083e+02 +4.105704083e+02 -1.3095e+00 +2.3527e+00 -2.1632e+00 -4.3977e+00 +1.6968e+00 +1.3940e+00 +2.4404e-01 +3.7868e+00 -2.1154e+00 +2.1092e-01
51408 +3.544323633e+02 +3.544323633e+02 +3.077323633e+02 +3.077323633e+02 -1.1202e+00 +3.8818e+00 -4.0330e-01 -2.9415e+00 +3.3720e+00 -2.5838e-01 -1.0936e+00 +1.0618e+00 -4.8063e+00 +1.2442e+00
114416 +3.104473569e+02 +3.104473569e+02 +2.637473569e+02 +2.637473569e+02 -2.0145e+00 +2.8600e+00 -5.4980e-02 -4.3249e+00 +3.9456e+00 -3.3486e-01 -4.3197e-01 +2.2772e+00 -4.4851e+00 +3.0887e-01
7954465 +2.503908990e+02 +2.503908990e+02 +2.036908990e+02 +2.036908990e+02 -1.6219e+00 +2.5385e+00 -2.9362e+00 -4.3511e+00 +3.5810e+00 -3.9572e-01 -7.4678e-01 +1.7932e+00 -3.4512e+00 +4.3034e-01
87007782 +2.100202448e+02 +2.100202448e+02 +1.633202448e+02 +1.633202448e+02 -2.6302e-01 +3.1519e+00 -1.9022e+00 -4.2593e+00 +3.9331e+00 -3.8044e-01 -3.9793e-01 +1.2366e+00 -3.4390e+00 +1.7203e-01
% function evaluation | noise-free fitness - Fopt (8.287000000000e+01) | best noise-free fitness - Fopt | measured fitness | best measured fitness | x1 | x2...
1 +1.449737100e+03 +1.449737100e+03 +1.532607100e+03 +1.532607100e+03 -4.4460e+00 -2.4600e+00 +1.3334e+00 +3.9775e+00 -3.9443e+00 +1.1165e+00 +1.2923e-01 +2.8234e-01 -3.9084e+00 -3.7468e+00
8 +1.434131602e+03 +1.434131602e+03 +1.517001602e+03 +1.517001602e+03 +5.1679e-01 -1.2267e+00 -2.0506e+00 -1.6262e+00 +3.9115e+00 +5.6789e-01 -1.9141e+00 +1.7496e+00 -2.7605e+00 -1.7776e+00
27 +1.306519054e+03 +1.306519054e+03 +1.389389054e+03 +1.389389054e+03 +1.4406e+00 +1.4354e+00 -1.4048e+00 -1.0623e+00 +1.1578e+00 +2.3919e+00 -3.0250e+00 +3.8100e+00 +1.9060e+00 -4.4422e+00
45 +1.286416581e+03 +1.286416581e+03 +1.369286581e+03 +1.369286581e+03 -6.5023e-01 -3.5343e+00 -2.3851e+00 +3.0577e+00 +3.4177e+00 +1.0584e+00 +4.0994e-01 +4.4036e+00 -2.8933e-01 -1.2106e+00
46 +1.145529012e+03 +1.145529012e+03 +1.228399012e+03 +1.228399012e+03 +2.4697e+00 -4.8251e+00 -5.0449e-01 +2.3093e+00 +7.6442e-02 -2.0585e+00 -3.1796e+00 +2.5333e+00 -3.6737e+00 +1.0613e+00
66 +1.088860268e+03 +1.088860268e+03 +1.171730268e+03 +1.171730268e+03 -6.8233e-01 +1.3653e+00 +3.4658e+00 +3.6729e+00 -4.0233e+00 +1.3199e+00 -2.3967e+00 -1.4613e-01 -4.9072e+00 -2.3170e+00
303 +7.458740934e+02 +7.458740934e+02 +8.287440934e+02 +8.287440934e+02 +2.1287e+00 -1.4858e+00 +2.6252e+00 +1.7172e+00 -2.1405e-01 +1.8428e+00 -4.0810e+00 +1.6787e+00 +2.9009e-01 -1.9479e+00
3903 +6.688906635e+02 +6.688906635e+02 +7.517606635e+02 +7.517606635e+02 -2.8002e-01 -1.8031e+00 +1.4746e+00 +2.8347e+00 +9.1451e-02 +1.5163e+00 -3.9708e+00 +2.9701e-01 -3.4345e+00 -4.6657e+00
8676 +4.596501360e+02 +4.596501360e+02 +5.425201360e+02 +5.425201360e+02 +2.5867e-01 -2.0156e+00 +5.5865e-01 +3.3214e+00 -4.3456e-01 +3.7853e+00 -3.2484e+00 +1.0126e+00 -2.3443e-01 -3.2850e-01
109780 +3.764299798e+02 +3.764299798e+02 +4.592999798e+02 +4.592999798e+02 -6.2265e-01 -1.4023e+00 +1.5842e-02 +2.9664e+00 +4.6315e-01 +2.9760e+00 -3.7355e+00 +7.2134e-01 -1.1445e+00 -1.6882e+00
354295 +2.022368230e+02 +2.022368230e+02 +2.851068230e+02 +2.851068230e+02 +1.1814e+00 -2.2295e+00 +1.0131e+00 +4.0811e+00 -7.4292e-01 +2.2553e+00 -3.4769e+00 +5.9050e-01 -1.9232e+00 -2.3340e-01
% function evaluation | noise-free fitness - Fopt (-1.839000000000e+01) | best noise-free fitness - Fopt | measured fitness | best measured fitness | x1 | x2...
1 +2.277477006e+03 +2.277477006e+03 +2.259087006e+03 +2.259087006e+03 +4.5430e+00 +4.6149e+00 +4.8021e+00 +1.0077e+00 -3.1442e-01 -2.2220e+00 +9.3681e-02 +4.1418e+00 +1.7920e+00 -7.0832e-01
2 +2.121142781e+03 +2.121142781e+03 +2.102752781e+03 +2.102752781e+03 -4.8381e+00 -3.3651e+00 +2.1518e+00 -4.8308e+00 -3.1258e+00 -7.1436e-01 -1.3399e+00 -1.1690e+00 -2.9090e+00 -3.4597e+00
3 +1.955535693e+03 +1.955535693e+03 +1.937145693e+03 +1.937145693e+03 +1.3255e+00 -7.8389e-01 +1.2394e-01 +3.7357e+00 +1.6801e+00 +1.8225e+00 -1.0069e-01 -1.3448e+00 +7.0276e-01 -1.4862e+00
11 +1.795021889e+03 +1.795021889e+03 +1.776631889e+03 +1.776631889e+03 +1.9979e+00 +9.9801e-02 +3.6561e-01 +1.0430e+00 -2.4498e+00 +2.0576e+00 +2.5721e+00 -2.8112e+00 +1.7495e+00 -1.9213e+00
12 +1.736700494e+03 +1.736700494e+03 +1.718310494e+03 +1.718310494e+03 +3.6964e+00 -2.3382e-01 +2.4684e+00 +1.2007e+00 -3.5652e+00 -2.7812e+00 -2.8021e+00 -2.0707e+00 +1.6319e+00 -2.7223e+00
13 +1.227416513e+03 +1.227416513e+03 +1.209026513e+03 +1.209026513e+03 +3.9458e-01 -2.8227e+00 +2.6652e+00 -4.7212e+00 -9.2202e-01 -1.6236e+00 +7.9222e-01 -3.0089e+00 +4.2746e+00 +3.3890e+00
36 +1.151413319e+03 +1.151413319e+03 +1.133023319e+03 +1.133023319e+03 +2.3022e+00 +2.5799e+00 -2.4481e+00 -3.8246e+00 -5.9273e-01 -3.8441e+00 +2.2447e+00 -2.7324e+00 +1.7183e+00 -2.4235e+00
220 +9.657626182e+02 +9.657626182e+02 +9.473726182e+02 +9.473726182e+02 -1.1227e+00 -1.3286e+00 +3.7848e+00 -1.5535e+00 +7.7901e-01 -2.7128e+00 +3.2850e+00 -3.7836e+00 -1.5965e+00 -3.6042e+00
1372 +8.999439711e+02 +8.999439711e+02 +8.815539711e+02 +8.815539711e+02 -1.8723e+00 -5.6774e-01 +4.1544e+00 -3.7747e-01 +3.1107e+00 -2.3582e+00 +1.8424e+00 -3.9837e+00 +4.7404e+00 +1.4886e+00
2542 +5.120007158e+02 +5.120007158e+02 +4.936107158e+02 +4.936107158e+02 -5.2724e-01 +3.8387e+00 +2.3643e+00 -2.8403e+00 +4.2669e-01 -1.6446e+00 +9.2054e-03 -4.5127e+00 +3.8399e+00 -1.4257e+00
44340 +4.631680273e+02 +4.631680273e+02 +4.447780273e+02 +4.447780273e+02 +1.4558e+00 +2.5160e+00 +7.2042e-01 -4.8321e+00 +1.5813e+00 -2.0578e+00 +1.2423e+00 -4.1889e+00 +1.7158e+00 -1.8140e+00
154486 +4.439781402e+02 +4.439781402e+02 +4.255881402e+02 +4.255881402e+02 -2.7203e-01 +2.7754e+00 +4.0064e+00 -4.4817e+00 +1.0205e+00 -2.6377e+00 +1.3161e+00 -4.5369e+00 +3.8663e+00 -9.6570e-01
315633 +4.015230161e+02 +4.015230161e+02 +3.831330161e+02 +3.831330161e+02 +5.3382e-01 +2.1203e+00 +2.1127e+00 -4.3465e+00 +1.1744e+00 -2.1132e+00 -4.1659e-01 -4.1241e+00 +4.2341e+00 -8.1763e-01
580842 +3.892959511e+02 +3.892959511e+02 +3.709059511e+02 +3.709059511e+02 -3.0730e-01 +2.8429e+00 +4.5430e+00 -3.9136e+00 +1.9291e+00 -2.2491e+00 -2.4774e-02 -3.4962e+00 +6.3947e-01 -1.1750e+00
1678179 +3.830616028e+02 +3.830616028e+02 +3.646716028e+02 +3.646716028e+02 -3.1593e-01 +1.9052e+00 +2.5528e+00 -3.8805e+00 +1.0094e+00 -3.7206e+00 -7.7185e-01 -4.4139e+00 -3.1170e-01 -2.5437e+00
1915484 +3.683262856e+02 +3.683262856e+02 +3.499362856e+02 +3.499362856e+02 +6.2007e-02 +3.0535e+00 +2.8936e+00 -2.2752e+00 +9.2088e-01 -2.7375e+00 +1.4688e+00 -3.4696e+00 +2.5963e+00 -1.9868e+00
2425739 +3.267085347e+02 +3.267085347e+02 +3.083185347e+02 +3.083185347e+02 +1.7713e-01 +1.5514e+00 +1.6742e+00 -3.9275e+00 +1.9077e+00 -1.3561e+00 +1.8536e+00 -4.4971e+00 +3.0827e+00 -1.3953e+00
9544248 +2.719319139e+02 +2.719319139e+02 +2.535419139e+02 +2.535419139e+02 -2.5324e-01 +2.8926e+00 +9.0673e-01 -4.9899e+00 +1.3164e+00 -1.7703e+00 +4.1192e-01 -4.0624e+00 +3.1033e+00 -1.9920e+00
44656335 +2.332861109e+02 +2.332861109e+02 +2.148961109e+02 +2.148961109e+02 -1.5233e-01 +2.7272e+00 +9.5364e-01 -3.3274e+00 +2.1397e+00 -1.9836e+00 +6.1268e-01 -4.4662e+00 +2.4365e+00 -1.6663e+00
% function evaluation | noise-free fitness - Fopt (1.426600000000e+02) | best noise-free fitness - Fopt | measured fitness | best measured fitness | x1 | x2...
1 +3.157571248e+03 +3.157571248e+03 +3.300231248e+03 +3.300231248e+03 +4.4013e+00 -4.8360e+00 +2.8530e+00 -1.3575e+00 -9.3019e-01 +4.1883e+00 +2.8878e+00 +4.8661e+00 +6.2182e-02 -4.0035e+00
2 +2.360417215e+03 +2.360417215e+03 +2.503077215e+03 +2.503077215e+03 +1.5460e+00 -2.9546e+00 -2.7967e+00 -1.2523e+00 -3.1296e+00 -1.6568e+00 +4.1014e+00 +2.0267e+00 +2.0100e+00 -2.7106e+00
3 +1.798108953e+03 +1.798108953e+03 +1.940768953e+03 +1.940768953e+03 -1.0316e+00 +3.1895e-02 +2.6437e+00 +1.3283e+00 +3.3749e+00 +3.8966e-01 -1.1160e+00 +2.4000e-01 +1.3112e-01 +2.1630e+00
6 +1.732388531e+03 +1.732388531e+03 +1.875048531e+03 +1.875048531e+03 -8.8340e-01 +1.9995e+00 +2.2381e+00 -2.9849e+00 +8.8004e-01 +2.3491e+00 -2.8110e+00 -4.4223e+00 -4.4857e+00 -8.4639e-01
7 +1.651369520e+03 +1.651369520e+03 +1.794029520e+03 +1.794029520e+03 -2.8394e-01 +3.2717e+00 -4.0763e+00 +2.7110e+00 -7.8376e-01 -5.0419e-01 -1.9739e+00 +3.4086e+00 +3.1644e+00 +3.1558e+00
16 +1.337203052e+03 +1.337203052e+03 +1.479863052e+03 +1.479863052e+03 +4.9067e+00 +1.7172e+00 -5.6911e-01 -1.6457e+00 +3.1915e+00 -3.9446e+00 -3.4581e-01 +4.1440e+00 -2.0939e+00 +1.8259e+00
31 +1.202524707e+03 +1.202524707e+03 +1.345184707e+03 +1.345184707e+03 -1.6231e+00 +4.7652e+00 +1.1176e+00 -4.6519e+00 +1.6021e+00 -2.7005e+00 -7.7774e-01 +2.3268e+00 -1.1794e+00 -3.3273e+00
91 +1.053866428e+03 +1.053866428e+03 +1.196526428e+03 +1.196526428e+03 -3.7057e+00 -5.8824e-01 -1.6991e+00 -5.3557e-01 +4.0393e+00 -3.7162e+00 -3.3413e+00 +2.9142e+00 +9.7010e-01 -6.6501e-01
97 +1.016711104e+03 +1.016711104e+03 +1.159371104e+03 +1.159371104e+03 +1.6168e+00 +1.2546e+00 -1.8707e+00 -3.4330e+00 +1.8422e+00 -2.3805e+00 -4.4312e+00 +3.9574e+00 +2.1461e+00 -1.0891e+00
167 +9.689709056e+02 +9.689709056e+02 +1.111630906e+03 +1.111630906e+03 -2.7555e+00 +2.8150e+00 -1.0480e-01 -1.7144e-01 +2.1605e+00 -2.7122e+00 -4.4312e+00 -2.5763e+00 -1.1358e+00 -2.0590e-02
462 +9.176952280e+02 +9.176952280e+02 +1.060355228e+03 +1.060355228e+03 -2.9597e+00 +4.7516e+00 -1.4126e+00 +2.1286e+00 +5.6948e-01 -2.5887e+00 -3.1772e+00 -6.3611e-01 -3.6002e+00 +7.0818e-01
616 +8.952603753e+02 +8.952603753e+02 +1.037920375e+03 +1.037920375e+03 -2.3926e+00 +1.4638e+00 -1.5907e+00 -2.1019e+00 +2.0203e+00 -3.0915e+00 -2.8089e+00 +4.2075e+00 +3.6004e+00 +9.3805e-01
1098 +8.618254953e+02 +8.618254953e+02 +1.004485495e+03 +1.004485495e+03 +2.8064e+00 +3.7194e+00 +5.2845e-01 -1.4054e+00 +1.9594e+00 -2.8316e+00 -2.6707e+00 +1.0989e-01 +2.0505e-01 +3.2717e-01
1326 +6.940117203e+02 +6.940117203e+02 +8.366717203e+02 +8.366717203e+02 -2.0949e+00 +3.4360e+00 -9.6973e-01 -4.8110e+00 +3.6623e-01 -4.4178e+00 -2.0148e+00 +1.7418e+00 +3.5793e-01 -9.8592e-01
3059 +6.463088422e+02 +6.463088422e+02 +7.889688422e+02 +7.889688422e+02 -1.3719e+00 +4.9019e+00 -2.4300e+00 -3.5946e+00 +4.5265e+00 -1.0826e+00 -1.5453e+00 -1.5926e+00 +1.3944e+00 -1.4268e+00
6840 +4.925562749e+02 +4.925562749e+02 +6.352162749e+02 +6.352162749e+02 -3.3208e+00 +3.6690e+00 -1.4093e+00 -1.7941e+00 +2.8866e+00 -3.3915e+00 -4.7009e+00 +1.1302e+00 +1.8654e+00 -2.5767e+00
84128 +4.058198438e+02 +4.058198438e+02 +5.484798438e+02 +5.484798438e+02 -2.8078e+00 +3.3153e+00 -5.4820e-01 -8.5511e-01 +3.1995e+00 -3.5351e+00 -4.1596e+00 +1.0158e-01 +2.3874e+00 -1.4850e+00
1010487 +3.848649985e+02 +3.848649985e+02 +5.275249985e+02 +5.275249985e+02 -9.3673e-01 +2.5094e+00 -2.5810e+00 -6.0571e-01 +2.9380e+00 -4.5782e-01 -3.1564e+00 +3.3517e-01 -5.5532e-01 -4.3427e-01
1717949 +3.794815341e+02 +3.794815341e+02 +5.221415341e+02 +5.221415341e+02 -4.9781e-02 +3.5650e+00 -2.6974e+00 -1.3030e+00 +3.1200e+00 -2.1520e+00 -2.9781e+00 +1.1063e-01 -1.4119e+00 -1.1356e+00
2869501 +3.516116992e+02 +3.516116992e+02 +4.942716992e+02 +4.942716992e+02 -1.3282e+00 +3.8277e+00 -7.5567e-01 -1.6826e+00 +1.0677e+00 -3.4158e+00 -2.2924e+00 +5.7254e-01 -6.2090e-01 +7.6667e-02
3044731 +3.290542643e+02 +3.290542643e+02 +4.717142643e+02 +4.717142643e+02 -1.9851e+00 +4.8690e+00 -1.6741e+00 -1.6430e+00 +1.7824e+00 -2.6802e+00 -2.7940e+00 -1.8641e-01 -1.9202e-01 -8.1546e-01
3107258 +2.853160558e+02 +2.853160558e+02 +4.279760558e+02 +4.279760558e+02 -5.7361e-01 +3.7288e+00 -1.9090e+00 +1.7136e-02 +1.4445e+00 -2.8916e+00 -3.6680e+00 +1.2746e+00 +2.0614e-01 -2.4652e-01
29694188 +2.582646903e+02 +2.582646903e+02 +4.009246903e+02 +4.009246903e+02 +6.0521e-01 +3.8158e+00 -2.6763e+00 -5.3292e-01 +3.3913e+00 -1.5499e+00 -2.4979e+00 +1.1382e-03 -6.8655e-01 -5.6836e-01
42870084 +2.488121912e+02 +2.488121912e+02 +3.914721912e+02 +3.914721912e+02 -2.2493e+00 +4.4888e+00 -1.4015e-01 -7.1427e-01 +2.1935e+00 -4.6311e+00 -3.5180e+00 +1.2643e+00 +1.7460e+00 -8.6651e-01
% function evaluation | noise-free fitness - Fopt (2.190000000000e+01) | best noise-free fitness - Fopt | measured fitness | best measured fitness | x1 | x2...
1 +1.923616068e+03 +1.923616068e+03 +1.945516068e+03 +1.945516068e+03 -2.6206e+00 -3.3698e+00 -1.5274e+00 -4.2297e+00 -2.1177e-01 -3.3428e+00 -4.0751e+00 -1.5665e-02 +1.1397e+00 -3.4366e+00
3 +1.754415071e+03 +1.754415071e+03 +1.776315071e+03 +1.776315071e+03 -1.3608e+00 -3.4233e+00 +4.8516e+00 -4.9878e+00 -6.8807e-01 -2.5585e+00 +9.7171e-01 -5.2767e-03 -8.9227e-01 -7.7202e-01
7 +1.718964529e+03 +1.718964529e+03 +1.740864529e+03 +1.740864529e+03 +4.6568e+00 +1.5589e+00 -4.0346e+00 +6.7073e-01 +4.7682e+00 -1.4324e+00 -1.9234e+00 +6.1970e-01 +4.5779e+00 +2.3245e-02
18 +1.626619267e+03 +1.626619267e+03 +1.648519267e+03 +1.648519267e+03 +1.7898e+00 -5.5368e-01 -3.2704e+00 +4.0584e+00 -1.3290e+00 -4.3014e+00 -3.5518e+00 -1.6520e+00 -2.0728e+00 +1.6257e+00
22 +1.595769170e+03 +1.595769170e+03 +1.617669170e+03 +1.617669170e+03 -6.6002e-01 -4.5257e-01 +4.5068e+00 +3.4156e+00 +4.3297e+00 +3.3807e+00 -3.5751e-01 -4.6353e-01 +1.1683e+00 +4.1048e+00
24 +1.291850905e+03 +1.291850905e+03 +1.313750905e+03 +1.313750905e+03 +1.4868e+00 +3.4959e+00 +3.2665e+00 +1.3839e+00 +5.1309e-01 +2.9152e+00 -9.1631e-01 -9.1790e-01 +4.2491e-01 -2.4395e+00
44 +1.270153772e+03 +1.270153772e+03 +1.292053772e+03 +1.292053772e+03 +4.6276e+00 -4.8161e-01 +2.8135e+00 +2.7806e+00 +5.8102e-01 -3.6675e+00 -1.7643e+00 +3.8987e+00 -2.4020e+00 +2.1791e+00
72 +1.166363926e+03 +1.166363926e+03 +1.188263926e+03 +1.188263926e+03 +1.5129e+00 -1.2869e+00 -2.6861e+00 +6.9678e-01 +2.2093e+00 +1.3410e+00 -1.0263e+00 +2.2302e-01 -7.3182e-01 +1.8840e+00
135 +9.538649145e+02 +9.538649145e+02 +9.757649145e+02 +9.757649145e+02 +1.8910e+00 +1.7410e+00 +2.2801e+00 +3.3585e+00 +2.5191e+00 +2.0705e+00 -9.5973e-01 +6.2265e-01 -6.5265e-01 -1.9496e+00
141 +9.075389905e+02 +9.075389905e+02 +9.294389905e+02 +9.294389905e+02 +3.5574e+00 -3.0363e+00 +4.6735e+00 -3.6119e-01 +3.3902e+00 -1.3643e+00 -3.0978e+00 +3.6888e+00 -2.9388e+00 -1.2085e+00
1150 +8.888168541e+02 +8.888168541e+02 +9.107168541e+02 +9.107168541e+02 +3.4252e+00 +7.4449e-01 +1.0087e+00 +1.5656e+00 +4.1154e+00 -9.6242e-01 -3.6549e-01 -3.5766e-01 +1.0068e-02 -2.2512e-02
1453 +7.623641239e+02 +7.623641239e+02 +7.842641239e+02 +7.842641239e+02 +1.6436e+00 +3.3074e-01 +3.6643e+00 +1.5408e-01 +3.5882e+00 -3.1104e-01 -1.6555e+00 +3.1976e+00 -3.9613e+00 -4.1371e-01
9479 +6.163563379e+02 +6.163563379e+02 +6.382563379e+02 +6.382563379e+02 +2.3670e+00 -3.0071e+00 +4.5858e+00 -2.8869e+00 +4.9539e+00 -1.8026e+00 -2.6944e+00 +2.9797e+00 -4.3577e+00 +1.3482e+00
52346 +5.651685209e+02 +5.651685209e+02 +5.870685209e+02 +5.870685209e+02 +3.2285e+00 -3.1502e+00 +4.6343e+00 -1.9429e+00 +4.3418e+00 +2.7418e+00 -1.9078e+00 +1.5119e+00 -2.8870e+00 -3.6995e-01
68321 +4.448750031e+02 +4.448750031e+02 +4.667750031e+02 +4.667750031e+02 +3.1989e+00 -1.0904e+00 +4.8706e+00 -6.0252e-01 +3.5778e+00 +2.4896e+00 -1.6103e+00 +2.6387e+00 -2.6332e+00 +2.0173e+00
1137683 +4.161771184e+02 +4.161771184e+02 +4.380771184e+02 +4.380771184e+02 +3.4626e+00 -1.5676e+00 +2.9591e+00 -4.4901e-02 +2.7033e+00 +7.5514e-01 -3.1515e-01 -1.9582e-01 -6.7306e-01 +2.1931e-01
1315875 +3.723211347e+02 +3.723211347e+02 +3.942211347e+02 +3.942211347e+02 +3.1403e+00 -4.4360e-01 +4.2114e+00 -1.5855e+00 +4.0405e+00 -1.3824e+00 -4.1582e+00 +4.2056e+00 -4.4228e+00 +1.1395e+00
5139904 +3.504560669e+02 +3.504560669e+02 +3.723560669e+02 +3.723560669e+02 +2.9087e+00 -4.9880e-01 +3.4273e+00 -1.9512e+00 +3.1083e+00 -7.1948e-01 -3.5981e+00 +3.0800e+00 -3.9481e+00 +2.4482e+00
8208637 +3.433523286e+02 +3.433523286e+02 +3.652523286e+02 +3.652523286e+02 +3.2859e+00 -6.7254e-01 +4.4087e+00 -1.7050e+00 +3.5381e+00 -7.5182e-01 -2.0142e+00 +1.7070e+00 -3.1914e+00 -6.1316e-01
9555968 +2.816652043e+02 +2.816652043e+02 +3.035652043e+02 +3.035652043e+02 +4.1296e+00 -1.4750e+00 +3.1487e+00 -2.8610e+00 +4.3732e+00 +4.5133e-01 -1.7089e+00 +3.5829e+00 -3.4332e+00 +1.9382e+00
11636936 +2.631077900e+02 +2.631077900e+02 +2.850077900e+02 +2.850077900e+02 +4.4442e+00 -1.2478e+00 +2.9552e+00 -2.6989e+00 +4.5985e+00 +1.9249e-01 -3.8179e+00 +4.7237e+00 -4.6926e+00 +2.8124e+00
% function evaluation | noise-free fitness - Fopt (-3.787000000000e+01) | best noise-free fitness - Fopt | measured fitness | best measured fitness | x1 | x2...
1 +1.436080097e+03 +1.436080097e+03 +1.398210097e+03 +1.398210097e+03 +9.0194e-01 -4.4664e+00 +4.3981e+00 -1.6671e+00 -2.1884e+00 -8.9110e-01 +1.6838e+00 +1.8833e-01 +3.9038e+00 -4.1973e+00
2 +9.194653751e+02 +9.194653751e+02 +8.815953751e+02 +8.815953751e+02 +3.7985e+00 +4.8293e-01 +2.8780e+00 -6.7747e-01 -4.5457e+00 +2.3957e-01 -6.7224e-01 -1.2367e+00 +8.8768e-01 -7.7425e-01
259 +8.155257070e+02 +8.155257070e+02 +7.776557070e+02 +7.776557070e+02 +1.9169e+00 +1.5935e+00 +3.0836e+00 -3.6791e+00 +4.3733e-01 +9.8213e-01 +8.1125e-01 +3.3899e+00 +4.1003e+00 -1.3334e-01
1614 +6.844051070e+02 +6.844051070e+02 +6.465351070e+02 +6.465351070e+02 +9.9017e-01 +1.0602e+00 +4.2540e+00 -6.5931e-01 +1.4704e+00 -1.7608e+00 -1.5095e+00 +3.2073e+00 +1.6299e+00 +1.2887e+00
4229 +6.024202771e+02 +6.024202771e+02 +5.645502771e+02 +5.645502771e+02 +2.1979e+00 -1.6596e+00 +3.6106e+00 -2.6152e-01 -4.3818e-01 +6.2261e-01 -1.8528e+00 +5.1409e-01 +8.8268e-01 -1.7581e-01
14789 +5.502121966e+02 +5.502121966e+02 +5.123421966e+02 +5.123421966e+02 +2.5654e+00 -7.5273e-01 +4.3760e+00 -7.8226e-01 -2.8797e-01 -1.5931e+00 -4.3882e-01 -1.7107e+00 -2.0264e+00 -1.1421e+00
41769 +5.452342577e+02 +5.452342577e+02 +5.073642577e+02 +5.073642577e+02 +3.3860e+00 +5.6963e-01 +1.7174e+00 -2.5034e+00 -7.1938e-01 -1.7061e+00 -1.3560e+00 +1.4963e+00 -1.6062e-01 +7.6398e-01
93249 +2.358409227e+02 +2.358409227e+02 +1.979709227e+02 +1.979709227e+02 +3.4118e+00 -6.8117e-01 +4.1904e+00 -2.5253e+00 +6.6173e-01 -2.0009e+00 -9.7874e-01 +9.1307e-01 +1.0969e+00 +2.4725e-02
27527925 +2.124591029e+02 +2.124591029e+02 +1.745891029e+02 +1.745891029e+02 +2.4113e+00 -7.8366e-01 +4.6864e+00 -1.2100e+00 +6.3798e-01 -1.6901e+00 -1.8910e-01 +1.2828e+00 +1.6042e+00 -3.6567e-02
