% function evaluation | noise-free fitness - Fopt (9.294000000000e+01) | best noise-free fitness - Fopt | measured fitness | best measured fitness | x1 | x2...
1 +9.831917397e+02 +9.831917397e+02 +1.076131740e+03 +1.076131740e+03 +3.2618e+00 +1.6799e+00 +1.7288e+00 -2.2479e+00 -3.9195e-01 +4.4903e+00 -3.5568e-01 -2.2380e+00 -3.1685e+00 -3.6720e+00
4 +9.463945480e+02 +9.463945480e+02 +1.039334548e+03 +1.039334548e+03 -3.9231e+00 -4.8254e+00 +2.6025e+00 +1.2646e+00 -1.6363e+00 +1.2264e+00 -8.4279e-02 -2.3600e+00 +1.0833e+00 -4.1347e+00
8 +6.027008811e+02 +6.027008811e+02 +6.956408811e+02 +6.956408811e+02 +4.6514e+00 -1.5409e+00 +5.0684e-02 +3.1846e+00 +4.7281e+00 -2.6529e+00 +4.1356e+00 -4.1705e+00 +4.4455e-01 -1.1923e+00
13 +4.416738473e+02 +4.416738473e+02 +5.346138473e+02 +5.346138473e+02 -8.5015e-02 +4.3450e+00 +3.6578e+00 -9.6589e-01 +9.4606e-01 +4.4150e+00 -8.3899e-03 -1.5747e+00 +4.6139e+00 +3.8270e+00
52 +1.081338102e+02 +1.081338102e+02 +2.010738102e+02 +2.010738102e+02 +1.7733e+00 +1.5868e+00 +1.4046e+00 +2.4978e+00 +3.1987e+00 +7.3958e-01 +9.0779e-01 +3.0773e+00 +3.5629e+00 +1.0776e+00
1047 +5.623108663e+01 +5.623108663e+01 +1.491710866e+02 +1.491710866e+02 +3.5971e+00 +2.6005e+00 +7.3667e-01 +4.1554e+00 +4.2932e+00 +7.2169e-01 +3.4578e+00 -1.5932e+00 +3.6255e+00 +1.8573e+00
3371 +4.750153810e+01 +4.750153810e+01 +1.404415381e+02 +1.404415381e+02 +3.0064e-01 -2.7759e+00 -1.2867e+00 +2.8961e+00 +3.2209e+00 +3.3357e+00 +2.9149e+00 -2.1123e+00 -2.2127e-01 +7.7780e-01
14079 +3.738192681e+01 +3.738192681e+01 +1.303219268e+02 +1.303219268e+02 -1.9984e+00 +1.5662e-01 -2.0010e-02 +1.9711e+00 +2.1523e+00 +4.0842e+00 +3.9178e-01 -2.5330e-01 +4.3668e+00 +3.1199e+00
60879 +3.065851775e+01 +3.065851775e+01 +1.235985177e+02 +1.235985177e+02 +5.1098e-01 +3.5598e-01 +5.0789e-01 +4.2600e+00 +1.0063e+00 +4.1072e+00 +9.7272e-01 -2.3185e+00 +2.5726e+00 +3.2190e+00
122628 +2.369413299e+01 +2.369413299e+01 +1.166341330e+02 +1.166341330e+02 +3.5165e+00 +1.4754e+00 -1.9755e+00 +2.7175e+00 +4.3112e+00 +1.8131e+00 +3.2035e+00 -4.9463e-01 +2.9460e+00 +1.0528e+00
620882 +1.898193630e+01 +1.898193630e+01 +1.119219363e+02 +1.119219363e+02 +1.2649e+00 +1.4662e+00 -1.4113e+00 +2.2508e+00 +3.5694e+00 +4.1604e+00 +2.5112e+00 -3.5725e+00 +2.9284e+00 +1.9293e+00
4785255 +1.138948866e+01 +1.138948866e+01 +1.043294887e+02 +1.043294887e+02 -7.7928e-03 +2.0523e+00 +5.6171e-01 +1.5189e+00 +4.1058e+00 +3.6440e+00 +3.1152e+00 -1.4633e+00 +4.4030e+00 +3.4410e+00
12738775 +8.702446555e+00 +8.702446555e+00 +1.016424466e+02 +1.016424466e+02 -8.1523e-01 +4.3209e-02 -2.2312e-01 +3.6418e+00 +2.4430e+00 +4.1060e+00 +1.6598e+00 -2.6171e+00 +4.7317e+00 +2.6165e+00
36326088 +7.731571558e+00 +7.731571558e+00 +1.006715716e+02 +1.006715716e+02 +7.8497e-01 +2.3429e+00 -5.0577e-02 +3.0919e+00 +2.7851e+00 +3.0641e+00 +2.1050e+00 -1.9028e+00 +3.4879e+00 +1.6395e+00
70386734 +5.852548224e+00 +5.852548224e+00 +9.879254822e+01 +9.879254822e+01 +1.7168e-01 +2.5128e-02 -1.0216e+00 +2.2391e+00 +3.4057e+00 +3.7250e+00 +2.3553e+00 -2.5930e+00 +4.0120e+00 +1.9618e+00
97231863 +5.453483192e+00 +5.453483192e+00 +9.839348319e+01 +9.839348319e+01 -9.5691e-01 +3.6112e-01 +7.6252e-01 +3.5683e+00 +2.5528e+00 +3.7483e+00 +7.1803e-01 -1.6798e+00 +4.3110e+00 +2.3072e+00
% function evaluation | noise-free fitness - Fopt (3.535000000000e+01) | best noise-free fitness - Fopt | measured fitness | best measured fitness | x1 | x2...
1 +2.719392183e+02 +2.719392183e+02 +3.072892183e+02 +3.072892183e+02 +4.6041e+00 +2.8639e+00 -2.4325e+00 +4.4638e+00 +3.7889e+00 -2.2910e+00 +3.9708e+00 -4.6773e+00 +4.4617e+00 -7.0119e-01
5 +2.356031230e+02 +2.356031230e+02 +2.709531230e+02 +2.709531230e+02 +9.1192e-01 +2.5711e+00 +2.7409e-01 +4.7506e+00 -3.0139e+00 +3.3061e+00 -4.5209e+00 +2.7389e+00 +4.6389e+00 -2.9999e+00
14 +1.735567877e+02 +1.735567877e+02 +2.089067877e+02 +2.089067877e+02 +2.0528e+00 +2.1200e+00 -2.3034e+00 +4.6274e+00 +2.9672e+00 +3.2356e+00 +3.0683e+00 +4.9344e+00 +1.1040e+00 -1.1011e+00
193 +1.088317893e+02 +1.088317893e+02 +1.441817893e+02 +1.441817893e+02 +3.6420e+00 +3.8540e+00 -2.5459e+00 +1.6587e+00 -4.7189e-01 -1.3987e+00 -1.6562e+00 -1.1575e-01 +1.6164e+00 -1.2457e+00
429 +5.412893380e+01 +5.412893380e+01 +8.947893380e+01 +8.947893380e+01 +2.2611e+00 +4.2055e+00 +2.5730e+00 +2.9349e+00 -2.9817e+00 -7.7547e-01 +4.2964e+00 -2.8782e+00 -5.3804e-01 -4.2915e-01
7143 +4.839660284e+01 +4.839660284e+01 +8.374660284e+01 +8.374660284e+01 +1.3887e+00 +4.5491e+00 +1.6014e+00 +3.6863e+00 -4.5883e+00 -8.2100e-01 +3.7293e+00 +5.7236e-01 +2.1133e-02 -1.1741e+00
15290 +2.749328836e+01 +2.749328836e+01 +6.284328836e+01 +6.284328836e+01 +1.9696e+00 +4.5489e+00 -2.2934e-01 +3.9210e+00 -2.8711e+00 +2.2077e+00 +2.9905e-01 +2.9887e+00 +5.4055e-01 -2.4158e+00
301063 +2.072930008e+01 +2.072930008e+01 +5.607930008e+01 +5.607930008e+01 +1.5739e-01 -5.0561e-01 +3.1641e+00 +9.2223e-01 -2.8801e+00 -3.6555e+00 +8.8766e-01 +6.0560e-01 +2.0279e+00 -1.1317e+00
1243231 +1.605061623e+01 +1.605061623e+01 +5.140061623e+01 +5.140061623e+01 +2.6415e+00 +3.6505e+00 +3.5369e-01 +2.6499e+00 -1.2983e+00 +6.1774e-01 +1.0773e+00 +1.0097e+00 +1.3634e+00 -2.0423e+00
1332473 +9.975603249e+00 +9.975603249e+00 +4.532560325e+01 +4.532560325e+01 +1.3572e+00 +2.3681e+00 +2.1635e+00 +3.5761e+00 -1.7365e+00 +5.4894e-01 +2.1393e+00 +2.0049e+00 -7.9190e-01 -1.3552e+00
34425703 +8.212408756e+00 +8.212408756e+00 +4.356240876e+01 +4.356240876e+01 +1.7681e+00 +1.8156e+00 +4.4784e+00 +1.3521e+00 -2.6798e+00 -1.7751e+00 +1.8022e+00 +5.5110e-01 +1.7136e+00 -1.7954e+00
61897565 +6.894558186e+00 +6.894558186e+00 +4.224455819e+01 +4.224455819e+01 +1.3983e+00 +2.0075e-01 +4.3343e+00 +1.2196e+00 -1.0691e+00 -1.4874e+00 +1.1803e+00 +2.4222e+00 +2.3506e+00 -1.6753e+00
% function evaluation | noise-free fitness - Fopt (3.820000000000e+00) | best noise-free fitness - Fopt | measured fitness | best measured fitness | x1 | x2...
1 +7.640245024e+02 +7.640245024e+02 +7.678445024e+02 +7.678445024e+02 +7.3915e-02 -3.3687e+00 -2.9126e+00 +4.2634e+00 +1.6847e+00 +4.7746e+00 +6.4975e-01 -3.7194e+00 +9.0957e-01 -4.1936e+00
5 +4.437577905e+02 +4.437577905e+02 +4.475777905e+02 +4.475777905e+02 +1.3629e+00 -8.1067e-01 +1.2159e+00 -3.6424e+00 -4.1123e+00 -1.8649e+00 -1.2638e+00 -3.6946e-01 -8.4623e-01 -3.2802e-01
16 +1.671323051e+02 +1.671323051e+02 +1.709523051e+02 +1.709523051e+02 -4.1444e+00 -1.8800e+00 -3.9096e-01 +1.7006e-01 +1.7567e+00 +3.1092e+00 +2.5854e+00 -4.7485e+00 +3.5258e+00 +2.5842e-01
219 +1.208952736e+02 +1.208952736e+02 +1.247152736e+02 +1.247152736e+02 +9.5258e-02 -1.9660e+00 +1.6909e+00 +4.2643e-01 -1.2977e+00 +1.0566e+00 -2.8748e+00 -1.5896e+00 +2.8079e+00 +4.5657e+00
231 +9.856519062e+01 +9.856519062e+01 +1.023851906e+02 +1.023851906e+02 +4.1352e+00 -2.2948e+00 +4.5498e+00 +4.9819e-01 +2.2074e+00 -4.1436e+00 -1.1766e-01 -2.3291e+00 -3.2805e+00 +1.8443e+00
633 +4.020808505e+01 +4.020808505e+01 +4.402808505e+01 +4.402808505e+01 +9.8933e-01 -1.0594e+00 +2.8978e+00 +1.2253e+00 +1.6925e+00 +9.3732e-01 +2.3335e-01 -2.5458e+00 +3.5786e+00 +1.8719e+00
60610 +3.570719584e+01 +3.570719584e+01 +3.952719584e+01 +3.952719584e+01 +3.0883e+00 +4.7081e-01 +2.7663e+00 -1.8617e+00 +1.0734e+00 -2.0456e+00 +1.2859e+00 -3.2103e+00 +3.3868e+00 -1.0075e+00
151947 +2.521871994e+01 +2.521871994e+01 +2.903871994e+01 +2.903871994e+01 +1.8374e+00 +3.0689e-01 +2.9443e+00 -1.3674e+00 +1.6385e+00 +1.7272e+00 +6.5035e-01 -1.8585e+00 +1.0564e+00 +1.6088e+00
508971 +2.444774063e+01 +2.444774063e+01 +2.826774063e+01 +2.826774063e+01 +1.9338e+00 -1.1347e+00 +4.2301e+00 -1.4974e+00 +2.5442e+00 +2.2835e-01 -3.8602e-03 -3.5845e+00 -6.9447e-02 +1.1258e+00
730755 +2.334733546e+01 +2.334733546e+01 +2.716733546e+01 +2.716733546e+01 +3.6890e+00 +4.9036e-01 +1.8496e+00 -2.5384e+00 +1.5871e+00 +1.7939e+00 +6.5240e-01 -2.9401e+00 -4.8024e-04 +4.4114e-01
761457 +2.287539190e+01 +2.287539190e+01 +2.669539190e+01 +2.669539190e+01 +3.6410e+00 -2.1154e+00 +3.5564e+00 +1.5276e+00 +2.0657e+00 -2.8424e+00 -6.6428e-01 -2.3020e+00 +1.5720e+00 +1.1585e+00
1214274 +1.916768470e+01 +1.916768470e+01 +2.298768470e+01 +2.298768470e+01 +3.9571e+00 +2.3060e+00 +7.3849e-01 -3.4212e+00 -1.2658e+00 +9.8606e-01 +9.4997e-02 -3.2045e+00 +2.3314e+00 -1.2567e+00
2292269 +1.786310377e+01 +1.786310377e+01 +2.168310377e+01 +2.168310377e+01 +4.8381e+00 -1.6731e+00 +3.6030e+00 +3.6126e-02 +8.5990e-01 -2.4549e+00 -1.6862e+00 -2.3284e+00 +1.0415e+00 -3.3074e-01
2346238 +1.665903264e+01 +1.665903264e+01 +2.047903264e+01 +2.047903264e+01 +4.1870e+00 +2.5133e+00 +1.1692e+00 -3.3029e+00 -1.2078e+00 +2.7117e-01 -3.6941e-01 -3.2927e+00 +1.2528e+00 -1.4592e+00
2768842 +1.124341358e+01 +1.124341358e+01 +1.506341358e+01 +1.506341358e+01 +3.0883e+00 -1.9689e+00 +4.4476e+00 -7.3619e-01 +1.3785e+00 -7.2551e-01 -9.1580e-01 -2.9590e+00 +4.9361e-01 +8.2202e-01
4320821 +1.069109571e+01 +1.069109571e+01 +1.451109571e+01 +1.451109571e+01 +2.2710e+00 +1.4662e+00 +1.7549e+00 -1.9740e+00 -3.8213e-01 +8.5744e-01 -4.0185e-01 -2.5830e+00 +2.3847e+00 +7.3873e-01
12715306 +8.744858834e+00 +8.744858834e+00 +1.256485883e+01 +1.256485883e+01 +3.0466e+00 +1.3305e+00 +1.8610e+00 -2.6078e+00 -6.7893e-01 +7.4698e-01 -3.1925e-01 -3.6120e+00 +2.3186e+00 -1.1948e+00
14926084 +8.371967819e+00 +8.371967819e+00 +1.219196782e+01 +1.219196782e+01 +4.3923e+00 +9.3930e-01 +2.8736e+00 -3.4307e+00 +7.8494e-01 -5.0131e-01 +7.0108e-01 -3.4657e+00 +8.6002e-01 -1.3693e+00
95626412 +5.745148815e+00 +5.745148815e+00 +9.565148815e+00 +9.565148815e+00 +3.3486e+00 +8.1866e-01 +2.0852e+00 -1.1605e+00 +3.6563e-01 +5.7668e-01 +2.3818e-01 -2.6007e+00 +8.0728e-01 +3.7754e-01
% function evaluation | noise-free fitness - Fopt (2.175000000000e+01) | best noise-free fitness - Fopt | measured fitness | best measured fitness | x1 | x2...
1 +6.847332037e+02 +6.847332037e+02 +7.064832037e+02 +7.064832037e+02 -4.8934e+00 +1.5762e+00 -1.2035e+00 +2.6899e+00 +4.7973e+00 +8.4754e-01 -1.1756e+00 -1.8664e+00 -3.2827e-01 -1.3563e+00
4 +1.483570018e+02 +1.483570018e+02 +1.701070018e+02 +1.701070018e+02 +3.5069e+00 +2.4352e+00 -3.6439e+00 +2.8941e+00 -1.0917e+00 +3.6625e-01 +2.2111e+00 +1.4790e-02 +3.1082e+00 +6.7121e-01
37 +1.001200934e+02 +1.001200934e+02 +1.218700934e+02 +1.218700934e+02 -1.3855e-01 +2.5533e+00 -3.2354e+00 +3.9365e+00 +2.2939e-02 -3.0621e+00 +3.7103e+00 +8.5190e-01 +1.7263e+00 +3.4300e+00
91 +8.085084752e+01 +8.085084752e+01 +1.026008475e+02 +1.026008475e+02 +2.4040e+00 +3.1852e+00 -3.4497e-01 +3.7057e-01 -3.5128e+00 -2.3527e+00 +3.1910e-01 +1.5998e-01 +2.7706e+00 +4.2744e+00
2363 +4.519499575e+01 +4.519499575e+01 +6.694499575e+01 +6.694499575e+01 -4.9479e-01 +2.9553e+00 -3.4894e+00 +1.8898e+00 +1.7632e+00 -2.0876e+00 +3.2094e+00 +2.3342e+00 +2.2740e+00 +3.6835e+00
12476 +4.164622346e+01 +4.164622346e+01 +6.339622346e+01 +6.339622346e+01 +1.4488e+00 -2.2137e+00 +4.3746e-01 +4.0681e+00 -3.5518e+00 -3.7031e+00 +4.5840e+00 +2.5982e+00 +3.6675e-01 +3.0672e+00
31610 +1.973055174e+01 +1.973055174e+01 +4.148055174e+01 +4.148055174e+01 +1.4331e+00 +2.2890e-02 -1.0778e+00 +3.2271e+00 -1.8539e+00 -2.4444e+00 +4.5135e+00 +3.5235e+00 +1.3481e+00 +3.1988e+00
568239 +1.764320307e+01 +1.764320307e+01 +3.939320307e+01 +3.939320307e+01 +4.4087e+00 +3.7247e-01 -1.4106e+00 +3.8837e+00 -1.6106e+00 -1.7841e+00 +3.2871e+00 +3.6234e+00 +1.4631e+00 +3.4691e+00
1054144 +1.655099762e+01 +1.655099762e+01 +3.830099762e+01 +3.830099762e+01 +3.0366e+00 +2.1555e+00 -4.0667e-01 +2.0619e+00 -6.8105e-01 -3.6342e+00 +1.8174e+00 +2.5656e+00 +2.6500e+00 +4.3086e+00
1108691 +1.146038787e+01 +1.146038787e+01 +3.321038787e+01 +3.321038787e+01 +4.5941e+00 +5.9018e-01 +3.4857e-01 +3.5998e+00 -1.3650e+00 -3.1039e+00 +3.3995e+00 +2.5109e+00 +1.5710e+00 +3.1213e+00
13476775 +9.484987039e+00 +9.484987039e+00 +3.123498704e+01 +3.123498704e+01 +1.8222e+00 +1.5669e+00 -1.4091e+00 +2.3401e+00 -7.6690e-01 -2.4292e+00 +2.9018e+00 +1.7372e+00 +2.6332e+00 +3.5950e+00
39090220 +8.314190319e+00 +8.314190319e+00 +3.006419032e+01 +3.006419032e+01 +2.1373e+00 +1.4492e+00 -7.7839e-01 +3.0451e+00 -2.2319e+00 -3.7369e+00 +3.4500e+00 +1.9832e+00 +1.4688e+00 +3.6940e+00
% function evaluation | noise-free fitness - Fopt (6.479000000000e+01) | best noise-free fitness - Fopt | measured fitness | best measured fitness | x1 | x2...
1 +1.518258076e+02 +1.518258076e+02 +2.166158076e+02 +2.166158076e+02 +6.6705e-01 +6.1599e-01 +3.7195e+00 +3.5797e+00 +9.7748e-01 -3.1945e+00 +1.3696e+00 +4.0140e-02 -2.0128e+00 +3.4339e+00
26 +6.250903999e+01 +6.250903999e+01 +1.272990400e+02 +1.272990400e+02 -4.8399e+00 -9.5231e-01 -1.6271e+00 +2.0186e-02 +1.9880e-01 -4.5525e+00 -4.6268e+00 -1.6318e+00 -2.3559e+00 +3.4195e+00
5957 +5.402664065e+01 +5.402664065e+01 +1.188166406e+02 +1.188166406e+02 -1.1122e+00 +1.6407e+00 -6.3445e-01 +9.4711e-01 -1.3880e+00 -1.8468e+00 -3.7278e+00 +1.4920e+00 -2.8506e+00 +2.3271e+00
7772 +3.821121544e+01 +3.821121544e+01 +1.030012154e+02 +1.030012154e+02 -4.5969e+00 -8.3551e-01 -6.3756e-01 +9.5548e-01 -4.1824e-01 -4.1509e+00 -3.6049e+00 -1.0722e+00 -4.5243e+00 +2.8609e+00
42501 +2.130771199e+01 +2.130771199e+01 +8.609771199e+01 +8.609771199e+01 +2.2606e-01 -2.8128e+00 +1.1172e+00 +2.6048e+00 -1.2374e+00 -2.4110e+00 -4.2510e+00 +1.1479e+00 -3.1859e+00 +1.5729e+00
44682 +1.901223918e+01 +1.901223918e+01 +8.380223918e+01 +8.380223918e+01 -1.5888e+00 -2.3686e+00 +3.2076e+00 +3.0754e+00 -5.1731e-01 -4.0289e+00 -2.3951e+00 +5.7273e-01 -4.2492e+00 +2.5556e+00
117247 +1.750510263e+01 +1.750510263e+01 +8.229510263e+01 +8.229510263e+01 +1.9818e-01 -3.6136e+00 -4.7213e-01 +2.3052e+00 +2.0278e-01 -2.9748e+00 -3.7048e+00 -2.5969e-01 -3.4493e+00 +2.2672e+00
199570 +1.735961849e+01 +1.735961849e+01 +8.214961849e+01 +8.214961849e+01 -1.9511e-01 -2.3701e+00 +1.2299e+00 +3.4117e+00 -1.1195e+00 -4.7363e+00 -3.2409e+00 -2.9064e-02 -3.6783e+00 +4.3562e+00
542787 +1.540630420e+01 +1.540630420e+01 +8.019630420e+01 +8.019630420e+01 -1.9426e+00 -4.0008e+00 -2.3846e+00 +4.2379e-01 +8.0066e-01 -2.6504e+00 -4.7214e+00 -1.8723e+00 -3.5345e+00 +3.0683e+00
1129132 +1.507471050e+01 +1.507471050e+01 +7.986471050e+01 +7.986471050e+01 -1.9278e+00 -2.4400e+00 +1.8082e+00 +2.2834e+00 +1.6750e-01 -3.2367e+00 -2.5248e+00 -1.2745e+00 -2.1292e+00 +3.1287e+00
3750983 +1.230105841e+01 +1.230105841e+01 +7.709105841e+01 +7.709105841e+01 -1.7773e+00 -1.0274e+00 -7.3965e-01 +1.3876e+00 -1.6634e-01 -1.5619e+00 -4.5724e+00 +1.6220e+00 -2.0998e+00 +1.7596e+00
6737333 +8.200101361e+00 +8.200101361e+00 +7.299010136e+01 +7.299010136e+01 -3.5999e+00 -2.1182e+00 -9.8164e-01 +1.4461e+00 -8.2930e-02 -3.0046e+00 -4.0039e+00 -1.4465e+00 -3.3921e+00 +3.1417e+00
76157207 +4.802739093e+00 +4.802739093e+00 +6.959273909e+01 +6.959273909e+01 -2.0729e+00 -1.7131e+00 -1.3952e+00 +4.3620e-01 -2.0939e-01 -3.3315e+00 -4.2553e+00 +1.3756e-01 -3.8983e+00 +2.6711e+00
% function evaluation | noise-free fitness - Fopt (1.861100000000e+02) | best noise-free fitness - Fopt | measured fitness | best measured fitness | x1 | x2...
1 +4.104405061e+02 +4.104405061e+02 +5.965505061e+02 +5.965505061e+02 -3.7468e+00 -6.2088e-01 +1.6877e+00 +3.2302e+00 -3.6985e+00 +2.9902e+00 -4.4527e+00 +4.3947e+00 +3.5592e+00 -3.4465e-01
37 +3.580440337e+02 +3.580440337e+02 +5.441540337e+02 +5.441540337e+02 -1.1421e+00 +1.1957e+00 -4.9131e+00 -1.1118e+00 -1.8510e+00 +4.4294e+00 +1.8823e+00 +3.3741e-01 +7.0147e-01 +3.5852e+00
47 +2.713314045e+02 +2.713314045e+02 +4.574414045e+02 +4.574414045e+02 +1.0549e+00 -3.3148e+00 -6.7765e-01 -8.5558e-01 -3.6843e-03 +1.5170e+00 +8.0374e-01 +1.8765e+00 +3.8056e+00 +1.5531e+00
250 +2.598352511e+02 +2.598352511e+02 +4.459452511e+02 +4.459452511e+02 -2.7863e+00 -4.3637e+00 -5.0537e-01 -4.6135e+00 -5.7281e-01 +3.4304e-01 -2.4926e+00 -2.2478e+00 +2.7519e+00 +1.7870e+00
253 +2.231449294e+02 +2.231449294e+02 +4.092549294e+02 +4.092549294e+02 -1.6624e-01 -1.4335e+00 +1.0983e+00 +2.6528e+00 -2.6368e+00 +4.4946e+00 -2.4283e+00 +7.1192e-01 +2.8892e+00 -5.1097e-01
288 +1.568512895e+02 +1.568512895e+02 +3.429612895e+02 +3.429612895e+02 +1.4026e+00 -2.8338e+00 +2.0230e+00 -4.4901e+00 +1.2730e+00 +2.1301e-01 -8.8816e-01 +8.6258e-01 +3.6765e+00 +4.2568e+00
520 +6.537942935e+01 +6.537942935e+01 +2.514894293e+02 +2.514894293e+02 -1.1182e+00 -4.0873e+00 +1.7586e+00 -2.3469e+00 -2.3078e+00 +8.6450e-01 -3.6834e+00 +1.4865e+00 +4.6213e+00 -1.2307e+00
8395 +4.163164098e+01 +4.163164098e+01 +2.277416410e+02 +2.277416410e+02 -7.6115e-01 -3.9478e+00 +3.1466e+00 +1.4599e+00 +6.5500e-02 +6.4990e-02 -3.5084e+00 +3.0044e-01 +3.2348e+00 -1.6266e+00
41018 +3.835537275e+01 +3.835537275e+01 +2.244653727e+02 +2.244653727e+02 -2.6115e+00 -3.1772e-01 +1.7321e+00 -4.3471e+00 +1.1298e+00 +1.8615e-01 -1.8332e+00 +1.3344e+00 +3.3927e+00 +3.0108e+00
153487 +3.096937390e+01 +3.096937390e+01 +2.170793739e+02 +2.170793739e+02 -1.5209e+00 -4.3896e+00 +1.3962e+00 -9.7787e-01 +1.5457e+00 +3.2975e-01 -1.1111e+00 -1.9178e-01 +3.7189e+00 +4.5843e-01
544158 +1.971577429e+01 +1.971577429e+01 +2.058257743e+02 +2.058257743e+02 -2.2880e+00 -2.0120e+00 +3.0751e+00 -2.5163e+00 +3.1747e-01 -2.1475e+00 -3.3218e+00 +1.4290e+00 +4.0482e+00 +1.5086e+00
1147564 +1.791456550e+01 +1.791456550e+01 +2.040245655e+02 +2.040245655e+02 -1.1666e+00 -3.2236e+00 +4.4358e+00 -2.6427e+00 -4.2365e-02 -1.5457e+00 -4.7708e+00 +1.0439e+00 +3.5184e+00 -5.4650e-01
1782147 +1.507309518e+01 +1.507309518e+01 +2.011830952e+02 +2.011830952e+02 -1.2454e+00 -3.9929e+00 +4.1835e+00 -2.3767e+00 +7.7382e-01 -1.9371e+00 -2.1453e+00 +1.2362e+00 +3.9655e+00 +2.7846e+00
2286899 +1.177422343e+01 +1.177422343e+01 +1.978842234e+02 +1.978842234e+02 -1.4491e+00 -3.1432e+00 +4.8742e+00 -2.1778e+00 +8.4695e-01 -2.7629e+00 -4.4409e+00 +9.4449e-01 +3.3244e+00 +1.2456e+00
3826998 +9.666445085e+00 +9.666445085e+00 +1.957764451e+02 +1.957764451e+02 -3.3685e+00 -3.2732e+00 +2.8656e+00 -5.1253e-01 +2.2945e+00 -2.8687e+00 -2.6863e+00 -1.5915e-01 +2.9421e+00 +9.0904e-01
15163523 +6.903087346e+00 +6.903087346e+00 +1.930130873e+02 +1.930130873e+02 -1.8720e+00 -3.4578e+00 +4.4459e+00 -2.1587e+00 -1.5150e+00 -1.3056e+00 -4.1155e+00 +1.6272e+00 +2.2905e+00 +3.9258e-01
% function evaluation | noise-free fitness - Fopt (-1.060600000000e+02) | best noise-free fitness - Fopt | measured fitness | best measured fitness | x1 | x2...
1 +2.191194129e+03 +2.191194129e+03 +2.085134129e+03 +2.085134129e+03 +7.9519e-01 -4.3199e+00 +3.7719e+00 +2.6842e+00 +4.6688e+00 -1.9742e-01 +8.3207e-01 -3.0315e+00 +4.0724e+00 -4.7741e+00
2 +1.456716668e+03 +1.456716668e+03 +1.350656668e+03 +1.350656668e+03 +3.5821e+00 +1.5723e+00 +2.5717e+00 -1.5813e+00 -1.2579e+00 -4.5795e+00 -1.5601e+00 -3.9547e+00 -1.1104e+00 -4.1730e+00
3 +4.109731755e+02 +4.109731755e+02 +3.049131755e+02 +3.049131755e+02 -2.5637e+00 +2.0947e-01 -2.2110e+00 -3.2156e+00 +3.5785e+00 -3.5473e+00 +1.9562e+00 +4.4737e-01 -6.7307e-01 +4.6847e+00
11 +2.313056830e+02 +2.313056830e+02 +1.252456830e+02 +1.252456830e+02 +1.2681e+00 +4.8118e+00 +7.0206e-01 +8.1918e-01 +3.9376e+00 +1.1132e+00 +5.9065e-01 -4.1613e-01 -3.9893e-01 -7.4460e-01
50 +8.588607427e+01 +8.588607427e+01 -2.017392573e+01 -2.017392573e+01 +2.1745e+00 +1.3129e+00 -1.4382e+00 +8.4459e-01 +6.4872e-02 -4.1708e+00 +7.9640e-01 +1.9557e+00 +4.7680e+00 +2.4624e-01
357 +6.060916277e+01 +6.060916277e+01 -4.545083723e+01 -4.545083723e+01 -2.6126e+00 +3.9070e+00 -4.1166e+00 -3.4637e+00 -1.3811e+00 -2.9905e+00 -1.0105e+00 +5.4667e-01 +3.4697e+00 +1.3249e+00
16214 +3.466366688e+01 +3.466366688e+01 -7.139633312e+01 -7.139633312e+01 +1.1289e+00 +7.9939e-01 -4.0576e+00 +7.5889e-02 -3.2891e+00 -8.6216e-01 +3.4959e+00 +2.8976e+00 +5.2408e-01 +1.1518e+00
145469 +3.051136798e+01 +3.051136798e+01 -7.554863202e+01 -7.554863202e+01 -5.0265e-03 +2.1016e+00 -4.9500e+00 -3.4106e+00 +9.5535e-02 -3.5838e+00 -4.2775e-02 +7.3165e-01 +2.8943e+00 +1.1254e+00
212332 +2.972445760e+01 +2.972445760e+01 -7.633554240e+01 -7.633554240e+01 +1.4248e-01 +3.5506e+00 -1.8439e+00 -3.1340e+00 +9.9963e-01 -2.4561e+00 -5.7977e-01 +9.9326e-01 +2.4046e+00 +1.4405e+00
482083 +1.531849224e+01 +1.531849224e+01 -9.074150776e+01 -9.074150776e+01 +1.4707e+00 +1.4603e+00 -2.1428e+00 -2.6289e+00 -1.8151e+00 -3.1640e+00 +1.8153e+00 +1.0961e+00 +3.1258e+00 +1.1615e+00
728727 +1.196952553e+01 +1.196952553e+01 -9.409047447e+01 -9.409047447e+01 +2.0041e+00 +1.0058e+00 -3.4037e+00 -3.6263e+00 -2.2912e+00 -3.4576e+00 +3.4332e+00 +8.4360e-01 +4.9729e+00 +2.7849e+00
1775319 +1.086697815e+01 +1.086697815e+01 -9.519302185e+01 -9.519302185e+01 +1.7693e+00 +3.7502e-01 -4.4321e+00 -3.7313e+00 -2.8037e+00 -4.3271e+00 +3.8255e+00 -5.1449e-01 +4.7954e+00 +3.0214e+00
16113116 +8.690262488e+00 +8.690262488e+00 -9.736973751e+01 -9.736973751e+01 +1.5316e+00 +1.3998e+00 -3.2931e+00 -3.4312e+00 -2.9147e+00 -3.3238e+00 +2.0725e+00 +1.5656e+00 +4.5965e+00 +2.5730e+00
64648582 +5.926708721e+00 +5.926708721e+00 -1.001332913e+02 -1.001332913e+02 +4.3995e-01 +1.5420e+00 -3.9928e+00 -2.5226e+00 -2.8520e+00 -2.9242e+00 +3.0566e+00 +6.6662e-01 +2.8683e+00 +2.1137e+00
94110308 +3.721910859e+00 +3.721910859e+00 -1.023380891e+02 -1.023380891e+02 +1.4985e+00 +1.1826e+00 -3.2601e+00 -2.9236e+00 -3.0250e+00 -3.3338e+00 +2.8885e+00 +1.1234e+00 +3.9251e+00 +1.8574e+00
% function evaluation | noise-free fitness - Fopt (-1.957000000000e+01) | best noise-free fitness - Fopt | measured fitness | best measured fitness | x1 | x2...
1 +1.137404613e+03 +1.137404613e+03 +1.117834613e+03 +1.117834613e+03 +5.6293e-02 -1.1714e+00 -4.1500e+00 -4.0425e+00 -4.7888e+00 -3.0108e+00 +3.9532e+00 +5.7365e-02 -4.6332e+00 -9.2893e-02
2 +6.028307175e+02 +6.028307175e+02 +5.832607175e+02 +5.832607175e+02 -2.0421e+00 -1.5719e+00 +1.1155e+00 -3.9571e+00 +3.4083e+00 -2.6991e+00 -4.5442e+00 +4.6013e-01 -1.0745e+00 +4.5110e+00
4 +4.554894524e+02 +4.554894524e+02 +4.359194524e+02 +4.359194524e+02 +8.2523e-01 +4.8326e+00 +2.4085e+00 +3.2668e+00 +2.3711e+00 -2.8004e+00 -1.4693e+00 -1.2682e+00 +1.4084e+00 +4.6308e+00
15 +2.692067110e+02 +2.692067110e+02 +2.496367110e+02 +2.496367110e+02 +1.1874e+00 -2.9156e+00 -8.2734e-01 +4.1316e+00 +3.5613e+00 -3.4265e+00 +1.4479e+00 +3.7326e+00 -2.8426e+00 +6.0554e-02
21 +2.036938595e+02 +2.036938595e+02 +1.841238595e+02 +1.841238595e+02 +3.6121e+00 -4.5521e+00 -3.9609e+00 +1.5965e+00 +1.4646e+00 -1.2471e+00 -1.5287e+00 +4.3704e+00 +2.2344e+00 -2.6546e+00
121 +1.904214815e+02 +1.904214815e+02 +1.708514815e+02 +1.708514815e+02 +2.5105e+00 +3.2363e+00 -4.9209e+00 +1.6567e+00 +4.0052e+00 -2.0249e+00 +1.0569e+00 +2.4914e+00 -7.3114e-01 -2.1649e+00
205 +1.446108441e+02 +1.446108441e+02 +1.250408441e+02 +1.250408441e+02 +3.5175e+00 -2.8671e+00 -3.0033e+00 +1.9581e+00 +3.4749e+00 -4.5109e+00 +9.9946e-01 +2.1239e+00 +2.4644e-01 +1.6748e+00
746 +1.230127592e+02 +1.230127592e+02 +1.034427592e+02 +1.034427592e+02 +4.0133e+00 -2.9168e+00 -3.4165e+00 +1.4162e+00 +2.4866e+00 -3.6907e+00 -1.8612e+00 +3.4089e+00 +2.2376e+00 -2.1792e-01
2217 +1.126670394e+02 +1.126670394e+02 +9.309703938e+01 +9.309703938e+01 -2.9154e+00 +1.6810e+00 -4.7949e+00 +3.5257e+00 +3.8966e+00 -2.7930e+00 -4.2740e+00 +2.8191e+00 -4.3343e+00 -2.9628e+00
2412 +9.676157570e+01 +9.676157570e+01 +7.719157570e+01 +7.719157570e+01 +3.4314e+00 -1.9062e+00 -2.2653e+00 +2.3026e+00 +3.3984e+00 +1.2553e+00 -2.8598e+00 -4.8472e-01 +2.6823e+00 +2.4489e+00
10763 +9.496559692e+01 +9.496559692e+01 +7.539559692e+01 +7.539559692e+01 +4.5246e+00 -3.5072e+00 -3.5474e+00 +9.9621e-01 +4.8388e+00 -1.4211e+00 -2.5850e+00 +4.4862e+00 -2.9342e-02 +2.2241e+00
12494 +7.179394252e+01 +7.179394252e+01 +5.222394252e+01 +5.222394252e+01 +1.2937e+00 +3.7249e-03 -3.2132e+00 +4.2923e+00 +4.0505e+00 -4.5209e+00 -1.9453e+00 +3.7638e+00 -1.1003e+00 +7.0217e-01
12517 +5.552164110e+01 +5.552164110e+01 +3.595164110e+01 +3.595164110e+01 -7.1314e-01 +1.2318e+00 -1.3045e+00 +2.3169e+00 +4.9167e+00 -4.7017e+00 -4.0244e+00 +2.7350e+00 -1.7991e+00 -3.1021e+00
12956 +5.039978039e+01 +5.039978039e+01 +3.082978039e+01 +3.082978039e+01 +1.2747e+00 +8.7649e-01 -4.4302e+00 +2.0250e+00 +3.9130e+00 -4.8886e+00 -1.0531e+00 +2.3886e+00 -1.2419e+00 -2.8749e+00
49286 +2.044539132e+01 +2.044539132e+01 +8.753913180e-01 +8.753913180e-01 +3.6254e+00 +2.6460e+00 -8.4593e-01 +2.0949e+00 +3.8601e+00 -4.4664e+00 -1.8762e+00 -6.3929e-01 +1.2187e+00 +2.3364e+00
95515 +1.763029520e+01 +1.763029520e+01 -1.939704804e+00 -1.939704804e+00 +2.5648e+00 -7.2015e-01 -4.5928e+00 +4.7687e+00 +3.9958e+00 -1.8087e+00 -7.1510e-01 +4.0769e+00 +6.3052e-01 -1.5496e+00
571877 +1.729690885e+01 +1.729690885e+01 -2.273091152e+00 -2.273091152e+00 +2.3723e+00 +3.3889e+00 -8.5106e-01 +3.9078e+00 +3.3463e+00 -4.9939e+00 -3.0094e+00 -1.1394e+00 +1.6296e+00 +1.0988e+00
2080921 +7.119653064e+00 +7.119653064e+00 -1.245034694e+01 -1.245034694e+01 +3.8674e+00 -6.4659e-01 -4.6790e+00 +3.6746e+00 +3.8879e+00 -2.5701e+00 +1.0579e-01 +3.3511e+00 +2.0151e+00 -6.2811e-01
% function evaluation | noise-free fitness - Fopt (3.818200000000e+02) | best noise-free fitness - Fopt | measured fitness | best measured fitness | x1 | x2...
1 +6.265435732e+02 +6.265435732e+02 +1.008363573e+03 +1.008363573e+03 -8.4294e-01 +3.8339e-01 -2.4173e+00 -4.5983e+00 -2.3325e+00 -1.3272e+00 +2.0977e+00 -1.7560e-01 -3.2372e+00 -4.8170e+00
2 +3.284838633e+02 +3.284838633e+02 +7.103038633e+02 +7.103038633e+02 +4.9029e+00 -2.3227e+00 -7.4587e-01 -3.9425e+00 -3.6517e+00 +2.4109e+00 +2.1610e+00 +1.3926e+00 +1.2839e+00 +3.0112e-01
30 +2.975442401e+02 +2.975442401e+02 +6.793642401e+02 +6.793642401e+02 +3.1746e-01 +2.5335e-01 -5.3924e-01 -2.8500e+00 -4.5692e+00 +8.0353e-01 -1.7590e+00 +8.1388e-01 +8.8002e-01 +2.3208e+00
33 +2.604167519e+02 +2.604167519e+02 +6.422367519e+02 +6.422367519e+02 +1.5599e+00 -1.7037e-02 -2.4306e-01 -4.0591e+00 -2.0924e+00 +1.2114e-02 +4.9649e+00 -2.5533e-01 +4.2707e+00 +4.6946e+00
36 +9.282667735e+01 +9.282667735e+01 +4.746466773e+02 +4.746466773e+02 +3.1677e+00 +4.1479e+00 -3.5024e+00 -1.8258e+00 -2.8065e+00 -6.1685e-01 +1.7990e+00 +3.4647e+00 +1.6065e+00 -2.1732e+00
170 +8.774707663e+01 +8.774707663e+01 +4.695670766e+02 +4.695670766e+02 -9.4428e-01 +4.4263e+00 +3.4302e+00 -7.7004e-01 -3.0634e+00 +3.0367e+00 +1.4842e+00 +3.6957e+00 -2.1732e+00 -2.5681e+00
2542 +6.142406097e+01 +6.142406097e+01 +4.432440610e+02 +4.432440610e+02 +1.7134e+00 +2.5975e+00 -2.6483e+00 -3.5508e+00 -4.8297e+00 -2.2453e+00 -4.3674e-01 +4.5044e+00 +3.1712e+00 -1.8958e+00
7055 +5.685394495e+01 +5.685394495e+01 +4.386739450e+02 +4.386739450e+02 +2.6898e+00 +1.9792e+00 -3.4487e+00 -3.2070e+00 -2.8223e+00 -3.2236e+00 +2.8942e+00 +4.0110e+00 +3.8444e+00 +3.4078e-01
7317 +5.431961142e+01 +5.431961142e+01 +4.361396114e+02 +4.361396114e+02 +1.2458e+00 +4.8934e+00 -8.1404e-01 -4.9433e+00 -2.5889e+00 -1.8812e+00 -1.9383e-02 +2.4312e+00 +3.6173e+00 +2.1322e+00
19430 +4.927239690e+01 +4.927239690e+01 +4.310923969e+02 +4.310923969e+02 +1.7917e+00 +7.4996e-01 -1.8015e+00 -6.8768e-01 -2.8174e+00 +1.1353e-01 +2.4611e+00 +2.1645e+00 +2.2456e+00 -4.8429e-01
37065 +2.855415053e+01 +2.855415053e+01 +4.103741505e+02 +4.103741505e+02 +4.4938e-02 +4.3113e+00 -1.3688e+00 -3.7764e+00 -2.1570e+00 -1.3188e+00 -3.9168e-01 +1.1645e+00 +4.6563e+00 +1.9324e+00
316014 +1.607757156e+01 +1.607757156e+01 +3.978975716e+02 +3.978975716e+02 +1.8025e+00 +2.8767e+00 -2.9313e+00 -2.7970e+00 -4.6841e+00 -1.3316e+00 +4.2139e-01 +4.7337e+00 +2.2083e+00 -2.2780e+00
1267892 +7.608022206e+00 +7.608022206e+00 +3.894280222e+02 +3.894280222e+02 +1.8875e+00 +3.5429e+00 -4.8236e+00 -3.4951e+00 -4.1161e+00 -1.6881e+00 +1.2506e+00 +4.4865e+00 +4.8629e+00 -7.0153e-01
78835384 +7.371655874e+00 +7.371655874e+00 +3.891916559e+02 +3.891916559e+02 +1.7966e+00 +2.9901e+00 -3.1687e+00 -2.6228e+00 -3.9449e+00 -1.0215e+00 +4.1625e-01 +2.1539e+00 +4.1542e+00 +2.1961e-01
94012318 +6.280725580e+00 +6.280725580e+00 +3.881007256e+02 +3.881007256e+02 +2.2819e+00 +1.3537e+00 -3.4204e+00 -3.4986e+00 -3.5721e+00 -2.0224e+00 +2.0929e+00 +3.8716e+00 +3.6848e+00 -7.4238e-01
% function evaluation | noise-free fitness - Fopt (8.130000000000e+00) | best noise-free fitness - Fopt | measured fitness | best measured fitness | x1 | x2...
1 +1.002251987e+03 +1.002251987e+03 +1.010381987e+03 +1.010381987e+03 +1.6101e+00 -1.1778e+00 +2.5370e+00 +3.9343e+00 -5.4239e-01 -4.5182e+00 -3.5227e-01 +4.6449e+00 +1.8895e+00 +3.9754e+00
3 +9.615337698e+02 +9.615337698e+02 +9.696637698e+02 +9.696637698e+02 +2.5212e+00 +5.4170e-01 +3.5656e+00 -4.7594e+00 -2.3975e+00 +3.7378e+00 +1.7900e+00 +7.9450e-02 -3.5842e+00 -4.4504e-01
10 +7.973068624e+02 +7.973068624e+02 +8.054368624e+02 +8.054368624e+02 +9.3820e-01 -4.7706e+00 +1.9996e+00 -2.1729e+00 +3.7909e+00 +3.4141e+00 +2.7878e+00 -2.1755e+00 -4.2944e+00 +2.1821e+00
12 +7.736469629e+02 +7.736469629e+02 +7.817769629e+02 +7.817769629e+02 +2.6703e+00 +3.4245e+00 -1.6078e+00 +1.7838e+00 -1.8509e+00 -1.5947e+00 -4.0092e+00 +2.2107e+00 -2.3350e+00 -1.7845e+00
13 +3.687179856e+02 +3.687179856e+02 +3.768479856e+02 +3.768479856e+02 +1.0781e+00 -2.0103e+00 -3.8081e+00 +1.1580e+00 -4.0055e+00 +1.4050e+00 +1.1711e+00 +1.8836e+00 -2.1062e+00 +1.1064e+00
33 +1.075089809e+02 +1.075089809e+02 +1.156389809e+02 +1.156389809e+02 -7.0268e-01 -3.3535e+00 +3.9727e+00 -1.8710e+00 -3.7866e+00 +2.0981e-01 -2.2031e+00 +1.4438e+00 -2.0111e+00 +2.6652e+00
62 +7.749151086e+01 +7.749151086e+01 +8.562151086e+01 +8.562151086e+01 +3.3275e+00 -1.4937e+00 +4.7114e+00 +2.6709e+00 -3.4738e+00 +1.5271e+00 -4.4526e+00 +2.4374e+00 -4.0675e+00 +1.5382e+00
1146 +5.501468339e+01 +5.501468339e+01 +6.314468339e+01 +6.314468339e+01 +4.5820e+00 +8.4754e-01 +7.8897e-01 +4.8843e-01 -3.4501e+00 -4.4886e+00 -7.6409e-01 +4.9728e+00 -2.3511e+00 +1.4609e+00
4239 +4.371006246e+01 +4.371006246e+01 +5.184006246e+01 +5.184006246e+01 +4.4581e+00 +3.6609e-01 +2.7940e+00 +5.7273e-01 -3.1527e+00 -7.6832e-01 -6.4807e-01 +3.7231e+00 -2.1006e+00 +3.7009e+00
4801 +1.281215685e+01 +1.281215685e+01 +2.094215685e+01 +2.094215685e+01 +4.4195e+00 -1.8313e+00 +2.1573e+00 -3.8012e-01 -3.3931e+00 -8.9748e-01 -4.3802e-01 +2.7436e+00 -2.0392e+00 +3.5094e+00
7357126 +7.448555898e+00 +7.448555898e+00 +1.557855590e+01 +1.557855590e+01 +4.2495e+00 -8.4863e-01 +3.7714e+00 -3.1315e+00 -2.2892e+00 -2.3063e+00 -2.0416e+00 +3.0806e+00 -1.0143e+00 +2.3266e+00
73548985 +6.817588977e+00 +6.817588977e+00 +1.494758898e+01 +1.494758898e+01 +2.4153e+00 -2.1066e+00 +1.5480e+00 -3.1039e+00 -2.2667e+00 -1.7351e+00 -2.7099e-01 +1.5795e+00 -1.1021e+00 +3.0076e+00
% function evaluation | noise-free fitness - Fopt (8.687000000000e+01) | best noise-free fitness - Fopt | measured fitness | best measured fitness | x1 | x2...
1 +4.839022558e+03 +4.839022558e+03 +4.925892558e+03 +4.925892558e+03 +4.5757e+00 +1.4105e+00 -2.6525e+00 +4.4595e+00 +1.0073e+00 +3.9359e+00 +4.6215e+00 +1.6367e+00 +4.4123e+00 +7.1867e-01
2 +1.044920214e+03 +1.044920214e+03 +1.131790214e+03 +1.131790214e+03 -3.8302e+00 -4.6308e+00 +6.5904e-02 -4.0695e+00 -2.9303e+00 +1.3760e+00 +2.1415e+00 +3.9341e-01 -4.3481e+00 +8.9433e-01
5 +6.527506773e+02 +6.527506773e+02 +7.396206773e+02 +7.396206773e+02 +1.6883e-01 +2.4152e+00 +9.0332e-01 -4.3982e+00 +4.0309e-01 -3.4488e+00 -8.6399e-01 +3.3379e-01 +6.6491e-01 +1.9193e+00
6 +2.530321681e+02 +2.530321681e+02 +3.399021681e+02 +3.399021681e+02 -1.8488e+00 +4.8747e+00 -3.2179e+00 +1.2674e+00 -4.9138e-01 -1.6561e+00 -1.3679e+00 +1.7561e+00 -4.6946e+00 +9.9914e-01
163 +5.135859018e+01 +5.135859018e+01 +1.382285902e+02 +1.382285902e+02 +5.8194e-01 +4.9047e+00 -1.9352e+00 -1.8724e+00 -6.7847e-01 -1.3934e-01 +6.0335e-01 -9.0674e-02 -3.7688e+00 +4.1935e+00
45880 +4.925054067e+01 +4.925054067e+01 +1.361205407e+02 +1.361205407e+02 -2.6553e+00 +3.4079e+00 -1.2241e+00 -6.4130e-02 +3.0127e+00 -2.9131e+00 -6.2830e-01 -1.6576e+00 +1.6272e-01 +4.9904e+00
65151 +4.354808240e+01 +4.354808240e+01 +1.304180824e+02 +1.304180824e+02 -2.8624e+00 +4.6681e+00 -3.2111e+00 +1.5057e+00 +9.4851e-01 -4.1132e+00 -3.8696e+00 -1.4292e-01 -1.6349e+00 +2.7498e+00
132392 +2.824633984e+01 +2.824633984e+01 +1.151163398e+02 +1.151163398e+02 -3.4632e-02 +4.1913e+00 -2.5816e+00 -1.4421e+00 +5.7584e-01 +2.4709e-01 -2.0933e+00 -1.4576e+00 -4.6490e+00 +3.6529e+00
458678 +1.725676886e+01 +1.725676886e+01 +1.041267689e+02 +1.041267689e+02 -2.4484e+00 +3.9820e+00 -2.4343e+00 -2.8960e-01 +2.3673e+00 -2.5210e+00 -2.1520e+00 -1.3367e+00 -2.1779e+00 +4.1082e+00
1153298 +1.592158533e+01 +1.592158533e+01 +1.027915853e+02 +1.027915853e+02 -5.5899e-02 +4.0599e+00 -2.7147e+00 -3.0001e-01 +1.4533e+00 -1.8549e+00 -2.9505e+00 -3.3590e+00 -3.6347e+00 +2.7796e+00
1400434 +1.528215920e+01 +1.528215920e+01 +1.021521592e+02 +1.021521592e+02 +1.7988e+00 +2.6182e+00 -2.0704e+00 +2.7817e-01 +2.6777e+00 -3.3095e+00 -1.6839e+00 -3.1689e+00 -3.9225e+00 +2.6838e+00
9983830 +9.767736266e+00 +9.767736266e+00 +9.663773627e+01 +9.663773627e+01 -2.5920e+00 +3.2174e+00 -2.8728e+00 +9.7773e-01 +2.3452e+00 -3.7466e+00 -3.5335e+00 -2.5410e+00 -3.0715e+00 +3.5362e+00
74897989 +6.153872768e+00 +6.153872768e+00 +9.302387277e+01 +9.302387277e+01 -1.7626e+00 +3.2822e+00 -3.8732e+00 +8.2854e-01 +1.4328e+00 -3.5474e+00 -4.2378e+00 -1.3660e+00 -3.2491e+00 +2.7402e+00
% function evaluation | noise-free fitness - Fopt (-5.791000000000e+01) | best noise-free fitness - Fopt | measured fitness | best measured fitness | x1 | x2...
1 +3.618847650e+02 +3.618847650e+02 +3.039747650e+02 +3.039747650e+02 -2.3222e+00 -8.0932e-01 -1.2622e+00 -4.8623e+00 -4.0584e+00 +3.0166e+00 +6.1336e-02 -1.3942e+00 +1.6806e+00 +2.9626e+00
5 +2.452084814e+02 +2.452084814e+02 +1.872984814e+02 +1.872984814e+02 +4.8124e+00 -3.0634e+00 -2.9112e+00 +1.0033e+00 +8.4042e-01 -3.6025e-02 +1.0716e+00 +3.3389e+00 +4.9503e-01 -1.9787e-02
70 +2.205961169e+02 +2.205961169e+02 +1.626861169e+02 +1.626861169e+02 +2.5509e+00 +2.8148e+00 -1.4244e+00 -6.0289e-01 +2.4349e+00 +2.2790e+00 +2.2529e+00 +1.2013e+00 -1.2786e+00 -2.0137e+00
86 +1.969202539e+02 +1.969202539e+02 +1.390102539e+02 +1.390102539e+02 +4.1443e+00 +1.4848e+00 +2.5888e+00 +1.4855e+00 +9.6132e-01 +2.7337e+00 -2.9580e+00 +2.6715e-02 -2.4466e+00 +3.9176e+00
117 +1.655918616e+02 +1.655918616e+02 +1.076818616e+02 +1.076818616e+02 +3.4977e+00 +1.0153e+00 +4.1692e+00 -1.9634e+00 +2.7559e-01 -8.0845e-01 -5.2272e-01 -4.3814e+00 -3.8574e+00 -6.3677e-01
323 +9.734689366e+01 +9.734689366e+01 +3.943689366e+01 +3.943689366e+01 +2.0879e+00 +2.0073e+00 -1.2820e+00 +5.1675e-02 +4.9540e+00 +4.4206e+00 -1.0787e-01 +1.9677e+00 +4.9257e-01 +2.7736e+00
2165 +9.512290428e+01 +9.512290428e+01 +3.721290428e+01 +3.721290428e+01 +2.2269e+00 +1.5590e+00 -3.1191e+00 +1.7562e+00 -5.2635e-01 +4.2526e+00 -1.3229e-01 -2.1603e-01 +4.7336e-01 +3.1957e+00
2250 +8.478488410e+01 +8.478488410e+01 +2.687488410e+01 +2.687488410e+01 +3.1602e+00 -3.9929e+00 +1.7921e+00 +1.5403e+00 +4.1405e+00 -1.5082e-01 +6.6666e-01 -1.8378e+00 +1.4308e+00 -1.8426e+00
4135 +5.569063517e+01 +5.569063517e+01 -2.219364831e+00 -2.219364831e+00 +4.5117e+00 +1.6380e+00 +5.3978e-01 +1.2649e+00 +3.9872e+00 +7.7906e-01 -1.2216e+00 -1.8259e+00 -1.4532e+00 +1.0098e+00
29077 +4.745365360e+01 +4.745365360e+01 -1.045634640e+01 -1.045634640e+01 +4.2787e+00 -3.7636e+00 -2.6701e+00 +2.6716e+00 +2.8131e+00 +2.1490e-01 -1.3481e+00 -1.2220e+00 +2.3653e+00 +3.2556e+00
30824 +4.409969906e+01 +4.409969906e+01 -1.381030094e+01 -1.381030094e+01 +4.3448e+00 -3.4053e-01 -2.5256e-02 +2.0962e+00 +6.3079e-01 +1.0290e+00 -2.7489e+00 -2.4071e+00 -1.8780e+00 +2.9914e+00
35310 +2.061166994e+01 +2.061166994e+01 -3.729833006e+01 -3.729833006e+01 +2.4513e+00 -8.3737e-01 -8.3170e-01 +2.7532e+00 +1.4321e+00 +2.1812e+00 -6.2811e-01 -4.3460e+00 -3.7700e-01 -5.0120e-01
166916 +1.919394984e+01 +1.919394984e+01 -3.871605016e+01 -3.871605016e+01 +3.4292e+00 -3.3228e+00 +2.9230e-01 +2.8684e+00 +3.6382e+00 +9.1601e-01 -4.4484e+00 -4.9876e+00 +5.1213e-01 +2.2400e+00
1278417 +1.128662239e+01 +1.128662239e+01 -4.662337761e+01 -4.662337761e+01 +3.7122e+00 -3.6040e+00 -6.8526e-01 +1.8716e+00 +3.4651e+00 +1.2887e-01 -3.6194e+00 -3.7147e+00 +1.3389e+00 +4.0173e+00
11312209 +8.773665406e+00 +8.773665406e+00 -4.913633459e+01 -4.913633459e+01 +2.4562e+00 -9.5136e-02 -7.4227e-01 +1.1094e+00 +2.5225e+00 +2.8523e+00 -2.7595e+00 -3.8837e+00 +6.1678e-01 +2.8132e+00
74276140 +7.462397612e+00 +7.462397612e+00 -5.044760239e+01 -5.044760239e+01 +3.7683e+00 -1.7846e-01 +8.1418e-01 +1.8716e+00 +2.9769e+00 +1.3129e+00 -2.0889e+00 -4.1700e+00 -1.0536e+00 +1.6941e+00
77961672 +4.985763110e+00 +4.985763110e+00 -5.292423689e+01 -5.292423689e+01 +3.3194e+00 -1.8246e-02 -4.6778e-01 +1.8450e+00 +2.4242e+00 +2.0641e+00 -2.8637e+00 -4.5641e+00 -3.6645e-01 +2.5448e+00
% function evaluation | noise-free fitness - Fopt (1.027500000000e+02) | best noise-free fitness - Fopt | measured fitness | best measured fitness | x1 | x2...
1 +1.448286493e+03 +1.448286493e+03 +1.551036493e+03 +1.551036493e+03 +2.8294e+00 +4.1694e+00 -1.3503e+00 -1.2416e+00 -4.3880e+00 -1.3662e+00 -3.5287e+00 -2.2755e+00 -3.0271e+00 +3.7858e+00
2 +7.256088405e+02 +7.256088405e+02 +8.283588405e+02 +8.283588405e+02 -6.8247e-02 -9.6919e-01 +4.9288e+00 -1.5058e+00 +3.3850e+00 +1.1547e+00 -1.0311e+00 -3.9222e+00 -5.1744e-01 -2.6165e+00
3 +5.133912153e+02 +5.133912153e+02 +6.161412153e+02 +6.161412153e+02 -7.4694e-01 +3.6887e-01 -3.4020e+00 -9.9079e-01 -1.0621e+00 -2.0920e+00 -1.6800e+00 -1.9354e+00 +1.1573e+00 +3.1240e+00
6 +4.155973969e+02 +4.155973969e+02 +5.183473969e+02 +5.183473969e+02 +4.6910e+00 -1.0698e+00 +2.4465e+00 +9.8929e-01 +3.0678e+00 +2.4505e-01 -2.7625e+00 +7.0824e-01 -4.8643e-01 +4.3239e+00
7 +3.016245824e+02 +3.016245824e+02 +4.043745824e+02 +4.043745824e+02 +2.9234e+00 -1.3075e+00 +6.7758e-01 +1.9654e+00 +2.4642e+00 -6.3502e-01 -2.3889e+00 +3.6826e+00 -5.9010e-01 +2.2121e+00
29 +5.872777710e+01 +5.872777710e+01 +1.614777771e+02 +1.614777771e+02 +1.4958e+00 -1.5635e+00 +9.2972e-01 -4.8386e+00 +2.6141e+00 +1.4327e+00 -3.2458e+00 +7.9462e-01 -2.7363e-01 +3.3330e+00
19388 +4.117856239e+01 +4.117856239e+01 +1.439285624e+02 +1.439285624e+02 -3.8288e+00 -1.9319e+00 +2.2343e+00 -3.4037e+00 +3.8343e-01 -2.3976e+00 -2.0016e+00 -1.2258e+00 +1.4109e+00 +3.9660e+00
20577 +2.071190659e+01 +2.071190659e+01 +1.234619066e+02 +1.234619066e+02 -1.9996e+00 -8.8873e-01 +1.0389e+00 -2.6702e+00 +2.7415e+00 -3.0262e+00 -3.3076e+00 +4.1370e-01 +8.5270e-01 +3.4333e+00
418096 +1.411134040e+01 +1.411134040e+01 +1.168613404e+02 +1.168613404e+02 -2.2768e+00 -2.9557e+00 +2.9465e+00 -2.8590e+00 +3.0694e+00 -2.0885e+00 -3.6560e+00 +4.6034e-02 +2.0231e+00 +3.9061e+00
6958166 +1.319823779e+01 +1.319823779e+01 +1.159482378e+02 +1.159482378e+02 -2.5602e+00 -1.4579e+00 +2.8236e+00 -2.0054e+00 +3.0220e+00 -1.9154e+00 -4.2090e+00 -1.4542e-01 +1.9953e+00 +2.5331e+00
7863901 +1.165026624e+01 +1.165026624e+01 +1.144002662e+02 +1.144002662e+02 -1.2868e+00 -2.4768e+00 +1.1239e+00 -2.2087e+00 +2.2630e+00 -1.3465e+00 -3.2702e+00 +4.8611e-01 +1.0630e+00 +2.9835e+00
11063216 +9.415950547e+00 +9.415950547e+00 +1.121659505e+02 +1.121659505e+02 -1.9973e+00 -2.6692e+00 +3.5773e+00 -3.5081e+00 +2.1779e+00 -3.0522e+00 -3.6067e+00 -1.2273e+00 +2.3641e+00 +2.8210e+00
32368264 +7.723123737e+00 +7.723123737e+00 +1.104731237e+02 +1.104731237e+02 -7.4510e-01 -4.4722e+00 +1.9113e+00 -2.6820e+00 +2.8678e+00 -1.0767e-01 -4.2278e+00 +2.2666e-01 +2.1222e+00 +2.4603e+00
77883174 +3.744272219e+00 +3.744272219e+00 +1.064942722e+02 +1.064942722e+02 -1.0378e+00 -2.4404e+00 +3.1904e+00 -4.1973e+00 +2.3113e+00 -1.8198e+00 -3.2241e+00 -1.0982e+00 +1.5608e+00 +2.5518e+00
% function evaluation | noise-free fitness - Fopt (-1.175400000000e+02) | best noise-free fitness - Fopt | measured fitness | best measured fitness | x1 | x2...
1 +1.273117491e+03 +1.273117491e+03 +1.155577491e+03 +1.155577491e+03 -1.1969e+00 +4.3708e+00 +1.7878e+00 -1.5249e-02 -3.9390e-02 +3.9337e+00 -3.0706e-01 +1.2221e+00 +4.6543e+00 -1.5817e+00
3 +5.290784971e+02 +5.290784971e+02 +4.115384971e+02 +4.115384971e+02 -4.7275e+00 +4.4070e+00 -4.5268e+00 +9.2376e-02 +3.3341e+00 -3.5573e+00 -2.5402e-01 +1.6843e+00 -1.6441e+00 +1.1548e+00
8 +2.325270879e+02 +2.325270879e+02 +1.149870879e+02 +1.149870879e+02 -2.6765e+00 -4.3727e+00 -2.0803e+00 +3.9238e+00 -1.4523e+00 +2.0533e+00 +2.0118e+00 +1.9533e+00 -3.5094e+00 -2.4590e+00
153 +2.155561970e+02 +2.155561970e+02 +9.801619700e+01 +9.801619700e+01 -1.1873e+00 +1.1823e+00 -3.1889e+00 -1.1865e+00 +2.7113e+00 +4.1710e+00 +4.8164e-01 +4.3948e-02 +2.4769e+00 +3.9382e+00
204 +2.119520983e+02 +2.119520983e+02 +9.441209830e+01 +9.441209830e+01 -1.7276e+00 +4.4845e+00 +2.5444e-01 -2.3454e+00 +1.1377e+00 -1.2123e+00 -7.6793e-01 +3.5925e+00 +2.5985e+00 -5.4858e-01
246 +1.467332170e+02 +1.467332170e+02 +2.919321696e+01 +2.919321696e+01 +7.9815e-01 +4.5861e+00 +2.3598e+00 -4.6834e+00 -2.4088e+00 -2.5986e+00 +4.9825e+00 +1.9678e+00 -8.0056e-01 -4.9757e+00
263 +1.250364578e+02 +1.250364578e+02 +7.496457768e+00 +7.496457768e+00 -4.7544e+00 -1.1115e+00 +4.0483e+00 -1.1772e+00 -1.1072e+00 +1.3091e+00 +4.0196e-01 +1.7976e+00 -4.2638e+00 -2.0972e+00
851 +1.070348302e+02 +1.070348302e+02 -1.050516976e+01 -1.050516976e+01 +1.9475e+00 +3.5376e+00 -1.4768e+00 -4.9179e+00 +9.3656e-01 -1.0520e+00 +6.1559e-01 +3.2117e+00 +2.7120e+00 -2.5844e+00
2319 +1.035611155e+02 +1.035611155e+02 -1.397888448e+01 -1.397888448e+01 -3.9586e+00 +1.7464e+00 -3.9055e+00 -6.7401e-01 +1.7839e+00 +1.7284e+00 -2.4859e-01 +2.8743e+00 +4.2850e-01 -2.5307e+00
2469 +7.157094608e+01 +7.157094608e+01 -4.596905392e+01 -4.596905392e+01 -3.0459e+00 +3.0912e+00 +1.2172e+00 -3.9306e+00 -8.4873e-01 +6.4124e-01 +3.7771e+00 +2.2036e+00 +4.1867e-01 -4.8365e+00
8116 +7.013990497e+01 +7.013990497e+01 -4.740009503e+01 -4.740009503e+01 -1.1144e+00 +2.3698e+00 -2.3658e+00 -1.1212e+00 -6.7260e-02 +3.2870e+00 +2.5515e+00 +1.3772e+00 +1.6234e+00 -2.1715e+00
12983 +6.219469220e+01 +6.219469220e+01 -5.534530780e+01 -5.534530780e+01 -3.1961e+00 -2.2932e+00 -3.5198e+00 -1.0621e+00 -5.1279e-01 +3.0238e+00 +1.3086e+00 +3.2242e+00 +2.2243e+00 -2.4324e+00
16535 +5.235064671e+01 +5.235064671e+01 -6.518935329e+01 -6.518935329e+01 +4.4996e-02 +4.5795e+00 +3.1395e-01 -3.2103e+00 +3.0406e+00 +3.1987e+00 +2.7980e+00 +3.6044e+00 +4.0527e+00 -1.9715e+00
32204 +4.441878049e+01 +4.441878049e+01 -7.312121951e+01 -7.312121951e+01 -2.2060e+00 -1.8100e+00 +6.0157e-01 -4.1772e+00 -2.1564e+00 +1.1559e+00 +3.9177e+00 +2.4797e+00 +4.9384e+00 -4.5941e+00
37103 +4.272854732e+01 +4.272854732e+01 -7.481145268e+01 -7.481145268e+01 -3.6325e-01 +2.7103e+00 -4.4722e-01 -7.1151e-01 +2.8765e+00 +4.4553e+00 +1.2293e+00 +3.9576e+00 +2.7090e+00 +1.0100e+00
42147 +2.004669568e+01 +2.004669568e+01 -9.749330432e+01 -9.749330432e+01 -2.6964e+00 -7.1937e-01 -1.0273e+00 -7.6277e-02 -1.2890e+00 +1.9589e+00 +6.7002e-01 +3.5198e+00 -1.9540e+00 -3.0170e+00
673147 +1.951886954e+01 +1.951886954e+01 -9.802113046e+01 -9.802113046e+01 -3.2467e-01 +2.8240e+00 -2.3208e+00 -1.6891e+00 +1.0279e+00 +2.0225e+00 +1.4608e+00 +3.2392e+00 +1.9124e+00 -2.7230e+00
1127637 +1.856309886e+01 +1.856309886e+01 -9.897690114e+01 -9.897690114e+01 -9.9052e-01 +9.0787e-01 +6.7719e-01 -3.9369e+00 +3.1338e-01 +1.2112e+00 +1.2589e+00 +3.9848e+00 +2.6794e+00 -2.8297e+00
1488762 +1.658926345e+01 +1.658926345e+01 -1.009507365e+02 -1.009507365e+02 -6.0918e-01 +2.0650e+00 -1.1403e-01 -2.7313e+00 -1.4428e-01 +1.9082e+00 +1.5428e+00 +3.3522e+00 +2.2846e+00 -1.7671e+00
5949047 +1.159213785e+01 +1.159213785e+01 -1.059478622e+02 -1.059478622e+02 -1.1713e+00 +2.3105e+00 -5.9150e-01 -3.3733e+00 +8.8313e-01 +1.7795e+00 +2.9646e+00 +2.8184e+00 +2.2381e+00 -3.9938e+00
15515896 +9.149297773e+00 +9.149297773e+00 -1.083907022e+02 -1.083907022e+02 -9.8711e-01 +1.8560e+00 +2.6686e-01 -4.1893e+00 -1.4630e-01 +1.3514e+00 +4.0892e+00 +2.1995e+00 +3.6810e+00 -3.0079e+00
52193191 +8.454962194e+00 +8.454962194e+00 -1.090850378e+02 -1.090850378e+02 -2.3438e+00 +2.7280e-01 -3.4157e-01 -3.2210e+00 -7.3020e-01 +1.1110e+00 +2.9993e+00 +2.0097e+00 +2.0912e+00 -3.8782e+00
% function evaluation | noise-free fitness - Fopt (-4.974800000000e+02) | best noise-free fitness - Fopt | measured fitness | best measured fitness | x1 | x2...
1 +1.666450268e+03 +1.666450268e+03 +1.168970268e+03 +1.168970268e+03 +3.7046e+00 -7.3596e-01 +3.2188e+00 -4.3091e+00 -1.6016e+00 +1.8167e+00 -4.2773e+00 +4.8583e+00 -2.6160e+00 -2.2161e+00
3 +5.292309535e+02 +5.292309535e+02 +3.175095351e+01 +3.175095351e+01 -1.2696e+00 -1.2317e+00 -1.2401e+00 -1.1611e-01 +2.2964e+00 -3.7683e+00 +1.0372e+00 +1.3948e-01 +2.3766e+00 +9.1940e-01
8 +1.663137778e+02 +1.663137778e+02 -3.311662222e+02 -3.311662222e+02 -3.5695e+00 +1.3666e-01 -5.0821e-01 -3.4986e+00 +1.6141e+00 +2.7061e+00 +6.2411e-01 -5.7310e-01 -8.9817e-01 +2.6677e+00
67 +1.554456714e+02 +1.554456714e+02 -3.420343286e+02 -3.420343286e+02 -4.1434e+00 +1.3085e+00 -3.2491e+00 -3.1845e+00 +2.0864e-01 +3.2588e+00 +6.1213e-01 +4.1432e+00 +4.4334e+00 -7.0749e-01
250 +1.528317415e+02 +1.528317415e+02 -3.446482585e+02 -3.446482585e+02 +1.7546e+00 -4.6525e+00 +4.5150e-01 -1.4737e+00 +1.9064e+00 -2.4492e+00 +8.2237e-01 -4.7177e-01 +3.2158e+00 +4.6401e+00
483 +1.099761653e+02 +1.099761653e+02 -3.875038347e+02 -3.875038347e+02 -2.7142e+00 -3.7540e+00 +5.8163e-01 -4.0402e+00 +3.0193e+00 -1.0760e+00 -5.9017e-01 +2.2609e+00 +1.9988e+00 +4.9121e+00
1232 +5.383689023e+01 +5.383689023e+01 -4.436431098e+02 -4.436431098e+02 -6.0709e-01 -4.4855e+00 +5.2149e-01 -2.0947e+00 +3.5758e+00 -2.6301e-01 -1.9089e-01 +2.9926e+00 +1.6569e+00 +2.4694e+00
11360 +4.688021378e+01 +4.688021378e+01 -4.505997862e+02 -4.505997862e+02 -2.6666e+00 -1.3502e+00 -9.5778e-02 -3.3557e+00 +1.9782e+00 +2.2844e+00 +1.3111e+00 -2.1083e+00 +1.3585e+00 +3.7230e+00
16274 +3.234211001e+01 +3.234211001e+01 -4.651378900e+02 -4.651378900e+02 -2.9583e+00 -4.5728e+00 +1.4901e+00 -4.8899e+00 +2.9573e+00 +2.6170e+00 +8.3727e-01 +6.3651e-01 +3.1907e+00 +2.3552e+00
248014 +2.734303642e+01 +2.734303642e+01 -4.701369636e+02 -4.701369636e+02 -1.7286e+00 -1.3151e+00 -9.0178e-01 -3.1836e+00 +1.2488e+00 +3.9587e+00 +1.7339e-01 +2.6522e+00 +2.7133e+00 -6.8308e-01
411662 +2.488034919e+01 +2.488034919e+01 -4.725996508e+02 -4.725996508e+02 -1.6265e+00 -2.7302e+00 -1.0320e+00 -2.5989e+00 +5.3404e-01 +4.6026e+00 +1.8567e-01 +3.1864e+00 +2.0470e+00 -8.6713e-01
558423 +2.340805991e+01 +2.340805991e+01 -4.740719401e+02 -4.740719401e+02 -2.5796e+00 -3.3621e+00 +9.4117e-01 -3.1243e+00 +2.9088e+00 +2.6744e+00 +1.1786e+00 -1.1619e+00 -1.7391e-01 +4.6608e+00
1321526 +1.342299274e+01 +1.342299274e+01 -4.840570073e+02 -4.840570073e+02 -2.8636e+00 -4.5349e+00 -1.1213e+00 -3.5365e+00 +8.5410e-01 +2.0418e+00 -2.0541e-01 +2.6632e+00 +3.0936e+00 -6.6089e-01
6245494 +1.269264842e+01 +1.269264842e+01 -4.847873516e+02 -4.847873516e+02 -2.8163e+00 -3.9792e+00 -5.4321e-01 -2.8670e+00 +1.2226e+00 +2.0530e+00 -1.6173e-01 +1.1702e+00 +1.8189e+00 +2.7835e+00
17865527 +1.217703003e+01 +1.217703003e+01 -4.853029700e+02 -4.853029700e+02 -1.1974e-01 -3.8317e+00 +4.8165e-01 -3.0844e+00 +2.7455e+00 +2.7279e+00 +7.0259e-01 +1.8228e+00 +1.7804e+00 +2.5028e+00
18638589 +4.852904014e+00 +4.852904014e+00 -4.926270960e+02 -4.926270960e+02 -3.8827e+00 -1.7411e+00 -3.8553e-01 -3.4312e+00 +1.1402e+00 +4.6163e+00 +7.7613e-01 +1.6307e+00 +1.7723e+00 +1.5978e-01
27990201 +3.442698986e+00 +3.442698986e+00 -4.940373010e+02 -4.940373010e+02 -2.8616e+00 -1.4788e+00 -3.4462e-01 -4.0789e+00 +1.4533e+00 +4.7555e+00 +9.7631e-01 +1.8000e+00 +2.9131e+00 -3.2836e-02
