% f evaluations | g evaluations | best noise-free fitness - Fopt (7.627000000000e+01) + sum g_i+ | measured fitness | best measured fitness or single-digit g-values | x1 | x2...
1 0 +2.826710783e+07 +2.826718410e+07 +2.826718410e+07 +1.6667e+00 +1.6667e+00
2 0 +1.731335745e+06 +1.731412015e+06 +1.731412015e+06 -1.6667e+00 -1.6667e+00
5 0 +7.363346270e+05 +7.364108970e+05 +7.364108970e+05 -3.3333e+00 -3.3333e+00
7 0 +4.394364273e+05 +4.395126973e+05 +4.395126973e+05 +1.6667e+00 -3.3333e+00
9 0 +2.292504515e+04 +2.300131515e+04 +2.300131515e+04 -8.3333e-01 -3.3333e+00
22 0 +4.309084805e+03 +4.385354805e+03 +4.385354805e+03 -8.1201e-01 -3.2659e+00
25 0 +1.975649351e+03 +2.051919351e+03 +2.051919351e+03 -8.0378e-01 -3.2365e+00
29 0 +5.900721292e+02 +6.663421292e+02 +6.663421292e+02 -7.8648e-01 -3.1742e+00
32 0 +4.006530000e+01 +1.163353000e+02 +1.163353000e+02 -7.9526e-01 -3.2025e+00
35 0 +1.675196732e+01 +9.302196732e+01 +9.302196732e+01 -7.9531e-01 -3.1996e+00
40 0 +1.271540394e+00 +7.754154039e+01 +7.754154039e+01 -7.9493e-01 -3.1947e+00
43 0 +2.911591117e-02 +7.629911591e+01 +7.629911591e+01 -7.9574e-01 -3.1954e+00
46 0 +2.158758688e-02 +7.629158759e+01 +7.629158759e+01 -7.9655e-01 -3.1953e+00
49 0 +2.027013749e-02 +7.629027014e+01 +7.629027014e+01 -7.9719e-01 -3.1951e+00
52 0 +1.988673444e-02 +7.628988673e+01 +7.628988673e+01 -7.9823e-01 -3.1947e+00
55 0 +1.878656564e-02 +7.628878657e+01 +7.628878657e+01 -8.0284e-01 -3.1933e+00
58 0 +1.767302670e-02 +7.628767303e+01 +7.628767303e+01 -8.0773e-01 -3.1917e+00
61 0 +1.551689097e-02 +7.628551689e+01 +7.628551689e+01 -8.3767e-01 -3.1822e+00
64 0 +1.002475990e-02 +7.628002476e+01 +7.628002476e+01 -8.5740e-01 -3.1760e+00
70 0 +6.461863817e-03 +7.627646186e+01 +7.627646186e+01 -9.0449e-01 -3.1610e+00
72 0 +6.450701342e-03 +7.627645070e+01 +7.627645070e+01 -9.0449e-01 -3.1610e+00
73 0 +2.665069823e-03 +7.627266507e+01 +7.627266507e+01 -9.4681e-01 -3.1477e+00
76 0 +1.401140831e-03 +7.627140114e+01 +7.627140114e+01 -9.3333e-01 -3.1520e+00
79 0 +1.424351472e-04 +7.627014244e+01 +7.627014244e+01 -9.2762e-01 -3.1538e+00
82 0 +1.218736811e-04 +7.627012187e+01 +7.627012187e+01 -9.2787e-01 -3.1537e+00
85 0 +5.960760895e-05 +7.627005961e+01 +7.627005961e+01 -9.3180e-01 -3.1525e+00
91 0 +4.611256585e-05 +7.627004611e+01 +7.627004611e+01 -9.3653e-01 -3.1510e+00
94 0 +2.382043371e-05 +7.627002382e+01 +7.627002382e+01 -9.3840e-01 -3.1504e+00
97 0 +7.706847384e-06 +7.627000771e+01 +7.627000771e+01 -9.3984e-01 -3.1499e+00
100 0 +1.047919980e-06 +7.627000105e+01 +7.627000105e+01 -9.3891e-01 -3.1502e+00
101 0 +1.042676274e-06 +7.627000104e+01 +7.627000104e+01 -9.3891e-01 -3.1502e+00
102 0 +9.989139187e-07 +7.627000100e+01 +7.627000100e+01 -9.3891e-01 -3.1502e+00
107 0 +6.199263680e-07 +7.627000062e+01 +7.627000062e+01 -9.3916e-01 -3.1502e+00
109 0 +6.057863970e-07 +7.627000061e+01 +7.627000061e+01 -9.3916e-01 -3.1502e+00
112 0 +6.014115570e-07 +7.627000060e+01 +7.627000060e+01 -9.3857e-01 -3.1503e+00
113 0 +3.616908089e-07 +7.627000036e+01 +7.627000036e+01 -9.3887e-01 -3.1503e+00
% f evaluations | g evaluations | best noise-free fitness - Fopt (-2.255000000000e+01) + sum g_i+ | measured fitness | best measured fitness or single-digit g-values | x1 | x2...
1 0 +1.570084666e+06 +1.570062116e+06 +1.570062116e+06 +1.6667e+00 +1.6667e+00
4 0 +4.633758197e+05 +4.633532697e+05 +4.633532697e+05 +3.3333e+00 -1.6667e+00
11 0 +1.174006272e+05 +1.173780772e+05 +1.173780772e+05 +4.1625e+00 -1.0932e+00
14 0 +1.723180291e+04 +1.720925291e+04 +1.720925291e+04 +3.8999e+00 -1.7864e+00
17 0 +1.030136493e+03 +1.007586493e+03 +1.007586493e+03 +3.9499e+00 -1.6155e+00
20 0 +8.005189561e+01 +5.750189561e+01 +5.750189561e+01 +3.9561e+00 -1.5495e+00
24 0 +2.938193141e+01 +6.831931411e+00 +6.831931411e+00 +3.9551e+00 -1.5129e+00
27 0 +1.862913359e+01 -3.920866406e+00 -3.920866406e+00 +3.9485e+00 -1.5037e+00
30 0 +1.842371784e+01 -4.126282162e+00 -4.126282162e+00 +3.9419e+00 -1.4838e+00
33 0 +1.737438115e+01 -5.175618847e+00 -5.175618847e+00 +3.8881e+00 -1.3233e+00
36 0 +1.535093154e+01 -7.199068458e+00 -7.199068458e+00 +3.7553e+00 -9.2870e-01
39 0 +1.182911552e+01 -1.072088448e+01 -1.072088448e+01 +3.5216e+00 -2.3671e-01
42 0 +9.033462964e+00 -1.351653704e+01 -1.351653704e+01 +3.0464e+00 +1.1685e+00
45 0 +3.369691542e+00 -1.918030846e+01 -1.918030846e+01 +2.7456e+00 +2.0542e+00
48 0 +1.028912657e+00 -2.152108734e+01 -2.152108734e+01 +2.6690e+00 +2.2777e+00
52 0 +6.471501495e-02 -2.248528499e+01 -2.248528499e+01 +2.4980e+00 +2.7791e+00
55 0 +9.117362690e-03 -2.254088264e+01 -2.254088264e+01 +2.5482e+00 +2.6317e+00
58 0 +2.144845729e-03 -2.254785515e+01 -2.254785515e+01 +2.5554e+00 +2.6103e+00
62 0 +9.055363238e-04 -2.254909446e+01 -2.254909446e+01 +2.5590e+00 +2.5993e+00
65 0 +1.426382480e-04 -2.254985736e+01 -2.254985736e+01 +2.5642e+00 +2.5841e+00
69 0 +5.781189112e-05 -2.254994219e+01 -2.254994219e+01 +2.5632e+00 +2.5871e+00
75 0 +1.478949291e-05 -2.254998521e+01 -2.254998521e+01 +2.5644e+00 +2.5834e+00
78 0 +1.314787649e-05 -2.254998685e+01 -2.254998685e+01 +2.5649e+00 +2.5819e+00
79 0 +1.287997671e-05 -2.254998712e+01 -2.254998712e+01 +2.5649e+00 +2.5819e+00
81 0 +7.803839232e-06 -2.254999220e+01 -2.254999220e+01 +2.5646e+00 +2.5829e+00
19535 0 +4.420945086e-06 -2.254999558e+01 -2.254999558e+01 +2.5650e+00 +2.5818e+00
87298 0 +2.574450779e-06 -2.254999743e+01 -2.254999743e+01 +2.5659e+00 +2.5790e+00
88148 0 +1.701647417e-06 -2.254999830e+01 -2.254999830e+01 +2.5660e+00 +2.5788e+00
% f evaluations | g evaluations | best noise-free fitness - Fopt (1.366000000000e+01) + sum g_i+ | measured fitness | best measured fitness or single-digit g-values | x1 | x2...
1 0 +1.977818726e+06 +1.977832386e+06 +1.977832386e+06 +1.6667e+00 +1.6667e+00
2 0 +4.534783190e+04 +4.536149190e+04 +4.536149190e+04 -1.6667e+00 -1.6667e+00
17 0 +3.647194308e+03 +3.660854308e+03 +3.660854308e+03 +1.6667e+00 +4.1667e+00
34 0 +9.891775390e+01 +1.125777539e+02 +1.125777539e+02 +1.6060e+00 +4.2030e+00
39 0 +5.937868037e+00 +1.959786804e+01 +1.959786804e+01 +1.6128e+00 +4.1945e+00
42 0 +5.847496958e+00 +1.950749696e+01 +1.950749696e+01 +1.6050e+00 +4.1816e+00
45 0 +5.356550241e+00 +1.901655024e+01 +1.901655024e+01 +1.5651e+00 +4.1152e+00
48 0 +2.747819040e+00 +1.640781904e+01 +1.640781904e+01 +1.3458e+00 +3.7508e+00
51 0 +1.137381990e+00 +1.479738199e+01 +1.479738199e+01 +9.6088e-01 +3.1110e+00
55 0 +3.666622380e-01 +1.402666224e+01 +1.402666224e+01 +8.7750e-02 +1.6598e+00
58 0 +1.166611103e-01 +1.377666111e+01 +1.377666111e+01 +2.5537e-01 +1.9384e+00
62 0 +1.096912141e-01 +1.376969121e+01 +1.376969121e+01 +5.9407e-01 +2.5013e+00
63 0 +2.714162840e-05 +1.366002714e+01 +1.366002714e+01 +4.2472e-01 +2.2199e+00
8651 0 +2.154803584e-05 +1.366002155e+01 +1.366002155e+01 +4.2684e-01 +2.2234e+00
9299 0 +1.266471834e-05 +1.366001266e+01 +1.366001266e+01 +4.2638e-01 +2.2226e+00
12332 0 +4.616046992e-06 +1.366000462e+01 +1.366000462e+01 +4.2628e-01 +2.2225e+00
12818 0 +7.481373085e-07 +1.366000075e+01 +1.366000075e+01 +4.2674e-01 +2.2232e+00
15204 0 +4.124424482e-07 +1.366000041e+01 +1.366000041e+01 +4.2697e-01 +2.2236e+00
% f evaluations | g evaluations | best noise-free fitness - Fopt (9.378400000000e+02) + sum g_i+ | measured fitness | best measured fitness or single-digit g-values | x1 | x2...
1 0 +6.734217099e+06 +6.735154939e+06 +6.735154939e+06 +1.6667e+00 +1.6667e+00
2 0 +3.122856311e+06 +3.123794151e+06 +3.123794151e+06 -1.6667e+00 -1.6667e+00
3 0 +2.111119441e+06 +2.112057281e+06 +2.112057281e+06 -3.3333e+00 +1.6667e+00
5 0 +1.433061443e+06 +1.433999283e+06 +1.433999283e+06 -3.3333e+00 -3.3333e+00
6 0 +1.098971171e+06 +1.099909011e+06 +1.099909011e+06 -1.6667e+00 +3.3333e+00
9 0 +2.941567863e+05 +2.950946263e+05 +2.950946263e+05 -8.3333e-01 +1.6667e+00
12 0 +1.933092227e+05 +1.942470627e+05 +1.942470627e+05 -4.1667e+00 -1.6667e+00
14 0 +1.015857184e+05 +1.025235584e+05 +1.025235584e+05 -1.6667e+00 +8.3333e-01
17 0 +4.146091686e+04 +4.239875686e+04 +4.239875686e+04 -3.3333e+00 -8.3333e-01
34 0 +1.607356907e+04 +1.701140907e+04 +1.701140907e+04 -3.2737e+00 -8.7121e-01
37 0 +4.930254592e+03 +5.868094592e+03 +5.868094592e+03 -3.2162e+00 -8.8317e-01
41 0 +4.615860052e+03 +5.553700052e+03 +5.553700052e+03 -3.0614e+00 -9.1983e-01
44 0 +3.020139420e+02 +1.239853942e+03 +1.239853942e+03 -3.1105e+00 -8.8843e-01
47 0 +5.773759907e+01 +9.955775991e+02 +9.955775991e+02 -3.1185e+00 -8.5954e-01
50 0 +2.639073367e+01 +9.642307337e+02 +9.642307337e+02 -3.1058e+00 -8.4928e-01
53 0 +2.573735935e+01 +9.635773594e+02 +9.635773594e+02 -3.0934e+00 -8.3101e-01
56 0 +2.551944744e+01 +9.633594474e+02 +9.633594474e+02 -3.0767e+00 -8.0503e-01
59 0 +2.456217161e+01 +9.624021716e+02 +9.624021716e+02 -2.9725e+00 -6.4195e-01
62 0 +2.280349194e+01 +9.606434919e+02 +9.606434919e+02 -2.7454e+00 -2.8500e-01
65 0 +1.527976756e+01 +9.531197676e+02 +9.531197676e+02 -2.0123e+00 +8.6912e-01
68 0 +1.332574483e+01 +9.511657448e+02 +9.511657448e+02 -5.5954e-02 +3.9517e+00
71 0 +3.345945307e+00 +9.411859453e+02 +9.411859453e+02 -4.5968e-01 +3.3181e+00
74 0 +1.408235950e+00 +9.392482359e+02 +9.392482359e+02 -3.3205e-01 +3.5206e+00
78 0 +4.835457859e-01 +9.383235458e+02 +9.383235458e+02 -2.6184e-01 +3.6348e+00
81 0 +2.070540969e-02 +9.378607054e+02 +9.378607054e+02 -2.9454e-01 +3.5822e+00
85 0 +1.158887059e-02 +9.378515889e+02 +9.378515889e+02 -3.2075e-01 +3.5405e+00
88 0 +2.323775719e-03 +9.378423238e+02 +9.378423238e+02 -3.1781e-01 +3.5452e+00
91 0 +1.174530901e-03 +9.378411745e+02 +9.378411745e+02 -3.1408e-01 +3.5511e+00
94 0 +7.214163622e-04 +9.378407214e+02 +9.378407214e+02 -2.9811e-01 +3.5764e+00
95 0 +4.035445616e-04 +9.378404035e+02 +9.378404035e+02 -3.0609e-01 +3.5638e+00
105 0 +2.154665456e-04 +9.378402155e+02 +9.378402155e+02 -2.9591e-01 +3.5798e+00
108 0 +5.413963208e-06 +9.378400054e+02 +9.378400054e+02 -2.9653e-01 +3.5788e+00
115 0 +2.390902750e-06 +9.378400024e+02 +9.378400024e+02 -2.9653e-01 +3.5788e+00
132 0 +9.474432545e-07 +9.378400009e+02 +9.378400009e+02 -2.9653e-01 +3.5788e+00
134 0 +8.958173794e-07 +9.378400009e+02 +9.378400009e+02 -2.9653e-01 +3.5788e+00
% f evaluations | g evaluations | best noise-free fitness - Fopt (-7.872000000000e+01) + sum g_i+ | measured fitness | best measured fitness or single-digit g-values | x1 | x2...
1 0 +1.188102892e+07 +1.188095020e+07 +1.188095020e+07 +1.6667e+00 +1.6667e+00
2 0 +7.830861856e+06 +7.830783136e+06 +7.830783136e+06 -1.6667e+00 -1.6667e+00
4 0 +2.681890087e+04 +2.674018087e+04 +2.674018087e+04 +3.3333e+00 -1.6667e+00
14 0 +5.807770705e+03 +5.729050705e+03 +5.729050705e+03 +3.2923e+00 -1.6091e+00
17 0 +3.417633605e+02 +2.630433605e+02 +2.630433605e+02 +3.2550e+00 -1.5556e+00
20 0 +2.220056995e+00 -7.649994301e+01 -7.649994301e+01 +3.2460e+00 -1.5413e+00
23 0 +5.464254900e-02 -7.866535745e+01 -7.866535745e+01 +3.2458e+00 -1.5395e+00
26 0 +5.309023629e-02 -7.866690976e+01 -7.866690976e+01 +3.2464e+00 -1.5391e+00
32 0 +4.185321959e-02 -7.867814678e+01 -7.867814678e+01 +3.2488e+00 -1.5375e+00
35 0 +4.155456510e-02 -7.867844543e+01 -7.867844543e+01 +3.2490e+00 -1.5374e+00
46 0 +4.011602964e-02 -7.867988397e+01 -7.867988397e+01 +3.2522e+00 -1.5351e+00
49 0 +3.363332148e-02 -7.868636668e+01 -7.868636668e+01 +3.2691e+00 -1.5230e+00
52 0 +5.059375946e-03 -7.871494062e+01 -7.871494062e+01 +3.3589e+00 -1.4590e+00
55 0 +2.736257080e-03 -7.871726374e+01 -7.871726374e+01 +3.3702e+00 -1.4509e+00
58 0 +1.509721534e-03 -7.871849028e+01 -7.871849028e+01 +3.3816e+00 -1.4427e+00
64 0 +2.756335365e-04 -7.871972437e+01 -7.871972437e+01 +3.4165e+00 -1.4178e+00
65 0 +2.744082974e-04 -7.871972559e+01 -7.871972559e+01 +3.4165e+00 -1.4178e+00
67 0 +5.874881943e-05 -7.871994125e+01 -7.871994125e+01 +3.4123e+00 -1.4208e+00
70 0 +5.066148563e-05 -7.871994934e+01 -7.871994934e+01 +3.4076e+00 -1.4241e+00
73 0 +3.313901189e-06 -7.871999669e+01 -7.871999669e+01 +3.4101e+00 -1.4224e+00
52035 0 +1.432925075e-06 -7.871999857e+01 -7.871999857e+01 +3.4116e+00 -1.4213e+00
% f evaluations | g evaluations | best noise-free fitness - Fopt (1.735400000000e+02) + sum g_i+ | measured fitness | best measured fitness or single-digit g-values | x1 | x2...
1 0 +2.443851171e+07 +2.443868525e+07 +2.443868525e+07 +1.6667e+00 +1.6667e+00
2 0 +2.047299998e+06 +2.047473538e+06 +2.047473538e+06 -1.6667e+00 -1.6667e+00
5 0 +8.726347129e+04 +8.743701129e+04 +8.743701129e+04 -3.3333e+00 -3.3333e+00
7 0 +8.934784302e+01 +2.628878430e+02 +2.628878430e+02 +1.6667e+00 -3.3333e+00
22 0 +8.832070978e+01 +2.618607098e+02 +2.618607098e+02 +1.6656e+00 -3.3510e+00
25 0 +1.434007413e+01 +1.878800741e+02 +1.878800741e+02 +1.6440e+00 -3.3406e+00
28 0 +1.410187556e+01 +1.876418756e+02 +1.876418756e+02 +1.6215e+00 -3.3391e+00
31 0 +1.318646419e+01 +1.867264642e+02 +1.867264642e+02 +1.4734e+00 -3.3295e+00
34 0 +1.176748789e+01 +1.853074879e+02 +1.853074879e+02 +1.2384e+00 -3.3150e+00
37 0 +7.564415118e+00 +1.811044151e+02 +1.811044151e+02 +3.4928e-01 -3.2614e+00
40 0 +2.337343868e+00 +1.758773439e+02 +1.758773439e+02 -8.4048e-01 -3.1897e+00
43 0 +9.873512730e-01 +1.745273513e+02 +1.745273513e+02 -1.2067e+00 -3.1679e+00
48 0 +8.276236189e-03 +1.735482762e+02 +1.735482762e+02 -2.1503e+00 -3.1113e+00
51 0 +5.424758497e-03 +1.735454248e+02 +1.735454248e+02 -2.1370e+00 -3.1121e+00
54 0 +2.471052934e-03 +1.735424711e+02 +1.735424711e+02 -2.1280e+00 -3.1126e+00
59 0 +1.604592421e-03 +1.735416046e+02 +1.735416046e+02 -2.1231e+00 -3.1129e+00
62 0 +4.617353079e-04 +1.735404617e+02 +1.735404617e+02 -2.1444e+00 -3.1116e+00
65 0 +1.438075082e-04 +1.735401438e+02 +1.735401438e+02 -2.1544e+00 -3.1110e+00
68 0 +1.239503154e-04 +1.735401240e+02 +1.735401240e+02 -2.1618e+00 -3.1105e+00
69 0 +3.459528878e-05 +1.735400346e+02 +1.735400346e+02 -2.1581e+00 -3.1108e+00
75 0 +3.058361455e-05 +1.735400306e+02 +1.735400306e+02 -2.1585e+00 -3.1107e+00
78 0 +2.898091577e-05 +1.735400290e+02 +1.735400290e+02 -2.1584e+00 -3.1107e+00
81 0 +2.739062316e-05 +1.735400274e+02 +1.735400274e+02 -2.1589e+00 -3.1107e+00
97 0 +2.626199017e-05 +1.735400263e+02 +1.735400263e+02 -2.1591e+00 -3.1107e+00
104 0 +2.556794317e-05 +1.735400256e+02 +1.735400256e+02 -2.1592e+00 -3.1107e+00
107 0 +1.896084166e-05 +1.735400190e+02 +1.735400190e+02 -2.1600e+00 -3.1106e+00
110 0 +1.064242721e-05 +1.735400106e+02 +1.735400106e+02 -2.1668e+00 -3.1102e+00
113 0 +3.510951103e-07 +1.735400004e+02 +1.735400004e+02 -2.1636e+00 -3.1104e+00
116 0 +8.573081800e-08 +1.735400001e+02 +1.735400001e+02 -2.1638e+00 -3.1104e+00
% f evaluations | g evaluations | best noise-free fitness - Fopt (-8.502000000000e+01) + sum g_i+ | measured fitness | best measured fitness or single-digit g-values | x1 | x2...
1 0 +1.838233987e+06 +1.838148967e+06 +1.838148967e+06 +1.6667e+00 +1.6667e+00
6 0 +6.123424441e+05 +6.122574241e+05 +6.122574241e+05 +3.3333e+00 +3.3333e+00
9 0 +5.317072965e+05 +5.316222765e+05 +5.316222765e+05 +4.1667e+00 +1.6667e+00
12 0 +1.021672657e+03 +9.366526569e+02 +9.366526569e+02 +8.3333e-01 -1.6667e+00
27 0 +2.526179529e+01 -5.975820471e+01 -5.975820471e+01 +8.0464e-01 -1.6460e+00
30 0 +3.597579803e+00 -8.142242020e+01 -8.142242020e+01 +8.1096e-01 -1.6424e+00
33 0 +1.849903391e+00 -8.317009661e+01 -8.317009661e+01 +8.1746e-01 -1.6353e+00
36 0 +1.790319937e+00 -8.322968006e+01 -8.322968006e+01 +8.2606e-01 -1.6245e+00
39 0 +1.662799098e+00 -8.335720090e+01 -8.335720090e+01 +8.2610e-01 -1.6238e+00
42 0 +1.633073092e+00 -8.338692691e+01 -8.338692691e+01 +8.3131e-01 -1.6166e+00
45 0 +1.454670155e+00 -8.356532985e+01 -8.356532985e+01 +8.6042e-01 -1.5763e+00
48 0 +5.507025587e-01 -8.446929744e+01 -8.446929744e+01 +1.0497e+00 -1.3134e+00
51 0 +5.063166303e-01 -8.451368337e+01 -8.451368337e+01 +1.0893e+00 -1.2582e+00
54 0 +4.887095860e-01 -8.453129041e+01 -8.453129041e+01 +1.1134e+00 -1.2246e+00
57 0 +2.776889672e-01 -8.474231103e+01 -8.474231103e+01 +1.4046e+00 -8.1894e-01
60 0 +1.989742867e-01 -8.482102571e+01 -8.482102571e+01 +1.2618e+00 -1.0180e+00
63 0 +1.162612230e-01 -8.490373878e+01 -8.490373878e+01 +1.3371e+00 -9.1334e-01
67 0 +1.098838498e-02 -8.500901162e+01 -8.500901162e+01 +1.5190e+00 -6.6102e-01
70 0 +5.591045729e-04 -8.501944090e+01 -8.501944090e+01 +1.5093e+00 -6.7434e-01
73 0 +1.035000209e-04 -8.501989650e+01 -8.501989650e+01 +1.5062e+00 -6.7870e-01
76 0 +1.040206062e-05 -8.501998960e+01 -8.501998960e+01 +1.5089e+00 -6.7493e-01
79 0 +6.591789486e-06 -8.501999341e+01 -8.501999341e+01 +1.5089e+00 -6.7486e-01
57991 0 +4.034532566e-07 -8.501999960e+01 -8.501999960e+01 +1.5107e+00 -6.7235e-01
% f evaluations | g evaluations | best noise-free fitness - Fopt (1.388500000000e+02) + sum g_i+ | measured fitness | best measured fitness or single-digit g-values | x1 | x2...
1 0 +2.104574149e+07 +2.104588034e+07 +2.104588034e+07 +1.6667e+00 +1.6667e+00
2 0 +2.001809773e+06 +2.001948623e+06 +2.001948623e+06 -1.6667e+00 -1.6667e+00
3 0 +1.332958404e+05 +1.334346904e+05 +1.334346904e+05 -3.3333e+00 +1.6667e+00
5 0 +1.265067957e+05 +1.266456457e+05 +1.266456457e+05 -3.3333e+00 -3.3333e+00
18 0 +8.853528750e+04 +8.867413750e+04 +8.867413750e+04 -3.2627e+00 -3.3336e+00
22 0 +4.337218607e+04 +4.351103607e+04 +4.351103607e+04 -2.7679e+00 -3.3352e+00
25 0 +1.625950934e+03 +1.764800934e+03 +1.764800934e+03 -2.9352e+00 -3.3259e+00
28 0 +5.840901276e+02 +7.229401276e+02 +7.229401276e+02 -2.9956e+00 -3.3139e+00
31 0 +2.760313207e+01 +1.664531321e+02 +1.664531321e+02 -2.9687e+00 -3.3106e+00
34 0 +8.535658913e+00 +1.473856589e+02 +1.473856589e+02 -2.9720e+00 -3.3024e+00
37 0 +8.196103172e+00 +1.470461032e+02 +1.470461032e+02 -2.9723e+00 -3.2932e+00
42 0 +8.029464346e+00 +1.468794643e+02 +1.468794643e+02 -2.9727e+00 -3.2813e+00
48 0 +7.659477028e+00 +1.465094770e+02 +1.465094770e+02 -2.9722e+00 -3.1712e+00
51 0 +5.473995699e+00 +1.443239957e+02 +1.443239957e+02 -2.9698e+00 -2.6365e+00
56 0 +4.061598341e+00 +1.429115983e+02 +1.429115983e+02 -2.9643e+00 -1.3670e+00
59 0 +2.774258719e+00 +1.416242587e+02 +1.416242587e+02 -2.9648e+00 -1.3799e+00
62 0 +7.823108873e-01 +1.396323109e+02 +1.396323109e+02 -2.9658e+00 -1.0600e+00
65 0 +7.574261077e-02 +1.389257426e+02 +1.389257426e+02 -2.9642e+00 -7.3930e-01
68 0 +3.598910607e-03 +1.388535989e+02 +1.388535989e+02 -2.9634e+00 -5.2909e-01
71 0 +1.340438681e-03 +1.388513404e+02 +1.388513404e+02 -2.9633e+00 -5.1265e-01
77 0 +5.257797483e-05 +1.388500526e+02 +1.388500526e+02 -2.9632e+00 -4.7158e-01
80 0 +1.205607333e-06 +1.388500012e+02 +1.388500012e+02 -2.9632e+00 -4.7248e-01
83 0 +6.217715054e-08 +1.388500001e+02 +1.388500001e+02 -2.9632e+00 -4.7334e-01
84 0 +5.849702234e-08 +1.388500001e+02 +1.388500001e+02 -2.9632e+00 -4.7334e-01
86 0 +7.657860124e-09 +1.388500000e+02 +1.388500000e+02 -2.9632e+00 -4.7353e-01
% f evaluations | g evaluations | best noise-free fitness - Fopt (1.672000000000e+01) + sum g_i+ | measured fitness | best measured fitness or single-digit g-values | x1 | x2...
1 0 +1.880163622e+07 +1.880165294e+07 +1.880165294e+07 +1.6667e+00 +1.6667e+00
4 0 +1.712227552e+06 +1.712244272e+06 +1.712244272e+06 +3.3333e+00 -1.6667e+00
11 0 +1.277344188e+05 +1.277511388e+05 +1.277511388e+05 +4.1312e+00 -3.3250e+00
14 0 +2.129717294e+02 +2.296917294e+02 +2.296917294e+02 +4.0455e+00 -2.8193e+00
17 0 +5.550251821e-01 +1.727502518e+01 +1.727502518e+01 +4.0426e+00 -2.7972e+00
20 0 +2.637332557e-01 +1.698373326e+01 +1.698373326e+01 +4.0412e+00 -2.7986e+00
23 0 +2.609427445e-01 +1.698094274e+01 +1.698094274e+01 +4.0397e+00 -2.8011e+00
29 0 +2.383416527e-01 +1.695834165e+01 +1.695834165e+01 +4.0201e+00 -2.8337e+00
32 0 +1.428893207e-01 +1.686288932e+01 +1.686288932e+01 +3.9262e+00 -2.9906e+00
38 0 +1.375987760e-01 +1.685759878e+01 +1.685759878e+01 +3.8763e+00 -3.0740e+00
41 0 +7.303669827e-02 +1.679303670e+01 +1.679303670e+01 +3.8448e+00 -3.1267e+00
44 0 +3.985259905e-02 +1.675985260e+01 +1.675985260e+01 +3.7634e+00 -3.2631e+00
47 0 +1.665136118e-02 +1.673665136e+01 +1.673665136e+01 +3.7395e+00 -3.3032e+00
54 0 +1.559699881e-02 +1.673559700e+01 +1.673559700e+01 +3.7395e+00 -3.3032e+00
57 0 +1.380997422e-02 +1.673380997e+01 +1.673380997e+01 +3.7479e+00 -3.2892e+00
64 0 +1.339131508e-02 +1.673339132e+01 +1.673339132e+01 +3.7479e+00 -3.2892e+00
68 0 +6.692500841e-04 +1.672066925e+01 +1.672066925e+01 +3.7647e+00 -3.2612e+00
71 0 +3.611728862e-05 +1.672003612e+01 +1.672003612e+01 +3.7686e+00 -3.2548e+00
75 0 +3.502251030e-05 +1.672003502e+01 +1.672003502e+01 +3.7680e+00 -3.2557e+00
76 0 +3.326343757e-05 +1.672003326e+01 +1.672003326e+01 +3.7683e+00 -3.2553e+00
79 0 +3.120445347e-05 +1.672003120e+01 +1.672003120e+01 +3.7683e+00 -3.2552e+00
84 0 +2.852710859e-05 +1.672002853e+01 +1.672002853e+01 +3.7689e+00 -3.2542e+00
90 0 +2.703507417e-05 +1.672002704e+01 +1.672002704e+01 +3.7692e+00 -3.2538e+00
91 0 +2.656774923e-05 +1.672002657e+01 +1.672002657e+01 +3.7692e+00 -3.2538e+00
97 0 +1.978206873e-05 +1.672001978e+01 +1.672001978e+01 +3.7692e+00 -3.2538e+00
104 0 +1.791405969e-05 +1.672001791e+01 +1.672001791e+01 +3.7692e+00 -3.2538e+00
115 0 +1.680700512e-05 +1.672001681e+01 +1.672001681e+01 +3.7692e+00 -3.2537e+00
118 0 +1.652298236e-05 +1.672001652e+01 +1.672001652e+01 +3.7692e+00 -3.2537e+00
145 0 +1.621784713e-05 +1.672001622e+01 +1.672001622e+01 +3.7692e+00 -3.2537e+00
161 0 +1.553011873e-05 +1.672001553e+01 +1.672001553e+01 +3.7693e+00 -3.2536e+00
164 0 +1.528635432e-05 +1.672001529e+01 +1.672001529e+01 +3.7693e+00 -3.2536e+00
197 0 +1.511339733e-05 +1.672001511e+01 +1.672001511e+01 +3.7693e+00 -3.2536e+00
227 0 +1.474941961e-05 +1.672001475e+01 +1.672001475e+01 +3.7693e+00 -3.2536e+00
230 0 +1.317801230e-05 +1.672001318e+01 +1.672001318e+01 +3.7693e+00 -3.2535e+00
233 0 +4.630592780e-06 +1.672000463e+01 +1.672000463e+01 +3.7703e+00 -3.2520e+00
234 0 +4.504600433e-06 +1.672000450e+01 +1.672000450e+01 +3.7703e+00 -3.2520e+00
240 0 +3.488736589e-06 +1.672000349e+01 +1.672000349e+01 +3.7703e+00 -3.2520e+00
20250 0 +5.415448143e-07 +1.672000054e+01 +1.672000054e+01 +3.7713e+00 -3.2503e+00
36684 0 +1.301851924e-07 +1.672000013e+01 +1.672000013e+01 +3.7711e+00 -3.2505e+00
% f evaluations | g evaluations | best noise-free fitness - Fopt (-6.570000000000e+00) + sum g_i+ | measured fitness | best measured fitness or single-digit g-values | x1 | x2...
1 0 +2.652737672e+07 +2.652737015e+07 +2.652737015e+07 +1.6667e+00 +1.6667e+00
2 0 +1.259343528e+07 +1.259342871e+07 +1.259342871e+07 -1.6667e+00 -1.6667e+00
3 0 +4.919362467e+05 +4.919296767e+05 +4.919296767e+05 -3.3333e+00 +1.6667e+00
11 0 +7.904184171e+04 +7.903527171e+04 +7.903527171e+04 -4.1625e+00 +2.1850e+00
15 0 +2.817617921e+03 +2.811047921e+03 +2.811047921e+03 -3.9648e+00 +1.8327e+00
18 0 +3.083414454e+02 +3.017714454e+02 +3.017714454e+02 -3.9986e+00 +1.9154e+00
21 0 +3.644182915e+01 +2.987182915e+01 +2.987182915e+01 -3.9925e+00 +1.9020e+00
24 0 +8.286773380e+00 +1.716773380e+00 +1.716773380e+00 -3.9902e+00 +1.8993e+00
29 0 +1.717227015e+00 -4.852772985e+00 -4.852772985e+00 -3.9872e+00 +1.8957e+00
32 0 +7.713089577e-01 -5.798691042e+00 -5.798691042e+00 -3.9871e+00 +1.8972e+00
37 0 +3.949839148e-01 -6.175016085e+00 -6.175016085e+00 -3.9874e+00 +1.8999e+00
40 0 +5.691678981e-02 -6.513083210e+00 -6.513083210e+00 -3.9868e+00 +1.9002e+00
43 0 +2.537107773e-02 -6.544628922e+00 -6.544628922e+00 -3.9861e+00 +1.9013e+00
46 0 +2.444032688e-02 -6.545559673e+00 -6.545559673e+00 -3.9855e+00 +1.9025e+00
49 0 +2.365715673e-02 -6.546342843e+00 -6.546342843e+00 -3.9840e+00 +1.9057e+00
52 0 +2.208761736e-02 -6.547912383e+00 -6.547912383e+00 -3.9822e+00 +1.9095e+00
55 0 +1.668043095e-02 -6.553319569e+00 -6.553319569e+00 -3.9739e+00 +1.9272e+00
58 0 +1.453977856e-02 -6.555460221e+00 -6.555460221e+00 -3.9677e+00 +1.9405e+00
61 0 +3.311985503e-03 -6.566688014e+00 -6.566688014e+00 -3.9305e+00 +2.0197e+00
64 0 +1.041284566e-03 -6.568958715e+00 -6.568958715e+00 -3.9311e+00 +2.0185e+00
67 0 +1.193363669e-04 -6.569880664e+00 -6.569880664e+00 -3.9209e+00 +2.0401e+00
70 0 +5.465315894e-05 -6.569945347e+00 -6.569945347e+00 -3.9147e+00 +2.0534e+00
77 0 +4.462646445e-05 -6.569955374e+00 -6.569955374e+00 -3.9147e+00 +2.0534e+00
17975 0 +4.012530659e-05 -6.569959875e+00 -6.569959875e+00 -3.9202e+00 +2.0418e+00
18216 0 +2.432330103e-05 -6.569975677e+00 -6.569975677e+00 -3.9181e+00 +2.0462e+00
19701 0 +2.078491144e-06 -6.569997922e+00 -6.569997922e+00 -3.9181e+00 +2.0462e+00
58667 0 +2.110766433e-07 -6.569999789e+00 -6.569999789e+00 -3.9178e+00 +2.0469e+00
% f evaluations | g evaluations | best noise-free fitness - Fopt (6.080000000000e+01) + sum g_i+ | measured fitness | best measured fitness or single-digit g-values | x1 | x2...
1 0 +3.159535092e+05 +3.160143092e+05 +3.160143092e+05 +1.6667e+00 +1.6667e+00
2 0 +2.684616231e+03 +2.745416231e+03 +2.745416231e+03 -1.6667e+00 -1.6667e+00
27 0 +3.031046678e+02 +3.639046678e+02 +3.639046678e+02 -2.0833e+00 -2.0833e+00
44 0 +6.308875748e+00 +6.710887575e+01 +6.710887575e+01 -2.0943e+00 -2.0695e+00
47 0 +6.089740866e+00 +6.688974087e+01 +6.688974087e+01 -2.0837e+00 -2.0605e+00
50 0 +5.986070120e+00 +6.678607012e+01 +6.678607012e+01 -2.0687e+00 -2.0486e+00
53 0 +5.226384750e+00 +6.602638475e+01 +6.602638475e+01 -1.9749e+00 -1.9746e+00
56 0 +2.084189045e+00 +6.288418905e+01 +6.288418905e+01 -1.4237e+00 -1.5390e+00
59 0 +2.012178018e+00 +6.281217802e+01 +6.281217802e+01 -1.3538e+00 -1.4839e+00
62 0 +1.638096103e+00 +6.243809610e+01 +6.243809610e+01 -1.1698e+00 -1.3388e+00
68 0 +5.354351792e-01 +6.133543518e+01 +6.133543518e+01 -4.0246e-01 -7.3330e-01
71 0 +1.906750563e-01 +6.099067506e+01 +6.099067506e+01 -3.8210e-01 -7.1680e-01
74 0 +8.737048585e-04 +6.080087370e+01 +6.080087370e+01 -2.8023e-01 -6.3583e-01
77 0 +3.218841114e-04 +6.080032188e+01 +6.080032188e+01 -2.6978e-01 -6.2755e-01
80 0 +1.642380211e-04 +6.080016424e+01 +6.080016424e+01 -2.5277e-01 -6.1411e-01
83 0 +5.771186320e-05 +6.080005771e+01 +6.080005771e+01 -2.5287e-01 -6.1420e-01
86 0 +3.096977343e-05 +6.080003097e+01 +6.080003097e+01 -2.6030e-01 -6.2008e-01
87 0 +1.719842952e-05 +6.080001720e+01 +6.080001720e+01 -2.5659e-01 -6.1714e-01
94 0 +1.547226723e-05 +6.080001547e+01 +6.080001547e+01 -2.5659e-01 -6.1714e-01
113 0 +1.511897044e-05 +6.080001512e+01 +6.080001512e+01 -2.5658e-01 -6.1713e-01
122 0 +1.438148458e-05 +6.080001438e+01 +6.080001438e+01 -2.5659e-01 -6.1713e-01
126 0 +1.409353885e-05 +6.080001409e+01 +6.080001409e+01 -2.5657e-01 -6.1712e-01
133 0 +1.237528170e-05 +6.080001238e+01 +6.080001238e+01 -2.5657e-01 -6.1712e-01
296 0 +1.228203442e-05 +6.080001228e+01 +6.080001228e+01 -2.5658e-01 -6.1713e-01
302 0 +1.130987508e-05 +6.080001131e+01 +6.080001131e+01 -2.5667e-01 -6.1720e-01
324 0 +1.115837783e-05 +6.080001116e+01 +6.080001116e+01 -2.5667e-01 -6.1720e-01
378 0 +1.083971166e-05 +6.080001084e+01 +6.080001084e+01 -2.5670e-01 -6.1722e-01
430 0 +1.071501855e-05 +6.080001072e+01 +6.080001072e+01 -2.5671e-01 -6.1723e-01
436 0 +9.361420013e-06 +6.080000936e+01 +6.080000936e+01 -2.5683e-01 -6.1733e-01
439 0 +5.679203817e-06 +6.080000568e+01 +6.080000568e+01 -2.5726e-01 -6.1767e-01
442 0 +5.247417995e-06 +6.080000525e+01 +6.080000525e+01 -2.5733e-01 -6.1772e-01
38008 0 +4.689514910e-07 +6.080000047e+01 +6.080000047e+01 -2.5869e-01 -6.1879e-01
% f evaluations | g evaluations | best noise-free fitness - Fopt (-1.258000000000e+01) + sum g_i+ | measured fitness | best measured fitness or single-digit g-values | x1 | x2...
1 0 +2.954836041e+05 +2.954710241e+05 +2.954710241e+05 +1.6667e+00 +1.6667e+00
10 0 +5.560494160e+04 +5.559236160e+04 +5.559236160e+04 +8.3333e-01 +3.3333e+00
22 0 +3.047574289e+04 +3.046316289e+04 +3.046316289e+04 +7.6542e-01 +3.3137e+00
25 0 +6.404892462e+02 +6.279092462e+02 +6.279092462e+02 +5.8597e-01 +3.2534e+00
28 0 +1.161754473e+02 +1.035954473e+02 +1.035954473e+02 +6.2100e-01 +3.2575e+00
31 0 +5.303295579e+00 -7.276704421e+00 -7.276704421e+00 +6.1365e-01 +3.2495e+00
34 0 +2.747786577e+00 -9.832213423e+00 -9.832213423e+00 +6.1466e-01 +3.2419e+00
37 0 +2.335783847e+00 -1.024421615e+01 -1.024421615e+01 +6.1693e-01 +3.2324e+00
43 0 +2.283343733e+00 -1.029665627e+01 -1.029665627e+01 +6.2223e-01 +3.2131e+00
46 0 +1.975927585e+00 -1.060407241e+01 -1.060407241e+01 +7.0332e-01 +2.9335e+00
49 0 +1.712067611e+00 -1.086793239e+01 -1.086793239e+01 +7.4614e-01 +2.7859e+00
53 0 +1.040587935e-01 -1.247594121e+01 -1.247594121e+01 +1.1381e+00 +1.4340e+00
56 0 +3.138786008e-02 -1.254861214e+01 -1.254861214e+01 +1.0840e+00 +1.6205e+00
59 0 +2.273728800e-02 -1.255726271e+01 -1.255726271e+01 +1.0693e+00 +1.6713e+00
62 0 +1.587635727e-02 -1.256412364e+01 -1.256412364e+01 +1.0445e+00 +1.7566e+00
65 0 +1.232118885e-02 -1.256767881e+01 -1.256767881e+01 +1.0486e+00 +1.7422e+00
72 0 +1.225325110e-02 -1.256774675e+01 -1.256774675e+01 +1.0486e+00 +1.7422e+00
76 0 +4.400609673e-03 -1.257559939e+01 -1.257559939e+01 +1.0569e+00 +1.7136e+00
79 0 +1.144101054e-03 -1.257885590e+01 -1.257885590e+01 +1.0677e+00 +1.6762e+00
82 0 +3.621301970e-04 -1.257963787e+01 -1.257963787e+01 +1.0713e+00 +1.6636e+00
88 0 +2.031907822e-04 -1.257979681e+01 -1.257979681e+01 +1.0784e+00 +1.6393e+00
91 0 +6.698831135e-05 -1.257993301e+01 -1.257993301e+01 +1.0776e+00 +1.6421e+00
94 0 +8.383195853e-06 -1.257999162e+01 -1.257999162e+01 +1.0762e+00 +1.6467e+00
100 0 +6.180296868e-06 -1.257999382e+01 -1.257999382e+01 +1.0774e+00 +1.6429e+00
107 0 +4.537773126e-06 -1.257999546e+01 -1.257999546e+01 +1.0774e+00 +1.6429e+00
120 0 +4.326659296e-06 -1.257999567e+01 -1.257999567e+01 +1.0773e+00 +1.6429e+00
127 0 +3.662087956e-06 -1.257999634e+01 -1.257999634e+01 +1.0773e+00 +1.6429e+00
151 0 +3.604551670e-06 -1.257999640e+01 -1.257999640e+01 +1.0773e+00 +1.6429e+00
183 0 +3.536110819e-06 -1.257999646e+01 -1.257999646e+01 +1.0773e+00 +1.6429e+00
215 0 +3.322778854e-06 -1.257999668e+01 -1.257999668e+01 +1.0773e+00 +1.6430e+00
218 0 +2.629796667e-06 -1.257999737e+01 -1.257999737e+01 +1.0773e+00 +1.6432e+00
221 0 +2.043495080e-07 -1.257999980e+01 -1.257999980e+01 +1.0769e+00 +1.6444e+00
227 0 +7.348283937e-08 -1.257999993e+01 -1.257999993e+01 +1.0767e+00 +1.6451e+00
242 0 +7.182317674e-08 -1.257999993e+01 -1.257999993e+01 +1.0767e+00 +1.6451e+00
258 0 +6.724032531e-08 -1.257999993e+01 -1.257999993e+01 +1.0767e+00 +1.6451e+00
% f evaluations | g evaluations | best noise-free fitness - Fopt (-3.333400000000e+02) + sum g_i+ | measured fitness | best measured fitness or single-digit g-values | x1 | x2...
1 0 +4.577039248e+06 +4.576705908e+06 +4.576705908e+06 +1.6667e+00 +1.6667e+00
2 0 +1.979637216e+06 +1.979303876e+06 +1.979303876e+06 -1.6667e+00 -1.6667e+00
4 0 +1.298563842e+06 +1.298230502e+06 +1.298230502e+06 +3.3333e+00 -1.6667e+00
12 0 +3.049807027e+05 +3.046473627e+05 +3.046473627e+05 +3.4100e+00 -8.3333e-03
15 0 +1.124350190e+05 +1.121016790e+05 +1.121016790e+05 +3.3844e+00 -2.6492e-01
20 0 +2.858847043e+01 -3.047515296e+02 -3.047515296e+02 +3.3508e+00 -5.9293e-01
23 0 +2.648156963e+01 -3.068584304e+02 -3.068584304e+02 +3.3309e+00 -5.9057e-01
26 0 +2.625047121e+01 -3.070895288e+02 -3.070895288e+02 +3.3000e+00 -5.8823e-01
32 0 +2.509650858e+01 -3.082434914e+02 -3.082434914e+02 +3.1658e+00 -5.8124e-01
35 0 +2.103638175e+01 -3.123036182e+02 -3.123036182e+02 +2.4490e+00 -5.4251e-01
39 0 +1.876943265e+01 -3.145705674e+02 -3.145705674e+02 +8.0108e-01 -4.5320e-01
42 0 +1.538329763e+01 -3.179567024e+02 -3.179567024e+02 +1.3524e+00 -4.8233e-01
45 0 +9.273139979e+00 -3.240668600e+02 -3.240668600e+02 +1.1102e+00 -4.6730e-01
48 0 +4.506809947e+00 -3.288331901e+02 -3.288331901e+02 +1.6699e-01 -4.1459e-01
51 0 +1.945721590e+00 -3.313942784e+02 -3.313942784e+02 -6.8442e-01 -3.6706e-01
55 0 +8.595351831e-01 -3.324804648e+02 -3.324804648e+02 -2.8314e+00 -2.4740e-01
58 0 +3.336795258e-02 -3.333066320e+02 -3.333066320e+02 -2.0769e+00 -2.8963e-01
61 0 +5.744030149e-03 -3.333342560e+02 -3.333342560e+02 -2.0018e+00 -2.9388e-01
64 0 +3.165570502e-03 -3.333368344e+02 -3.333368344e+02 -1.9070e+00 -2.9921e-01
67 0 +1.315728379e-03 -3.333386843e+02 -3.333386843e+02 -1.9318e+00 -2.9782e-01
72 0 +5.773300580e-04 -3.333394227e+02 -3.333394227e+02 -1.9811e+00 -2.9508e-01
73 0 +2.866276494e-04 -3.333397134e+02 -3.333397134e+02 -1.9565e+00 -2.9645e-01
76 0 +1.677095783e-04 -3.333398323e+02 -3.333398323e+02 -1.9537e+00 -2.9661e-01
79 0 +6.494124176e-05 -3.333399351e+02 -3.333399351e+02 -1.9561e+00 -2.9648e-01
82 0 +3.646712889e-05 -3.333399635e+02 -3.333399635e+02 -1.9588e+00 -2.9634e-01
85 0 +1.622518727e-05 -3.333399838e+02 -3.333399838e+02 -1.9611e+00 -2.9621e-01
90 0 +3.966754889e-07 -3.333399996e+02 -3.333399996e+02 -1.9654e+00 -2.9597e-01
93 0 +1.284189466e-08 -3.333400000e+02 -3.333400000e+02 -1.9649e+00 -2.9599e-01
96 0 +6.971390576e-09 -3.333400000e+02 -3.333400000e+02 -1.9649e+00 -2.9600e-01
% f evaluations | g evaluations | best noise-free fitness - Fopt (-2.791300000000e+02) + sum g_i+ | measured fitness | best measured fitness or single-digit g-values | x1 | x2...
1 0 +2.545871791e+05 +2.543080491e+05 +2.543080491e+05 +1.6667e+00 +1.6667e+00
10 0 +1.468045237e+05 +1.465253937e+05 +1.465253937e+05 +8.3333e-01 +3.3333e+00
12 0 +1.894117944e+04 +1.866204944e+04 +1.866204944e+04 +8.3333e-01 -1.6667e+00
18 0 +1.991790032e+02 -7.995099680e+01 -7.995099680e+01 +8.3333e-01 -4.1667e+00
34 0 +4.522514508e+01 -2.339048549e+02 -2.339048549e+02 +8.5099e-01 -4.1676e+00
37 0 +2.068678212e+01 -2.584432179e+02 -2.584432179e+02 +8.4751e-01 -4.1466e+00
43 0 +1.965374269e+01 -2.594762573e+02 -2.594762573e+02 +8.5413e-01 -4.0216e+00
46 0 +1.505777002e+01 -2.640722300e+02 -2.640722300e+02 +8.8211e-01 -3.4894e+00
49 0 +1.283418140e+00 -2.778465819e+02 -2.778465819e+02 +1.0321e+00 -6.2752e-01
53 0 +3.694393236e-02 -2.790930561e+02 -2.790930561e+02 +1.0949e+00 +5.7999e-01
56 0 +5.638722147e-03 -2.791243613e+02 -2.791243613e+02 +1.0899e+00 +4.8486e-01
59 0 +1.759278575e-04 -2.791298241e+02 -2.791298241e+02 +1.0854e+00 +3.9956e-01
62 0 +7.929343099e-06 -2.791299921e+02 -2.791299921e+02 +1.0855e+00 +4.0131e-01
65 0 +1.929412747e-06 -2.791299981e+02 -2.791299981e+02 +1.0856e+00 +4.0290e-01
68 0 +1.886312475e-07 -2.791299998e+02 -2.791299998e+02 +1.0856e+00 +4.0285e-01
69 0 +1.792550961e-07 -2.791299998e+02 -2.791299998e+02 +1.0856e+00 +4.0285e-01
75 0 +1.340611675e-07 -2.791299999e+02 -2.791299999e+02 +1.0856e+00 +4.0285e-01
% f evaluations | g evaluations | best noise-free fitness - Fopt (-2.293200000000e+02) + sum g_i+ | measured fitness | best measured fitness or single-digit g-values | x1 | x2...
1 0 +1.677594249e+07 +1.677571317e+07 +1.677571317e+07 +1.6667e+00 +1.6667e+00
2 0 +5.557086663e+04 +5.534154663e+04 +5.534154663e+04 -1.6667e+00 -1.6667e+00
9 0 +5.072316783e+03 +4.842996783e+03 +4.842996783e+03 -8.3333e-01 -3.3333e+00
22 0 +5.969202851e+01 -1.696279715e+02 -1.696279715e+02 -7.6765e-01 -3.3072e+00
25 0 +9.310934453e+00 -2.200090655e+02 -2.200090655e+02 -7.6479e-01 -3.2962e+00
28 0 +8.592323875e+00 -2.207276761e+02 -2.207276761e+02 -7.6745e-01 -3.2852e+00
31 0 +8.246469866e+00 -2.210735301e+02 -2.210735301e+02 -7.6988e-01 -3.2806e+00
37 0 +8.031054720e+00 -2.212889453e+02 -2.212889453e+02 -7.9387e-01 -3.2206e+00
40 0 +7.113896082e+00 -2.222061039e+02 -2.222061039e+02 -8.9508e-01 -2.9666e+00
43 0 +8.524530622e-01 -2.284675469e+02 -2.284675469e+02 -1.4892e+00 -1.4751e+00
48 0 +4.838224580e-02 -2.292716178e+02 -2.292716178e+02 -1.8674e+00 -5.2532e-01
51 0 +8.558677460e-03 -2.293114413e+02 -2.293114413e+02 -1.8371e+00 -6.0117e-01
54 0 +3.360139728e-03 -2.293166399e+02 -2.293166399e+02 -1.8230e+00 -6.3620e-01
57 0 +9.474287913e-05 -2.293199053e+02 -2.293199053e+02 -1.8301e+00 -6.1841e-01
64 0 +9.235120086e-05 -2.293199076e+02 -2.293199076e+02 -1.8301e+00 -6.1841e-01
69 0 +9.024550593e-05 -2.293199098e+02 -2.293199098e+02 -1.8303e+00 -6.1785e-01
75 0 +8.619657561e-05 -2.293199138e+02 -2.293199138e+02 -1.8302e+00 -6.1805e-01
22214 0 +2.861816344e-05 -2.293199714e+02 -2.293199714e+02 -1.8337e+00 -6.0933e-01
42027 0 +1.405736865e-05 -2.293199859e+02 -2.293199859e+02 -1.8338e+00 -6.0923e-01
42107 0 +3.602424158e-06 -2.293199964e+02 -2.293199964e+02 -1.8331e+00 -6.1076e-01
