% f evaluations | g evaluations | best noise-free fitness - Fopt (1.026100000000e+02) + sum g_i+ | measured fitness | best measured fitness or single-digit g-values | x1 | x2...
1 0 +7.189320188e+01 +1.745032019e+02 +1.745032019e+02 +1.6667e+00 +1.6667e+00 +1.6667e+00
2 0 +3.405761294e+01 +1.366676129e+02 +1.366676129e+02 -1.6667e+00 -1.6667e+00 -1.6667e+00
6 0 +3.145705670e+01 +1.340670567e+02 +1.340670567e+02 -1.6667e+00 +3.3333e+00 -1.6667e+00
9 0 +2.067742866e+01 +1.232874287e+02 +1.232874287e+02 -3.3333e+00 +1.6667e+00 -3.3333e+00
13 0 +1.936175244e+01 +1.219717524e+02 +1.219717524e+02 -8.3333e-01 +1.6667e+00 -3.3333e+00
14 0 +1.643782607e+01 +1.190478261e+02 +1.190478261e+02 -4.1667e+00 +3.3333e+00 -1.6667e+00
30 0 +9.451105312e+00 +1.120611053e+02 +1.120611053e+02 -4.1701e+00 +3.3434e+00 -1.6648e+00
1039 0 +9.238751041e+00 +1.118487510e+02 +1.118487510e+02 -1.4583e+00 +1.0417e+00 -2.7083e+00
1154 0 +6.517678162e+00 +1.091276782e+02 +1.091276782e+02 -1.4714e+00 +1.0286e+00 -2.6823e+00
1181 0 +6.131516088e+00 +1.087415161e+02 +1.087415161e+02 -1.4724e+00 +1.0339e+00 -2.6828e+00
1186 0 +5.705015689e+00 +1.083150157e+02 +1.083150157e+02 -1.4702e+00 +1.0352e+00 -2.6876e+00
1194 0 +5.435761489e+00 +1.080457615e+02 +1.080457615e+02 -1.4691e+00 +1.0327e+00 -2.6905e+00
1198 0 +5.288736673e+00 +1.078987367e+02 +1.078987367e+02 -1.4631e+00 +1.0354e+00 -2.6868e+00
1672 0 +4.403594700e+00 +1.070135947e+02 +1.070135947e+02 -1.4583e+00 +2.2917e+00 -2.0833e+00
1827 0 +3.920560957e+00 +1.065305610e+02 +1.065305610e+02 -1.4518e+00 +2.2982e+00 -2.0768e+00
1841 0 +3.649183078e+00 +1.062591831e+02 +1.062591831e+02 -1.4510e+00 +2.2957e+00 -2.0774e+00
1852 0 +3.608614701e+00 +1.062186147e+02 +1.062186147e+02 -1.4564e+00 +2.2950e+00 -2.0813e+00
4193 0 +3.004086037e+00 +1.056140860e+02 +1.056140860e+02 +1.4583e+00 -1.0417e+00 +1.7708e+00
4761 0 +1.674596558e+00 +1.042845966e+02 +1.042845966e+02 +1.4486e+00 -1.0417e+00 +1.7708e+00
4789 0 +1.626029000e+00 +1.042360290e+02 +1.042360290e+02 +1.4464e+00 -1.0415e+00 +1.7719e+00
4795 0 +1.541694738e+00 +1.041516947e+02 +1.041516947e+02 +1.4217e+00 -1.0479e+00 +1.7599e+00
4799 0 +1.366969083e+00 +1.039769691e+02 +1.039769691e+02 +1.4311e+00 -1.0464e+00 +1.7663e+00
59025 0 +1.306162260e+00 +1.039161623e+02 +1.039161623e+02 +1.3835e+00 -1.6097e+00 +1.0319e+00
59090 0 +1.229663766e+00 +1.038396638e+02 +1.038396638e+02 +1.3851e+00 -1.6081e+00 +1.0335e+00
59334 0 +1.170545164e+00 +1.037805452e+02 +1.037805452e+02 +1.3863e+00 -1.6081e+00 +1.0335e+00
59389 0 +1.132484439e+00 +1.037424844e+02 +1.037424844e+02 +1.3859e+00 -1.6085e+00 +1.0343e+00
59497 0 +1.113736845e+00 +1.037237368e+02 +1.037237368e+02 +1.3865e+00 -1.6085e+00 +1.0343e+00
59599 0 +1.094081573e+00 +1.037040816e+02 +1.037040816e+02 +1.3865e+00 -1.6085e+00 +1.0350e+00
77648 0 +1.023327683e+00 +1.036333277e+02 +1.036333277e+02 +1.4657e+00 -1.4591e+00 +8.8460e-01
77886 0 +1.013306739e+00 +1.036233067e+02 +1.036233067e+02 +1.4650e+00 -1.4591e+00 +8.8460e-01
81018 0 +9.989773342e-01 +1.036089773e+02 +1.036089773e+02 +1.6488e+00 -1.1589e+00 +1.0677e+00
81019 0 +8.786513876e-01 +1.034886514e+02 +1.034886514e+02 +1.6423e+00 -1.1605e+00 +1.0612e+00
81164 0 +8.035483989e-01 +1.034135484e+02 +1.034135484e+02 +1.6414e+00 -1.1613e+00 +1.0628e+00
81339 0 +7.921935982e-01 +1.034021936e+02 +1.034021936e+02 +1.6410e+00 -1.1617e+00 +1.0636e+00
94702 0 +7.707140111e-01 +1.033807140e+02 +1.033807140e+02 +1.4034e+00 -1.6044e+00 +1.0433e+00
142513 0 +7.259442871e-01 +1.033359443e+02 +1.033359443e+02 +1.5226e+00 -1.4510e+00 +1.3835e+00
142999 0 +7.138024510e-01 +1.033238025e+02 +1.033238025e+02 +1.5232e+00 -1.4510e+00 +1.3835e+00
145037 0 +7.072994653e-01 +1.033172995e+02 +1.033172995e+02 +1.5234e+00 -1.4509e+00 +1.3838e+00
% f evaluations | g evaluations | best noise-free fitness - Fopt (9.330000000000e+01) + sum g_i+ | measured fitness | best measured fitness or single-digit g-values | x1 | x2...
1 0 +4.794193950e+01 +1.412419395e+02 +1.412419395e+02 +1.6667e+00 +1.6667e+00 +1.6667e+00
4 0 +3.496545566e+01 +1.282654557e+02 +1.282654557e+02 +3.3333e+00 -1.6667e+00 -1.6667e+00
6 0 +3.358936717e+01 +1.268893672e+02 +1.268893672e+02 +3.3333e+00 +3.3333e+00 -1.6667e+00
15 0 +2.534529673e+01 +1.186452967e+02 +1.186452967e+02 +2.8834e+00 +2.6005e+00 -1.0995e+00
25 0 +2.217250304e+01 +1.154725030e+02 +1.154725030e+02 +3.0526e+00 +2.6116e+00 -1.1025e+00
39 0 +6.321273949e+00 +9.962127395e+01 +9.962127395e+01 +3.0530e+00 +2.5437e+00 -1.1561e+00
45 0 +5.439261111e+00 +9.873926111e+01 +9.873926111e+01 +3.0679e+00 +2.5139e+00 -1.1658e+00
50 0 +5.253444747e+00 +9.855344475e+01 +9.855344475e+01 +3.0678e+00 +2.5200e+00 -1.1569e+00
54 0 +5.202128525e+00 +9.850212852e+01 +9.850212852e+01 +3.0660e+00 +2.5224e+00 -1.1583e+00
3139 0 +5.061150464e+00 +9.836115046e+01 +9.836115046e+01 +1.0482e+00 +2.2786e+00 -2.7214e+00
3426 0 +4.886656218e+00 +9.818665622e+01 +9.818665622e+01 +1.0465e+00 +2.2819e+00 -2.7181e+00
3527 0 +4.778265113e+00 +9.807826511e+01 +9.807826511e+01 +1.0482e+00 +2.2823e+00 -2.7153e+00
9097 0 +3.544537078e+00 +9.684453708e+01 +9.684453708e+01 +2.0833e+00 +2.3958e+00 -2.2917e+00
9116 0 +3.448111661e+00 +9.674811166e+01 +9.674811166e+01 +2.0820e+00 +2.3956e+00 -2.2915e+00
9121 0 +3.325927049e+00 +9.662592705e+01 +9.662592705e+01 +2.0804e+00 +2.3971e+00 -2.2931e+00
9127 0 +3.121625037e+00 +9.642162504e+01 +9.642162504e+01 +2.0746e+00 +2.4135e+00 -2.2857e+00
29248 0 +2.110824284e+00 +9.541082428e+01 +9.541082428e+01 -1.4974e+00 -1.0286e+00 +1.4714e+00
29274 0 +1.478734766e+00 +9.477873477e+01 +9.477873477e+01 -1.5023e+00 -1.0308e+00 +1.4720e+00
29279 0 +9.708813776e-01 +9.427088138e+01 +9.427088138e+01 -1.5049e+00 -1.0300e+00 +1.4674e+00
29283 0 +6.812168140e-01 +9.398121681e+01 +9.398121681e+01 -1.5018e+00 -1.0369e+00 +1.4607e+00
29288 0 +6.561353654e-01 +9.395613537e+01 +9.395613537e+01 -1.5052e+00 -1.0273e+00 +1.4644e+00
29292 0 +6.363562362e-01 +9.393635624e+01 +9.393635624e+01 -1.5042e+00 -1.0304e+00 +1.4637e+00
131148 0 +3.867225188e-01 +9.368672252e+01 +9.368672252e+01 -1.1263e+00 -1.5023e+00 +1.3102e+00
131208 0 +3.585316509e-01 +9.365853165e+01 +9.365853165e+01 -1.1263e+00 -1.5072e+00 +1.3053e+00
132056 0 +3.421945036e-01 +9.364219450e+01 +9.364219450e+01 -1.1263e+00 -1.5047e+00 +1.3078e+00
% f evaluations | g evaluations | best noise-free fitness - Fopt (1.364000000000e+01) + sum g_i+ | measured fitness | best measured fitness or single-digit g-values | x1 | x2...
1 0 +3.322356348e+01 +4.686356348e+01 +4.686356348e+01 +1.6667e+00 +1.6667e+00 +1.6667e+00
18 0 +3.123384162e+01 +4.487384162e+01 +4.487384162e+01 -4.1667e+00 -1.6667e+00 -1.6667e+00
31 0 +1.076609336e+01 +2.440609336e+01 +2.440609336e+01 -4.3740e+00 -1.4105e+00 -1.5938e+00
44 0 +1.056044278e+01 +2.420044278e+01 +2.420044278e+01 -4.3716e+00 -1.4136e+00 -1.5952e+00
49 0 +1.016534321e+01 +2.380534321e+01 +2.380534321e+01 -4.3689e+00 -1.4150e+00 -1.5924e+00
58 0 +9.406149940e+00 +2.304614994e+01 +2.304614994e+01 -4.3472e+00 -1.4030e+00 -1.5902e+00
1546 0 +6.279264573e+00 +1.991926457e+01 +1.991926457e+01 -2.2396e+00 -1.7708e+00 -1.7708e+00
1564 0 +3.948427839e+00 +1.758842784e+01 +1.758842784e+01 -2.3648e+00 -1.5105e+00 -1.6788e+00
1589 0 +3.888911774e+00 +1.752891177e+01 +1.752891177e+01 -2.3494e+00 -1.4998e+00 -1.6800e+00
1593 0 +3.786236656e+00 +1.742623666e+01 +1.742623666e+01 -2.3526e+00 -1.5045e+00 -1.6782e+00
6268 0 +3.667214997e+00 +1.730721500e+01 +1.730721500e+01 -2.6009e+00 -1.6683e+00 -2.2884e+00
6290 0 +3.621666106e+00 +1.726166611e+01 +1.726166611e+01 -2.5985e+00 -1.6683e+00 -2.2884e+00
6329 0 +3.537598231e+00 +1.717759823e+01 +1.717759823e+01 -2.6098e+00 -1.6766e+00 -2.2867e+00
28014 0 +3.269859905e+00 +1.690985990e+01 +1.690985990e+01 +9.8958e-01 +5.2083e-01 +8.3333e-01
28041 0 +3.155385796e+00 +1.679538580e+01 +1.679538580e+01 +1.5101e+00 +1.9798e+00 +1.6678e+00
28370 0 +1.381364626e+00 +1.502136463e+01 +1.502136463e+01 +1.3021e+00 +1.1458e+00 +9.8958e-01
28397 0 +1.272472483e+00 +1.491247248e+01 +1.491247248e+01 +1.1979e+00 +1.3551e+00 +1.5114e+00
28402 0 +1.131684858e+00 +1.477168486e+01 +1.477168486e+01 +1.2004e+00 +1.3561e+00 +1.5117e+00
28410 0 +9.005390276e-01 +1.454053903e+01 +1.454053903e+01 +1.2053e+00 +1.3583e+00 +1.5111e+00
28417 0 +7.212945522e-01 +1.436129455e+01 +1.436129455e+01 +1.2108e+00 +1.3654e+00 +1.5080e+00
28421 0 +3.434173355e-01 +1.398341734e+01 +1.398341734e+01 +1.2308e+00 +1.3736e+00 +1.5101e+00
28425 0 +3.320457269e-01 +1.397204573e+01 +1.397204573e+01 +1.2277e+00 +1.3723e+00 +1.5099e+00
% f evaluations | g evaluations | best noise-free fitness - Fopt (1.948000000000e+02) + sum g_i+ | measured fitness | best measured fitness or single-digit g-values | x1 | x2...
1 0 +5.461329938e+01 +2.494132994e+02 +2.494132994e+02 +1.6667e+00 +1.6667e+00 +1.6667e+00
3 0 +2.733170018e+01 +2.221317002e+02 +2.221317002e+02 -3.3333e+00 +1.6667e+00 +1.6667e+00
15 0 +2.437515253e+01 +2.191751525e+02 +2.191751525e+02 -3.3557e+00 +1.7475e+00 +1.6883e+00
22 0 +2.138018829e+01 +2.161801883e+02 +2.161801883e+02 -3.3600e+00 +1.7669e+00 +1.6796e+00
26 0 +5.032952851e+00 +1.998329529e+02 +1.998329529e+02 -3.3195e+00 +1.7325e+00 +1.6722e+00
32 0 +4.984945603e+00 +1.997849456e+02 +1.997849456e+02 -3.3114e+00 +1.7340e+00 +1.6726e+00
2093 0 +4.415323971e+00 +1.992153240e+02 +1.992153240e+02 +1.4779e+00 -4.1667e-01 -1.6667e+00
2492 0 +3.892621294e+00 +1.986926213e+02 +1.986926213e+02 +1.4762e+00 -4.1829e-01 -1.6683e+00
2544 0 +3.888639638e+00 +1.986886396e+02 +1.986886396e+02 +1.4787e+00 -4.1829e-01 -1.6683e+00
2693 0 +3.760580385e+00 +1.985605804e+02 +1.985605804e+02 +1.4779e+00 -4.1911e-01 -1.6691e+00
16036 0 +2.553893305e+00 +1.973538933e+02 +1.973538933e+02 +1.1589e+00 -8.3333e-01 -1.1458e+00
16060 0 +2.324994139e+00 +1.971249941e+02 +1.971249941e+02 +1.1587e+00 -8.3064e-01 -1.1505e+00
16065 0 +1.769289026e+00 +1.965692890e+02 +1.965692890e+02 +1.1585e+00 -8.2530e-01 -1.1497e+00
16070 0 +1.493104493e+00 +1.962931045e+02 +1.962931045e+02 +1.2068e+00 -8.0828e-01 -1.1471e+00
16074 0 +8.394103514e-01 +1.956394104e+02 +1.956394104e+02 +1.1797e+00 -8.1504e-01 -1.1460e+00
16078 0 +8.190074762e-01 +1.956190075e+02 +1.956190075e+02 +1.1807e+00 -8.1535e-01 -1.1466e+00
90779 0 +7.237465785e-01 +1.955237466e+02 +1.955237466e+02 +1.4079e+00 -1.0531e+00 -1.5120e+00
90931 0 +6.955247716e-01 +1.954955248e+02 +1.954955248e+02 +1.4079e+00 -1.0506e+00 -1.5120e+00
91097 0 +6.696892373e-01 +1.954696892e+02 +1.954696892e+02 +1.4067e+00 -1.0506e+00 -1.5120e+00
91224 0 +6.549021429e-01 +1.954549021e+02 +1.954549021e+02 +1.4071e+00 -1.0514e+00 -1.5116e+00
91278 0 +6.403295711e-01 +1.954403296e+02 +1.954403296e+02 +1.4065e+00 -1.0514e+00 -1.5116e+00
% f evaluations | g evaluations | best noise-free fitness - Fopt (-1.335900000000e+02) + sum g_i+ | measured fitness | best measured fitness or single-digit g-values | x1 | x2...
1 0 +7.091174923e+01 -6.267825077e+01 -6.267825077e+01 +1.6667e+00 +1.6667e+00 +1.6667e+00
2 0 +5.389820497e+01 -7.969179503e+01 -7.969179503e+01 -1.6667e+00 -1.6667e+00 -1.6667e+00
4 0 +3.689147390e+01 -9.669852610e+01 -9.669852610e+01 +3.3333e+00 -1.6667e+00 -1.6667e+00
17 0 +2.966108918e+01 -1.039289108e+02 -1.039289108e+02 +1.6788e+00 -3.3173e+00 +1.6747e+00
22 0 +2.768197654e+01 -1.059080235e+02 -1.059080235e+02 +1.6675e+00 -3.3004e+00 +1.6674e+00
27 0 +2.484728505e+01 -1.087427150e+02 -1.087427150e+02 +1.5858e+00 -3.2754e+00 +1.7431e+00
31 0 +2.259860630e+01 -1.109913937e+02 -1.109913937e+02 +1.6388e+00 -3.3029e+00 +1.6903e+00
35 0 +2.159480327e+01 -1.119951967e+02 -1.119951967e+02 +1.6324e+00 -3.2963e+00 +1.6996e+00
228 0 +5.455611119e+00 -1.281343889e+02 -1.281343889e+02 +1.6667e+00 -2.0833e+00 -8.3333e-01
263 0 +5.261724681e+00 -1.283282753e+02 -1.283282753e+02 +1.6782e+00 -2.0882e+00 -8.4517e-01
267 0 +5.219077334e+00 -1.283709227e+02 -1.283709227e+02 +1.6784e+00 -2.0896e+00 -8.4324e-01
1929 0 +4.957413348e+00 -1.286325867e+02 -1.286325867e+02 +2.7018e+00 -2.9232e+00 -2.9036e+00
2242 0 +4.828628944e+00 -1.287613711e+02 -1.287613711e+02 +2.7035e+00 -2.9215e+00 -2.9069e+00
2425 0 +4.762042747e+00 -1.288279573e+02 -1.288279573e+02 +2.7043e+00 -2.9207e+00 -2.9061e+00
5007 0 +1.971902136e+00 -1.316180979e+02 -1.316180979e+02 -1.6927e+00 +1.4323e+00 +1.4323e+00
5030 0 +1.876525660e+00 -1.317134743e+02 -1.317134743e+02 -1.6912e+00 +1.4332e+00 +1.4343e+00
5035 0 +1.709884729e+00 -1.318801153e+02 -1.318801153e+02 -1.6916e+00 +1.4319e+00 +1.4366e+00
5041 0 +1.261003885e+00 -1.323289961e+02 -1.323289961e+02 -1.7125e+00 +1.4413e+00 +1.4544e+00
5045 0 +1.151772384e+00 -1.324382276e+02 -1.324382276e+02 -1.7087e+00 +1.4373e+00 +1.4522e+00
55280 0 +5.172571629e-01 -1.330727428e+02 -1.330727428e+02 -1.2956e+00 +1.0482e+00 +1.0286e+00
55663 0 +5.119099527e-01 -1.330780900e+02 -1.330780900e+02 -1.2948e+00 +1.0465e+00 +1.0319e+00
56021 0 +4.893620183e-01 -1.331006380e+02 -1.331006380e+02 -1.2960e+00 +1.0465e+00 +1.0319e+00
56022 0 +4.628223487e-01 -1.331271777e+02 -1.331271777e+02 -1.2944e+00 +1.0457e+00 +1.0311e+00
56257 0 +4.544056276e-01 -1.331355944e+02 -1.331355944e+02 -1.2941e+00 +1.0459e+00 +1.0307e+00
57380 0 +4.264699874e-01 -1.331635300e+02 -1.331635300e+02 -1.2895e+00 +1.0457e+00 +1.0238e+00
57447 0 +4.061303306e-01 -1.331838697e+02 -1.331838697e+02 -1.2899e+00 +1.0453e+00 +1.0246e+00
57912 0 +3.965680179e-01 -1.331934320e+02 -1.331934320e+02 -1.2898e+00 +1.0451e+00 +1.0250e+00
97975 0 +3.420386197e-01 -1.332479614e+02 -1.332479614e+02 -1.1556e+00 +1.1100e+00 +1.2956e+00
98120 0 +3.223086219e-01 -1.332676914e+02 -1.332676914e+02 -1.1540e+00 +1.1117e+00 +1.2923e+00
98811 0 +3.090260150e-01 -1.332809740e+02 -1.332809740e+02 -1.1544e+00 +1.1112e+00 +1.2931e+00
98859 0 +2.564999752e-01 -1.333335000e+02 -1.333335000e+02 -1.1532e+00 +1.1100e+00 +1.2931e+00
99254 0 +2.455805390e-01 -1.333444195e+02 -1.333444195e+02 -1.1528e+00 +1.1092e+00 +1.2935e+00
99303 0 +2.424336294e-01 -1.333475664e+02 -1.333475664e+02 -1.1525e+00 +1.1088e+00 +1.2931e+00
99702 0 +2.350298314e-01 -1.333549702e+02 -1.333549702e+02 -1.1524e+00 +1.1092e+00 +1.2929e+00
100389 0 +2.117622008e-01 -1.333782378e+02 -1.333782378e+02 -1.1312e+00 +1.1442e+00 +1.3249e+00
100492 0 +1.839430852e-01 -1.334060569e+02 -1.334060569e+02 -1.1320e+00 +1.1458e+00 +1.3265e+00
100681 0 +1.647549568e-01 -1.334252450e+02 -1.334252450e+02 -1.1324e+00 +1.1442e+00 +1.3273e+00
100683 0 +1.605393545e-01 -1.334294606e+02 -1.334294606e+02 -1.1324e+00 +1.1454e+00 +1.3273e+00
101000 0 +1.534121610e-01 -1.334365878e+02 -1.334365878e+02 -1.1326e+00 +1.1452e+00 +1.3277e+00
101068 0 +1.501766537e-01 -1.334398233e+02 -1.334398233e+02 -1.1326e+00 +1.1446e+00 +1.3277e+00
101451 0 +1.469013600e-01 -1.334430986e+02 -1.334430986e+02 -1.1327e+00 +1.1451e+00 +1.3273e+00
% f evaluations | g evaluations | best noise-free fitness - Fopt (1.741400000000e+02) + sum g_i+ | measured fitness | best measured fitness or single-digit g-values | x1 | x2...
1 0 +7.785712132e+01 +2.519971213e+02 +2.519971213e+02 +1.6667e+00 +1.6667e+00 +1.6667e+00
2 0 +7.737043399e+01 +2.515104340e+02 +2.515104340e+02 -1.6667e+00 -1.6667e+00 -1.6667e+00
4 0 +3.855523212e+01 +2.126952321e+02 +2.126952321e+02 +3.3333e+00 -1.6667e+00 -1.6667e+00
15 0 +2.887650945e+01 +2.030165094e+02 +2.030165094e+02 +3.2558e+00 -1.6760e+00 -1.7040e+00
21 0 +2.784294030e+01 +2.019829403e+02 +2.019829403e+02 +3.2244e+00 -1.6665e+00 -1.6757e+00
28 0 +2.584855004e+01 +1.999885500e+02 +1.999885500e+02 +3.2278e+00 -1.6772e+00 -1.6672e+00
33 0 +2.157174289e+01 +1.957117429e+02 +1.957117429e+02 +3.2492e+00 -1.6103e+00 -1.6945e+00
37 0 +2.089481976e+01 +1.950348198e+02 +1.950348198e+02 +3.2519e+00 -1.6325e+00 -1.6975e+00
41 0 +2.076034304e+01 +1.949003430e+02 +1.949003430e+02 +3.2499e+00 -1.6294e+00 -1.6952e+00
76 0 +9.750435818e+00 +1.838904358e+02 +1.838904358e+02 +8.3333e-01 +8.3333e-01 -1.6667e+00
94 0 +9.352658743e+00 +1.834926587e+02 +1.834926587e+02 +8.3483e-01 +8.3436e-01 -1.6647e+00
99 0 +8.904958782e+00 +1.830449588e+02 +1.830449588e+02 +8.3337e-01 +8.3952e-01 -1.6640e+00
106 0 +7.353692862e+00 +1.814936929e+02 +1.814936929e+02 +8.4638e-01 +8.8685e-01 -1.6815e+00
110 0 +7.051273497e+00 +1.811912735e+02 +1.811912735e+02 +8.4111e-01 +8.8630e-01 -1.6769e+00
5937 0 +6.750656874e+00 +1.808906569e+02 +1.808906569e+02 +1.4583e+00 +2.0833e+00 -1.3542e+00
6043 0 +4.899315624e+00 +1.790393156e+02 +1.790393156e+02 +1.4583e+00 +2.1029e+00 -1.3542e+00
6067 0 +4.856890545e+00 +1.789968905e+02 +1.789968905e+02 +1.4582e+00 +2.1049e+00 -1.3524e+00
6072 0 +4.728890425e+00 +1.788688904e+02 +1.788688904e+02 +1.4568e+00 +2.1071e+00 -1.3517e+00
6078 0 +4.417699363e+00 +1.785576994e+02 +1.785576994e+02 +1.4642e+00 +2.1383e+00 -1.3624e+00
6082 0 +4.273335815e+00 +1.784133358e+02 +1.784133358e+02 +1.4606e+00 +2.1284e+00 -1.3587e+00
7428 0 +4.022668834e+00 +1.781626688e+02 +1.781626688e+02 +1.3542e+00 +2.2721e+00 -1.7708e+00
7895 0 +3.973244325e+00 +1.781132443e+02 +1.781132443e+02 +1.3534e+00 +2.2738e+00 -1.7716e+00
11804 0 +1.336105489e+00 +1.754761055e+02 +1.754761055e+02 -1.1458e+00 -1.4193e+00 +1.6667e+00
11830 0 +1.274575450e+00 +1.754145755e+02 +1.754145755e+02 -1.1449e+00 -1.4188e+00 +1.6676e+00
11835 0 +1.177527338e+00 +1.753175273e+02 +1.753175273e+02 -1.1449e+00 -1.4161e+00 +1.6672e+00
11843 0 +1.009193572e+00 +1.751491936e+02 +1.751491936e+02 -1.1441e+00 -1.4112e+00 +1.6652e+00
11850 0 +9.786736059e-01 +1.751186736e+02 +1.751186736e+02 -1.1415e+00 -1.4082e+00 +1.6629e+00
11854 0 +9.501939563e-01 +1.750901940e+02 +1.750901940e+02 -1.1405e+00 -1.3843e+00 +1.6590e+00
11858 0 +8.099777031e-01 +1.749499777e+02 +1.749499777e+02 -1.1413e+00 -1.3961e+00 +1.6611e+00
79751 0 +5.160642039e-01 +1.746560642e+02 +1.746560642e+02 -9.8796e-01 -1.3444e+00 +1.0482e+00
79941 0 +5.025332951e-01 +1.746425333e+02 +1.746425333e+02 -9.8796e-01 -1.3468e+00 +1.0482e+00
80054 0 +4.986569311e-01 +1.746386569e+02 +1.746386569e+02 -9.8836e-01 -1.3460e+00 +1.0490e+00
80114 0 +4.878539483e-01 +1.746278539e+02 +1.746278539e+02 -9.8836e-01 -1.3472e+00 +1.0490e+00
84681 0 +4.768700710e-01 +1.746168701e+02 +1.746168701e+02 -1.1778e+00 -1.2681e+00 +1.5865e+00
102630 0 +2.837223639e-01 +1.744237224e+02 +1.744237224e+02 -1.2093e+00 -1.3656e+00 +1.3200e+00
102830 0 +2.409935999e-01 +1.743809936e+02 +1.743809936e+02 -1.2105e+00 -1.3656e+00 +1.3200e+00
102882 0 +2.331762591e-01 +1.743731763e+02 +1.743731763e+02 -1.2105e+00 -1.3668e+00 +1.3200e+00
102937 0 +2.276270784e-01 +1.743676271e+02 +1.743676271e+02 -1.2101e+00 -1.3664e+00 +1.3204e+00
102989 0 +2.166228713e-01 +1.743566229e+02 +1.743566229e+02 -1.2107e+00 -1.3664e+00 +1.3204e+00
103053 0 +2.117049823e-01 +1.743517050e+02 +1.743517050e+02 -1.2107e+00 -1.3670e+00 +1.3204e+00
103120 0 +2.084669786e-01 +1.743484670e+02 +1.743484670e+02 -1.2105e+00 -1.3668e+00 +1.3206e+00
103238 0 +2.028467826e-01 +1.743428468e+02 +1.743428468e+02 -1.2108e+00 -1.3671e+00 +1.3206e+00
103891 0 +1.987797234e-01 +1.743387797e+02 +1.743387797e+02 -1.2107e+00 -1.3670e+00 +1.3210e+00
104281 0 +1.946660132e-01 +1.743346660e+02 +1.743346660e+02 -1.2109e+00 -1.3670e+00 +1.3210e+00
% f evaluations | g evaluations | best noise-free fitness - Fopt (1.496600000000e+02) + sum g_i+ | measured fitness | best measured fitness or single-digit g-values | x1 | x2...
1 0 +7.892706915e+01 +2.285870692e+02 +2.285870692e+02 +1.6667e+00 +1.6667e+00 +1.6667e+00
2 0 +6.376548296e+01 +2.134254830e+02 +2.134254830e+02 -1.6667e+00 -1.6667e+00 -1.6667e+00
4 0 +4.914832322e+01 +1.988083232e+02 +1.988083232e+02 +3.3333e+00 -1.6667e+00 -1.6667e+00
6 0 +2.247387113e+01 +1.721338711e+02 +1.721338711e+02 +3.3333e+00 +3.3333e+00 -1.6667e+00
17 0 +2.188938660e+01 +1.715493866e+02 +1.715493866e+02 +3.5713e+00 +3.1450e+00 -1.6228e+00
26 0 +1.858511509e+01 +1.682451151e+02 +1.682451151e+02 +3.7482e+00 +2.8979e+00 -1.5823e+00
38 0 +1.308230271e+01 +1.627423027e+02 +1.627423027e+02 +3.7591e+00 +2.8851e+00 -1.5733e+00
48 0 +7.184189275e+00 +1.568441893e+02 +1.568441893e+02 +3.7351e+00 +2.8901e+00 -1.5507e+00
52 0 +6.798319085e+00 +1.564583191e+02 +1.564583191e+02 +3.7233e+00 +2.8875e+00 -1.5390e+00
1057 0 +6.372324898e+00 +1.560323249e+02 +1.560323249e+02 +3.3333e+00 +1.4583e+00 -1.6667e+00
1478 0 +6.026168335e+00 +1.556861683e+02 +1.556861683e+02 +3.3317e+00 +1.4567e+00 -1.6634e+00
1639 0 +6.003750463e+00 +1.556637505e+02 +1.556637505e+02 +3.3309e+00 +1.4559e+00 -1.6618e+00
7812 0 +5.104065308e+00 +1.547640653e+02 +1.547640653e+02 +2.3893e+00 +2.7018e+00 -1.0482e+00
7827 0 +4.861210596e+00 +1.545212106e+02 +1.545212106e+02 +2.3908e+00 +2.6999e+00 -1.0470e+00
32304 0 +4.042200923e+00 +1.537022009e+02 +1.537022009e+02 -8.1380e-01 -9.7005e-01 +1.0612e+00
32566 0 +3.741621168e+00 +1.534016212e+02 +1.534016212e+02 -8.1868e-01 -9.7493e-01 +1.0612e+00
32683 0 +3.500021531e+00 +1.531600215e+02 +1.531600215e+02 -8.1950e-01 -9.7331e-01 +1.0628e+00
32858 0 +3.427306097e+00 +1.530873061e+02 +1.530873061e+02 -8.1991e-01 -9.7249e-01 +1.0636e+00
33099 0 +3.381733904e+00 +1.530417339e+02 +1.530417339e+02 -8.2011e-01 -9.7270e-01 +1.0640e+00
54509 0 +2.652447191e+00 +1.523124472e+02 +1.523124472e+02 -1.6081e+00 -1.1393e+00 +1.6732e+00
54518 0 +2.605414670e+00 +1.522654147e+02 +1.522654147e+02 -1.6048e+00 -1.1458e+00 +1.6667e+00
54534 0 +2.503436498e+00 +1.521634365e+02 +1.521634365e+02 -1.6058e+00 -1.1449e+00 +1.6665e+00
54539 0 +2.350446686e+00 +1.520104467e+02 +1.520104467e+02 -1.6068e+00 -1.1442e+00 +1.6690e+00
54547 0 +2.099463332e+00 +1.517594633e+02 +1.517594633e+02 -1.6092e+00 -1.1442e+00 +1.6738e+00
54553 0 +1.803327332e+00 +1.514633273e+02 +1.514633273e+02 -1.6235e+00 -1.1481e+00 +1.6857e+00
54557 0 +1.423461140e+00 +1.510834611e+02 +1.510834611e+02 -1.6275e+00 -1.1431e+00 +1.6987e+00
63044 0 +9.874449956e-01 +1.506474450e+02 +1.506474450e+02 -9.8307e-01 -1.1393e+00 +1.3607e+00
63075 0 +8.382658142e-01 +1.504982658e+02 +1.504982658e+02 -9.7982e-01 -1.1361e+00 +1.3639e+00
63100 0 +6.307278415e-01 +1.502907278e+02 +1.502907278e+02 -9.7819e-01 -1.1344e+00 +1.3607e+00
63125 0 +6.026054614e-01 +1.502626055e+02 +1.502626055e+02 -9.7738e-01 -1.1361e+00 +1.3590e+00
63172 0 +5.630968082e-01 +1.502230968e+02 +1.502230968e+02 -9.7697e-01 -1.1357e+00 +1.3582e+00
63211 0 +5.529784066e-01 +1.502129784e+02 +1.502129784e+02 -9.7677e-01 -1.1355e+00 +1.3578e+00
64253 0 +5.486481260e-01 +1.502086481e+02 +1.502086481e+02 -9.7661e-01 -1.1358e+00 +1.3575e+00
% f evaluations | g evaluations | best noise-free fitness - Fopt (-4.425600000000e+02) + sum g_i+ | measured fitness | best measured fitness or single-digit g-values | x1 | x2...
1 0 +3.837134919e+01 -4.041886508e+02 -4.041886508e+02 +1.6667e+00 +1.6667e+00 +1.6667e+00
2 0 +3.797310052e+01 -4.045868995e+02 -4.045868995e+02 -1.6667e+00 -1.6667e+00 -1.6667e+00
12 0 +2.693485454e+01 -4.156251455e+02 -4.156251455e+02 +3.3333e+00 +3.3333e+00 +3.3333e+00
29 0 +9.167153700e+00 -4.333928463e+02 -4.333928463e+02 +3.3380e+00 +3.3132e+00 +3.3398e+00
36 0 +8.859126965e+00 -4.337008730e+02 -4.337008730e+02 +3.3394e+00 +3.3099e+00 +3.3296e+00
41 0 +8.033698071e+00 -4.345263019e+02 -4.345263019e+02 +3.3092e+00 +3.3042e+00 +3.3230e+00
46 0 +7.646957460e+00 -4.349130425e+02 -4.349130425e+02 +3.3285e+00 +3.3124e+00 +3.3299e+00
324 0 +7.081917580e+00 -4.354780824e+02 -4.354780824e+02 -8.3333e-01 -2.0833e+00 -2.0833e+00
1422 0 +6.998318133e+00 -4.355616819e+02 -4.355616819e+02 -8.2357e-01 -2.0833e+00 -2.0833e+00
1542 0 +6.914208949e+00 -4.356457911e+02 -4.356457911e+02 -8.2845e-01 -2.0833e+00 -2.0833e+00
1864 0 +6.620475795e+00 -4.359395242e+02 -4.359395242e+02 -8.2845e-01 -2.0833e+00 -2.0882e+00
1918 0 +6.538387752e+00 -4.360216122e+02 -4.360216122e+02 -8.2601e-01 -2.0833e+00 -2.0882e+00
5646 0 +6.450401671e+00 -4.361095983e+02 -4.361095983e+02 -8.2601e-01 -2.0846e+00 -2.0894e+00
7585 0 +5.197777745e+00 -4.373622223e+02 -4.373622223e+02 +2.5911e+00 +2.2786e+00 +1.6536e+00
7823 0 +4.579446802e+00 -4.379805532e+02 -4.379805532e+02 +2.5814e+00 +2.2786e+00 +1.6732e+00
7878 0 +4.098811708e+00 -4.384611883e+02 -4.384611883e+02 +2.5846e+00 +2.2819e+00 +1.6667e+00
7927 0 +3.680093372e+00 -4.388799066e+02 -4.388799066e+02 +2.5814e+00 +2.2786e+00 +1.6634e+00
7985 0 +3.518752430e+00 -4.390412476e+02 -4.390412476e+02 +2.5863e+00 +2.2786e+00 +1.6634e+00
10962 0 +3.390563367e+00 -4.391694366e+02 -4.391694366e+02 +1.9499e+00 +1.7839e+00 +2.4089e+00
11100 0 +3.320570130e+00 -4.392394299e+02 -4.392394299e+02 +1.9450e+00 +1.7839e+00 +2.4089e+00
11485 0 +3.303998987e+00 -4.392560010e+02 -4.392560010e+02 +1.9442e+00 +1.7830e+00 +2.4080e+00
18525 0 +2.789350443e+00 -4.397706496e+02 -4.397706496e+02 -9.9284e-01 -8.3171e-01 -1.7741e+00
18538 0 +2.712709219e+00 -4.398472908e+02 -4.398472908e+02 -9.9045e-01 -8.3559e-01 -1.7770e+00
18543 0 +2.295448113e+00 -4.402645519e+02 -4.402645519e+02 -9.8854e-01 -8.3630e-01 -1.7820e+00
18547 0 +2.111647475e+00 -4.404483525e+02 -4.404483525e+02 -9.8413e-01 -8.3286e-01 -1.7805e+00
54648 0 +2.087563713e+00 -4.404724363e+02 -4.404724363e+02 -8.9803e-01 -7.3690e-01 -1.0506e+00
58162 0 +2.036257618e+00 -4.405237424e+02 -4.405237424e+02 -1.0335e+00 -1.7708e+00 -8.3333e-01
58855 0 +1.993097272e+00 -4.405669027e+02 -4.405669027e+02 -1.0282e+00 -1.7692e+00 -8.3415e-01
67322 0 +1.888458017e+00 -4.406715420e+02 -4.406715420e+02 -1.1410e+00 -1.7660e+00 -1.6048e+00
67371 0 +1.789317930e+00 -4.407706821e+02 -4.407706821e+02 -1.1393e+00 -1.7643e+00 -1.6032e+00
67427 0 +1.696651957e+00 -4.408633480e+02 -4.408633480e+02 -1.1418e+00 -1.7643e+00 -1.6032e+00
69593 0 +1.659141023e+00 -4.409008590e+02 -4.409008590e+02 -1.1552e+00 -1.7692e+00 -1.6069e+00
71377 0 +1.334776361e+00 -4.412252236e+02 -4.412252236e+02 -7.0964e-01 -1.1979e+00 -1.1979e+00
72220 0 +1.253794308e+00 -4.413062057e+02 -4.413062057e+02 -7.0882e-01 -1.1971e+00 -1.1995e+00
72275 0 +1.228214821e+00 -4.413317852e+02 -4.413317852e+02 -7.0964e-01 -1.1979e+00 -1.2004e+00
94613 0 +1.190361737e+00 -4.413696383e+02 -4.413696383e+02 -1.0221e+00 -9.6354e-01 -1.0417e+00
94731 0 +1.162064348e+00 -4.413979357e+02 -4.413979357e+02 -1.0319e+00 -9.6354e-01 -1.0417e+00
94871 0 +1.067951752e+00 -4.414920482e+02 -4.414920482e+02 -1.0221e+00 -9.6354e-01 -1.0514e+00
94978 0 +1.033531527e+00 -4.415264685e+02 -4.415264685e+02 -1.0286e+00 -9.6517e-01 -1.0433e+00
95036 0 +7.583042172e-01 -4.418016958e+02 -4.418016958e+02 -1.0238e+00 -9.6517e-01 -1.0482e+00
95095 0 +7.239159655e-01 -4.418360840e+02 -4.418360840e+02 -1.0221e+00 -9.6354e-01 -1.0465e+00
95578 0 +7.051289467e-01 -4.418548711e+02 -4.418548711e+02 -1.0238e+00 -9.6395e-01 -1.0470e+00
142349 0 +6.887638153e-01 -4.418712362e+02 -4.418712362e+02 -1.0295e+00 -9.6598e-01 -1.0490e+00
% f evaluations | g evaluations | best noise-free fitness - Fopt (1.583000000000e+01) + sum g_i+ | measured fitness | best measured fitness or single-digit g-values | x1 | x2...
1 0 +8.793898038e+01 +1.037689804e+02 +1.037689804e+02 +1.6667e+00 +1.6667e+00 +1.6667e+00
2 0 +4.643823301e+01 +6.226823301e+01 +6.226823301e+01 -1.6667e+00 -1.6667e+00 -1.6667e+00
10 0 +3.195607254e+01 +4.778607254e+01 +4.778607254e+01 -1.6667e+00 -1.6667e+00 +3.3333e+00
20 0 +2.981684396e+01 +4.564684396e+01 +4.564684396e+01 -1.8147e+00 -1.0861e+00 +3.5238e+00
27 0 +2.757814399e+01 +4.340814399e+01 +4.340814399e+01 -1.8757e+00 -7.4500e-01 +3.7074e+00
31 0 +1.280024872e+01 +2.863024872e+01 +2.863024872e+01 -1.9412e+00 -5.1361e-01 +3.6441e+00
44 0 +1.205833088e+01 +2.788833088e+01 +2.788833088e+01 -1.9508e+00 -5.0293e-01 +3.6501e+00
49 0 +1.133153280e+01 +2.716153280e+01 +2.716153280e+01 -1.9573e+00 -4.9024e-01 +3.6440e+00
54 0 +8.991496968e+00 +2.482149697e+01 +2.482149697e+01 -1.9987e+00 -5.2839e-01 +3.6701e+00
58 0 +8.608368553e+00 +2.443836855e+01 +2.443836855e+01 -1.9831e+00 -5.2454e-01 +3.6629e+00
329 0 +8.448591698e+00 +2.427859170e+01 +2.427859170e+01 -2.2917e+00 -4.1667e-01 +2.0833e+00
481 0 +7.270134040e+00 +2.310013404e+01 +2.310013404e+01 -2.2721e+00 -4.1667e-01 +2.0833e+00
511 0 +6.888519395e+00 +2.271851939e+01 +2.271851939e+01 -2.2732e+00 -4.1766e-01 +2.0810e+00
516 0 +6.708067260e+00 +2.253806726e+01 +2.253806726e+01 -2.2778e+00 -4.1938e-01 +2.0832e+00
524 0 +6.550686284e+00 +2.238068628e+01 +2.238068628e+01 -2.2821e+00 -4.2788e-01 +2.0884e+00
532 0 +6.436834549e+00 +2.226683455e+01 +2.226683455e+01 -2.2924e+00 -4.2975e-01 +2.0930e+00
9385 0 +4.425290893e+00 +2.025529089e+01 +2.025529089e+01 +1.9271e+00 +1.7708e+00 -7.2917e-01
9410 0 +4.353993842e+00 +2.018399384e+01 +2.018399384e+01 +1.9276e+00 +1.7703e+00 -7.2805e-01
9415 0 +4.213918977e+00 +2.004391898e+01 +2.004391898e+01 +1.9283e+00 +1.7677e+00 -7.2752e-01
9421 0 +3.962916081e+00 +1.979291608e+01 +1.979291608e+01 +1.9131e+00 +1.7565e+00 -7.1843e-01
10096 0 +3.184368085e+00 +1.901436809e+01 +1.901436809e+01 +1.6146e+00 +1.7708e+00 -7.2917e-01
10116 0 +2.767018075e+00 +1.859701807e+01 +1.859701807e+01 +1.6155e+00 +1.7717e+00 -7.2676e-01
10131 0 +2.729702071e+00 +1.855970207e+01 +1.855970207e+01 +1.6190e+00 +1.7732e+00 -7.2898e-01
38039 0 +2.604341336e+00 +1.843434134e+01 +1.843434134e+01 +1.9303e+00 +1.3053e+00 -1.1947e+00
38049 0 +2.018669634e+00 +1.784866963e+01 +1.784866963e+01 +1.9255e+00 +1.3053e+00 -1.1947e+00
38077 0 +1.964655788e+00 +1.779465579e+01 +1.779465579e+01 +1.9244e+00 +1.3057e+00 -1.1955e+00
38082 0 +1.858372034e+00 +1.768837203e+01 +1.768837203e+01 +1.9224e+00 +1.3075e+00 -1.1952e+00
38091 0 +1.809082940e+00 +1.763908294e+01 +1.763908294e+01 +1.9169e+00 +1.3041e+00 -1.1918e+00
62998 0 +9.338749612e-01 +1.676387496e+01 +1.676387496e+01 +1.6146e+00 +1.3216e+00 -1.1979e+00
63020 0 +7.687653467e-01 +1.659876535e+01 +1.659876535e+01 +1.6143e+00 +1.3203e+00 -1.2003e+00
63025 0 +6.673466574e-01 +1.649734666e+01 +1.649734666e+01 +1.6163e+00 +1.3185e+00 -1.2001e+00
63030 0 +6.128038469e-01 +1.644280385e+01 +1.644280385e+01 +1.6230e+00 +1.3234e+00 -1.2036e+00
63034 0 +5.949936836e-01 +1.642499368e+01 +1.642499368e+01 +1.6191e+00 +1.3195e+00 -1.2000e+00
63038 0 +5.795432605e-01 +1.640954326e+01 +1.640954326e+01 +1.6202e+00 +1.3207e+00 -1.2012e+00
% f evaluations | g evaluations | best noise-free fitness - Fopt (-9.371200000000e+02) + sum g_i+ | measured fitness | best measured fitness or single-digit g-values | x1 | x2...
1 0 +3.478622243e+01 -9.023337776e+02 -9.023337776e+02 +1.6667e+00 +1.6667e+00 +1.6667e+00
14 0 +3.103517300e+01 -9.060848270e+02 -9.060848270e+02 +8.3333e-01 +3.3333e+00 +3.3333e+00
23 0 +2.530225614e+01 -9.118177439e+02 -9.118177439e+02 -8.3333e-01 +1.6667e+00 +1.6667e+00
42 0 +2.000562193e+01 -9.171143781e+02 -9.171143781e+02 -8.7080e-01 +1.6779e+00 +1.6852e+00
48 0 +1.877658817e+01 -9.183434118e+02 -9.183434118e+02 -8.8926e-01 +1.6873e+00 +1.6789e+00
53 0 +1.438197142e+01 -9.227380286e+02 -9.227380286e+02 -1.0381e+00 +1.5449e+00 +1.6051e+00
57 0 +5.546173275e+00 -9.315738267e+02 -9.315738267e+02 -9.4867e-01 +1.6022e+00 +1.6368e+00
61 0 +5.374771453e+00 -9.317452285e+02 -9.317452285e+02 -9.5425e-01 +1.6049e+00 +1.6363e+00
65 0 +5.294409465e+00 -9.318255905e+02 -9.318255905e+02 -9.5511e-01 +1.6017e+00 +1.6355e+00
8315 0 +4.627181688e+00 -9.324928183e+02 -9.324928183e+02 -1.4583e+00 +2.6042e+00 +1.6667e+00
8827 0 +4.228992557e+00 -9.328910074e+02 -9.328910074e+02 -1.4486e+00 +2.6042e+00 +1.6667e+00
9346 0 +4.138655266e+00 -9.329813447e+02 -9.329813447e+02 -2.6042e+00 +2.3958e+00 +2.0833e+00
9934 0 +3.736807395e+00 -9.333831926e+02 -9.333831926e+02 -2.6042e+00 +2.3861e+00 +2.0833e+00
10088 0 +3.361071025e+00 -9.337589290e+02 -9.337589290e+02 -2.6042e+00 +2.3910e+00 +2.0833e+00
11379 0 +3.288732536e+00 -9.338312675e+02 -9.338312675e+02 -2.6034e+00 +2.3881e+00 +2.0817e+00
14786 0 +2.388557455e+00 -9.347314425e+02 -9.347314425e+02 +1.4974e+00 -1.3542e+00 -1.0417e+00
15015 0 +1.319020394e+00 -9.358009796e+02 -9.358009796e+02 +1.4909e+00 -1.3607e+00 -1.0482e+00
15021 0 +1.130885124e+00 -9.359891149e+02 -9.359891149e+02 +1.5007e+00 -1.3607e+00 -1.0482e+00
15038 0 +9.941034660e-01 -9.361258965e+02 -9.361258965e+02 +1.4974e+00 -1.3639e+00 -1.0514e+00
15086 0 +7.761432367e-01 -9.363438568e+02 -9.363438568e+02 +1.4950e+00 -1.3664e+00 -1.0514e+00
15129 0 +7.565582722e-01 -9.363634417e+02 -9.363634417e+02 +1.4945e+00 -1.3668e+00 -1.0518e+00
77281 0 +7.342951384e-01 -9.363857049e+02 -9.363857049e+02 +1.4921e+00 -1.3668e+00 -1.0518e+00
79526 0 +6.658890910e-01 -9.364541109e+02 -9.364541109e+02 +1.2923e+00 -8.8053e-01 -1.3542e+00
79577 0 +6.253051437e-01 -9.364946949e+02 -9.364946949e+02 +1.2907e+00 -8.8216e-01 -1.3558e+00
79635 0 +6.088122754e-01 -9.365111877e+02 -9.365111877e+02 +1.2931e+00 -8.8216e-01 -1.3558e+00
95862 0 +5.767726962e-01 -9.365432273e+02 -9.365432273e+02 +1.5243e+00 -1.0111e+00 -1.1637e+00
96071 0 +5.734195276e-01 -9.365465805e+02 -9.365465805e+02 +1.5238e+00 -1.0116e+00 -1.1641e+00
% f evaluations | g evaluations | best noise-free fitness - Fopt (-1.553000000000e+01) + sum g_i+ | measured fitness | best measured fitness or single-digit g-values | x1 | x2...
1 0 +2.236780477e+01 +6.837804772e+00 +6.837804772e+00 +1.6667e+00 +1.6667e+00 +1.6667e+00
2 0 +1.972219671e+01 +4.192196714e+00 +4.192196714e+00 -1.6667e+00 -1.6667e+00 -1.6667e+00
60 0 +1.597152481e+01 +4.415248066e-01 +4.415248066e-01 +2.0833e+00 +2.0833e+00 +8.3333e-01
67 0 +1.376631268e+01 -1.763687319e+00 -1.763687319e+00 +1.6667e+00 +1.6667e+00 +4.1667e-01
86 0 +1.292979142e+01 -2.600208580e+00 -2.600208580e+00 +1.6650e+00 +1.6764e+00 +4.1228e-01
91 0 +9.990783885e+00 -5.539216115e+00 -5.539216115e+00 +1.6570e+00 +1.6834e+00 +4.1425e-01
95 0 +8.620115760e+00 -6.909884240e+00 -6.909884240e+00 +1.6102e+00 +1.6667e+00 +3.7755e-01
103 0 +7.040214938e+00 -8.489785062e+00 -8.489785062e+00 +1.6401e+00 +1.6826e+00 +4.0962e-01
1715 0 +3.986640388e+00 -1.154335961e+01 -1.154335961e+01 +2.2917e+00 +2.9167e+00 +2.2917e+00
1739 0 +3.880831590e+00 -1.164916841e+01 -1.164916841e+01 +2.2916e+00 +2.9156e+00 +2.2925e+00
1744 0 +3.770687172e+00 -1.175931283e+01 -1.175931283e+01 +2.2938e+00 +2.9141e+00 +2.2924e+00
1750 0 +3.698576822e+00 -1.183142318e+01 -1.183142318e+01 +2.2996e+00 +2.9176e+00 +2.2992e+00
19015 0 +2.382527953e+00 -1.314747205e+01 -1.314747205e+01 -1.0319e+00 -1.2174e+00 -7.4870e-01
19042 0 +2.168829621e+00 -1.336117038e+01 -1.336117038e+01 -1.0331e+00 -1.2123e+00 -7.4779e-01
19047 0 +2.117922566e+00 -1.341207743e+01 -1.341207743e+01 -1.0381e+00 -1.2054e+00 -7.4110e-01
19053 0 +1.502440325e+00 -1.402755968e+01 -1.402755968e+01 -1.0196e+00 -1.1969e+00 -7.2187e-01
19057 0 +1.323348000e+00 -1.420665200e+01 -1.420665200e+01 -1.0197e+00 -1.2022e+00 -7.2749e-01
86276 0 +1.017046439e+00 -1.451295356e+01 -1.451295356e+01 -1.1654e+00 -1.4583e+00 -9.8958e-01
86301 0 +5.262435880e-01 -1.500375641e+01 -1.500375641e+01 -1.1640e+00 -1.4569e+00 -9.9145e-01
86307 0 +4.743976596e-01 -1.505560234e+01 -1.505560234e+01 -1.1622e+00 -1.4588e+00 -9.9205e-01
102081 0 +4.201393467e-01 -1.510986065e+01 -1.510986065e+01 -1.4225e+00 -1.4616e+00 -1.2272e+00
102406 0 +4.085267219e-01 -1.512147328e+01 -1.512147328e+01 -1.4217e+00 -1.4608e+00 -1.2264e+00
102542 0 +3.442891849e-01 -1.518571082e+01 -1.518571082e+01 -1.4242e+00 -1.4608e+00 -1.2288e+00
102557 0 +3.307748618e-01 -1.519922514e+01 -1.519922514e+01 -1.4250e+00 -1.4616e+00 -1.2297e+00
102637 0 +3.234085410e-01 -1.520659146e+01 -1.520659146e+01 -1.4256e+00 -1.4616e+00 -1.2303e+00
% f evaluations | g evaluations | best noise-free fitness - Fopt (1.568800000000e+02) + sum g_i+ | measured fitness | best measured fitness or single-digit g-values | x1 | x2...
1 0 +3.971354123e+01 +1.965935412e+02 +1.965935412e+02 +1.6667e+00 +1.6667e+00 +1.6667e+00
6 0 +3.206483382e+01 +1.889448338e+02 +1.889448338e+02 +3.3333e+00 +3.3333e+00 -1.6667e+00
17 0 +1.793406379e+01 +1.748140638e+02 +1.748140638e+02 +3.2558e+00 +3.1147e+00 -1.8700e+00
29 0 +1.058042444e+01 +1.674604244e+02 +1.674604244e+02 +3.2870e+00 +3.1059e+00 -1.8908e+00
36 0 +8.121448768e+00 +1.650014488e+02 +1.650014488e+02 +3.2942e+00 +3.0957e+00 -1.9055e+00
41 0 +6.630151777e+00 +1.635101518e+02 +1.635101518e+02 +3.3022e+00 +3.0458e+00 -1.8689e+00
45 0 +5.663027859e+00 +1.625430279e+02 +1.625430279e+02 +3.2862e+00 +3.0780e+00 -1.8781e+00
49 0 +5.468555838e+00 +1.623485558e+02 +1.623485558e+02 +3.2907e+00 +3.0729e+00 -1.8788e+00
3833 0 +5.177249267e+00 +1.620572493e+02 +1.620572493e+02 +1.9792e+00 +1.1979e+00 -1.4583e+00
4013 0 +5.037869321e+00 +1.619178693e+02 +1.619178693e+02 +1.9743e+00 +1.1979e+00 -1.4583e+00
4014 0 +4.728469048e+00 +1.616084690e+02 +1.616084690e+02 +1.9808e+00 +1.1947e+00 -1.4616e+00
4023 0 +4.670121155e+00 +1.615501212e+02 +1.615501212e+02 +1.9792e+00 +1.1930e+00 -1.4583e+00
5487 0 +4.379565108e+00 +1.612595651e+02 +1.612595651e+02 -9.8958e-01 -1.3021e+00 +1.0417e+00
5846 0 +2.872984168e+00 +1.597529842e+02 +1.597529842e+02 -9.8307e-01 -1.2956e+00 +1.0286e+00
5872 0 +2.595282791e+00 +1.594752828e+02 +1.594752828e+02 -9.8189e-01 -1.2936e+00 +1.0300e+00
5877 0 +2.166367355e+00 +1.590463674e+02 +1.590463674e+02 -9.8520e-01 -1.2893e+00 +1.0302e+00
5884 0 +6.341075330e-01 +1.575141075e+02 +1.575141075e+02 -9.9262e-01 -1.2534e+00 +1.0055e+00
5888 0 +4.960672805e-01 +1.573760673e+02 +1.573760673e+02 -9.9633e-01 -1.2506e+00 +1.0070e+00
% f evaluations | g evaluations | best noise-free fitness - Fopt (-5.710000000000e+00) + sum g_i+ | measured fitness | best measured fitness or single-digit g-values | x1 | x2...
1 0 +7.405201802e+01 +6.834201802e+01 +6.834201802e+01 +1.6667e+00 +1.6667e+00 +1.6667e+00
2 0 +4.366409473e+01 +3.795409473e+01 +3.795409473e+01 -1.6667e+00 -1.6667e+00 -1.6667e+00
3 0 +3.890862951e+01 +3.319862951e+01 +3.319862951e+01 -3.3333e+00 +1.6667e+00 +1.6667e+00
17 0 +2.475641985e+01 +1.904641985e+01 +1.904641985e+01 -3.3288e+00 +1.6651e+00 +1.6878e+00
23 0 +2.196671881e+01 +1.625671881e+01 +1.625671881e+01 -3.3409e+00 +1.6486e+00 +1.6949e+00
29 0 +1.857390631e+01 +1.286390631e+01 +1.286390631e+01 -3.3107e+00 +1.5908e+00 +1.6884e+00
81 0 +9.883978668e+00 +4.173978668e+00 +4.173978668e+00 +1.6667e+00 -3.3333e+00 -3.3333e+00
101 0 +9.298963260e+00 +3.588963260e+00 +3.588963260e+00 +1.6659e+00 -3.3330e+00 -3.3280e+00
106 0 +8.471358356e+00 +2.761358356e+00 +2.761358356e+00 +1.6608e+00 -3.3333e+00 -3.3263e+00
112 0 +6.611535762e+00 +9.015357619e-01 +9.015357619e-01 +1.6377e+00 -3.2899e+00 -3.3246e+00
116 0 +6.291948326e+00 +5.819483264e-01 +5.819483264e-01 +1.6342e+00 -3.2948e+00 -3.3242e+00
5777 0 +5.297820715e+00 -4.121792847e-01 -4.121792847e-01 -1.3802e+00 +1.5104e+00 +8.8542e-01
5804 0 +5.131668010e+00 -5.783319904e-01 -5.783319904e-01 -1.3872e+00 +1.5075e+00 +8.7772e-01
5809 0 +3.190515087e+00 -2.519484913e+00 -2.519484913e+00 -1.3963e+00 +1.5035e+00 +8.8209e-01
5813 0 +1.670927405e+00 -4.039072595e+00 -4.039072595e+00 -1.4174e+00 +1.5376e+00 +8.9131e-01
5818 0 +1.079538392e+00 -4.630461608e+00 -4.630461608e+00 -1.4029e+00 +1.5081e+00 +8.9101e-01
5822 0 +9.032168984e-01 -4.806783102e+00 -4.806783102e+00 -1.4018e+00 +1.5099e+00 +8.8843e-01
5826 0 +8.878451879e-01 -4.822154812e+00 -4.822154812e+00 -1.4027e+00 +1.5107e+00 +8.8905e-01
53837 0 +7.877009973e-01 -4.922299003e+00 -4.922299003e+00 -1.5348e+00 +1.5218e+00 +1.1947e+00
53864 0 +7.761129987e-01 -4.933887001e+00 -4.933887001e+00 -1.5340e+00 +1.5219e+00 +1.1957e+00
53869 0 +7.423404531e-01 -4.967659547e+00 -4.967659547e+00 -1.5328e+00 +1.5215e+00 +1.1953e+00
53875 0 +6.753560811e-01 -5.034643919e+00 -5.034643919e+00 -1.5252e+00 +1.5033e+00 +1.1948e+00
53879 0 +5.944118146e-01 -5.115588185e+00 -5.115588185e+00 -1.5272e+00 +1.5106e+00 +1.1941e+00
86525 0 +5.855408924e-01 -5.124459108e+00 -5.124459108e+00 -1.5072e+00 +1.3517e+00 +9.8796e-01
93437 0 +5.565378608e-01 -5.153462139e+00 -5.153462139e+00 -1.2240e+00 +1.0905e+00 +1.0417e+00
93579 0 +4.896415403e-01 -5.220358460e+00 -5.220358460e+00 -1.2240e+00 +1.0856e+00 +1.0417e+00
93607 0 +4.153773365e-01 -5.294622664e+00 -5.294622664e+00 -1.2240e+00 +1.0856e+00 +1.0430e+00
93612 0 +3.240059689e-01 -5.385994031e+00 -5.385994031e+00 -1.2265e+00 +1.0850e+00 +1.0439e+00
93618 0 +2.778103678e-01 -5.432189632e+00 -5.432189632e+00 -1.2300e+00 +1.0918e+00 +1.0441e+00
93622 0 +2.721972990e-01 -5.437802701e+00 -5.437802701e+00 -1.2305e+00 +1.0913e+00 +1.0442e+00
% f evaluations | g evaluations | best noise-free fitness - Fopt (2.413000000000e+01) + sum g_i+ | measured fitness | best measured fitness or single-digit g-values | x1 | x2...
1 0 +4.413254126e+01 +6.826254126e+01 +6.826254126e+01 +1.6667e+00 +1.6667e+00 +1.6667e+00
6 0 +1.111384179e+01 +3.524384179e+01 +3.524384179e+01 +3.3333e+00 +3.3333e+00 -1.6667e+00
22 0 +9.352551680e+00 +3.348255168e+01 +3.348255168e+01 +3.3387e+00 +3.3240e+00 -1.6660e+00
27 0 +7.835942227e+00 +3.196594223e+01 +3.196594223e+01 +3.3312e+00 +3.3165e+00 -1.6682e+00
32 0 +6.755115967e+00 +3.088511597e+01 +3.088511597e+01 +3.3330e+00 +3.3164e+00 -1.6990e+00
37 0 +6.305873506e+00 +3.043587351e+01 +3.043587351e+01 +3.3284e+00 +3.3171e+00 -1.6841e+00
2869 0 +3.353942443e+00 +2.748394244e+01 +2.748394244e+01 -8.4635e-01 -1.7839e+00 +1.0677e+00
2881 0 +2.866042828e+00 +2.699604283e+01 +2.699604283e+01 -8.4635e-01 -1.7839e+00 +1.0286e+00
2907 0 +2.759826227e+00 +2.688982623e+01 +2.688982623e+01 -8.4535e-01 -1.7862e+00 +1.0294e+00
2912 0 +2.580920404e+00 +2.671092040e+01 +2.671092040e+01 -8.4721e-01 -1.7878e+00 +1.0307e+00
2918 0 +2.079920549e+00 +2.620992055e+01 +2.620992055e+01 -8.5079e-01 -1.7855e+00 +1.0626e+00
2922 0 +1.939297335e+00 +2.606929734e+01 +2.606929734e+01 -8.5273e-01 -1.7873e+00 +1.0560e+00
9355 0 +1.258426057e+00 +2.538842606e+01 +2.538842606e+01 -1.0270e+00 -1.3444e+00 +1.4583e+00
9382 0 +1.225663236e+00 +2.535566324e+01 +2.535566324e+01 -1.0277e+00 -1.3435e+00 +1.4575e+00
9387 0 +1.156902582e+00 +2.528690258e+01 +2.528690258e+01 -1.0273e+00 -1.3434e+00 +1.4562e+00
9395 0 +1.010514095e+00 +2.514051409e+01 +2.514051409e+01 -1.0263e+00 -1.3439e+00 +1.4538e+00
9404 0 +3.733274579e-01 +2.450332746e+01 +2.450332746e+01 -1.0219e+00 -1.3445e+00 +1.4231e+00
9408 0 +3.662773121e-01 +2.449627731e+01 +2.449627731e+01 -1.0226e+00 -1.3448e+00 +1.4255e+00
% f evaluations | g evaluations | best noise-free fitness - Fopt (-5.837000000000e+02) + sum g_i+ | measured fitness | best measured fitness or single-digit g-values | x1 | x2...
1 0 +2.097802309e+01 -5.627219769e+02 -5.627219769e+02 +1.6667e+00 +1.6667e+00 +1.6667e+00
23 0 +1.670546685e+01 -5.669945331e+02 -5.669945331e+02 -8.3333e-01 -8.3333e-01 -3.3333e+00
32 0 +9.950855133e+00 -5.737491449e+02 -5.737491449e+02 -1.6667e+00 -1.6667e+00 -4.1667e+00
57 0 +9.698015223e+00 -5.740019848e+02 -5.740019848e+02 -1.6643e+00 -1.6691e+00 -4.1704e+00
64 0 +9.445963576e+00 -5.742540364e+02 -5.742540364e+02 -1.6576e+00 -1.7227e+00 -4.1906e+00
68 0 +8.158621005e+00 -5.755413790e+02 -5.755413790e+02 -1.6501e+00 -1.7072e+00 -4.1879e+00
2891 0 +5.857629635e+00 -5.778423704e+02 -5.778423704e+02 -1.3542e+00 -2.2917e+00 -2.9167e+00
3577 0 +5.517806177e+00 -5.781821938e+02 -5.781821938e+02 -1.3542e+00 -2.3014e+00 -2.9167e+00
3986 0 +5.142473296e+00 -5.785575267e+02 -5.785575267e+02 -1.3558e+00 -2.2982e+00 -2.9183e+00
4095 0 +5.078272890e+00 -5.786217271e+02 -5.786217271e+02 -1.3566e+00 -2.2965e+00 -2.9167e+00
4153 0 +4.964925977e+00 -5.787350740e+02 -5.787350740e+02 -1.3566e+00 -2.2990e+00 -2.9167e+00
10436 0 +4.874392767e+00 -5.788256072e+02 -5.788256072e+02 -1.3570e+00 -2.2994e+00 -2.9171e+00
17578 0 +4.608858549e+00 -5.790911415e+02 -5.790911415e+02 -2.6156e+00 -3.2113e+00 -2.2786e+00
27152 0 +2.496772073e+00 -5.812032279e+02 -5.812032279e+02 +1.4714e+00 +1.1198e+00 +8.0729e-01
27212 0 +1.452646552e+00 -5.822473534e+02 -5.822473534e+02 +1.4811e+00 +1.1198e+00 +8.0729e-01
27227 0 +1.193905497e+00 -5.825060945e+02 -5.825060945e+02 +1.4804e+00 +1.1208e+00 +8.0489e-01
27232 0 +1.161324062e+00 -5.825386759e+02 -5.825386759e+02 +1.4847e+00 +1.1239e+00 +8.0391e-01
27237 0 +1.102738679e+00 -5.825972613e+02 -5.825972613e+02 +1.4809e+00 +1.1313e+00 +8.0853e-01
27241 0 +1.079305575e+00 -5.826206944e+02 -5.826206944e+02 +1.4816e+00 +1.1239e+00 +8.0647e-01
27245 0 +1.063820559e+00 -5.826361794e+02 -5.826361794e+02 +1.4816e+00 +1.1262e+00 +8.0692e-01
75499 0 +1.017905015e+00 -5.826820950e+02 -5.826820950e+02 +1.6178e+00 +1.4714e+00 +1.3932e+00
75685 0 +8.580732672e-01 -5.828419267e+02 -5.828419267e+02 +1.6130e+00 +1.4665e+00 +1.3932e+00
76003 0 +8.494260318e-01 -5.828505740e+02 -5.828505740e+02 +1.6154e+00 +1.4689e+00 +1.3932e+00
76096 0 +8.312300177e-01 -5.828687700e+02 -5.828687700e+02 +1.6158e+00 +1.4681e+00 +1.3924e+00
76643 0 +8.102787249e-01 -5.828897213e+02 -5.828897213e+02 +1.6154e+00 +1.4665e+00 +1.3920e+00
94966 0 +7.904166945e-01 -5.829095833e+02 -5.829095833e+02 +1.0653e+00 +1.0482e+00 +1.3558e+00
95064 0 +7.738903092e-01 -5.829261097e+02 -5.829261097e+02 +1.0677e+00 +1.0531e+00 +1.3558e+00
95158 0 +7.316164050e-01 -5.829683836e+02 -5.829683836e+02 +1.0653e+00 +1.0506e+00 +1.3558e+00
95209 0 +7.066581104e-01 -5.829933419e+02 -5.829933419e+02 +1.0661e+00 +1.0514e+00 +1.3566e+00
95259 0 +6.727288350e-01 -5.830272712e+02 -5.830272712e+02 +1.0661e+00 +1.0539e+00 +1.3566e+00
95588 0 +6.391189165e-01 -5.830608811e+02 -5.830608811e+02 +1.0653e+00 +1.0531e+00 +1.3570e+00
96371 0 +6.279658874e-01 -5.830720341e+02 -5.830720341e+02 +1.0655e+00 +1.0539e+00 +1.3572e+00
133584 0 +5.075080636e-01 -5.831924919e+02 -5.831924919e+02 +1.0189e+00 +1.2240e+00 +1.1458e+00
133711 0 +2.871684718e-01 -5.834128315e+02 -5.834128315e+02 +1.0173e+00 +1.2272e+00 +1.1491e+00
134132 0 +2.748913712e-01 -5.834251086e+02 -5.834251086e+02 +1.0164e+00 +1.2301e+00 +1.1507e+00
134301 0 +2.661245010e-01 -5.834338755e+02 -5.834338755e+02 +1.0160e+00 +1.2284e+00 +1.1503e+00
