% f evaluations | g evaluations | best noise-free fitness - Fopt (1.026100000000e+02) + sum g_i+ | measured fitness | best measured fitness or single-digit g-values | x1 | x2...
1 0 +5.092061757e+01 +1.535306176e+02 +1.535306176e+02 +1.6667e+00 +1.6667e+00
2 0 +3.557272984e+01 +1.381827298e+02 +1.381827298e+02 -1.6667e+00 -1.6667e+00
12 0 +2.907690893e+01 +1.316869089e+02 +1.316869089e+02 +8.3333e-01 -1.6667e+00
17 0 +2.627948666e+01 +1.288894867e+02 +1.288894867e+02 +1.6667e+00 -8.3333e-01
23 0 +8.757634481e+00 +1.113676345e+02 +1.113676345e+02 +4.1667e-01 -8.3333e-01
34 0 +8.606506889e+00 +1.112165069e+02 +1.112165069e+02 +4.0303e-01 -8.3951e-01
91 0 +3.992112660e+00 +1.066021127e+02 +1.066021127e+02 +2.0833e+00 -2.2917e+00
112 0 +3.954978688e+00 +1.065649787e+02 +1.065649787e+02 +2.0843e+00 -2.2897e+00
116 0 +3.821059951e+00 +1.064310600e+02 +1.064310600e+02 +2.0863e+00 -2.2887e+00
119 0 +2.668790733e+00 +1.052787907e+02 +1.052787907e+02 +2.1227e+00 -2.2714e+00
1064 0 +1.710620082e+00 +1.043206201e+02 +1.043206201e+02 -7.1615e-01 +1.4714e+00
1095 0 +1.662759664e+00 +1.042727597e+02 +1.042727597e+02 -7.1940e-01 +1.4681e+00
1117 0 +1.487311495e+00 +1.040973115e+02 +1.040973115e+02 -7.2184e-01 +1.4681e+00
1131 0 +1.470331675e+00 +1.040803317e+02 +1.040803317e+02 -7.2295e-01 +1.4681e+00
1135 0 +1.412334335e+00 +1.040223343e+02 +1.040223343e+02 -7.2490e-01 +1.4670e+00
1138 0 +1.231721382e+00 +1.038417214e+02 +1.038417214e+02 -7.3804e-01 +1.4600e+00
4496 0 +1.194517635e+00 +1.038045176e+02 +1.038045176e+02 -9.5866e-01 +8.3333e-01
4562 0 +1.168793424e+00 +1.037787934e+02 +1.037787934e+02 -9.6110e-01 +8.3333e-01
4673 0 +1.134599169e+00 +1.037445992e+02 +1.037445992e+02 -9.5785e-01 +8.3415e-01
4758 0 +1.119121595e+00 +1.037291216e+02 +1.037291216e+02 -9.5866e-01 +8.3455e-01
8352 0 +1.094707791e+00 +1.037047078e+02 +1.037047078e+02 -1.1979e+00 +1.2240e+00
8503 0 +8.098374410e-01 +1.034198374e+02 +1.034198374e+02 -1.2044e+00 +1.2174e+00
8762 0 +7.514844926e-01 +1.033614845e+02 +1.033614845e+02 -1.2028e+00 +1.2191e+00
8964 0 +6.604997178e-01 +1.032704997e+02 +1.032704997e+02 -1.2016e+00 +1.2191e+00
8984 0 +3.346754728e-01 +1.029446755e+02 +1.029446755e+02 -1.1930e+00 +1.2240e+00
9020 0 +2.668809533e-01 +1.028768810e+02 +1.028768810e+02 -1.1918e+00 +1.2240e+00
9043 0 +2.621391547e-01 +1.028721392e+02 +1.028721392e+02 -1.1916e+00 +1.2242e+00
9269 0 +2.562475862e-01 +1.028662476e+02 +1.028662476e+02 -1.1915e+00 +1.2242e+00
19669 0 +1.005998008e-01 +1.027105998e+02 +1.027105998e+02 -1.1849e+00 +1.2272e+00
19685 0 +9.730522049e-02 +1.027073052e+02 +1.027073052e+02 -1.1847e+00 +1.2276e+00
19689 0 +8.610677160e-02 +1.026961068e+02 +1.026961068e+02 -1.1840e+00 +1.2279e+00
19692 0 +2.322767223e-02 +1.026332277e+02 +1.026332277e+02 -1.1761e+00 +1.2317e+00
30373 0 +1.068623613e-02 +1.026206862e+02 +1.026206862e+02 -1.2472e+00 +1.2516e+00
30532 0 +7.612663087e-03 +1.026176127e+02 +1.026176127e+02 -1.2474e+00 +1.2514e+00
30616 0 +6.715103726e-03 +1.026167151e+02 +1.026167151e+02 -1.2480e+00 +1.2508e+00
30757 0 +2.774678968e-03 +1.026127747e+02 +1.026127747e+02 -1.2496e+00 +1.2504e+00
30813 0 +1.678846813e-03 +1.026116788e+02 +1.026116788e+02 -1.2490e+00 +1.2504e+00
31132 0 +6.936873013e-04 +1.026106937e+02 +1.026106937e+02 -1.2498e+00 +1.2502e+00
31250 0 +4.197161333e-04 +1.026104197e+02 +1.026104197e+02 -1.2495e+00 +1.2502e+00
31861 0 +1.734229228e-04 +1.026101734e+02 +1.026101734e+02 -1.2499e+00 +1.2501e+00
32743 0 +1.049293102e-04 +1.026101049e+02 +1.026101049e+02 -1.2497e+00 +1.2501e+00
33634 0 +4.335579929e-05 +1.026100434e+02 +1.026100434e+02 -1.2499e+00 +1.2501e+00
37218 0 +2.623234487e-05 +1.026100262e+02 +1.026100262e+02 -1.2499e+00 +1.2501e+00
41143 0 +1.083895411e-05 +1.026100108e+02 +1.026100108e+02 -1.2500e+00 +1.2500e+00
66763 0 +6.558087293e-06 +1.026100066e+02 +1.026100066e+02 -1.2499e+00 +1.2500e+00
88596 0 +2.709738794e-06 +1.026100027e+02 +1.026100027e+02 -1.2500e+00 +1.2500e+00
% f evaluations | g evaluations | best noise-free fitness - Fopt (9.330000000000e+01) + sum g_i+ | measured fitness | best measured fitness or single-digit g-values | x1 | x2...
1 0 +4.490201517e+01 +1.382020152e+02 +1.382020152e+02 +1.6667e+00 +1.6667e+00
2 0 +3.053706143e+01 +1.238370614e+02 +1.238370614e+02 -1.6667e+00 -1.6667e+00
3 0 +9.889211861e+00 +1.031892119e+02 +1.031892119e+02 -3.3333e+00 +1.6667e+00
11 0 +7.748264958e+00 +1.010482650e+02 +1.010482650e+02 -4.1214e+00 +1.5463e+00
28 0 +7.202761175e+00 +1.005027612e+02 +1.005027612e+02 -4.1185e+00 +1.5546e+00
31 0 +4.041495379e+00 +9.734149538e+01 +9.734149538e+01 -4.1440e+00 +1.6185e+00
34 0 +3.966607527e+00 +9.726660753e+01 +9.726660753e+01 -4.1405e+00 +1.6087e+00
287 0 +3.601719970e+00 +9.690171997e+01 +9.690171997e+01 -1.6536e+00 +2.3698e+00
324 0 +3.373756000e+00 +9.667375600e+01 +9.667375600e+01 -1.6569e+00 +2.3763e+00
379 0 +3.243932266e+00 +9.654393227e+01 +9.654393227e+01 -1.6585e+00 +2.3747e+00
473 0 +3.235217606e+00 +9.653521761e+01 +9.653521761e+01 -1.6585e+00 +2.3771e+00
520 0 +2.641285630e+00 +9.594128563e+01 +9.594128563e+01 -3.5612e+00 +3.3724e+00
544 0 +2.570933979e+00 +9.587093398e+01 +9.587093398e+01 -3.5601e+00 +3.3726e+00
548 0 +2.517229075e+00 +9.581722908e+01 +9.581722908e+01 -3.5594e+00 +3.3705e+00
551 0 +2.354130947e+00 +9.565413095e+01 +9.565413095e+01 -3.5547e+00 +3.3567e+00
952 0 +2.093004606e+00 +9.539300461e+01 +9.539300461e+01 +1.7708e+00 -1.3542e+00
1181 0 +1.937725111e+00 +9.523772511e+01 +9.523772511e+01 +1.7839e+00 -1.3802e+00
1436 0 +1.662027342e+00 +9.496202734e+01 +9.496202734e+01 +1.7806e+00 -1.3737e+00
1455 0 +1.603412304e+00 +9.490341230e+01 +9.490341230e+01 +1.7790e+00 -1.3704e+00
1466 0 +1.512639385e+00 +9.481263938e+01 +9.481263938e+01 +1.7806e+00 -1.3688e+00
1505 0 +1.470416559e+00 +9.477041656e+01 +9.477041656e+01 +1.7802e+00 -1.3680e+00
1553 0 +1.440206786e+00 +9.474020679e+01 +9.474020679e+01 +1.7799e+00 -1.3680e+00
2210 0 +1.072052831e+00 +9.437205283e+01 +9.437205283e+01 +1.2240e+00 -1.5104e+00
2223 0 +1.009115151e+00 +9.430911515e+01 +9.430911515e+01 +1.2258e+00 -1.5092e+00
2227 0 +9.058684657e-01 +9.420586847e+01 +9.420586847e+01 +1.2250e+00 -1.5071e+00
2230 0 +2.198765495e-01 +9.351987655e+01 +9.351987655e+01 +1.2146e+00 -1.4802e+00
12308 0 +1.063779730e-01 +9.340637797e+01 +9.340637797e+01 +1.2533e+00 -1.2565e+00
12387 0 +2.662089286e-02 +9.332662089e+01 +9.332662089e+01 +1.2516e+00 -1.2533e+00
12470 0 +6.656874104e-03 +9.330665687e+01 +9.330665687e+01 +1.2508e+00 -1.2516e+00
12563 0 +1.664321721e-03 +9.330166432e+01 +9.330166432e+01 +1.2504e+00 -1.2508e+00
12774 0 +4.160868801e-04 +9.330041609e+01 +9.330041609e+01 +1.2502e+00 -1.2504e+00
12995 0 +1.040221231e-04 +9.330010402e+01 +9.330010402e+01 +1.2501e+00 -1.2502e+00
14318 0 +2.600555598e-05 +9.330002601e+01 +9.330002601e+01 +1.2501e+00 -1.2501e+00
19925 0 +6.501390573e-06 +9.330000650e+01 +9.330000650e+01 +1.2500e+00 -1.2501e+00
47240 0 +1.625347736e-06 +9.330000163e+01 +9.330000163e+01 +1.2500e+00 -1.2500e+00
% f evaluations | g evaluations | best noise-free fitness - Fopt (1.364000000000e+01) + sum g_i+ | measured fitness | best measured fitness or single-digit g-values | x1 | x2...
1 0 +2.367066782e+01 +3.731066782e+01 +3.731066782e+01 +1.6667e+00 +1.6667e+00
2 0 +1.039089322e+01 +2.403089322e+01 +2.403089322e+01 -1.6667e+00 -1.6667e+00
28 0 +4.715627622e+00 +1.835562762e+01 +1.835562762e+01 -2.2917e+00 -1.6667e+00
44 0 +4.667196955e+00 +1.830719696e+01 +1.830719696e+01 -2.2873e+00 -1.6673e+00
48 0 +4.415319666e+00 +1.805531967e+01 +1.805531967e+01 -2.2860e+00 -1.6631e+00
51 0 +3.294790424e+00 +1.693479042e+01 +1.693479042e+01 -2.2779e+00 -1.6306e+00
177 0 +2.878841411e+00 +1.651884141e+01 +1.651884141e+01 -1.7708e+00 -3.0208e+00
396 0 +2.647639946e+00 +1.628763995e+01 +1.628763995e+01 -2.0833e+00 -2.3958e+00
426 0 +2.603065411e+00 +1.624306541e+01 +1.624306541e+01 -2.0856e+00 -2.4030e+00
1114 0 +2.448083200e+00 +1.608808320e+01 +1.608808320e+01 +1.1393e+00 +1.1393e+00
1155 0 +1.697219469e+00 +1.533721947e+01 +1.533721947e+01 +1.1410e+00 +1.1361e+00
1178 0 +1.557962982e+00 +1.519796298e+01 +1.519796298e+01 +1.1411e+00 +1.1331e+00
1182 0 +1.418619062e+00 +1.505861906e+01 +1.505861906e+01 +1.1404e+00 +1.1310e+00
1185 0 +1.694477307e-01 +1.380944773e+01 +1.380944773e+01 +1.1262e+00 +1.0908e+00
1188 0 +1.584121133e-01 +1.379841211e+01 +1.379841211e+01 +1.1274e+00 +1.0939e+00
59655 0 +5.296649759e-02 +1.369296650e+01 +1.369296650e+01 +1.2484e+00 +1.2435e+00
59710 0 +1.324773723e-02 +1.365324774e+01 +1.365324774e+01 +1.2492e+00 +1.2467e+00
59729 0 +8.800285684e-03 +1.364880029e+01 +1.364880029e+01 +1.2489e+00 +1.2469e+00
59733 0 +6.129901924e-03 +1.364612990e+01 +1.364612990e+01 +1.2491e+00 +1.2474e+00
59736 0 +4.848269874e-08 +1.364000005e+01 +1.364000005e+01 +1.2500e+00 +1.2500e+00
59739 0 +3.343304300e-09 +1.364000000e+01 +1.364000000e+01 +1.2500e+00 +1.2500e+00
% f evaluations | g evaluations | best noise-free fitness - Fopt (1.948000000000e+02) + sum g_i+ | measured fitness | best measured fitness or single-digit g-values | x1 | x2...
1 0 +5.214722406e+01 +2.469472241e+02 +2.469472241e+02 +1.6667e+00 +1.6667e+00
2 0 +1.920198511e+01 +2.140019851e+02 +2.140019851e+02 -1.6667e+00 -1.6667e+00
4 0 +1.092576420e+01 +2.057257642e+02 +2.057257642e+02 +3.3333e+00 -1.6667e+00
5 0 +9.368120443e+00 +2.041681204e+02 +2.041681204e+02 +1.6667e+00 -3.3333e+00
17 0 +3.879009504e+00 +1.986790095e+02 +1.986790095e+02 +1.6633e+00 -3.3252e+00
21 0 +3.211503545e+00 +1.980115035e+02 +1.980115035e+02 +1.6794e+00 -3.3178e+00
24 0 +3.024358862e+00 +1.978243589e+02 +1.978243589e+02 +1.6939e+00 -3.3112e+00
924 0 +2.151751990e+00 +1.969517520e+02 +1.969517520e+02 -1.0807e+00 +1.4974e+00
1034 0 +1.090667770e+00 +1.958906678e+02 +1.958906678e+02 -1.0905e+00 +1.4974e+00
1057 0 +9.040620171e-01 +1.957040620e+02 +1.957040620e+02 -1.0921e+00 +1.4958e+00
1072 0 +8.863450085e-01 +1.956863450e+02 +1.956863450e+02 -1.0924e+00 +1.4947e+00
1076 0 +8.397780514e-01 +1.956397781e+02 +1.956397781e+02 -1.0934e+00 +1.4943e+00
1079 0 +2.907870121e-01 +1.950907870e+02 +1.950907870e+02 -1.1179e+00 +1.4835e+00
7369 0 +2.661082007e-01 +1.950661082e+02 +1.950661082e+02 -1.1776e+00 +1.0026e+00
31260 0 +2.143122332e-01 +1.950143122e+02 +1.950143122e+02 -1.0514e+00 +1.2337e+00
31471 0 +1.743781089e-01 +1.949743781e+02 +1.949743781e+02 -1.0433e+00 +1.2370e+00
32153 0 +1.713116582e-01 +1.949713117e+02 +1.949713117e+02 -1.0439e+00 +1.2370e+00
32560 0 +1.132140317e-01 +1.949132140e+02 +1.949132140e+02 -1.1491e+00 +1.2435e+00
32735 0 +5.358396910e-02 +1.948535840e+02 +1.948535840e+02 -1.1507e+00 +1.2419e+00
33214 0 +4.359454745e-02 +1.948435945e+02 +1.948435945e+02 -1.1466e+00 +1.2435e+00
34269 0 +4.246675201e-02 +1.948424668e+02 +1.948424668e+02 -1.1477e+00 +1.2431e+00
37701 0 +1.933351121e-02 +1.948193335e+02 +1.948193335e+02 -1.2459e+00 +1.2516e+00
37785 0 +1.480011722e-02 +1.948148001e+02 +1.948148001e+02 -1.2472e+00 +1.2516e+00
37836 0 +1.339917727e-02 +1.948133992e+02 +1.948133992e+02 -1.2492e+00 +1.2508e+00
37878 0 +4.833990742e-03 +1.948048340e+02 +1.948048340e+02 -1.2480e+00 +1.2508e+00
37977 0 +3.350184317e-03 +1.948033502e+02 +1.948033502e+02 -1.2496e+00 +1.2504e+00
38323 0 +1.208535997e-03 +1.948012085e+02 +1.948012085e+02 -1.2490e+00 +1.2504e+00
38660 0 +8.375704559e-04 +1.948008376e+02 +1.948008376e+02 -1.2498e+00 +1.2502e+00
39066 0 +3.021363937e-04 +1.948003021e+02 +1.948003021e+02 -1.2495e+00 +1.2502e+00
39687 0 +2.093941376e-04 +1.948002094e+02 +1.948002094e+02 -1.2499e+00 +1.2501e+00
41021 0 +7.553424808e-05 +1.948000755e+02 +1.948000755e+02 -1.2497e+00 +1.2501e+00
42782 0 +5.234862962e-05 +1.948000523e+02 +1.948000523e+02 -1.2499e+00 +1.2501e+00
57460 0 +1.888357139e-05 +1.948000189e+02 +1.948000189e+02 -1.2499e+00 +1.2501e+00
73241 0 +1.308716335e-05 +1.948000131e+02 +1.948000131e+02 -1.2500e+00 +1.2500e+00
% f evaluations | g evaluations | best noise-free fitness - Fopt (-1.335900000000e+02) + sum g_i+ | measured fitness | best measured fitness or single-digit g-values | x1 | x2...
1 0 +2.912039785e+01 -1.044696022e+02 -1.044696022e+02 +1.6667e+00 +1.6667e+00
4 0 +2.825926747e+01 -1.053307325e+02 -1.053307325e+02 +3.3333e+00 -1.6667e+00
6 0 +2.671159732e+01 -1.068784027e+02 -1.068784027e+02 +3.3333e+00 +3.3333e+00
8 0 +1.522721437e+01 -1.183627856e+02 -1.183627856e+02 -1.6667e+00 +3.3333e+00
16 0 +1.297935176e+01 -1.206106482e+02 -1.206106482e+02 -3.2868e+00 +4.9917e+00
20 0 +1.089653160e+01 -1.226934684e+02 -1.226934684e+02 -3.2914e+00 +4.9958e+00
23 0 +1.029570957e+01 -1.232942904e+02 -1.232942904e+02 -3.2864e+00 +4.9983e+00
26 0 +1.003367400e+01 -1.235563260e+02 -1.235563260e+02 -3.2847e+00 +4.9999e+00
64 0 +6.508248294e+00 -1.270817517e+02 -1.270817517e+02 -4.1667e+00 +8.3333e-01
71 0 +5.015742622e+00 -1.285742574e+02 -1.285742574e+02 -4.5833e+00 +1.6667e+00
92 0 +4.950724521e+00 -1.286392755e+02 -1.286392755e+02 -4.5838e+00 +1.6676e+00
96 0 +4.881871620e+00 -1.287081284e+02 -1.287081284e+02 -4.5822e+00 +1.6691e+00
99 0 +4.601866579e+00 -1.289881334e+02 -1.289881334e+02 -4.5678e+00 +1.6817e+00
343 0 +4.248612704e+00 -1.293413873e+02 -1.293413873e+02 +4.1667e-01 -1.4583e+00
712 0 +3.509467794e+00 -1.300805322e+02 -1.300805322e+02 -3.5417e+00 +3.0208e+00
741 0 +2.325445850e+00 -1.312645541e+02 -1.312645541e+02 -3.5677e+00 +2.9948e+00
763 0 +2.249654055e+00 -1.313403459e+02 -1.313403459e+02 -3.5618e+00 +2.9992e+00
2355 0 +1.438539460e+00 -1.321514605e+02 -1.321514605e+02 +9.8958e-01 -1.3542e+00
2372 0 +6.714789284e-01 -1.329185211e+02 -1.329185211e+02 +9.6354e-01 -1.3802e+00
2386 0 +4.080942894e-01 -1.331819057e+02 -1.331819057e+02 +9.6207e-01 -1.3786e+00
2389 0 +3.992518410e-01 -1.331907482e+02 -1.331907482e+02 +9.6325e-01 -1.3780e+00
2412 0 +3.632360946e-01 -1.332267639e+02 -1.332267639e+02 +1.1198e+00 -1.3021e+00
2437 0 +1.680824440e-01 -1.334219176e+02 -1.334219176e+02 +1.1068e+00 -1.3151e+00
2472 0 +1.505112088e-01 -1.334394888e+02 -1.334394888e+02 +1.1100e+00 -1.3118e+00
2929 0 +1.406891623e-01 -1.334493108e+02 -1.334493108e+02 +1.1043e+00 -1.3151e+00
2932 0 +1.111474814e-01 -1.334788525e+02 -1.334788525e+02 +1.1088e+00 -1.3118e+00
3091 0 +8.877736206e-02 -1.335012226e+02 -1.335012226e+02 +1.2435e+00 -1.2565e+00
3112 0 +2.221673459e-02 -1.335677833e+02 -1.335677833e+02 +1.2467e+00 -1.2533e+00
3143 0 +5.555584017e-03 -1.335844444e+02 -1.335844444e+02 +1.2484e+00 -1.2516e+00
3170 0 +1.388983539e-03 -1.335886110e+02 -1.335886110e+02 +1.2492e+00 -1.2508e+00
3285 0 +3.472513558e-04 -1.335896527e+02 -1.335896527e+02 +1.2496e+00 -1.2504e+00
3606 0 +8.681318090e-05 -1.335899132e+02 -1.335899132e+02 +1.2498e+00 -1.2502e+00
4175 0 +2.170331661e-05 -1.335899783e+02 -1.335899783e+02 +1.2499e+00 -1.2501e+00
8218 0 +5.425830494e-06 -1.335899946e+02 -1.335899946e+02 +1.2499e+00 -1.2501e+00
22395 0 +1.356457716e-06 -1.335899986e+02 -1.335899986e+02 +1.2500e+00 -1.2500e+00
% f evaluations | g evaluations | best noise-free fitness - Fopt (1.741400000000e+02) + sum g_i+ | measured fitness | best measured fitness or single-digit g-values | x1 | x2...
1 0 +3.401393602e+01 +2.081539360e+02 +2.081539360e+02 +1.6667e+00 +1.6667e+00
2 0 +1.877023518e+01 +1.929102352e+02 +1.929102352e+02 -1.6667e+00 -1.6667e+00
17 0 +1.677664186e+01 +1.909166419e+02 +1.909166419e+02 -2.0833e+00 -8.3333e-01
34 0 +4.678419422e+00 +1.788184194e+02 +1.788184194e+02 -4.3391e-01 -1.6628e+00
37 0 +4.291444080e+00 +1.784314441e+02 +1.784314441e+02 -4.1850e-01 -1.6119e+00
40 0 +4.103699239e+00 +1.782436992e+02 +1.782436992e+02 -4.2800e-01 -1.6647e+00
43 0 +3.378602005e+00 +1.775186020e+02 +1.775186020e+02 -4.2751e-01 -1.6482e+00
113 0 +3.140561678e+00 +1.772805617e+02 +1.772805617e+02 +1.6667e+00 +2.9167e+00
241 0 +2.106726496e+00 +1.762467265e+02 +1.762467265e+02 -1.1458e+00 -1.7708e+00
721 0 +1.307151069e+00 +1.754471511e+02 +1.754471511e+02 -1.1458e+00 -1.7904e+00
746 0 +1.224291243e+00 +1.753642912e+02 +1.753642912e+02 -1.1469e+00 -1.7901e+00
753 0 +1.187012971e+00 +1.753270130e+02 +1.753270130e+02 -1.1453e+00 -1.7834e+00
4644 0 +5.293549192e-01 +1.746693549e+02 +1.746693549e+02 -1.1979e+00 -1.5104e+00
5041 0 +4.342071664e-01 +1.745742072e+02 +1.745742072e+02 -1.1947e+00 -1.5072e+00
5042 0 +3.268123683e-01 +1.744668124e+02 +1.744668124e+02 -1.1979e+00 -1.5202e+00
5146 0 +3.218432892e-01 +1.744618433e+02 +1.744618433e+02 -1.1979e+00 -1.5153e+00
5309 0 +3.013200356e-01 +1.744413200e+02 +1.744413200e+02 -1.1971e+00 -1.5145e+00
25314 0 +2.807284214e-01 +1.744207284e+02 +1.744207284e+02 -1.1149e+00 -1.4665e+00
25397 0 +2.626051654e-01 +1.744026052e+02 +1.744026052e+02 -1.1141e+00 -1.4657e+00
37709 0 +2.466025684e-01 +1.743866026e+02 +1.743866026e+02 -1.4193e+00 -1.3607e+00
38043 0 +2.356249326e-01 +1.743756249e+02 +1.743756249e+02 -1.4144e+00 -1.3411e+00
38224 0 +1.898223027e-01 +1.743298223e+02 +1.743298223e+02 -1.4152e+00 -1.3444e+00
38305 0 +1.740547020e-01 +1.743140547e+02 +1.743140547e+02 -1.4156e+00 -1.3460e+00
38348 0 +1.667166701e-01 +1.743067167e+02 +1.743067167e+02 -1.4176e+00 -1.3542e+00
38471 0 +1.652738082e-01 +1.743052738e+02 +1.743052738e+02 -1.4168e+00 -1.3534e+00
38637 0 +1.553451996e-01 +1.742953452e+02 +1.742953452e+02 -1.4168e+00 -1.3509e+00
38869 0 +1.536429910e-01 +1.742936430e+02 +1.742936430e+02 -1.4168e+00 -1.3521e+00
74434 0 +3.814342370e-02 +1.741781434e+02 +1.741781434e+02 -1.2516e+00 -1.2565e+00
74739 0 +9.539056129e-03 +1.741495391e+02 +1.741495391e+02 -1.2508e+00 -1.2533e+00
74952 0 +2.384964083e-03 +1.741423850e+02 +1.741423850e+02 -1.2504e+00 -1.2516e+00
75241 0 +5.962535244e-04 +1.741405963e+02 +1.741405963e+02 -1.2502e+00 -1.2508e+00
75760 0 +1.490641626e-04 +1.741401491e+02 +1.741401491e+02 -1.2501e+00 -1.2504e+00
77511 0 +3.726608949e-05 +1.741400373e+02 +1.741400373e+02 -1.2501e+00 -1.2502e+00
83202 0 +9.316525421e-06 +1.741400093e+02 +1.741400093e+02 -1.2500e+00 -1.2501e+00
% f evaluations | g evaluations | best noise-free fitness - Fopt (1.496600000000e+02) + sum g_i+ | measured fitness | best measured fitness or single-digit g-values | x1 | x2...
1 0 +1.535646024e+01 +1.650164602e+02 +1.650164602e+02 +1.6667e+00 +1.6667e+00
2 0 +1.177883040e+01 +1.614388304e+02 +1.614388304e+02 -1.6667e+00 -1.6667e+00
12 0 +1.069875258e+01 +1.603587526e+02 +1.603587526e+02 +8.3333e-01 +3.3333e+00
27 0 +5.176435108e+00 +1.548364351e+02 +1.548364351e+02 -2.0833e+00 -8.3333e-01
46 0 +4.955736236e+00 +1.546157362e+02 +1.546157362e+02 -4.2049e-01 -1.6645e+00
50 0 +4.679519695e+00 +1.543395197e+02 +1.543395197e+02 -4.2326e-01 -1.6679e+00
53 0 +3.404158141e+00 +1.530641581e+02 +1.530641581e+02 -4.4696e-01 -1.6997e+00
236 0 +1.299028496e+00 +1.509590285e+02 +1.509590285e+02 -8.3333e-01 -1.4583e+00
256 0 +1.244664223e+00 +1.509046642e+02 +1.509046642e+02 -1.6648e+00 -1.0428e+00
260 0 +1.173906969e+00 +1.508339070e+02 +1.508339070e+02 -1.6634e+00 -1.0410e+00
263 0 +8.484736599e-01 +1.505084737e+02 +1.505084737e+02 -1.6524e+00 -1.0262e+00
6870 0 +5.256706072e-01 +1.501856706e+02 +1.501856706e+02 -1.2386e+00 -1.5560e+00
6950 0 +5.239428756e-01 +1.501839429e+02 +1.501839429e+02 -1.2362e+00 -1.5560e+00
7001 0 +4.937894000e-01 +1.501537894e+02 +1.501537894e+02 -1.2370e+00 -1.5568e+00
7046 0 +4.545190952e-01 +1.501145191e+02 +1.501145191e+02 -1.2374e+00 -1.5560e+00
7147 0 +4.418922213e-01 +1.501018922e+02 +1.501018922e+02 -1.2382e+00 -1.5568e+00
7281 0 +4.350066539e-01 +1.500950067e+02 +1.500950067e+02 -1.2388e+00 -1.5574e+00
7818 0 +1.262245592e-01 +1.497862246e+02 +1.497862246e+02 -1.2435e+00 -1.2435e+00
7925 0 +3.158197859e-02 +1.496915820e+02 +1.496915820e+02 -1.2467e+00 -1.2467e+00
8042 0 +7.897110260e-03 +1.496678971e+02 +1.496678971e+02 -1.2484e+00 -1.2484e+00
8173 0 +1.974378551e-03 +1.496619744e+02 +1.496619744e+02 -1.2492e+00 -1.2492e+00
8392 0 +4.936009497e-04 +1.496604936e+02 +1.496604936e+02 -1.2496e+00 -1.2496e+00
8695 0 +1.234006319e-04 +1.496601234e+02 +1.496601234e+02 -1.2498e+00 -1.2498e+00
9322 0 +3.085018264e-05 +1.496600309e+02 +1.496600309e+02 -1.2499e+00 -1.2499e+00
12531 0 +7.712547188e-06 +1.496600077e+02 +1.496600077e+02 -1.2499e+00 -1.2499e+00
29868 0 +1.928136896e-06 +1.496600019e+02 +1.496600019e+02 -1.2500e+00 -1.2500e+00
% f evaluations | g evaluations | best noise-free fitness - Fopt (-4.425600000000e+02) + sum g_i+ | measured fitness | best measured fitness or single-digit g-values | x1 | x2...
1 0 +6.836916739e+00 -4.357230833e+02 -4.357230833e+02 +1.6667e+00 +1.6667e+00
51 0 +6.620969182e+00 -4.359390308e+02 -4.359390308e+02 +2.9167e+00 +1.6667e+00
62 0 +5.294728545e+00 -4.372652715e+02 -4.372652715e+02 +3.3333e+00 +2.0833e+00
314 0 +2.737587983e+00 -4.398224120e+02 -4.398224120e+02 +3.2943e+00 +2.0833e+00
464 0 +2.551804481e+00 -4.400081955e+02 -4.400081955e+02 +3.2845e+00 +2.0833e+00
1167 0 +1.402727058e+00 -4.411572729e+02 -4.411572729e+02 -1.1458e+00 -1.7708e+00
1190 0 +1.367816261e+00 -4.411921837e+02 -4.411921837e+02 -1.1439e+00 -1.7716e+00
1193 0 +1.149715744e+00 -4.414102843e+02 -4.414102843e+02 -1.1278e+00 -1.7719e+00
7504 0 +7.116024277e-01 -4.418483976e+02 -4.418483976e+02 -1.4779e+00 -1.1947e+00
7538 0 +5.579523876e-01 -4.420020476e+02 -4.420020476e+02 -1.4827e+00 -1.1947e+00
7726 0 +5.269997484e-01 -4.420330003e+02 -4.420330003e+02 -1.4840e+00 -1.1947e+00
7777 0 +5.234051143e-01 -4.420365949e+02 -4.420365949e+02 -1.4836e+00 -1.1943e+00
7827 0 +5.064879449e-01 -4.420535121e+02 -4.420535121e+02 -1.4842e+00 -1.1943e+00
12112 0 +4.522051167e-01 -4.421077949e+02 -4.421077949e+02 -1.4876e+00 -1.1947e+00
12154 0 +3.948971805e-01 -4.421651028e+02 -4.421651028e+02 -1.4925e+00 -1.1947e+00
12241 0 +3.578872935e-01 -4.422021127e+02 -4.422021127e+02 -1.4933e+00 -1.1930e+00
12372 0 +3.208597891e-01 -4.422391402e+02 -4.422391402e+02 -1.4937e+00 -1.1934e+00
12471 0 +3.132726299e-01 -4.422467274e+02 -4.422467274e+02 -1.4939e+00 -1.1936e+00
16739 0 +2.746471836e-01 -4.422853528e+02 -4.422853528e+02 -1.5007e+00 -1.1930e+00
17074 0 +2.688736636e-01 -4.422911263e+02 -4.422911263e+02 -1.5011e+00 -1.1934e+00
40136 0 +2.233894601e-01 -4.423366105e+02 -4.423366105e+02 -1.3607e+00 -1.4242e+00
40180 0 +1.988998592e-01 -4.423611001e+02 -4.423611001e+02 -1.3582e+00 -1.4242e+00
40482 0 +1.946823342e-01 -4.423653177e+02 -4.423653177e+02 -1.3576e+00 -1.4242e+00
40531 0 +1.903245309e-01 -4.423696755e+02 -4.423696755e+02 -1.3578e+00 -1.4244e+00
54797 0 +1.763039345e-01 -4.423836961e+02 -4.423836961e+02 -1.3542e+00 -1.4250e+00
54881 0 +1.675116259e-01 -4.423924884e+02 -4.423924884e+02 -1.3517e+00 -1.4250e+00
56652 0 +1.653555803e-01 -4.423946444e+02 -4.423946444e+02 -1.3509e+00 -1.4248e+00
69841 0 +1.616412227e-01 -4.423983588e+02 -4.423983588e+02 -1.0783e+00 -1.1906e+00
69881 0 +1.503859025e-01 -4.424096141e+02 -4.424096141e+02 -1.0758e+00 -1.1906e+00
69964 0 +1.433229515e-01 -4.424166770e+02 -4.424166770e+02 -1.0750e+00 -1.1910e+00
72191 0 +1.407457716e-01 -4.424192542e+02 -4.424192542e+02 -1.0743e+00 -1.1909e+00
% f evaluations | g evaluations | best noise-free fitness - Fopt (1.583000000000e+01) + sum g_i+ | measured fitness | best measured fitness or single-digit g-values | x1 | x2...
1 0 +2.035250009e+01 +3.618250009e+01 +3.618250009e+01 +1.6667e+00 +1.6667e+00
2 0 +1.622854408e+01 +3.205854408e+01 +3.205854408e+01 -1.6667e+00 -1.6667e+00
13 0 +1.516091403e+01 +3.099091403e+01 +3.099091403e+01 -8.3333e-01 -8.3333e-01
32 0 +1.480257664e+01 +3.063257664e+01 +3.063257664e+01 -8.2922e-01 -8.3495e-01
36 0 +1.364331158e+01 +2.947331158e+01 +2.947331158e+01 -8.2487e-01 -8.4264e-01
39 0 +8.255414293e+00 +2.408541429e+01 +2.408541429e+01 -7.6450e-01 -9.5401e-01
42 0 +7.291760281e+00 +2.312176028e+01 +2.312176028e+01 -7.8325e-01 -9.2108e-01
211 0 +5.882880303e+00 +2.171288030e+01 +2.171288030e+01 -3.3333e+00 -3.9583e+00
238 0 +5.431718128e+00 +2.126171813e+01 +2.126171813e+01 -3.3398e+00 -3.9553e+00
241 0 +2.753004193e+00 +1.858300419e+01 +1.858300419e+01 -3.3676e+00 -3.8996e+00
1134 0 +2.472384550e+00 +1.830238455e+01 +1.830238455e+01 +1.1458e+00 +5.2083e-01
1158 0 +2.422084273e+00 +1.825208427e+01 +1.825208427e+01 +1.3557e+00 +1.9778e+00
1161 0 +2.074155404e+00 +1.790415540e+01 +1.790415540e+01 +1.3652e+00 +1.9595e+00
2585 0 +1.771141689e+00 +1.760114169e+01 +1.760114169e+01 +1.1393e+00 +1.3151e+00
2607 0 +6.309019858e-01 +1.646090199e+01 +1.646090199e+01 +9.7079e-01 +1.2355e+00
2619 0 +3.946175750e-01 +1.622461757e+01 +1.622461757e+01 +9.7287e-01 +1.2368e+00
2623 0 +3.446214472e-01 +1.617462145e+01 +1.617462145e+01 +9.7044e-01 +1.2410e+00
2626 0 +3.176038533e-01 +1.614760385e+01 +1.614760385e+01 +9.6854e-01 +1.2433e+00
2910 0 +1.948393337e-01 +1.602483933e+01 +1.602483933e+01 +1.2435e+00 +1.2630e+00
2923 0 +4.877689276e-02 +1.587877689e+01 +1.587877689e+01 +1.2467e+00 +1.2565e+00
2939 0 +4.504762905e-02 +1.587504763e+01 +1.587504763e+01 +1.2463e+00 +1.2561e+00
2943 0 +3.883010697e-02 +1.586883011e+01 +1.586883011e+01 +1.2466e+00 +1.2557e+00
2946 0 +1.417365779e-06 +1.583000142e+01 +1.583000142e+01 +1.2500e+00 +1.2500e+00
2949 0 +7.506368860e-10 +1.583000000e+01 +1.583000000e+01 +1.2500e+00 +1.2500e+00
% f evaluations | g evaluations | best noise-free fitness - Fopt (-9.371200000000e+02) + sum g_i+ | measured fitness | best measured fitness or single-digit g-values | x1 | x2...
1 0 +1.645962957e+01 -9.206603704e+02 -9.206603704e+02 +1.6667e+00 +1.6667e+00
12 0 +1.198028844e+01 -9.251397116e+02 -9.251397116e+02 -4.1667e+00 -1.6667e+00
22 0 +8.533604860e+00 -9.285863951e+02 -9.285863951e+02 -1.6667e+00 -4.1667e+00
66 0 +5.957143285e+00 -9.311628567e+02 -9.311628567e+02 -1.0417e+00 -4.1667e+00
90 0 +5.804153496e+00 -9.313158465e+02 -9.313158465e+02 -1.0439e+00 -4.1685e+00
93 0 +5.067905779e+00 -9.320520942e+02 -9.320520942e+02 -1.0744e+00 -4.1786e+00
125 0 +2.275667140e+00 -9.348443329e+02 -9.348443329e+02 -2.9167e+00 -2.9167e+00
483 0 +2.166001032e+00 -9.349539990e+02 -9.349539990e+02 -2.9264e+00 -2.9167e+00
621 0 +2.004386362e+00 -9.351156136e+02 -9.351156136e+02 -2.9215e+00 -2.9167e+00
2453 0 +9.579391762e-01 -9.361620608e+02 -9.361620608e+02 +1.5365e+00 +1.6146e+00
3301 0 +8.709528235e-01 -9.362490472e+02 -9.362490472e+02 +1.5340e+00 +1.6146e+00
8376 0 +8.473956121e-01 -9.362726044e+02 -9.362726044e+02 +1.5299e+00 +1.6130e+00
20937 0 +8.153643463e-01 -9.363046357e+02 -9.363046357e+02 +1.3363e+00 +1.1214e+00
21018 0 +7.995310418e-01 -9.363204690e+02 -9.363204690e+02 +1.3371e+00 +1.1222e+00
21057 0 +7.662441168e-01 -9.363537559e+02 -9.363537559e+02 +1.3375e+00 +1.1214e+00
21369 0 +5.930181214e-01 -9.365269819e+02 -9.365269819e+02 +1.3460e+00 +1.1263e+00
21414 0 +4.895688430e-01 -9.366304312e+02 -9.366304312e+02 +1.3444e+00 +1.1247e+00
21458 0 +3.960604714e-01 -9.367239395e+02 -9.367239395e+02 +1.3468e+00 +1.1247e+00
21625 0 +3.766325557e-01 -9.367433674e+02 -9.367433674e+02 +1.3472e+00 +1.1251e+00
24908 0 +3.708282578e-01 -9.367491717e+02 -9.367491717e+02 +1.3475e+00 +1.1253e+00
33045 0 +3.619343265e-01 -9.367580657e+02 -9.367580657e+02 +1.2691e+00 +1.2032e+00
33132 0 +3.547329115e-01 -9.367652671e+02 -9.367652671e+02 +1.2687e+00 +1.2040e+00
36474 0 +3.278104767e-01 -9.367921895e+02 -9.367921895e+02 +1.2693e+00 +1.2040e+00
38271 0 +3.204002394e-01 -9.367995998e+02 -9.367995998e+02 +1.4437e+00 +1.0531e+00
38704 0 +3.070552198e-01 -9.368129448e+02 -9.368129448e+02 +1.4396e+00 +1.0514e+00
40906 0 +2.610150041e-01 -9.368589850e+02 -9.368589850e+02 +1.4030e+00 +1.0905e+00
40944 0 +2.482115765e-01 -9.368717884e+02 -9.368717884e+02 +1.3981e+00 +1.0905e+00
41081 0 +1.976844898e-01 -9.369223155e+02 -9.369223155e+02 +1.4046e+00 +1.0921e+00
42594 0 +1.948385982e-01 -9.369251614e+02 -9.369251614e+02 +1.4036e+00 +1.0917e+00
43796 0 +1.483770029e-01 -9.369716230e+02 -9.369716230e+02 +1.3590e+00 +1.1296e+00
43873 0 +1.126407018e-01 -9.370073593e+02 -9.370073593e+02 +1.3656e+00 +1.1312e+00
44240 0 +1.098539474e-01 -9.370101461e+02 -9.370101461e+02 +1.3639e+00 +1.1308e+00
45679 0 +1.093556296e-01 -9.370106444e+02 -9.370106444e+02 +1.3649e+00 +1.1312e+00
46858 0 +8.619357187e-02 -9.370338064e+02 -9.370338064e+02 +1.3200e+00 +1.1686e+00
47005 0 +6.526686129e-02 -9.370547331e+02 -9.370547331e+02 +1.3265e+00 +1.1702e+00
47051 0 +6.205891932e-02 -9.370579411e+02 -9.370579411e+02 +1.3241e+00 +1.1702e+00
47280 0 +4.942113279e-02 -9.370705789e+02 -9.370705789e+02 +1.3273e+00 +1.1711e+00
50369 0 +2.155292573e-02 -9.370984471e+02 -9.370984471e+02 +1.2850e+00 +1.2093e+00
50446 0 +1.631753505e-02 -9.371036825e+02 -9.371036825e+02 +1.2882e+00 +1.2101e+00
50486 0 +1.551510649e-02 -9.371044849e+02 -9.371044849e+02 +1.2870e+00 +1.2101e+00
50615 0 +1.235528384e-02 -9.371076447e+02 -9.371076447e+02 +1.2887e+00 +1.2105e+00
54557 0 +4.680256154e-03 -9.371153197e+02 -9.371153197e+02 +1.2520e+00 +1.2508e+00
54644 0 +3.908226332e-03 -9.371160918e+02 -9.371160918e+02 +1.2516e+00 +1.2504e+00
55176 0 +1.170114291e-03 -9.371188299e+02 -9.371188299e+02 +1.2510e+00 +1.2504e+00
55535 0 +9.770803488e-04 -9.371190229e+02 -9.371190229e+02 +1.2508e+00 +1.2502e+00
61801 0 +2.925317137e-04 -9.371197075e+02 -9.371197075e+02 +1.2505e+00 +1.2502e+00
90874 0 +2.442715726e-04 -9.371197557e+02 -9.371197557e+02 +1.2504e+00 +1.2501e+00
% f evaluations | g evaluations | best noise-free fitness - Fopt (-1.553000000000e+01) + sum g_i+ | measured fitness | best measured fitness or single-digit g-values | x1 | x2...
1 0 +2.207824819e+01 +6.548248195e+00 +6.548248195e+00 +1.6667e+00 +1.6667e+00
2 0 +1.984596130e+01 +4.315961295e+00 +4.315961295e+00 -1.6667e+00 -1.6667e+00
8 0 +8.008406944e+00 -7.521593056e+00 -7.521593056e+00 +3.3333e+00 +3.3333e+00
19 0 +7.798798667e+00 -7.731201333e+00 -7.731201333e+00 +3.2373e+00 +3.3893e+00
25 0 +5.155809583e+00 -1.037419042e+01 -1.037419042e+01 +3.2155e+00 +3.3600e+00
30 0 +3.920808237e+00 -1.160919176e+01 -1.160919176e+01 +3.1428e+00 +3.3010e+00
33 0 +2.140999437e+00 -1.338900056e+01 -1.338900056e+01 +3.1783e+00 +3.3332e+00
898 0 +1.256503073e+00 -1.427349693e+01 -1.427349693e+01 -1.1458e+00 -7.5521e-01
926 0 +1.100233653e+00 -1.442976635e+01 -1.442976635e+01 -1.1443e+00 -7.5681e-01
930 0 +1.077929481e+00 -1.445207052e+01 -1.445207052e+01 -1.1427e+00 -7.5531e-01
933 0 +1.041994169e+00 -1.448800583e+01 -1.448800583e+01 -1.1408e+00 -7.5271e-01
3563 0 +4.920186153e-01 -1.503798138e+01 -1.503798138e+01 -1.2077e+00 -1.2760e+00
3564 0 +4.143639064e-01 -1.511563609e+01 -1.511563609e+01 -1.1898e+00 -1.2630e+00
3591 0 +4.059737061e-01 -1.512402629e+01 -1.512402629e+01 -1.1895e+00 -1.2641e+00
3595 0 +3.684763882e-01 -1.516152361e+01 -1.516152361e+01 -1.1903e+00 -1.2648e+00
3598 0 +1.101437980e-02 -1.551898562e+01 -1.551898562e+01 -1.2065e+00 -1.2783e+00
3601 0 +1.082951488e-02 -1.551917049e+01 -1.551917049e+01 -1.2062e+00 -1.2780e+00
5134 0 +5.914644503e-03 -1.552408536e+01 -1.552408536e+01 -1.2484e+00 -1.2484e+00
5163 0 +1.478727178e-03 -1.552852127e+01 -1.552852127e+01 -1.2492e+00 -1.2492e+00
5198 0 +3.696859228e-04 -1.552963031e+01 -1.552963031e+01 -1.2496e+00 -1.2496e+00
5315 0 +9.242173872e-05 -1.552990758e+01 -1.552990758e+01 -1.2498e+00 -1.2498e+00
5576 0 +2.310545081e-05 -1.552997689e+01 -1.552997689e+01 -1.2499e+00 -1.2499e+00
6105 0 +5.776363709e-06 -1.552999422e+01 -1.552999422e+01 -1.2499e+00 -1.2499e+00
7294 0 +1.444090991e-06 -1.552999856e+01 -1.552999856e+01 -1.2500e+00 -1.2500e+00
14615 0 +3.610227495e-07 -1.552999964e+01 -1.552999964e+01 -1.2500e+00 -1.2500e+00
34496 0 +9.025568914e-08 -1.552999991e+01 -1.552999991e+01 -1.2500e+00 -1.2500e+00
% f evaluations | g evaluations | best noise-free fitness - Fopt (1.568800000000e+02) + sum g_i+ | measured fitness | best measured fitness or single-digit g-values | x1 | x2...
1 0 +4.235397915e+01 +1.992339792e+02 +1.992339792e+02 +1.6667e+00 +1.6667e+00
2 0 +4.135561459e+01 +1.982356146e+02 +1.982356146e+02 -1.6667e+00 -1.6667e+00
4 0 +2.485860775e+01 +1.817386077e+02 +1.817386077e+02 +3.3333e+00 -1.6667e+00
11 0 +2.271351802e+01 +1.795935180e+02 +1.795935180e+02 +4.1625e+00 -8.7898e-01
19 0 +1.784825592e+01 +1.747282559e+02 +1.747282559e+02 +3.9826e+00 -9.8075e-01
30 0 +1.325727396e+01 +1.701372740e+02 +1.701372740e+02 +3.9733e+00 -9.8965e-01
33 0 +1.207930618e+01 +1.689593062e+02 +1.689593062e+02 +3.9697e+00 -9.7952e-01
104 0 +1.159190088e+01 +1.684719009e+02 +1.684719009e+02 +3.3333e+00 +2.0833e+00
110 0 +7.289918916e+00 +1.641699189e+02 +1.641699189e+02 +2.7083e+00 +2.0833e+00
125 0 +3.295047718e+00 +1.601750477e+02 +1.601750477e+02 +2.7022e+00 +2.0770e+00
129 0 +2.693252585e+00 +1.595732526e+02 +1.595732526e+02 +2.7146e+00 +2.0643e+00
132 0 +2.491534444e+00 +1.593715344e+02 +1.593715344e+02 +2.7233e+00 +2.0571e+00
761 0 +8.764598735e-01 +1.577564599e+02 +1.577564599e+02 -1.1458e+00 -8.3333e-01
781 0 +8.576771818e-01 +1.577376772e+02 +1.577376772e+02 -1.1455e+00 -8.3287e-01
785 0 +8.393781233e-01 +1.577193781e+02 +1.577193781e+02 -1.1463e+00 -8.3207e-01
788 0 +7.613836178e-01 +1.576413836e+02 +1.576413836e+02 -1.1532e+00 -8.2490e-01
7527 0 +5.164723556e-01 +1.573964724e+02 +1.573964724e+02 -1.1589e+00 -1.2760e+00
7836 0 +4.733764825e-01 +1.573533765e+02 +1.573533765e+02 -1.1580e+00 -1.2752e+00
7889 0 +4.345522166e-01 +1.573145522e+02 +1.573145522e+02 -1.1576e+00 -1.2760e+00
8198 0 +4.197406779e-01 +1.572997407e+02 +1.572997407e+02 -1.1574e+00 -1.2764e+00
8291 0 +4.134850752e-01 +1.572934851e+02 +1.572934851e+02 -1.1573e+00 -1.2767e+00
9995 0 +2.864644649e-01 +1.571664645e+02 +1.571664645e+02 -1.1540e+00 -1.2809e+00
10078 0 +2.745705601e-01 +1.571545706e+02 +1.571545706e+02 -1.1532e+00 -1.2801e+00
10121 0 +2.376728243e-01 +1.571176728e+02 +1.571176728e+02 -1.1528e+00 -1.2809e+00
10216 0 +2.238507052e-01 +1.571038507e+02 +1.571038507e+02 -1.1525e+00 -1.2813e+00
10301 0 +2.180967164e-01 +1.570980967e+02 +1.570980967e+02 -1.1524e+00 -1.2815e+00
10694 0 +2.137834835e-01 +1.570937835e+02 +1.570937835e+02 -1.1524e+00 -1.2818e+00
16708 0 +1.892515980e-01 +1.570692516e+02 +1.570692516e+02 -1.1483e+00 -1.0579e+00
27475 0 +7.309616440e-02 +1.569530962e+02 +1.569530962e+02 -1.1393e+00 -1.2956e+00
27711 0 +5.861535990e-02 +1.569386154e+02 +1.569386154e+02 -1.1418e+00 -1.2931e+00
27754 0 +5.385008148e-02 +1.569338501e+02 +1.569338501e+02 -1.1422e+00 -1.2923e+00
28517 0 +5.358903896e-02 +1.569335890e+02 +1.569335890e+02 -1.1424e+00 -1.2922e+00
48837 0 +2.479730932e-02 +1.569047973e+02 +1.569047973e+02 -1.2492e+00 -1.2516e+00
48920 0 +6.200521149e-03 +1.568862005e+02 +1.568862005e+02 -1.2496e+00 -1.2508e+00
49126 0 +3.762243219e-03 +1.568837622e+02 +1.568837622e+02 -1.2490e+00 -1.2508e+00
49127 0 +1.550204909e-03 +1.568815502e+02 +1.568815502e+02 -1.2498e+00 -1.2504e+00
49534 0 +3.875558912e-04 +1.568803876e+02 +1.568803876e+02 -1.2499e+00 -1.2502e+00
51554 0 +2.351501332e-04 +1.568802352e+02 +1.568802352e+02 -1.2497e+00 -1.2502e+00
51555 0 +9.688926428e-05 +1.568800969e+02 +1.568800969e+02 -1.2499e+00 -1.2501e+00
56910 0 +2.422233430e-05 +1.568800242e+02 +1.568800242e+02 -1.2500e+00 -1.2501e+00
% f evaluations | g evaluations | best noise-free fitness - Fopt (-5.710000000000e+00) + sum g_i+ | measured fitness | best measured fitness or single-digit g-values | x1 | x2...
1 0 +3.003031080e+01 +2.432031080e+01 +2.432031080e+01 +1.6667e+00 +1.6667e+00
2 0 +2.103682277e+01 +1.532682277e+01 +1.532682277e+01 -1.6667e+00 -1.6667e+00
3 0 +4.897345121e+00 -8.126548794e-01 -8.126548794e-01 -3.3333e+00 +1.6667e+00
21 0 +4.314036929e+00 -1.395963071e+00 -1.395963071e+00 -3.3221e+00 +1.6719e+00
24 0 +3.477837758e+00 -2.232162242e+00 -2.232162242e+00 -3.3258e+00 +1.6786e+00
27 0 +3.045242594e+00 -2.664757406e+00 -2.664757406e+00 -3.3204e+00 +1.6853e+00
2884 0 +2.450307278e+00 -3.259692722e+00 -3.259692722e+00 -2.9232e+00 +3.6393e+00
2914 0 +2.397760897e+00 -3.312239103e+00 -3.312239103e+00 -2.9261e+00 +3.6380e+00
2917 0 +2.310946504e+00 -3.399053496e+00 -3.399053496e+00 -2.9265e+00 +3.6339e+00
3499 0 +2.044531336e+00 -3.665468664e+00 -3.665468664e+00 +1.6862e+00 -1.0482e+00
3500 0 +1.136769575e+00 -4.573230425e+00 -4.573230425e+00 +1.6927e+00 -1.0221e+00
3525 0 +1.065750380e+00 -4.644249620e+00 -4.644249620e+00 +1.6947e+00 -1.0231e+00
3529 0 +1.038722589e+00 -4.671277411e+00 -4.671277411e+00 +1.6937e+00 -1.0251e+00
3532 0 +9.908483984e-01 -4.719151602e+00 -4.719151602e+00 +1.6922e+00 -1.0259e+00
5772 0 +9.491358426e-01 -4.760864157e+00 -4.760864157e+00 +1.6927e+00 -1.4152e+00
5918 0 +9.332481523e-01 -4.776751848e+00 -4.776751848e+00 +1.6921e+00 -1.4158e+00
5939 0 +8.908721912e-01 -4.819127809e+00 -4.819127809e+00 +1.6892e+00 -1.4225e+00
7766 0 +7.328288239e-01 -4.977171176e+00 -4.977171176e+00 +1.5104e+00 -9.9447e-01
7797 0 +7.003691979e-01 -5.009630802e+00 -5.009630802e+00 +9.9111e-01 -1.5046e+00
7800 0 +4.896687605e-01 -5.220331239e+00 -5.220331239e+00 +9.9672e-01 -1.4902e+00
12147 0 +4.275222584e-01 -5.282477742e+00 -5.282477742e+00 +1.3753e+00 -1.5202e+00
12183 0 +3.968384403e-01 -5.313161560e+00 -5.313161560e+00 +1.3763e+00 -1.5207e+00
12187 0 +3.877106062e-01 -5.322289394e+00 -5.322289394e+00 +1.3759e+00 -1.5217e+00
12190 0 +3.652993470e-01 -5.344700653e+00 -5.344700653e+00 +1.3739e+00 -1.5251e+00
15177 0 +3.571582316e-01 -5.352841768e+00 -5.352841768e+00 +1.4323e+00 -1.2826e+00
15456 0 +3.162924510e-01 -5.393707549e+00 -5.393707549e+00 +1.4327e+00 -1.2809e+00
15595 0 +2.978195829e-01 -5.412180417e+00 -5.412180417e+00 +1.4335e+00 -1.2801e+00
15625 0 +2.893143836e-01 -5.420685616e+00 -5.420685616e+00 +1.4331e+00 -1.2797e+00
15629 0 +2.666062160e-01 -5.443393784e+00 -5.443393784e+00 +1.4336e+00 -1.2787e+00
15632 0 +1.436360154e-01 -5.566363985e+00 -5.566363985e+00 +1.4387e+00 -1.2674e+00
18152 0 +1.297894174e-01 -5.580210583e+00 -5.580210583e+00 +1.3778e+00 -1.1271e+00
18363 0 +1.275995204e-01 -5.582400480e+00 -5.582400480e+00 +1.3777e+00 -1.1275e+00
19211 0 +1.253324249e-01 -5.584667575e+00 -5.584667575e+00 +1.3774e+00 -1.1281e+00
19376 0 +1.229984073e-01 -5.587001593e+00 -5.587001593e+00 +1.3770e+00 -1.1291e+00
31991 0 +6.085327541e-02 -5.649146725e+00 -5.649146725e+00 +1.2516e+00 -1.2484e+00
32004 0 +3.166431288e-02 -5.678335687e+00 -5.678335687e+00 +1.2508e+00 -1.2467e+00
32019 0 +8.536229141e-03 -5.701463771e+00 -5.701463771e+00 +1.2513e+00 -1.2470e+00
32023 0 +3.755702726e-03 -5.706244297e+00 -5.706244297e+00 +1.2509e+00 -1.2480e+00
32026 0 +7.169959737e-09 -5.709999993e+00 -5.709999993e+00 +1.2500e+00 -1.2500e+00
% f evaluations | g evaluations | best noise-free fitness - Fopt (2.413000000000e+01) + sum g_i+ | measured fitness | best measured fitness or single-digit g-values | x1 | x2...
1 0 +2.116524811e+01 +4.529524811e+01 +4.529524811e+01 +1.6667e+00 +1.6667e+00
6 0 +1.786421517e+01 +4.199421517e+01 +4.199421517e+01 +3.3333e+00 +3.3333e+00
15 0 +1.152411647e+01 +3.565411647e+01 +3.565411647e+01 +4.1625e+00 +3.8353e+00
29 0 +7.809101887e+00 +3.193910189e+01 +3.193910189e+01 +4.1700e+00 +3.8415e+00
33 0 +6.006277236e+00 +3.013627724e+01 +3.013627724e+01 +4.1594e+00 +3.8578e+00
36 0 +3.986666431e+00 +2.811666643e+01 +2.811666643e+01 +4.1164e+00 +3.9179e+00
39 0 +3.469766062e+00 +2.759976606e+01 +2.759976606e+01 +4.1286e+00 +3.9027e+00
42 0 +3.465796197e+00 +2.759579620e+01 +2.759579620e+01 +4.1283e+00 +3.9027e+00
113 0 +3.184912624e+00 +2.731491262e+01 +2.731491262e+01 +2.0833e+00 +2.0833e+00
130 0 +3.052779216e+00 +2.718277922e+01 +2.718277922e+01 +2.0814e+00 +2.0823e+00
134 0 +3.006829745e+00 +2.713682975e+01 +2.713682975e+01 +2.0802e+00 +2.0842e+00
137 0 +2.871328412e+00 +2.700132841e+01 +2.700132841e+01 +2.0748e+00 +2.0939e+00
1742 0 +2.771897837e+00 +2.690189784e+01 +2.690189784e+01 -1.3802e+00 -6.7708e-01
1835 0 +1.933523774e+00 +2.606352377e+01 +2.606352377e+01 -1.3737e+00 -6.9010e-01
1857 0 +1.875944131e+00 +2.600594413e+01 +2.600594413e+01 -1.3726e+00 -6.8989e-01
1861 0 +1.778078859e+00 +2.590807886e+01 +2.590807886e+01 -1.3714e+00 -6.9175e-01
1864 0 +1.198125719e+00 +2.532812572e+01 +2.532812572e+01 -1.3567e+00 -7.1508e-01
4204 0 +1.113441520e+00 +2.524344152e+01 +2.524344152e+01 -1.3835e+00 -1.4518e+00
4333 0 +8.195559390e-01 +2.494955594e+01 +2.494955594e+01 -1.3851e+00 -1.4535e+00
4344 0 +7.402688060e-01 +2.487026881e+01 +2.487026881e+01 -1.3859e+00 -1.4518e+00
4350 0 +7.123922776e-01 +2.484239228e+01 +2.484239228e+01 -1.3974e+00 -1.4293e+00
4361 0 +2.538626429e-01 +2.438386264e+01 +2.438386264e+01 -1.4001e+00 -1.4310e+00
4371 0 +2.212250721e-01 +2.435122507e+01 +2.435122507e+01 -1.3997e+00 -1.4302e+00
9811 0 +9.014996991e-02 +2.422014997e+01 +2.422014997e+01 -1.2467e+00 -1.2565e+00
9832 0 +2.255992785e-02 +2.415255993e+01 +2.415255993e+01 -1.2484e+00 -1.2533e+00
9857 0 +5.641384913e-03 +2.413564138e+01 +2.413564138e+01 -1.2492e+00 -1.2516e+00
9882 0 +1.410433924e-03 +2.413141043e+01 +2.413141043e+01 -1.2496e+00 -1.2508e+00
9907 0 +3.526139622e-04 +2.413035261e+01 +2.413035261e+01 -1.2498e+00 -1.2504e+00
10012 0 +8.815383312e-05 +2.413008815e+01 +2.413008815e+01 -1.2499e+00 -1.2502e+00
10379 0 +2.203847969e-05 +2.413002204e+01 +2.413002204e+01 -1.2499e+00 -1.2501e+00
11862 0 +5.509621261e-06 +2.413000551e+01 +2.413000551e+01 -1.2500e+00 -1.2501e+00
15893 0 +1.377405397e-06 +2.413000138e+01 +2.413000138e+01 -1.2500e+00 -1.2500e+00
30828 0 +3.443513528e-07 +2.413000034e+01 +2.413000034e+01 -1.2500e+00 -1.2500e+00
% f evaluations | g evaluations | best noise-free fitness - Fopt (-5.837000000000e+02) + sum g_i+ | measured fitness | best measured fitness or single-digit g-values | x1 | x2...
1 0 +3.063721037e+01 -5.530627896e+02 -5.530627896e+02 +1.6667e+00 +1.6667e+00
7 0 +2.448395920e+01 -5.592160408e+02 -5.592160408e+02 -3.3333e+00 -3.3333e+00
10 0 +2.047533471e+01 -5.632246653e+02 -5.632246653e+02 +8.3333e-01 +3.3333e+00
12 0 +1.864536851e+01 -5.650546315e+02 -5.650546315e+02 -4.1667e+00 -1.6667e+00
24 0 +9.334248522e+00 -5.743657515e+02 -5.743657515e+02 -4.1830e+00 -1.6734e+00
28 0 +6.497188400e+00 -5.772028116e+02 -5.772028116e+02 -4.1720e+00 -1.7070e+00
32 0 +3.868473093e+00 -5.798315269e+02 -5.798315269e+02 -4.1527e+00 -1.7478e+00
35 0 +3.773540349e+00 -5.799264597e+02 -5.799264597e+02 -4.1533e+00 -1.7500e+00
79 0 +2.565431687e+00 -5.811345683e+02 -5.811345683e+02 -2.0833e+00 -3.3333e+00
2058 0 +2.413400306e+00 -5.812865997e+02 -5.812865997e+02 -2.7116e+00 -2.5456e+00
2092 0 +2.264745004e+00 -5.814352550e+02 -5.814352550e+02 -2.7116e+00 -2.5553e+00
2158 0 +2.124620933e+00 -5.815753791e+02 -5.815753791e+02 -2.7116e+00 -2.5505e+00
3525 0 +1.912770688e+00 -5.817872293e+02 -5.817872293e+02 +1.5104e+00 +1.5104e+00
3738 0 +1.320661458e+00 -5.823793385e+02 -5.823793385e+02 +1.5169e+00 +1.4974e+00
3897 0 +1.189265843e+00 -5.825107342e+02 -5.825107342e+02 +1.5202e+00 +1.5007e+00
4001 0 +1.063309502e+00 -5.826366905e+02 -5.826366905e+02 +1.5202e+00 +1.4958e+00
4038 0 +9.860422835e-01 -5.827139577e+02 -5.827139577e+02 +1.5194e+00 +1.4974e+00
4339 0 +9.526144700e-01 -5.827473855e+02 -5.827473855e+02 +1.5190e+00 +1.4982e+00
5569 0 +4.832483518e-01 -5.832167516e+02 -5.832167516e+02 +1.2174e+00 +1.4811e+00
5684 0 +4.184864588e-01 -5.832815135e+02 -5.832815135e+02 +1.2166e+00 +1.4827e+00
5783 0 +3.913973462e-01 -5.833086027e+02 -5.833086027e+02 +1.2162e+00 +1.4836e+00
5886 0 +3.791800253e-01 -5.833208200e+02 -5.833208200e+02 +1.2160e+00 +1.4840e+00
9010 0 +3.713304170e-01 -5.833286696e+02 -5.833286696e+02 +1.5511e+00 +1.2703e+00
9853 0 +1.146786553e-01 -5.835853213e+02 -5.835853213e+02 +1.2467e+00 +1.2565e+00
9924 0 +2.869954842e-02 -5.836713005e+02 -5.836713005e+02 +1.2484e+00 +1.2533e+00
10001 0 +7.176755982e-03 -5.836928232e+02 -5.836928232e+02 +1.2492e+00 +1.2516e+00
10236 0 +1.794305817e-03 -5.836982057e+02 -5.836982057e+02 +1.2496e+00 +1.2508e+00
10811 0 +4.485837560e-04 -5.836995514e+02 -5.836995514e+02 +1.2498e+00 +1.2504e+00
13446 0 +1.121463954e-04 -5.836998879e+02 -5.836998879e+02 +1.2499e+00 +1.2502e+00
91789 0 +2.803662733e-05 -5.836999720e+02 -5.836999720e+02 +1.2499e+00 +1.2501e+00
