% f evaluations | g evaluations | best noise-free fitness - Fopt (1.026100000000e+02) + sum g_i+ | measured fitness | best measured fitness or single-digit g-values | x1 | x2...
1 0 +2.547460915e+02 +3.573560915e+02 +3.573560915e+02 +1.6667e+00 +1.6667e+00 +1.6667e+00 +1.6667e+00 +1.6667e+00 +1.6667e+00 +1.6667e+00 +1.6667e+00 +1.6667e+00 +1.6667e+00
2 0 +1.767710389e+02 +2.793810389e+02 +2.793810389e+02 -1.6667e+00 -1.6667e+00 -1.6667e+00 -1.6667e+00 -1.6667e+00 -1.6667e+00 -1.6667e+00 -1.6667e+00 -1.6667e+00 -1.6667e+00
9 0 +1.273874753e+02 +2.299974753e+02 +2.299974753e+02 -3.3333e+00 -3.3333e+00 -3.3333e+00 +1.6667e+00 +1.6667e+00 +1.6667e+00 +1.6667e+00 +1.6667e+00 +1.6667e+00 +1.6667e+00
32 0 +1.134501075e+02 +2.160601075e+02 +2.160601075e+02 -3.3524e+00 -3.3464e+00 -3.3443e+00 +1.6570e+00 +1.6751e+00 +1.6901e+00 +1.6768e+00 +1.6642e+00 +1.6575e+00 +1.6683e+00
46 0 +1.080042410e+02 +2.106142410e+02 +2.106142410e+02 -3.3642e+00 -3.3495e+00 -3.3537e+00 +1.6517e+00 +1.6700e+00 +1.6942e+00 +1.6721e+00 +1.6622e+00 +1.6514e+00 +1.6727e+00
62 0 +1.012090576e+02 +2.038190576e+02 +2.038190576e+02 -3.3577e+00 -3.3490e+00 -3.3577e+00 +1.6492e+00 +1.6746e+00 +1.6801e+00 +1.6672e+00 +1.6623e+00 +1.6424e+00 +1.6728e+00
75 0 +9.814018462e+01 +2.007501846e+02 +2.007501846e+02 -3.3598e+00 -3.3502e+00 -3.3720e+00 +1.6475e+00 +1.6734e+00 +1.6747e+00 +1.6680e+00 +1.6611e+00 +1.6343e+00 +1.6639e+00
91 0 +9.697230456e+01 +1.995823046e+02 +1.995823046e+02 -3.3727e+00 -3.3554e+00 -3.3725e+00 +1.6469e+00 +1.6785e+00 +1.6807e+00 +1.6564e+00 +1.6598e+00 +1.6340e+00 +1.6640e+00
118 0 +9.514674476e+01 +1.977567448e+02 +1.977567448e+02 -3.3787e+00 -3.3517e+00 -3.3878e+00 +1.6237e+00 +1.6871e+00 +1.6705e+00 +1.6462e+00 +1.6662e+00 +1.6400e+00 +1.6321e+00
145 0 +9.324102705e+01 +1.958510271e+02 +1.958510271e+02 -3.3915e+00 -3.3340e+00 -3.3978e+00 +1.6069e+00 +1.7007e+00 +1.6645e+00 +1.6472e+00 +1.6920e+00 +1.6610e+00 +1.6350e+00
188 0 +9.023703638e+01 +1.928470364e+02 +1.928470364e+02 -3.4082e+00 -3.3592e+00 -3.4041e+00 +1.5960e+00 +1.6992e+00 +1.6490e+00 +1.6485e+00 +1.6883e+00 +1.6642e+00 +1.6341e+00
960 0 +8.889206198e+01 +1.915020620e+02 +1.915020620e+02 +8.3333e-01 +8.3333e-01 +8.3333e-01 -1.6667e+00 +8.3333e-01 -1.6667e+00 -1.6667e+00 +3.3333e+00 -1.6667e+00 -1.6667e+00
982 0 +7.810065801e+01 +1.807106580e+02 +1.807106580e+02 +8.3333e-01 +8.3333e-01 +8.3333e-01 -1.6667e+00 +8.3333e-01 -1.6667e+00 -1.6667e+00 +8.3333e-01 -1.6667e+00 -1.6667e+00
1007 0 +7.182994890e+01 +1.744399489e+02 +1.744399489e+02 +8.7168e-01 +7.9751e-01 +8.0077e-01 -1.6829e+00 +8.2231e-01 -1.6732e+00 -1.6300e+00 +8.5458e-01 -1.6711e+00 -1.6806e+00
1021 0 +6.754223816e+01 +1.701522382e+02 +1.701522382e+02 +8.7741e-01 +7.9482e-01 +8.0019e-01 -1.6806e+00 +8.2626e-01 -1.6839e+00 -1.6278e+00 +8.5550e-01 -1.6792e+00 -1.6926e+00
1055 0 +5.868203114e+01 +1.612920311e+02 +1.612920311e+02 +8.7732e-01 +7.1730e-01 +8.2173e-01 -1.6121e+00 +7.6790e-01 -1.7532e+00 -1.6356e+00 +8.7071e-01 -1.7192e+00 -1.9454e+00
1067 0 +5.623714990e+01 +1.588471499e+02 +1.588471499e+02 +8.6519e-01 +7.0902e-01 +8.2064e-01 -1.5931e+00 +7.6294e-01 -1.7482e+00 -1.6295e+00 +8.6314e-01 -1.7302e+00 -1.9669e+00
1082 0 +3.401142265e+01 +1.366214226e+02 +1.366214226e+02 +8.4399e-01 +6.8434e-01 +8.3420e-01 -1.6113e+00 +7.4031e-01 -1.7432e+00 -1.6225e+00 +8.3522e-01 -1.7703e+00 -1.9413e+00
1096 0 +3.339731979e+01 +1.360073198e+02 +1.360073198e+02 +8.4483e-01 +6.7951e-01 +8.3384e-01 -1.6148e+00 +7.1735e-01 -1.7528e+00 -1.6172e+00 +8.1888e-01 -1.7888e+00 -1.9444e+00
1111 0 +2.397252222e+01 +1.265825222e+02 +1.265825222e+02 +8.6751e-01 +6.7342e-01 +8.7279e-01 -1.6278e+00 +7.2148e-01 -1.7308e+00 -1.6256e+00 +7.7506e-01 -1.7751e+00 -1.9615e+00
1125 0 +2.237608246e+01 +1.249860825e+02 +1.249860825e+02 +8.8612e-01 +6.6852e-01 +8.6362e-01 -1.6229e+00 +7.2123e-01 -1.7267e+00 -1.6366e+00 +7.6954e-01 -1.7814e+00 -1.9627e+00
1141 0 +1.668806618e+01 +1.192980662e+02 +1.192980662e+02 +8.8765e-01 +6.7370e-01 +8.4909e-01 -1.6254e+00 +7.1067e-01 -1.7252e+00 -1.6192e+00 +7.6961e-01 -1.7858e+00 -1.9651e+00
1154 0 +1.536428395e+01 +1.179742840e+02 +1.179742840e+02 +8.8506e-01 +6.7118e-01 +8.3956e-01 -1.6289e+00 +7.0924e-01 -1.7149e+00 -1.6303e+00 +7.6444e-01 -1.8028e+00 -1.9702e+00
1167 0 +1.199452812e+01 +1.146045281e+02 +1.146045281e+02 +8.8238e-01 +6.7583e-01 +8.5307e-01 -1.6131e+00 +7.0685e-01 -1.7084e+00 -1.6244e+00 +7.9016e-01 -1.8191e+00 -1.9629e+00
1181 0 +1.099157377e+01 +1.136015738e+02 +1.136015738e+02 +8.9383e-01 +6.7881e-01 +8.5219e-01 -1.6081e+00 +7.0699e-01 -1.7032e+00 -1.6237e+00 +7.7279e-01 -1.8182e+00 -1.9488e+00
1195 0 +1.027311912e+01 +1.128831191e+02 +1.128831191e+02 +8.8343e-01 +6.6493e-01 +8.5684e-01 -1.6025e+00 +7.0591e-01 -1.7197e+00 -1.6143e+00 +7.6323e-01 -1.8096e+00 -1.9459e+00
1207 0 +9.991770102e+00 +1.126017701e+02 +1.126017701e+02 +8.8008e-01 +6.6828e-01 +8.5036e-01 -1.6093e+00 +7.1290e-01 -1.7223e+00 -1.6176e+00 +7.6791e-01 -1.8005e+00 -1.9510e+00
1230 0 +9.771093110e+00 +1.123810931e+02 +1.123810931e+02 +8.8328e-01 +6.6906e-01 +8.5431e-01 -1.6104e+00 +7.0923e-01 -1.7189e+00 -1.6189e+00 +7.6882e-01 -1.8044e+00 -1.9531e+00
% f evaluations | g evaluations | best noise-free fitness - Fopt (9.330000000000e+01) + sum g_i+ | measured fitness | best measured fitness or single-digit g-values | x1 | x2...
1 0 +1.905133501e+02 +2.838133501e+02 +2.838133501e+02 +1.6667e+00 +1.6667e+00 +1.6667e+00 +1.6667e+00 +1.6667e+00 +1.6667e+00 +1.6667e+00 +1.6667e+00 +1.6667e+00 +1.6667e+00
3 0 +1.807274165e+02 +2.740274165e+02 +2.740274165e+02 -3.3333e+00 +1.6667e+00 +1.6667e+00 +1.6667e+00 +1.6667e+00 +1.6667e+00 +1.6667e+00 +1.6667e+00 +1.6667e+00 +1.6667e+00
21 0 +1.467032277e+02 +2.400032277e+02 +2.400032277e+02 -3.2986e+00 +1.5648e+00 +1.7116e+00 +1.5060e+00 +2.0813e+00 +1.5516e+00 +1.6097e+00 +1.7266e+00 +1.8282e+00 +1.6865e+00
40 0 +1.374491620e+02 +2.307491620e+02 +2.307491620e+02 -3.3255e+00 +1.5827e+00 +1.7050e+00 +1.4899e+00 +2.0979e+00 +1.5431e+00 +1.6283e+00 +1.6862e+00 +1.8151e+00 +1.7001e+00
53 0 +1.300804516e+02 +2.233804516e+02 +2.233804516e+02 -3.3378e+00 +1.5916e+00 +1.6953e+00 +1.4932e+00 +2.0993e+00 +1.5477e+00 +1.6244e+00 +1.6631e+00 +1.8210e+00 +1.6920e+00
69 0 +1.170336534e+02 +2.103336534e+02 +2.103336534e+02 -3.3371e+00 +1.5853e+00 +1.6887e+00 +1.5082e+00 +2.0787e+00 +1.5549e+00 +1.6169e+00 +1.6705e+00 +1.8181e+00 +1.6819e+00
82 0 +1.093688625e+02 +2.026688625e+02 +2.026688625e+02 -3.3546e+00 +1.5754e+00 +1.6762e+00 +1.5196e+00 +2.0810e+00 +1.5531e+00 +1.6084e+00 +1.6675e+00 +1.8126e+00 +1.6679e+00
99 0 +1.022515104e+02 +1.955515104e+02 +1.955515104e+02 -3.3584e+00 +1.5744e+00 +1.6790e+00 +1.5119e+00 +2.0912e+00 +1.5457e+00 +1.6081e+00 +1.6665e+00 +1.8129e+00 +1.6709e+00
111 0 +9.706831481e+01 +1.903683148e+02 +1.903683148e+02 -3.3500e+00 +1.5594e+00 +1.6832e+00 +1.5133e+00 +2.0902e+00 +1.5249e+00 +1.5990e+00 +1.6538e+00 +1.8160e+00 +1.6718e+00
128 0 +9.518255631e+01 +1.884825563e+02 +1.884825563e+02 -3.3540e+00 +1.5626e+00 +1.6787e+00 +1.5114e+00 +2.0784e+00 +1.5241e+00 +1.5981e+00 +1.6501e+00 +1.8096e+00 +1.6740e+00
156 0 +9.262427909e+01 +1.859242791e+02 +1.859242791e+02 -3.3485e+00 +1.5519e+00 +1.6439e+00 +1.4908e+00 +2.0730e+00 +1.5117e+00 +1.5576e+00 +1.6228e+00 +1.7913e+00 +1.6801e+00
183 0 +9.110612553e+01 +1.844061255e+02 +1.844061255e+02 -3.3489e+00 +1.5452e+00 +1.6588e+00 +1.4944e+00 +2.0796e+00 +1.5311e+00 +1.5363e+00 +1.6135e+00 +1.7762e+00 +1.6880e+00
786 0 +8.461994404e+01 +1.779199440e+02 +1.779199440e+02 -3.3333e+00 +1.6667e+00 -4.5833e+00 -3.3333e+00 +1.6667e+00 -8.3333e-01 +1.6667e+00 +1.6667e+00 +1.6667e+00 +1.6667e+00
812 0 +7.747321606e+01 +1.707732161e+02 +1.707732161e+02 -3.3294e+00 +1.6628e+00 -4.5941e+00 -3.3416e+00 +1.6774e+00 -8.2917e-01 +1.6676e+00 +1.6729e+00 +1.6673e+00 +1.6682e+00
824 0 +6.928645075e+01 +1.625864508e+02 +1.625864508e+02 -3.3132e+00 +1.6629e+00 -4.6176e+00 -3.3556e+00 +1.6731e+00 -8.1313e-01 +1.6647e+00 +1.6863e+00 +1.6752e+00 +1.6721e+00
841 0 +6.088943486e+01 +1.541894349e+02 +1.541894349e+02 -3.3217e+00 +1.6724e+00 -4.6119e+00 -3.3643e+00 +1.6668e+00 -8.1949e-01 +1.6615e+00 +1.6879e+00 +1.6777e+00 +1.6769e+00
854 0 +5.982203167e+01 +1.531220317e+02 +1.531220317e+02 -3.3184e+00 +1.6733e+00 -4.6233e+00 -3.3744e+00 +1.6632e+00 -8.1851e-01 +1.6617e+00 +1.6986e+00 +1.6799e+00 +1.6802e+00
871 0 +5.794428682e+01 +1.512442868e+02 +1.512442868e+02 -3.3134e+00 +1.6724e+00 -4.6259e+00 -3.3705e+00 +1.6654e+00 -8.1845e-01 +1.6626e+00 +1.6956e+00 +1.6840e+00 +1.6759e+00
898 0 +5.732596542e+01 +1.506259654e+02 +1.506259654e+02 -3.3096e+00 +1.6853e+00 -4.6397e+00 -3.3638e+00 +1.6625e+00 -8.4335e-01 +1.6808e+00 +1.6996e+00 +1.6886e+00 +1.6658e+00
30810 0 +5.484035667e+01 +1.481403567e+02 +1.481403567e+02 -8.3333e-01 +1.6667e+00 -2.0833e+00 -2.0833e+00 +1.6667e+00 -8.3333e-01 +1.6667e+00 +1.6667e+00 +1.6667e+00 +1.6667e+00
30844 0 +3.890516211e+01 +1.322051621e+02 +1.322051621e+02 -8.3253e-01 +1.6690e+00 -2.0793e+00 -2.0790e+00 +1.6548e+00 -8.3233e-01 +1.6579e+00 +1.6645e+00 +1.6777e+00 +1.6645e+00
30857 0 +3.160005388e+01 +1.249000539e+02 +1.249000539e+02 -8.3859e-01 +1.6655e+00 -2.0744e+00 -2.0806e+00 +1.6592e+00 -8.3656e-01 +1.6481e+00 +1.6647e+00 +1.6912e+00 +1.6646e+00
30885 0 +2.720397094e+01 +1.205039709e+02 +1.205039709e+02 -8.4811e-01 +1.6377e+00 -2.0844e+00 -2.0790e+00 +1.6575e+00 -8.3189e-01 +1.6516e+00 +1.6631e+00 +1.6954e+00 +1.6750e+00
30901 0 +2.265405596e+01 +1.159540560e+02 +1.159540560e+02 -8.4967e-01 +1.6390e+00 -2.0798e+00 -2.0851e+00 +1.6566e+00 -8.3019e-01 +1.6460e+00 +1.6532e+00 +1.7084e+00 +1.6802e+00
30913 0 +2.093238573e+01 +1.142323857e+02 +1.142323857e+02 -8.5862e-01 +1.6153e+00 -2.0851e+00 -2.0943e+00 +1.6511e+00 -8.1837e-01 +1.6448e+00 +1.6382e+00 +1.7177e+00 +1.6983e+00
30930 0 +1.776931100e+01 +1.110693110e+02 +1.110693110e+02 -8.6774e-01 +1.6118e+00 -2.0813e+00 -2.0934e+00 +1.6464e+00 -8.1509e-01 +1.6344e+00 +1.6449e+00 +1.7085e+00 +1.6950e+00
30943 0 +1.699456216e+01 +1.102945622e+02 +1.102945622e+02 -8.7138e-01 +1.6102e+00 -2.0738e+00 -2.0957e+00 +1.6472e+00 -8.0739e-01 +1.6314e+00 +1.6350e+00 +1.6964e+00 +1.6950e+00
30959 0 +1.617190065e+01 +1.094719007e+02 +1.094719007e+02 -8.6755e-01 +1.5975e+00 -2.0678e+00 -2.0960e+00 +1.6487e+00 -8.0211e-01 +1.6207e+00 +1.6297e+00 +1.6990e+00 +1.6952e+00
30988 0 +1.537692919e+01 +1.086769292e+02 +1.086769292e+02 -8.7592e-01 +1.5898e+00 -2.0743e+00 -2.1066e+00 +1.6456e+00 -7.9325e-01 +1.6118e+00 +1.6152e+00 +1.6897e+00 +1.6955e+00
31005 0 +1.488035313e+01 +1.081803531e+02 +1.081803531e+02 -8.7034e-01 +1.5889e+00 -2.0702e+00 -2.1093e+00 +1.6441e+00 -7.9697e-01 +1.6110e+00 +1.6180e+00 +1.6891e+00 +1.6996e+00
31044 0 +1.478715395e+01 +1.080871539e+02 +1.080871539e+02 -8.7015e-01 +1.5922e+00 -2.0704e+00 -2.1076e+00 +1.6454e+00 -7.9470e-01 +1.6118e+00 +1.6197e+00 +1.6887e+00 +1.6954e+00
% f evaluations | g evaluations | best noise-free fitness - Fopt (1.364000000000e+01) + sum g_i+ | measured fitness | best measured fitness or single-digit g-values | x1 | x2...
1 0 +2.274175803e+02 +2.410575803e+02 +2.410575803e+02 +1.6667e+00 +1.6667e+00 +1.6667e+00 +1.6667e+00 +1.6667e+00 +1.6667e+00 +1.6667e+00 +1.6667e+00 +1.6667e+00 +1.6667e+00
3 0 +1.728339393e+02 +1.864739393e+02 +1.864739393e+02 -3.3333e+00 +1.6667e+00 +1.6667e+00 +1.6667e+00 +1.6667e+00 +1.6667e+00 +1.6667e+00 +1.6667e+00 +1.6667e+00 +1.6667e+00
23 0 +1.551084909e+02 +1.687484909e+02 +1.687484909e+02 -3.3286e+00 +1.7037e+00 +1.6250e+00 +1.6898e+00 +1.6419e+00 +1.6667e+00 +1.6344e+00 +1.6853e+00 +1.6670e+00 +1.6908e+00
36 0 +1.545619715e+02 +1.682019715e+02 +1.682019715e+02 -3.3171e+00 +1.7166e+00 +1.6282e+00 +1.6812e+00 +1.6142e+00 +1.6718e+00 +1.6273e+00 +1.6824e+00 +1.6539e+00 +1.7032e+00
69 0 +1.447804258e+02 +1.584204258e+02 +1.584204258e+02 -3.1895e+00 +1.9090e+00 +1.6896e+00 +1.7275e+00 +1.4024e+00 +1.7155e+00 +1.8470e+00 +1.6181e+00 +1.6516e+00 +1.8637e+00
83 0 +1.430782703e+02 +1.567182703e+02 +1.567182703e+02 -3.1867e+00 +1.9155e+00 +1.6927e+00 +1.7311e+00 +1.3960e+00 +1.7154e+00 +1.8536e+00 +1.6183e+00 +1.6499e+00 +1.8678e+00
98 0 +1.282903540e+02 +1.419303540e+02 +1.419303540e+02 -3.1871e+00 +1.9199e+00 +1.6959e+00 +1.7262e+00 +1.4019e+00 +1.7206e+00 +1.8510e+00 +1.6311e+00 +1.6390e+00 +1.8851e+00
110 0 +1.150587990e+02 +1.286987990e+02 +1.286987990e+02 -3.1563e+00 +1.9084e+00 +1.7078e+00 +1.7340e+00 +1.4002e+00 +1.7154e+00 +1.8522e+00 +1.6598e+00 +1.6389e+00 +1.9113e+00
126 0 +1.098539105e+02 +1.234939105e+02 +1.234939105e+02 -3.1554e+00 +1.9164e+00 +1.7321e+00 +1.7538e+00 +1.3948e+00 +1.6981e+00 +1.8496e+00 +1.6883e+00 +1.6168e+00 +1.9231e+00
139 0 +1.064286215e+02 +1.200686215e+02 +1.200686215e+02 -3.1233e+00 +1.9239e+00 +1.7292e+00 +1.7553e+00 +1.4139e+00 +1.6909e+00 +1.8606e+00 +1.6926e+00 +1.5826e+00 +1.9236e+00
181 0 +1.034544894e+02 +1.170944894e+02 +1.170944894e+02 -3.1228e+00 +1.9168e+00 +1.7067e+00 +1.7415e+00 +1.4107e+00 +1.6936e+00 +1.8513e+00 +1.6785e+00 +1.6060e+00 +1.8958e+00
195 0 +1.011549292e+02 +1.147949292e+02 +1.147949292e+02 -3.1269e+00 +1.9139e+00 +1.7176e+00 +1.7455e+00 +1.4182e+00 +1.6916e+00 +1.8537e+00 +1.6898e+00 +1.6001e+00 +1.9085e+00
231 0 +9.967708778e+01 +1.133170878e+02 +1.133170878e+02 -3.1150e+00 +1.9212e+00 +1.7256e+00 +1.7430e+00 +1.4181e+00 +1.6879e+00 +1.8529e+00 +1.6834e+00 +1.6008e+00 +1.9176e+00
734 0 +7.636354483e+01 +9.000354483e+01 +9.000354483e+01 -2.9167e+00 -1.6667e+00 +4.5833e+00 +2.0833e+00 +2.0833e+00 -2.9167e+00 -4.1667e-01 +2.0833e+00 +2.0833e+00 +2.0833e+00
760 0 +7.021329851e+01 +8.385329851e+01 +8.385329851e+01 -2.9024e+00 -1.6720e+00 +4.5793e+00 +2.0588e+00 +2.0856e+00 -2.8956e+00 -4.2638e-01 +2.0706e+00 +2.0805e+00 +2.0841e+00
773 0 +6.808328655e+01 +8.172328655e+01 +8.172328655e+01 -2.8937e+00 -1.6776e+00 +4.5825e+00 +2.0521e+00 +2.0876e+00 -2.8896e+00 -4.2237e-01 +2.0596e+00 +2.0842e+00 +2.0781e+00
789 0 +6.156004173e+01 +7.520004173e+01 +7.520004173e+01 -2.8941e+00 -1.6711e+00 +4.5757e+00 +2.0660e+00 +2.0884e+00 -2.8945e+00 -4.1816e-01 +2.0607e+00 +2.0923e+00 +2.0781e+00
818 0 +5.895523341e+01 +7.259523341e+01 +7.259523341e+01 -2.8956e+00 -1.6609e+00 +4.5824e+00 +2.0709e+00 +2.0835e+00 -2.8914e+00 -4.2536e-01 +2.0484e+00 +2.0886e+00 +2.0749e+00
831 0 +5.875240902e+01 +7.239240902e+01 +7.239240902e+01 -2.8919e+00 -1.6647e+00 +4.5821e+00 +2.0686e+00 +2.0950e+00 -2.8845e+00 -4.3186e-01 +2.0372e+00 +2.0917e+00 +2.0743e+00
845 0 +5.644559528e+01 +7.008559528e+01 +7.008559528e+01 -2.8807e+00 -1.6553e+00 +4.5886e+00 +2.0890e+00 +2.0999e+00 -2.8686e+00 -4.5036e-01 +2.0156e+00 +2.0976e+00 +2.0662e+00
862 0 +5.521667948e+01 +6.885667948e+01 +6.885667948e+01 -2.8907e+00 -1.6488e+00 +4.5907e+00 +2.1020e+00 +2.0989e+00 -2.8787e+00 -4.4957e-01 +2.0168e+00 +2.0955e+00 +2.0723e+00
889 0 +5.492564058e+01 +6.856564058e+01 +6.856564058e+01 -2.8785e+00 -1.6556e+00 +4.6052e+00 +2.1172e+00 +2.1004e+00 -2.8688e+00 -4.5558e-01 +2.0106e+00 +2.0945e+00 +2.0921e+00
6982 0 +3.721750551e+01 +5.085750551e+01 +5.085750551e+01 +1.6667e+00 +1.6667e+00 -8.3333e-01 -2.0833e+00 -8.3333e-01 +4.1667e-01 +1.6667e+00 -8.3333e-01 -8.3333e-01 -8.3333e-01
7016 0 +3.370678685e+01 +4.734678685e+01 +4.734678685e+01 +1.6630e+00 +1.6767e+00 -8.3626e-01 -2.0904e+00 -8.3441e-01 +4.2757e-01 +1.6596e+00 -8.2945e-01 -8.3352e-01 -8.2752e-01
7028 0 +2.845810425e+01 +4.209810425e+01 +4.209810425e+01 +1.6585e+00 +1.6817e+00 -8.2507e-01 -2.1003e+00 -8.3580e-01 +4.3699e-01 +1.6573e+00 -8.3054e-01 -8.3044e-01 -8.3143e-01
7043 0 +2.433154659e+01 +3.797154659e+01 +3.797154659e+01 +1.6529e+00 +1.6777e+00 -8.2287e-01 -2.1009e+00 -8.1893e-01 +4.3925e-01 +1.6538e+00 -8.3271e-01 -7.9734e-01 -8.4178e-01
7056 0 +2.240736872e+01 +3.604736872e+01 +3.604736872e+01 +1.6484e+00 +1.6751e+00 -8.2235e-01 -2.1021e+00 -8.2000e-01 +4.3447e-01 +1.6400e+00 -8.3629e-01 -7.8719e-01 -8.4752e-01
7071 0 +1.826064924e+01 +3.190064924e+01 +3.190064924e+01 +1.6418e+00 +1.6957e+00 -8.1450e-01 -2.1008e+00 -8.4413e-01 +4.4787e-01 +1.6365e+00 -8.4005e-01 -7.7583e-01 -8.5831e-01
7084 0 +1.752926015e+01 +3.116926015e+01 +3.116926015e+01 +1.6339e+00 +1.6945e+00 -8.1468e-01 -2.1069e+00 -8.4127e-01 +4.5786e-01 +1.6382e+00 -8.5247e-01 -7.7921e-01 -8.5451e-01
7098 0 +1.716812723e+01 +3.080812723e+01 +3.080812723e+01 +1.6159e+00 +1.6888e+00 -8.2158e-01 -2.0891e+00 -8.4763e-01 +4.6790e-01 +1.6366e+00 -8.7700e-01 -7.7783e-01 -8.5490e-01
7115 0 +1.444448965e+01 +2.808448965e+01 +2.808448965e+01 +1.6186e+00 +1.6781e+00 -8.2493e-01 -2.0914e+00 -8.4198e-01 +4.6309e-01 +1.6236e+00 -8.7463e-01 -7.7753e-01 -8.5472e-01
7128 0 +1.376981810e+01 +2.740981810e+01 +2.740981810e+01 +1.6134e+00 +1.6713e+00 -8.1931e-01 -2.0801e+00 -8.4040e-01 +4.7237e-01 +1.6207e+00 -8.7061e-01 -7.8135e-01 -8.5233e-01
7155 0 +1.287359952e+01 +2.651359952e+01 +2.651359952e+01 +1.6372e+00 +1.6757e+00 -7.9911e-01 -2.0766e+00 -8.4183e-01 +4.7117e-01 +1.6188e+00 -8.7191e-01 -7.6510e-01 -8.2973e-01
7168 0 +1.205078958e+01 +2.569078958e+01 +2.569078958e+01 +1.6450e+00 +1.6907e+00 -8.0964e-01 -2.0842e+00 -8.2941e-01 +4.6311e-01 +1.6241e+00 -8.6595e-01 -7.7857e-01 -8.5376e-01
7180 0 +1.127842872e+01 +2.491842872e+01 +2.491842872e+01 +1.6309e+00 +1.6794e+00 -8.1989e-01 -2.0967e+00 -8.4006e-01 +4.5592e-01 +1.6361e+00 -8.5196e-01 -7.8094e-01 -8.5323e-01
7193 0 +1.104283076e+01 +2.468283076e+01 +2.468283076e+01 +1.6225e+00 +1.6785e+00 -8.1928e-01 -2.0940e+00 -8.4129e-01 +4.6289e-01 +1.6295e+00 -8.5793e-01 -7.7366e-01 -8.5662e-01
7206 0 +1.079781282e+01 +2.443781282e+01 +2.443781282e+01 +1.6275e+00 +1.6800e+00 -8.1539e-01 -2.0871e+00 -8.3814e-01 +4.6468e-01 +1.6257e+00 -8.6387e-01 -7.7770e-01 -8.5188e-01
% f evaluations | g evaluations | best noise-free fitness - Fopt (1.948000000000e+02) + sum g_i+ | measured fitness | best measured fitness or single-digit g-values | x1 | x2...
1 0 +2.073336913e+02 +4.021336913e+02 +4.021336913e+02 +1.6667e+00 +1.6667e+00 +1.6667e+00 +1.6667e+00 +1.6667e+00 +1.6667e+00 +1.6667e+00 +1.6667e+00 +1.6667e+00 +1.6667e+00
7 0 +1.917452049e+02 +3.865452049e+02 +3.865452049e+02 -3.3333e+00 -3.3333e+00 +1.6667e+00 +1.6667e+00 +1.6667e+00 +1.6667e+00 +1.6667e+00 +1.6667e+00 +1.6667e+00 +1.6667e+00
12 0 +1.637404274e+02 +3.585404274e+02 +3.585404274e+02 -1.6667e+00 -1.6667e+00 +3.3333e+00 -1.6667e+00 -1.6667e+00 -1.6667e+00 -1.6667e+00 -1.6667e+00 -1.6667e+00 -1.6667e+00
29 0 +1.533078621e+02 +3.481078621e+02 +3.481078621e+02 -2.6978e+00 -2.9114e+00 +3.4643e+00 -2.7022e+00 -6.1573e-01 -1.0809e+00 -2.0053e+00 -1.7420e+00 -1.4491e+00 -1.6636e+00
51 0 +1.360257637e+02 +3.308257637e+02 +3.308257637e+02 -2.7081e+00 -2.9017e+00 +3.4483e+00 -2.7025e+00 -6.2270e-01 -1.0735e+00 -2.0162e+00 -1.7327e+00 -1.4560e+00 -1.6556e+00
64 0 +1.239877877e+02 +3.187877877e+02 +3.187877877e+02 -2.7230e+00 -2.9060e+00 +3.4345e+00 -2.7061e+00 -6.2484e-01 -1.0664e+00 -2.0079e+00 -1.7185e+00 -1.4584e+00 -1.6454e+00
75 0 +1.204785479e+02 +3.152785479e+02 +3.152785479e+02 -3.2290e+00 -2.5708e+00 +2.5593e+00 -2.0538e+00 -1.6763e+00 -1.2683e+00 -5.6664e-01 -5.7294e-01 -2.1509e+00 -1.1483e+00
91 0 +1.023152920e+02 +2.971152920e+02 +2.971152920e+02 -2.8281e+00 -2.1216e+00 +1.7900e+00 -1.9539e+00 -2.1922e+00 -8.4463e-01 +3.5350e-01 -4.7289e-01 -1.8565e+00 -7.0379e-01
111 0 +9.476809464e+01 +2.895680946e+02 +2.895680946e+02 -2.8023e+00 -2.1261e+00 +1.7811e+00 -1.9626e+00 -2.1859e+00 -8.2134e-01 +3.6512e-01 -4.6631e-01 -1.8381e+00 -6.8024e-01
139 0 +8.028199816e+01 +2.750819982e+02 +2.750819982e+02 -2.8010e+00 -2.1393e+00 +1.7838e+00 -1.9346e+00 -2.1683e+00 -8.2657e-01 +3.5367e-01 -4.9971e-01 -1.8395e+00 -6.6760e-01
153 0 +7.839498062e+01 +2.731949806e+02 +2.731949806e+02 -2.8040e+00 -2.1319e+00 +1.7810e+00 -1.9153e+00 -2.1579e+00 -8.2186e-01 +3.5953e-01 -4.9810e-01 -1.8416e+00 -6.7093e-01
168 0 +7.393982182e+01 +2.687398218e+02 +2.687398218e+02 -2.8047e+00 -2.1265e+00 +1.7576e+00 -1.9069e+00 -2.1288e+00 -7.9362e-01 +3.6355e-01 -4.9921e-01 -1.8380e+00 -6.8376e-01
181 0 +7.151682530e+01 +2.663168253e+02 +2.663168253e+02 -2.8008e+00 -2.1161e+00 +1.7666e+00 -1.8894e+00 -2.1203e+00 -7.5916e-01 +3.6637e-01 -5.2462e-01 -1.8299e+00 -6.8541e-01
198 0 +6.614828897e+01 +2.609482890e+02 +2.609482890e+02 -2.8098e+00 -2.1272e+00 +1.7787e+00 -1.8819e+00 -2.1203e+00 -7.6673e-01 +3.6796e-01 -5.3248e-01 -1.8369e+00 -6.7878e-01
210 0 +6.231834109e+01 +2.571183411e+02 +2.571183411e+02 -2.8054e+00 -2.1289e+00 +1.7837e+00 -1.8858e+00 -2.1036e+00 -7.6503e-01 +3.7747e-01 -5.4973e-01 -1.8783e+00 -6.8544e-01
223 0 +5.971636721e+01 +2.545163672e+02 +2.545163672e+02 -2.8212e+00 -2.0929e+00 +1.8135e+00 -1.9075e+00 -2.0962e+00 -7.2491e-01 +4.0924e-01 -5.8135e-01 -1.9148e+00 -6.6356e-01
236 0 +5.701820595e+01 +2.518182060e+02 +2.518182060e+02 -2.8352e+00 -2.0768e+00 +1.8241e+00 -1.9441e+00 -2.1097e+00 -7.4551e-01 +4.1552e-01 -5.7777e-01 -1.9178e+00 -6.8205e-01
248 0 +5.394179926e+01 +2.487417993e+02 +2.487417993e+02 -2.8480e+00 -2.0806e+00 +1.8101e+00 -1.9237e+00 -2.1406e+00 -6.9137e-01 +4.3146e-01 -5.7911e-01 -1.9030e+00 -7.1301e-01
261 0 +5.162239761e+01 +2.464223976e+02 +2.464223976e+02 -2.8399e+00 -2.0615e+00 +1.7964e+00 -1.9196e+00 -2.0976e+00 -7.1232e-01 +4.2291e-01 -5.8321e-01 -1.8685e+00 -7.0015e-01
273 0 +4.780294615e+01 +2.426029462e+02 +2.426029462e+02 -2.8353e+00 -2.0650e+00 +1.7933e+00 -1.9086e+00 -2.0749e+00 -7.1333e-01 +4.2696e-01 -5.9521e-01 -1.8796e+00 -7.0187e-01
285 0 +4.589954260e+01 +2.406995426e+02 +2.406995426e+02 -2.8277e+00 -2.0753e+00 +1.8169e+00 -1.9258e+00 -2.1043e+00 -7.1386e-01 +4.2233e-01 -5.7718e-01 -1.9032e+00 -6.9123e-01
296 0 +4.490182743e+01 +2.397018274e+02 +2.397018274e+02 -2.8383e+00 -2.0667e+00 +1.8094e+00 -1.9219e+00 -2.0994e+00 -7.1302e-01 +4.2723e-01 -5.8802e-01 -1.8929e+00 -6.9239e-01
38980 0 +2.952355216e+01 +2.243235522e+02 +2.243235522e+02 +1.3542e+00 +7.2917e-01 -1.7708e+00 +1.0417e+00 +1.0417e+00 -2.0833e-01 -1.4583e+00 -2.0833e-01 +1.0417e+00 +1.0417e+00
39016 0 +2.053053952e+01 +2.153305395e+02 +2.153305395e+02 +1.3597e+00 +7.2763e-01 -1.7611e+00 +1.0470e+00 +1.0360e+00 -2.1668e-01 -1.4476e+00 -2.1138e-01 +1.0443e+00 +1.0409e+00
39030 0 +1.870075285e+01 +2.135007528e+02 +2.135007528e+02 +1.3602e+00 +7.3042e-01 -1.7559e+00 +1.0489e+00 +1.0300e+00 -2.1944e-01 -1.4509e+00 -2.1333e-01 +1.0451e+00 +1.0415e+00
39045 0 +1.750695458e+01 +2.123069546e+02 +2.123069546e+02 +1.3524e+00 +7.2592e-01 -1.7491e+00 +1.0410e+00 +1.0244e+00 -2.1530e-01 -1.4597e+00 -2.1276e-01 +1.0517e+00 +1.0469e+00
39057 0 +1.677161666e+01 +2.115716167e+02 +2.115716167e+02 +1.3558e+00 +7.2461e-01 -1.7498e+00 +1.0311e+00 +1.0108e+00 -2.1236e-01 -1.4609e+00 -2.1478e-01 +1.0566e+00 +1.0544e+00
39073 0 +1.614514327e+01 +2.109451433e+02 +2.109451433e+02 +1.3557e+00 +7.2661e-01 -1.7370e+00 +1.0380e+00 +1.0040e+00 -2.2000e-01 -1.4539e+00 -2.1111e-01 +1.0552e+00 +1.0518e+00
39085 0 +1.505737095e+01 +2.098573710e+02 +2.098573710e+02 +1.3486e+00 +7.2697e-01 -1.7413e+00 +1.0347e+00 +9.9909e-01 -2.2302e-01 -1.4482e+00 -2.0439e-01 +1.0426e+00 +1.0454e+00
39101 0 +1.265743641e+01 +2.074574364e+02 +2.074574364e+02 +1.3557e+00 +7.3026e-01 -1.7404e+00 +1.0201e+00 +9.9613e-01 -2.1765e-01 -1.4541e+00 -2.0167e-01 +1.0485e+00 +1.0450e+00
39118 0 +1.200908426e+01 +2.068090843e+02 +2.068090843e+02 +1.3517e+00 +7.2568e-01 -1.7399e+00 +1.0221e+00 +9.9463e-01 -2.2127e-01 -1.4527e+00 -2.0544e-01 +1.0437e+00 +1.0464e+00
39212 0 +1.173618909e+01 +2.065361891e+02 +2.065361891e+02 +1.3500e+00 +7.2983e-01 -1.7383e+00 +1.0173e+00 +9.9184e-01 -2.2093e-01 -1.4511e+00 -2.0306e-01 +1.0419e+00 +1.0478e+00
% f evaluations | g evaluations | best noise-free fitness - Fopt (-1.335900000000e+02) + sum g_i+ | measured fitness | best measured fitness or single-digit g-values | x1 | x2...
1 0 +1.882094711e+02 +5.461947113e+01 +5.461947113e+01 +1.6667e+00 +1.6667e+00 +1.6667e+00 +1.6667e+00 +1.6667e+00 +1.6667e+00 +1.6667e+00 +1.6667e+00 +1.6667e+00 +1.6667e+00
8 0 +1.793896783e+02 +4.579967832e+01 +4.579967832e+01 -1.6667e+00 +3.3333e+00 -1.6667e+00 -1.6667e+00 -1.6667e+00 -1.6667e+00 -1.6667e+00 -1.6667e+00 -1.6667e+00 -1.6667e+00
12 0 +1.671324590e+02 +3.354245901e+01 +3.354245901e+01 -1.6667e+00 +3.3333e+00 +3.3333e+00 -1.6667e+00 -1.6667e+00 -1.6667e+00 -1.6667e+00 -1.6667e+00 -1.6667e+00 -1.6667e+00
34 0 +1.582616259e+02 +2.467162585e+01 +2.467162585e+01 -1.6714e+00 +3.3290e+00 +3.2997e+00 -1.6739e+00 -1.6643e+00 -1.6814e+00 -1.6729e+00 -1.6747e+00 -1.6655e+00 -1.6637e+00
46 0 +1.452666308e+02 +1.167663083e+01 +1.167663083e+01 -1.6881e+00 +3.3101e+00 +3.2469e+00 -1.6540e+00 -1.6495e+00 -1.7159e+00 -1.6632e+00 -1.6939e+00 -1.6685e+00 -1.6404e+00
64 0 +1.323490839e+02 -1.240916144e+00 -1.240916144e+00 -1.6889e+00 +3.3095e+00 +3.2532e+00 -1.6627e+00 -1.6350e+00 -1.7178e+00 -1.6586e+00 -1.6933e+00 -1.6626e+00 -1.6386e+00
76 0 +1.278104407e+02 -5.779559305e+00 -5.779559305e+00 -1.6916e+00 +3.3091e+00 +3.2484e+00 -1.6590e+00 -1.6194e+00 -1.7458e+00 -1.6615e+00 -1.6744e+00 -1.6736e+00 -1.6415e+00
92 0 +1.171471781e+02 -1.644282190e+01 -1.644282190e+01 -1.7036e+00 +3.2924e+00 +3.2453e+00 -1.6503e+00 -1.6044e+00 -1.7488e+00 -1.6557e+00 -1.6628e+00 -1.6913e+00 -1.6598e+00
105 0 +1.110620409e+02 -2.252795909e+01 -2.252795909e+01 -1.7107e+00 +3.2884e+00 +3.2277e+00 -1.6437e+00 -1.5961e+00 -1.7553e+00 -1.6358e+00 -1.6400e+00 -1.6913e+00 -1.6706e+00
121 0 +1.059616226e+02 -2.762837745e+01 -2.762837745e+01 -1.7057e+00 +3.2985e+00 +3.2395e+00 -1.6539e+00 -1.5891e+00 -1.7605e+00 -1.6328e+00 -1.6118e+00 -1.7067e+00 -1.6796e+00
138 0 +1.029959307e+02 -3.059406930e+01 -3.059406930e+01 -1.7094e+00 +3.2991e+00 +3.2255e+00 -1.6519e+00 -1.5861e+00 -1.7498e+00 -1.6314e+00 -1.6115e+00 -1.7038e+00 -1.6729e+00
196 0 +1.020125193e+02 -3.157748067e+01 -3.157748067e+01 -1.7111e+00 +3.3075e+00 +3.2210e+00 -1.6592e+00 -1.5831e+00 -1.7440e+00 -1.6241e+00 -1.6093e+00 -1.7220e+00 -1.6637e+00
1111 0 +9.654101179e+01 -3.704898821e+01 -3.704898821e+01 -8.3333e-01 +1.6667e+00 +1.6667e+00 -8.3333e-01 -3.3333e+00 +1.6667e+00 +1.3542e+00 -3.3333e+00 -3.3333e+00 +1.6667e+00
1141 0 +8.638328597e+01 -4.720671403e+01 -4.720671403e+01 -8.3167e-01 +1.6680e+00 +1.6651e+00 -8.5010e-01 -3.3312e+00 +1.6658e+00 +1.3471e+00 -3.3374e+00 -3.3285e+00 +1.6640e+00
1154 0 +8.394444994e+01 -4.964555006e+01 -4.964555006e+01 -8.2949e-01 +1.6708e+00 +1.6625e+00 -8.5263e-01 -3.3444e+00 +1.6665e+00 +1.3355e+00 -3.3444e+00 -3.3264e+00 +1.6620e+00
1167 0 +6.903408117e+01 -6.455591883e+01 -6.455591883e+01 -8.3821e-01 +1.6868e+00 +1.7529e+00 -8.5441e-01 -3.4680e+00 +1.7138e+00 +1.2487e+00 -3.5736e+00 -3.1896e+00 +1.7268e+00
1186 0 +5.967380617e+01 -7.391619383e+01 -7.391619383e+01 -8.2606e-01 +1.7014e+00 +1.7718e+00 -8.4728e-01 -3.4786e+00 +1.7013e+00 +1.2496e+00 -3.5591e+00 -3.1851e+00 +1.7475e+00
1199 0 +5.688484371e+01 -7.670515629e+01 -7.670515629e+01 -8.2243e-01 +1.6933e+00 +1.7821e+00 -8.4688e-01 -3.4769e+00 +1.7040e+00 +1.2433e+00 -3.5500e+00 -3.1943e+00 +1.7524e+00
1214 0 +4.784940551e+01 -8.574059449e+01 -8.574059449e+01 -8.2750e-01 +1.6900e+00 +1.7829e+00 -8.6058e-01 -3.4944e+00 +1.7283e+00 +1.2524e+00 -3.5690e+00 -3.1955e+00 +1.7408e+00
1244 0 +4.394487698e+01 -8.964512302e+01 -8.964512302e+01 -8.2245e-01 +1.6905e+00 +1.7920e+00 -8.5609e-01 -3.4903e+00 +1.7374e+00 +1.2347e+00 -3.5676e+00 -3.1843e+00 +1.7511e+00
1274 0 +4.326791303e+01 -9.032208697e+01 -9.032208697e+01 -8.2180e-01 +1.6966e+00 +1.7933e+00 -8.5603e-01 -3.4928e+00 +1.7431e+00 +1.2393e+00 -3.5670e+00 -3.1850e+00 +1.7440e+00
61204 0 +4.199194420e+01 -9.159805580e+01 -9.159805580e+01 +2.2917e+00 -1.4583e+00 -2.0833e+00 +4.1667e-01 +1.6667e+00 -8.3333e-01 -8.3333e-01 +4.1667e-01 +4.1667e-01 -8.3333e-01
61240 0 +2.839847282e+01 -1.051915272e+02 -1.051915272e+02 +2.2961e+00 -1.4556e+00 -2.0909e+00 +4.1480e-01 +1.6539e+00 -8.3411e-01 -8.4351e-01 +4.1896e-01 +4.1183e-01 -8.3600e-01
61254 0 +2.562378671e+01 -1.079662133e+02 -1.079662133e+02 +2.2988e+00 -1.4549e+00 -2.0934e+00 +4.0691e-01 +1.6525e+00 -8.3373e-01 -8.4776e-01 +4.1849e-01 +4.1290e-01 -8.3575e-01
61270 0 +2.482649995e+01 -1.087635000e+02 -1.087635000e+02 +2.2998e+00 -1.4605e+00 -2.0921e+00 +4.0917e-01 +1.6520e+00 -8.2893e-01 -8.4697e-01 +4.1529e-01 +4.1072e-01 -8.3133e-01
61282 0 +2.318854594e+01 -1.104014541e+02 -1.104014541e+02 +2.3091e+00 -1.4618e+00 -2.0896e+00 +4.0716e-01 +1.6447e+00 -8.2365e-01 -8.4454e-01 +4.1099e-01 +4.1094e-01 -8.1765e-01
61299 0 +2.147903230e+01 -1.121109677e+02 -1.121109677e+02 +2.3108e+00 -1.4618e+00 -2.0918e+00 +3.9929e-01 +1.6460e+00 -8.2220e-01 -8.4781e-01 +4.0819e-01 +4.1093e-01 -8.1995e-01
61311 0 +2.024043033e+01 -1.133495697e+02 -1.133495697e+02 +2.3223e+00 -1.4616e+00 -2.0914e+00 +3.9610e-01 +1.6411e+00 -8.1417e-01 -8.4659e-01 +3.9807e-01 +4.0653e-01 -8.1385e-01
61328 0 +1.990858666e+01 -1.136814133e+02 -1.136814133e+02 +2.3282e+00 -1.4607e+00 -2.0910e+00 +4.0066e-01 +1.6441e+00 -8.1339e-01 -8.4936e-01 +4.0206e-01 +4.0692e-01 -8.1110e-01
61395 0 +1.938136839e+01 -1.142086316e+02 -1.142086316e+02 +2.3364e+00 -1.4621e+00 -2.0904e+00 +4.0117e-01 +1.6408e+00 -8.0997e-01 -8.4721e-01 +3.9383e-01 +4.1067e-01 -8.1541e-01
% f evaluations | g evaluations | best noise-free fitness - Fopt (1.741400000000e+02) + sum g_i+ | measured fitness | best measured fitness or single-digit g-values | x1 | x2...
1 0 +2.512907208e+02 +4.254307208e+02 +4.254307208e+02 +1.6667e+00 +1.6667e+00 +1.6667e+00 +1.6667e+00 +1.6667e+00 +1.6667e+00 +1.6667e+00 +1.6667e+00 +1.6667e+00 +1.6667e+00
2 0 +2.055727382e+02 +3.797127382e+02 +3.797127382e+02 -1.6667e+00 -1.6667e+00 -1.6667e+00 -1.6667e+00 -1.6667e+00 -1.6667e+00 -1.6667e+00 -1.6667e+00 -1.6667e+00 -1.6667e+00
10 0 +1.916295749e+02 +3.657695749e+02 +3.657695749e+02 -1.6667e+00 -1.6667e+00 +3.3333e+00 -1.6667e+00 -1.6667e+00 -1.6667e+00 -1.6667e+00 -1.6667e+00 -1.6667e+00 -1.6667e+00
32 0 +1.727671989e+02 +3.469071989e+02 +3.469071989e+02 -1.6892e+00 -1.6588e+00 +3.3517e+00 -1.6658e+00 -1.6608e+00 -1.6578e+00 -1.6584e+00 -1.6471e+00 -1.6574e+00 -1.6647e+00
61 0 +1.539000844e+02 +3.280400844e+02 +3.280400844e+02 -1.7110e+00 -1.6437e+00 +3.3675e+00 -1.6497e+00 -1.6424e+00 -1.6655e+00 -1.6826e+00 -1.6455e+00 -1.6851e+00 -1.6687e+00
90 0 +1.372604513e+02 +3.114004513e+02 +3.114004513e+02 -1.7054e+00 -1.6370e+00 +3.3713e+00 -1.6485e+00 -1.6125e+00 -1.6677e+00 -1.6867e+00 -1.6202e+00 -1.6736e+00 -1.6532e+00
104 0 +1.297062004e+02 +3.038462004e+02 +3.038462004e+02 -1.6727e+00 -1.6612e+00 +3.3736e+00 -1.6304e+00 -1.6023e+00 -1.6927e+00 -1.6975e+00 -1.5912e+00 -1.6462e+00 -1.6342e+00
121 0 +1.216479089e+02 +2.957879089e+02 +2.957879089e+02 -1.6642e+00 -1.6492e+00 +3.3617e+00 -1.6222e+00 -1.6198e+00 -1.6814e+00 -1.6913e+00 -1.6044e+00 -1.6531e+00 -1.6432e+00
150 0 +1.195410174e+02 +2.936810174e+02 +2.936810174e+02 -1.6637e+00 -1.6494e+00 +3.3685e+00 -1.6055e+00 -1.6222e+00 -1.6984e+00 -1.6942e+00 -1.5976e+00 -1.6467e+00 -1.6359e+00
179 0 +1.173723560e+02 +2.915123560e+02 +2.915123560e+02 -1.6707e+00 -1.6441e+00 +3.3618e+00 -1.5884e+00 -1.6241e+00 -1.6939e+00 -1.6880e+00 -1.6113e+00 -1.6340e+00 -1.6355e+00
436 0 +1.136046174e+02 +2.877446174e+02 +2.877446174e+02 +1.6667e+00 -3.3333e+00 +1.6667e+00 +1.6667e+00 -3.3333e+00 -3.3333e+00 +1.6667e+00 -3.3333e+00 +1.6667e+00 +1.6667e+00
459 0 +9.365250246e+01 +2.677925025e+02 +2.677925025e+02 +1.6532e+00 -3.3382e+00 +1.6750e+00 +1.6598e+00 -3.3318e+00 -3.3192e+00 +1.6804e+00 -3.3157e+00 +1.6893e+00 +1.6716e+00
472 0 +9.097347825e+01 +2.651134782e+02 +2.651134782e+02 +1.6290e+00 -3.3473e+00 +1.6919e+00 +1.6596e+00 -3.3281e+00 -3.3216e+00 +1.6673e+00 -3.3060e+00 +1.6901e+00 +1.6896e+00
488 0 +8.354739270e+01 +2.576873927e+02 +2.576873927e+02 +1.6388e+00 -3.3483e+00 +1.6802e+00 +1.6574e+00 -3.3051e+00 -3.3202e+00 +1.6600e+00 -3.3324e+00 +1.6913e+00 +1.6836e+00
505 0 +8.104680571e+01 +2.551868057e+02 +2.551868057e+02 +1.6382e+00 -3.3417e+00 +1.6940e+00 +1.6538e+00 -3.3141e+00 -3.3204e+00 +1.6617e+00 -3.3354e+00 +1.6899e+00 +1.6908e+00
532 0 +7.885620524e+01 +2.529962052e+02 +2.529962052e+02 +1.5982e+00 -3.3279e+00 +1.6922e+00 +1.6359e+00 -3.3082e+00 -3.3092e+00 +1.6479e+00 -3.3646e+00 +1.7000e+00 +1.6880e+00
549 0 +7.391870158e+01 +2.480587016e+02 +2.480587016e+02 +1.6079e+00 -3.3356e+00 +1.6923e+00 +1.6441e+00 -3.3017e+00 -3.3215e+00 +1.6411e+00 -3.3492e+00 +1.7069e+00 +1.6831e+00
608 0 +7.238871168e+01 +2.465287117e+02 +2.465287117e+02 +1.6139e+00 -3.3287e+00 +1.6831e+00 +1.6510e+00 -3.3112e+00 -3.3146e+00 +1.6424e+00 -3.3512e+00 +1.7105e+00 +1.6935e+00
5038 0 +7.030548331e+01 +2.444454833e+02 +2.444454833e+02 +4.1667e-01 -3.3333e+00 +1.6667e+00 +1.6667e+00 -8.3333e-01 -2.0833e+00 +1.6667e+00 -8.3333e-01 +1.6667e+00 -2.0833e+00
5556 0 +6.900056389e+01 +2.431405639e+02 +2.431405639e+02 +4.1667e-01 -3.4115e+00 +1.6667e+00 +1.6667e+00 -8.3333e-01 -2.0833e+00 +1.6667e+00 -8.3333e-01 +1.6667e+00 -2.0833e+00
5575 0 +5.234608387e+01 +2.264860839e+02 +2.264860839e+02 +4.2729e-01 -3.3927e+00 +1.6685e+00 +1.6515e+00 -8.3436e-01 -2.0860e+00 +1.6756e+00 -8.5866e-01 +1.6598e+00 -2.0740e+00
5588 0 +4.760037816e+01 +2.217403782e+02 +2.217403782e+02 +4.2731e-01 -3.3836e+00 +1.6443e+00 +1.6361e+00 -8.2368e-01 -2.0859e+00 +1.6836e+00 -8.7999e-01 +1.6552e+00 -2.0725e+00
5604 0 +4.016325503e+01 +2.143032550e+02 +2.143032550e+02 +4.0490e-01 -3.3972e+00 +1.6606e+00 +1.6401e+00 -8.1772e-01 -2.0669e+00 +1.6821e+00 -8.7003e-01 +1.6643e+00 -2.0759e+00
5618 0 +3.712359408e+01 +2.112635941e+02 +2.112635941e+02 +3.9223e-01 -3.4040e+00 +1.6663e+00 +1.6431e+00 -8.1676e-01 -2.0652e+00 +1.6728e+00 -8.7125e-01 +1.6573e+00 -2.0745e+00
5633 0 +3.145196095e+01 +2.055919609e+02 +2.055919609e+02 +3.8997e-01 -3.3972e+00 +1.6624e+00 +1.6221e+00 -8.0907e-01 -2.0611e+00 +1.6823e+00 -9.0032e-01 +1.6519e+00 -2.0706e+00
5650 0 +2.888302723e+01 +2.030230272e+02 +2.030230272e+02 +3.8009e-01 -3.4024e+00 +1.6670e+00 +1.6205e+00 -8.0064e-01 -2.0710e+00 +1.6801e+00 -8.9259e-01 +1.6503e+00 -2.0728e+00
5667 0 +2.798178966e+01 +2.021217897e+02 +2.021217897e+02 +3.8455e-01 -3.4030e+00 +1.6666e+00 +1.6218e+00 -8.0344e-01 -2.0693e+00 +1.6800e+00 -8.9822e-01 +1.6474e+00 -2.0778e+00
5709 0 +2.749155772e+01 +2.016315577e+02 +2.016315577e+02 +3.8314e-01 -3.4170e+00 +1.6726e+00 +1.6164e+00 -8.0503e-01 -2.0801e+00 +1.7018e+00 -8.9645e-01 +1.6328e+00 -2.0889e+00
% f evaluations | g evaluations | best noise-free fitness - Fopt (1.496600000000e+02) + sum g_i+ | measured fitness | best measured fitness or single-digit g-values | x1 | x2...
1 0 +2.394885235e+02 +3.891485235e+02 +3.891485235e+02 +1.6667e+00 +1.6667e+00 +1.6667e+00 +1.6667e+00 +1.6667e+00 +1.6667e+00 +1.6667e+00 +1.6667e+00 +1.6667e+00 +1.6667e+00
2 0 +2.239333051e+02 +3.735933051e+02 +3.735933051e+02 -1.6667e+00 -1.6667e+00 -1.6667e+00 -1.6667e+00 -1.6667e+00 -1.6667e+00 -1.6667e+00 -1.6667e+00 -1.6667e+00 -1.6667e+00
4 0 +2.167997987e+02 +3.664597987e+02 +3.664597987e+02 +3.3333e+00 -1.6667e+00 -1.6667e+00 -1.6667e+00 -1.6667e+00 -1.6667e+00 -1.6667e+00 -1.6667e+00 -1.6667e+00 -1.6667e+00
6 0 +1.585014201e+02 +3.081614201e+02 +3.081614201e+02 +3.3333e+00 +3.3333e+00 -1.6667e+00 -1.6667e+00 -1.6667e+00 -1.6667e+00 -1.6667e+00 -1.6667e+00 -1.6667e+00 -1.6667e+00
27 0 +1.409796268e+02 +2.906396268e+02 +2.906396268e+02 +3.2987e+00 +3.3491e+00 -1.6617e+00 -1.6622e+00 -1.6557e+00 -1.6737e+00 -1.6184e+00 -1.7021e+00 -1.6616e+00 -1.6355e+00
40 0 +1.193750885e+02 +2.690350885e+02 +2.690350885e+02 +3.2891e+00 +3.3573e+00 -1.6522e+00 -1.6788e+00 -1.6543e+00 -1.6732e+00 -1.6011e+00 -1.7246e+00 -1.6470e+00 -1.6392e+00
56 0 +1.049514926e+02 +2.546114926e+02 +2.546114926e+02 +3.2932e+00 +3.3598e+00 -1.6617e+00 -1.6771e+00 -1.6395e+00 -1.6523e+00 -1.5786e+00 -1.7376e+00 -1.6461e+00 -1.6284e+00
70 0 +1.017858131e+02 +2.514458131e+02 +2.514458131e+02 +3.2974e+00 +3.3604e+00 -1.6674e+00 -1.6727e+00 -1.6294e+00 -1.6540e+00 -1.5824e+00 -1.7491e+00 -1.6382e+00 -1.6257e+00
98 0 +9.511270096e+01 +2.447727010e+02 +2.447727010e+02 +3.3136e+00 +3.3539e+00 -1.6706e+00 -1.6815e+00 -1.6338e+00 -1.6550e+00 -1.5913e+00 -1.7572e+00 -1.6452e+00 -1.6470e+00
113 0 +9.047169618e+01 +2.401316962e+02 +2.401316962e+02 +3.3268e+00 +3.3309e+00 -1.6794e+00 -1.6694e+00 -1.6251e+00 -1.6575e+00 -1.5811e+00 -1.7782e+00 -1.6441e+00 -1.6473e+00
127 0 +8.779012559e+01 +2.374501256e+02 +2.374501256e+02 +3.3260e+00 +3.3261e+00 -1.6896e+00 -1.6776e+00 -1.6158e+00 -1.6597e+00 -1.5763e+00 -1.7864e+00 -1.6400e+00 -1.6484e+00
141 0 +8.643739852e+01 +2.360973985e+02 +2.360973985e+02 +3.3366e+00 +3.2915e+00 -1.6978e+00 -1.7012e+00 -1.6177e+00 -1.6719e+00 -1.5668e+00 -1.7976e+00 -1.6335e+00 -1.6503e+00
170 0 +8.489208703e+01 +2.345520870e+02 +2.345520870e+02 +3.3596e+00 +3.3090e+00 -1.7015e+00 -1.6870e+00 -1.6213e+00 -1.6685e+00 -1.5618e+00 -1.7964e+00 -1.6213e+00 -1.6925e+00
182 0 +8.119781361e+01 +2.308578136e+02 +2.308578136e+02 +3.3698e+00 +3.2977e+00 -1.6727e+00 -1.7010e+00 -1.5998e+00 -1.6748e+00 -1.5428e+00 -1.7759e+00 -1.6102e+00 -1.6883e+00
209 0 +7.871988386e+01 +2.283798839e+02 +2.283798839e+02 +3.3644e+00 +3.2883e+00 -1.6899e+00 -1.7041e+00 -1.5973e+00 -1.6750e+00 -1.5548e+00 -1.8031e+00 -1.6239e+00 -1.6761e+00
2689 0 +7.292569797e+01 +2.225856980e+02 +2.225856980e+02 -1.6667e+00 -4.1667e-01 +8.3333e-01 -1.6667e+00 -1.6667e+00 +8.3333e-01 +8.3333e-01 +2.0833e+00 +8.3333e-01 +8.3333e-01
2716 0 +6.247794790e+01 +2.121379479e+02 +2.121379479e+02 -1.6731e+00 -4.2180e-01 +8.3603e-01 -1.6554e+00 -1.6641e+00 +8.2664e-01 +8.4114e-01 +2.0854e+00 +8.3531e-01 +8.4150e-01
2728 0 +5.196329141e+01 +2.016232914e+02 +2.016232914e+02 -1.6738e+00 -4.3905e-01 +8.3660e-01 -1.6380e+00 -1.6592e+00 +8.2269e-01 +8.4887e-01 +2.1056e+00 +8.2423e-01 +8.5969e-01
2744 0 +4.698614083e+01 +1.966461408e+02 +1.966461408e+02 -1.6821e+00 -4.3601e-01 +8.3917e-01 -1.6497e+00 -1.6626e+00 +7.9889e-01 +8.3583e-01 +2.1221e+00 +8.2200e-01 +8.4182e-01
2757 0 +4.493501543e+01 +1.945950154e+02 +1.945950154e+02 -1.6886e+00 -4.3300e-01 +8.3577e-01 -1.6567e+00 -1.6643e+00 +7.9398e-01 +8.4593e-01 +2.1336e+00 +8.1862e-01 +8.3995e-01
2772 0 +2.830287150e+01 +1.779628715e+02 +1.779628715e+02 -1.6808e+00 -4.4371e-01 +8.3098e-01 -1.6486e+00 -1.6651e+00 +7.9114e-01 +8.4610e-01 +2.1570e+00 +8.2891e-01 +8.6524e-01
2784 0 +2.084021795e+01 +1.705002179e+02 +1.705002179e+02 -1.6735e+00 -4.5432e-01 +8.1310e-01 -1.6601e+00 -1.7043e+00 +7.8658e-01 +8.6275e-01 +2.1988e+00 +8.7366e-01 +8.7144e-01
2802 0 +1.555247458e+01 +1.652124746e+02 +1.652124746e+02 -1.6763e+00 -4.5800e-01 +8.0844e-01 -1.6587e+00 -1.7074e+00 +7.8369e-01 +8.7360e-01 +2.1962e+00 +8.6175e-01 +8.6358e-01
2815 0 +1.517374929e+01 +1.648337493e+02 +1.648337493e+02 -1.6800e+00 -4.6336e-01 +7.9218e-01 -1.6612e+00 -1.6998e+00 +7.8123e-01 +8.7457e-01 +2.1944e+00 +8.6312e-01 +8.6102e-01
2829 0 +1.374587212e+01 +1.634058721e+02 +1.634058721e+02 -1.6731e+00 -4.9440e-01 +7.6235e-01 -1.6722e+00 -1.7160e+00 +7.7398e-01 +8.7941e-01 +2.1765e+00 +8.7200e-01 +8.5992e-01
2846 0 +1.336696356e+01 +1.630269636e+02 +1.630269636e+02 -1.6616e+00 -4.8556e-01 +7.7157e-01 -1.6561e+00 -1.7160e+00 +7.8013e-01 +8.7727e-01 +2.1709e+00 +8.7325e-01 +8.5210e-01
2859 0 +1.313735327e+01 +1.627973533e+02 +1.627973533e+02 -1.6612e+00 -4.8034e-01 +7.7813e-01 -1.6596e+00 -1.7112e+00 +7.8298e-01 +8.7525e-01 +2.1645e+00 +8.7067e-01 +8.5464e-01
2884 0 +1.274851675e+01 +1.624085168e+02 +1.624085168e+02 -1.6696e+00 -4.8841e-01 +7.7729e-01 -1.6716e+00 -1.7030e+00 +7.7905e-01 +8.7875e-01 +2.1783e+00 +8.7530e-01 +8.5352e-01
2896 0 +1.245791074e+01 +1.621179107e+02 +1.621179107e+02 -1.6666e+00 -4.7531e-01 +7.7270e-01 -1.6670e+00 -1.7102e+00 +7.7004e-01 +8.7653e-01 +2.1797e+00 +8.6912e-01 +8.6251e-01
2909 0 +1.171997191e+01 +1.613799719e+02 +1.613799719e+02 -1.6730e+00 -4.7590e-01 +7.7574e-01 -1.6617e+00 -1.7138e+00 +7.7962e-01 +8.7113e-01 +2.1742e+00 +8.6702e-01 +8.6150e-01
% f evaluations | g evaluations | best noise-free fitness - Fopt (-4.425600000000e+02) + sum g_i+ | measured fitness | best measured fitness or single-digit g-values | x1 | x2...
1 0 +2.689805933e+02 -1.735794067e+02 -1.735794067e+02 +1.6667e+00 +1.6667e+00 +1.6667e+00 +1.6667e+00 +1.6667e+00 +1.6667e+00 +1.6667e+00 +1.6667e+00 +1.6667e+00 +1.6667e+00
2 0 +2.041795593e+02 -2.383804407e+02 -2.383804407e+02 -1.6667e+00 -1.6667e+00 -1.6667e+00 -1.6667e+00 -1.6667e+00 -1.6667e+00 -1.6667e+00 -1.6667e+00 -1.6667e+00 -1.6667e+00
3 0 +1.957528378e+02 -2.468071622e+02 -2.468071622e+02 -3.3333e+00 +1.6667e+00 +1.6667e+00 +1.6667e+00 +1.6667e+00 +1.6667e+00 +1.6667e+00 +1.6667e+00 +1.6667e+00 +1.6667e+00
5 0 +1.852142904e+02 -2.573457096e+02 -2.573457096e+02 -3.3333e+00 -3.3333e+00 +1.6667e+00 +1.6667e+00 +1.6667e+00 +1.6667e+00 +1.6667e+00 +1.6667e+00 +1.6667e+00 +1.6667e+00
22 0 +1.756145449e+02 -2.669454551e+02 -2.669454551e+02 -3.7821e+00 -2.4811e+00 +2.7489e+00 +8.3385e-01 +7.0112e-01 +2.4754e-01 +6.6436e-01 -2.2233e-01 +1.4263e+00 +1.9024e+00
41 0 +1.500020473e+02 -2.925579527e+02 -2.925579527e+02 -3.7231e+00 -2.2614e+00 +2.8273e+00 +1.0081e+00 +7.0892e-01 +2.8380e-01 +7.0779e-01 -4.8299e-01 +1.4460e+00 +1.9575e+00
59 0 +1.374664770e+02 -3.050935230e+02 -3.050935230e+02 -3.7166e+00 -2.2654e+00 +2.8267e+00 +1.0303e+00 +7.2616e-01 +3.1938e-01 +7.1049e-01 -4.6351e-01 +1.4517e+00 +1.9605e+00
73 0 +1.335710257e+02 -3.089889743e+02 -3.089889743e+02 -3.7179e+00 -2.2711e+00 +2.8280e+00 +1.0272e+00 +7.2746e-01 +3.2339e-01 +7.0557e-01 -4.5507e-01 +1.4517e+00 +1.9605e+00
88 0 +1.141328383e+02 -3.284271617e+02 -3.284271617e+02 -3.7154e+00 -2.2708e+00 +2.8341e+00 +1.0113e+00 +7.2011e-01 +3.1008e-01 +7.0148e-01 -4.6138e-01 +1.4444e+00 +1.9600e+00
101 0 +1.116905651e+02 -3.308694349e+02 -3.308694349e+02 -3.7126e+00 -2.2704e+00 +2.8500e+00 +9.5978e-01 +7.0928e-01 +3.4355e-01 +6.8170e-01 -4.6628e-01 +1.4092e+00 +2.0045e+00
118 0 +1.055916086e+02 -3.369683914e+02 -3.369683914e+02 -3.7217e+00 -2.2975e+00 +2.8397e+00 +9.6683e-01 +7.1602e-01 +3.2895e-01 +6.9787e-01 -4.8331e-01 +1.4165e+00 +2.0152e+00
146 0 +9.214228634e+01 -3.504177137e+02 -3.504177137e+02 -3.7327e+00 -2.2873e+00 +2.8790e+00 +9.5885e-01 +7.3020e-01 +3.2655e-01 +6.9546e-01 -4.6739e-01 +1.4241e+00 +2.0210e+00
163 0 +9.008125525e+01 -3.524787447e+02 -3.524787447e+02 -3.7334e+00 -2.2837e+00 +2.8666e+00 +9.6313e-01 +7.3533e-01 +3.2985e-01 +7.1084e-01 -4.6254e-01 +1.4233e+00 +2.0231e+00
193 0 +8.774382248e+01 -3.548161775e+02 -3.548161775e+02 -3.7306e+00 -2.2782e+00 +2.8671e+00 +9.5738e-01 +7.3750e-01 +3.1896e-01 +7.0817e-01 -4.6543e-01 +1.4225e+00 +2.0296e+00
248 0 +8.705342388e+01 -3.555065761e+02 -3.555065761e+02 -3.7371e+00 -2.2763e+00 +2.8654e+00 +9.5360e-01 +7.5946e-01 +3.1952e-01 +7.0205e-01 -4.6885e-01 +1.4258e+00 +2.0237e+00
553 0 +8.151067929e+01 -3.610493207e+02 -3.610493207e+02 -2.0833e+00 -2.0833e+00 -8.3333e-01 +1.6667e+00 +1.6667e+00 -3.3333e+00 +1.6667e+00 -8.3333e-01 +1.6667e+00 +1.6667e+00
583 0 +7.122942897e+01 -3.713305710e+02 -3.713305710e+02 -2.0843e+00 -2.0890e+00 -8.4632e-01 +1.6551e+00 +1.6666e+00 -3.3363e+00 +1.6679e+00 -8.2677e-01 +1.6677e+00 +1.6655e+00
596 0 +6.498111105e+01 -3.775788889e+02 -3.775788889e+02 -2.0812e+00 -2.0876e+00 -8.5813e-01 +1.6483e+00 +1.6711e+00 -3.3260e+00 +1.6645e+00 -8.2441e-01 +1.6694e+00 +1.6724e+00
611 0 +5.111006518e+01 -3.914499348e+02 -3.914499348e+02 -2.0708e+00 -2.0696e+00 -8.6609e-01 +1.6292e+00 +1.6735e+00 -3.3262e+00 +1.6594e+00 -8.4837e-01 +1.6719e+00 +1.6818e+00
623 0 +4.350644804e+01 -3.990535520e+02 -3.990535520e+02 -2.0286e+00 -2.0572e+00 -8.8449e-01 +1.5836e+00 +1.7076e+00 -3.3216e+00 +1.6459e+00 -8.7006e-01 +1.6719e+00 +1.6895e+00
640 0 +3.932747786e+01 -4.032325221e+02 -4.032325221e+02 -2.0443e+00 -2.0686e+00 -9.0388e-01 +1.5924e+00 +1.7167e+00 -3.3086e+00 +1.6559e+00 -8.8107e-01 +1.6860e+00 +1.6975e+00
667 0 +3.287994026e+01 -4.096800597e+02 -4.096800597e+02 -2.0666e+00 -2.0361e+00 -9.0800e-01 +1.5694e+00 +1.7951e+00 -3.3162e+00 +1.6436e+00 -8.8828e-01 +1.7256e+00 +1.6745e+00
681 0 +3.099394034e+01 -4.115660597e+02 -4.115660597e+02 -2.0926e+00 -2.0321e+00 -8.9587e-01 +1.5625e+00 +1.8089e+00 -3.3212e+00 +1.6369e+00 -8.7906e-01 +1.7144e+00 +1.6842e+00
698 0 +2.839460867e+01 -4.141653913e+02 -4.141653913e+02 -2.0816e+00 -2.0329e+00 -8.9528e-01 +1.5569e+00 +1.8089e+00 -3.3326e+00 +1.6360e+00 -8.7613e-01 +1.7068e+00 +1.6808e+00
710 0 +2.813880296e+01 -4.144211970e+02 -4.144211970e+02 -2.0851e+00 -2.0398e+00 -8.9040e-01 +1.5500e+00 +1.8287e+00 -3.3278e+00 +1.6430e+00 -8.8743e-01 +1.6802e+00 +1.6760e+00
723 0 +2.707542617e+01 -4.154845738e+02 -4.154845738e+02 -2.0849e+00 -2.0358e+00 -9.1113e-01 +1.5598e+00 +1.8178e+00 -3.3212e+00 +1.6254e+00 -8.9593e-01 +1.6576e+00 +1.6614e+00
737 0 +2.638824370e+01 -4.161717563e+02 -4.161717563e+02 -2.0803e+00 -2.0394e+00 -9.0704e-01 +1.5771e+00 +1.8052e+00 -3.3234e+00 +1.6268e+00 -8.8600e-01 +1.6612e+00 +1.6585e+00
750 0 +2.487790038e+01 -4.176820996e+02 -4.176820996e+02 -2.0501e+00 -2.0468e+00 -9.0051e-01 +1.5661e+00 +1.7734e+00 -3.3110e+00 +1.6415e+00 -8.8311e-01 +1.6990e+00 +1.6753e+00
768 0 +2.435223072e+01 -4.182077693e+02 -4.182077693e+02 -2.0596e+00 -2.0448e+00 -9.0306e-01 +1.5705e+00 +1.7788e+00 -3.3191e+00 +1.6449e+00 -8.8324e-01 +1.6969e+00 +1.6812e+00
779 0 +2.331004463e+01 -4.192499554e+02 -4.192499554e+02 -2.0672e+00 -2.0403e+00 -9.0183e-01 +1.5635e+00 +1.7958e+00 -3.3202e+00 +1.6391e+00 -8.8445e-01 +1.6904e+00 +1.6766e+00
% f evaluations | g evaluations | best noise-free fitness - Fopt (1.583000000000e+01) + sum g_i+ | measured fitness | best measured fitness or single-digit g-values | x1 | x2...
1 0 +1.946182469e+02 +2.104482469e+02 +2.104482469e+02 +1.6667e+00 +1.6667e+00 +1.6667e+00 +1.6667e+00 +1.6667e+00 +1.6667e+00 +1.6667e+00 +1.6667e+00 +1.6667e+00 +1.6667e+00
2 0 +1.836930312e+02 +1.995230312e+02 +1.995230312e+02 -1.6667e+00 -1.6667e+00 -1.6667e+00 -1.6667e+00 -1.6667e+00 -1.6667e+00 -1.6667e+00 -1.6667e+00 -1.6667e+00 -1.6667e+00
16 0 +1.496822324e+02 +1.655122324e+02 +1.655122324e+02 -1.6667e+00 +3.3333e+00 +3.3333e+00 -1.6667e+00 -1.6667e+00 -1.6667e+00 -1.6667e+00 -1.6667e+00 -1.6667e+00 -1.6667e+00
37 0 +1.415915893e+02 +1.574215893e+02 +1.574215893e+02 -1.6192e+00 +3.4847e+00 +3.4483e+00 -1.5418e+00 -1.4900e+00 -1.6016e+00 -1.6556e+00 -1.3811e+00 -1.5668e+00 -1.5718e+00
53 0 +1.392271963e+02 +1.550571963e+02 +1.550571963e+02 -1.8246e+00 +3.7400e+00 +3.2320e+00 -1.5359e+00 -1.4363e+00 -1.6001e+00 -1.6410e+00 -1.3340e+00 -1.6402e+00 -1.7301e+00
73 0 +1.323785838e+02 +1.482085838e+02 +1.482085838e+02 -1.8222e+00 +3.7323e+00 +3.2263e+00 -1.5406e+00 -1.4377e+00 -1.6016e+00 -1.6482e+00 -1.3324e+00 -1.6403e+00 -1.7329e+00
85 0 +1.236680818e+02 +1.394980818e+02 +1.394980818e+02 -1.8336e+00 +3.7262e+00 +3.2170e+00 -1.5436e+00 -1.4358e+00 -1.6040e+00 -1.6577e+00 -1.3151e+00 -1.6328e+00 -1.7376e+00
100 0 +1.159018688e+02 +1.317318688e+02 +1.317318688e+02 -1.8631e+00 +3.7337e+00 +3.2094e+00 -1.5277e+00 -1.4408e+00 -1.6045e+00 -1.6961e+00 -1.3055e+00 -1.6235e+00 -1.7449e+00
113 0 +1.078425336e+02 +1.236725336e+02 +1.236725336e+02 -1.8838e+00 +3.7208e+00 +3.2188e+00 -1.5323e+00 -1.4637e+00 -1.5892e+00 -1.7227e+00 -1.2901e+00 -1.6013e+00 -1.7531e+00
130 0 +1.047036683e+02 +1.205336683e+02 +1.205336683e+02 -1.8822e+00 +3.7050e+00 +3.2151e+00 -1.5482e+00 -1.4652e+00 -1.5877e+00 -1.7117e+00 -1.2914e+00 -1.6027e+00 -1.7628e+00
142 0 +9.968394731e+01 +1.155139473e+02 +1.155139473e+02 -1.8950e+00 +3.6977e+00 +3.2269e+00 -1.5516e+00 -1.4726e+00 -1.5791e+00 -1.7185e+00 -1.2907e+00 -1.5945e+00 -1.7742e+00
157 0 +9.008190142e+01 +1.059119014e+02 +1.059119014e+02 -1.9100e+00 +3.7128e+00 +3.2649e+00 -1.5688e+00 -1.4890e+00 -1.5663e+00 -1.7224e+00 -1.3017e+00 -1.5841e+00 -1.7842e+00
169 0 +8.324249712e+01 +9.907249712e+01 +9.907249712e+01 -1.9700e+00 +3.7057e+00 +3.3021e+00 -1.6150e+00 -1.4961e+00 -1.5437e+00 -1.7699e+00 -1.2887e+00 -1.5582e+00 -1.8167e+00
187 0 +8.219312187e+01 +9.802312187e+01 +9.802312187e+01 -1.9531e+00 +3.7082e+00 +3.2973e+00 -1.6178e+00 -1.4948e+00 -1.5513e+00 -1.7600e+00 -1.2908e+00 -1.5518e+00 -1.8314e+00
213 0 +8.091662341e+01 +9.674662341e+01 +9.674662341e+01 -1.9395e+00 +3.7118e+00 +3.2880e+00 -1.6115e+00 -1.4713e+00 -1.5596e+00 -1.7566e+00 -1.3000e+00 -1.5461e+00 -1.8275e+00
254 0 +7.909742750e+01 +9.492742750e+01 +9.492742750e+01 -1.9489e+00 +3.7116e+00 +3.2894e+00 -1.6122e+00 -1.4813e+00 -1.5565e+00 -1.7646e+00 -1.2977e+00 -1.5507e+00 -1.8162e+00
1397 0 +7.546390147e+01 +9.129390147e+01 +9.129390147e+01 -8.3333e-01 +4.1667e-01 +2.9167e+00 +2.9167e+00 +4.1667e-01 -2.0833e+00 -8.3333e-01 -2.0833e+00 -2.0833e+00 -2.0833e+00
1429 0 +6.760585943e+01 +8.343585943e+01 +8.343585943e+01 -8.3575e-01 +4.2710e-01 +2.9261e+00 +2.9275e+00 +4.1816e-01 -2.0823e+00 -8.4018e-01 -2.0869e+00 -2.0843e+00 -2.0857e+00
1458 0 +6.206290084e+01 +7.789290084e+01 +7.789290084e+01 -8.2357e-01 +4.2453e-01 +2.9398e+00 +2.9202e+00 +4.1700e-01 -2.0789e+00 -8.4256e-01 -2.0806e+00 -2.0831e+00 -2.1015e+00
1471 0 +6.049728362e+01 +7.632728362e+01 +7.632728362e+01 -8.2591e-01 +4.3085e-01 +2.9424e+00 +2.9124e+00 +4.1261e-01 -2.0785e+00 -8.3746e-01 -2.0809e+00 -2.0842e+00 -2.1166e+00
1486 0 +5.960386329e+01 +7.543386329e+01 +7.543386329e+01 -8.1362e-01 +4.3507e-01 +2.9697e+00 +2.9078e+00 +4.0379e-01 -2.0762e+00 -8.5505e-01 -2.0859e+00 -2.0747e+00 -2.1277e+00
1498 0 +5.556066353e+01 +7.139066353e+01 +7.139066353e+01 -8.2839e-01 +4.3171e-01 +2.9801e+00 +2.8948e+00 +4.0367e-01 -2.0895e+00 -8.6750e-01 -2.0913e+00 -2.0504e+00 -2.1379e+00
1511 0 +5.288645339e+01 +6.871645339e+01 +6.871645339e+01 -9.3315e-01 +4.3133e-01 +3.0757e+00 +2.7740e+00 +4.2764e-01 -2.0683e+00 -9.5402e-01 -2.1033e+00 -1.9722e+00 -2.2205e+00
1530 0 +4.412807485e+01 +5.995807485e+01 +5.995807485e+01 -9.2973e-01 +4.4738e-01 +3.0627e+00 +2.7679e+00 +4.0894e-01 -2.0642e+00 -9.5333e-01 -2.1060e+00 -1.9771e+00 -2.2177e+00
1556 0 +4.204404043e+01 +5.787404043e+01 +5.787404043e+01 -9.0462e-01 +4.3370e-01 +3.0231e+00 +2.8157e+00 +4.1834e-01 -2.0667e+00 -9.2297e-01 -2.1072e+00 -2.0161e+00 -2.1804e+00
1569 0 +3.627495357e+01 +5.210495357e+01 +5.210495357e+01 -9.0628e-01 +4.3908e-01 +3.0302e+00 +2.8033e+00 +4.1645e-01 -2.0582e+00 -9.1862e-01 -2.1032e+00 -2.0125e+00 -2.1618e+00
1597 0 +3.499334979e+01 +5.082334979e+01 +5.082334979e+01 -8.9397e-01 +4.4204e-01 +3.0367e+00 +2.8170e+00 +4.1057e-01 -2.0671e+00 -9.1182e-01 -2.0867e+00 -2.0333e+00 -2.1763e+00
1610 0 +3.350700684e+01 +4.933700684e+01 +4.933700684e+01 -9.0632e-01 +4.3412e-01 +3.0424e+00 +2.8126e+00 +4.0355e-01 -2.0671e+00 -9.1813e-01 -2.0872e+00 -2.0387e+00 -2.1748e+00
1635 0 +3.286115228e+01 +4.869115228e+01 +4.869115228e+01 -8.9169e-01 +4.4570e-01 +3.0320e+00 +2.8064e+00 +4.2392e-01 -2.0562e+00 -9.1551e-01 -2.1010e+00 -2.0237e+00 -2.1724e+00
1658 0 +3.231228685e+01 +4.814228685e+01 +4.814228685e+01 -8.9952e-01 +4.4055e-01 +3.0343e+00 +2.8108e+00 +4.1441e-01 -2.0551e+00 -9.1696e-01 -2.0949e+00 -2.0260e+00 -2.1755e+00
% f evaluations | g evaluations | best noise-free fitness - Fopt (-9.371200000000e+02) + sum g_i+ | measured fitness | best measured fitness or single-digit g-values | x1 | x2...
1 0 +1.980085704e+02 -7.391114296e+02 -7.391114296e+02 +1.6667e+00 +1.6667e+00 +1.6667e+00 +1.6667e+00 +1.6667e+00 +1.6667e+00 +1.6667e+00 +1.6667e+00 +1.6667e+00 +1.6667e+00
6 0 +1.882666224e+02 -7.488533776e+02 -7.488533776e+02 +3.3333e+00 +3.3333e+00 -1.6667e+00 -1.6667e+00 -1.6667e+00 -1.6667e+00 -1.6667e+00 -1.6667e+00 -1.6667e+00 -1.6667e+00
25 0 +1.762582454e+02 -7.608617546e+02 -7.608617546e+02 +3.3739e+00 +3.3882e+00 -1.6221e+00 -1.6355e+00 -1.6842e+00 -1.4558e+00 -1.7859e+00 -1.6519e+00 -1.6274e+00 -1.4847e+00
44 0 +1.508703561e+02 -7.862496439e+02 -7.862496439e+02 +3.3581e+00 +3.3941e+00 -1.6273e+00 -1.6542e+00 -1.6711e+00 -1.4330e+00 -1.7767e+00 -1.6545e+00 -1.6161e+00 -1.4809e+00
57 0 +1.348819957e+02 -8.022380043e+02 -8.022380043e+02 +3.3573e+00 +3.3991e+00 -1.6283e+00 -1.6708e+00 -1.6651e+00 -1.4055e+00 -1.7662e+00 -1.6465e+00 -1.6088e+00 -1.4646e+00
74 0 +1.272622462e+02 -8.098577538e+02 -8.098577538e+02 +3.3685e+00 +3.3918e+00 -1.6252e+00 -1.6682e+00 -1.6717e+00 -1.4064e+00 -1.7738e+00 -1.6414e+00 -1.6102e+00 -1.4562e+00
102 0 +1.234433770e+02 -8.136766230e+02 -8.136766230e+02 +3.3606e+00 +3.3673e+00 -1.6566e+00 -1.6715e+00 -1.6810e+00 -1.3991e+00 -1.7830e+00 -1.6206e+00 -1.5797e+00 -1.4591e+00
115 0 +1.211966259e+02 -8.159233741e+02 -8.159233741e+02 +3.3587e+00 +3.3542e+00 -1.6574e+00 -1.6793e+00 -1.6749e+00 -1.3969e+00 -1.7809e+00 -1.6183e+00 -1.5871e+00 -1.4663e+00
130 0 +1.092697055e+02 -8.278502945e+02 -8.278502945e+02 +3.3597e+00 +3.3436e+00 -1.6503e+00 -1.6702e+00 -1.6692e+00 -1.3616e+00 -1.7846e+00 -1.6186e+00 -1.5911e+00 -1.4610e+00
157 0 +1.070941857e+02 -8.300258143e+02 -8.300258143e+02 +3.3724e+00 +3.2793e+00 -1.6716e+00 -1.6732e+00 -1.6632e+00 -1.2975e+00 -1.8052e+00 -1.5748e+00 -1.5691e+00 -1.5055e+00
183 0 +1.033043356e+02 -8.338156644e+02 -8.338156644e+02 +3.3792e+00 +3.3158e+00 -1.6791e+00 -1.6707e+00 -1.6524e+00 -1.3080e+00 -1.8285e+00 -1.5630e+00 -1.5879e+00 -1.5191e+00
212 0 +1.022455723e+02 -8.348744277e+02 -8.348744277e+02 +3.3717e+00 +3.3147e+00 -1.6810e+00 -1.6748e+00 -1.6525e+00 -1.3237e+00 -1.8222e+00 -1.5699e+00 -1.5844e+00 -1.5025e+00
1281 0 +9.275291700e+01 -8.443670830e+02 -8.443670830e+02 +1.6667e+00 +4.1667e-01 -2.0833e+00 +1.6667e+00 +1.6667e+00 -3.3333e+00 -2.0833e+00 -8.3333e-01 +1.6667e+00 -8.3333e-01
1311 0 +9.009055796e+01 -8.470294420e+02 -8.470294420e+02 +1.6578e+00 +4.2008e-01 -2.0862e+00 +1.6595e+00 +1.6729e+00 -3.3348e+00 -2.0846e+00 -8.4424e-01 +1.6712e+00 -8.4091e-01
1323 0 +8.157401409e+01 -8.555459859e+02 -8.555459859e+02 +1.6608e+00 +4.1981e-01 -2.0761e+00 +1.6554e+00 +1.6777e+00 -3.3377e+00 -2.0882e+00 -8.5709e-01 +1.6644e+00 -8.4353e-01
1338 0 +6.590245693e+01 -8.712175431e+02 -8.712175431e+02 +1.6629e+00 +4.2370e-01 -2.0489e+00 +1.6636e+00 +1.6834e+00 -3.3371e+00 -2.0935e+00 -8.7373e-01 +1.6451e+00 -8.4905e-01
1352 0 +5.841720925e+01 -8.787027908e+02 -8.787027908e+02 +1.6627e+00 +4.2643e-01 -2.0422e+00 +1.6775e+00 +1.6796e+00 -3.3339e+00 -2.0901e+00 -8.6516e-01 +1.6394e+00 -8.4844e-01
1367 0 +4.606608528e+01 -8.910539147e+02 -8.910539147e+02 +1.6669e+00 +4.2491e-01 -2.0334e+00 +1.6870e+00 +1.6865e+00 -3.3576e+00 -2.0767e+00 -8.6558e-01 +1.6349e+00 -8.7221e-01
1380 0 +4.332959337e+01 -8.937904066e+02 -8.937904066e+02 +1.6801e+00 +4.3008e-01 -2.0230e+00 +1.7061e+00 +1.6981e+00 -3.3726e+00 -2.0702e+00 -8.7749e-01 +1.6522e+00 -8.7892e-01
1396 0 +3.770618465e+01 -8.994138154e+02 -8.994138154e+02 +1.6783e+00 +4.5086e-01 -2.0083e+00 +1.6898e+00 +1.7071e+00 -3.3529e+00 -2.0581e+00 -8.7920e-01 +1.6483e+00 -8.7567e-01
1409 0 +3.562083637e+01 -9.014991636e+02 -9.014991636e+02 +1.6653e+00 +4.6198e-01 -1.9903e+00 +1.6804e+00 +1.6928e+00 -3.3595e+00 -2.0775e+00 -8.6670e-01 +1.6400e+00 -8.7244e-01
1423 0 +3.466991225e+01 -9.024500877e+02 -9.024500877e+02 +1.6749e+00 +4.7831e-01 -1.9716e+00 +1.6834e+00 +1.6939e+00 -3.3780e+00 -2.0703e+00 -8.7316e-01 +1.6497e+00 -8.7531e-01
1437 0 +3.263996992e+01 -9.044800301e+02 -9.044800301e+02 +1.6679e+00 +4.7824e-01 -1.9649e+00 +1.6885e+00 +1.6995e+00 -3.3935e+00 -2.0602e+00 -8.8323e-01 +1.6478e+00 -8.6375e-01
1451 0 +3.052982890e+01 -9.065901711e+02 -9.065901711e+02 +1.6579e+00 +4.7878e-01 -1.9748e+00 +1.6929e+00 +1.6718e+00 -3.4017e+00 -2.0511e+00 -9.0726e-01 +1.6420e+00 -8.5644e-01
1463 0 +2.902457255e+01 -9.080954274e+02 -9.080954274e+02 +1.6721e+00 +4.4717e-01 -1.9842e+00 +1.7040e+00 +1.6931e+00 -3.3632e+00 -2.0684e+00 -8.7466e-01 +1.6511e+00 -8.9152e-01
1489 0 +2.705940069e+01 -9.100605993e+02 -9.100605993e+02 +1.6729e+00 +4.7096e-01 -1.9975e+00 +1.7015e+00 +1.7055e+00 -3.3679e+00 -2.0857e+00 -8.6164e-01 +1.6376e+00 -8.8760e-01
1501 0 +2.678124476e+01 -9.103387552e+02 -9.103387552e+02 +1.6566e+00 +4.6435e-01 -1.9681e+00 +1.6914e+00 +1.6860e+00 -3.3733e+00 -2.0688e+00 -8.7287e-01 +1.6463e+00 -8.7995e-01
1512 0 +2.591650989e+01 -9.112034901e+02 -9.112034901e+02 +1.6636e+00 +4.6761e-01 -1.9792e+00 +1.6974e+00 +1.6932e+00 -3.3713e+00 -2.0751e+00 -8.6930e-01 +1.6429e+00 -8.8511e-01
% f evaluations | g evaluations | best noise-free fitness - Fopt (-1.553000000000e+01) + sum g_i+ | measured fitness | best measured fitness or single-digit g-values | x1 | x2...
1 0 +1.912163605e+02 +1.756863605e+02 +1.756863605e+02 +1.6667e+00 +1.6667e+00 +1.6667e+00 +1.6667e+00 +1.6667e+00 +1.6667e+00 +1.6667e+00 +1.6667e+00 +1.6667e+00 +1.6667e+00
3 0 +1.513606865e+02 +1.358306865e+02 +1.358306865e+02 -3.3333e+00 +1.6667e+00 +1.6667e+00 +1.6667e+00 +1.6667e+00 +1.6667e+00 +1.6667e+00 +1.6667e+00 +1.6667e+00 +1.6667e+00
24 0 +1.384267354e+02 +1.228967354e+02 +1.228967354e+02 -3.3199e+00 +1.6784e+00 +1.6773e+00 +1.6580e+00 +1.6748e+00 +1.6628e+00 +1.6773e+00 +1.6763e+00 +1.6444e+00 +1.6502e+00
36 0 +1.251604240e+02 +1.096304240e+02 +1.096304240e+02 -3.3306e+00 +1.6851e+00 +1.7055e+00 +1.6571e+00 +1.6772e+00 +1.6707e+00 +1.6976e+00 +1.6825e+00 +1.6363e+00 +1.6548e+00
53 0 +1.156723349e+02 +1.001423349e+02 +1.001423349e+02 -3.3375e+00 +1.6764e+00 +1.7082e+00 +1.6597e+00 +1.6748e+00 +1.6786e+00 +1.7014e+00 +1.6757e+00 +1.6470e+00 +1.6584e+00
67 0 +1.132582852e+02 +9.772828517e+01 +9.772828517e+01 -3.3393e+00 +1.6803e+00 +1.7159e+00 +1.6578e+00 +1.6580e+00 +1.6832e+00 +1.7235e+00 +1.6645e+00 +1.6605e+00 +1.6550e+00
83 0 +1.110797741e+02 +9.554977412e+01 +9.554977412e+01 -3.3318e+00 +1.6833e+00 +1.7256e+00 +1.6562e+00 +1.6580e+00 +1.6917e+00 +1.7478e+00 +1.6736e+00 +1.6498e+00 +1.6418e+00
111 0 +1.046519246e+02 +8.912192461e+01 +8.912192461e+01 -3.3555e+00 +1.6835e+00 +1.7188e+00 +1.6580e+00 +1.6590e+00 +1.6967e+00 +1.7824e+00 +1.6953e+00 +1.6713e+00 +1.6373e+00
140 0 +9.897435381e+01 +8.344435381e+01 +8.344435381e+01 -3.3720e+00 +1.6754e+00 +1.7232e+00 +1.6448e+00 +1.6480e+00 +1.6865e+00 +1.7771e+00 +1.7074e+00 +1.6731e+00 +1.6124e+00
185 0 +9.715827166e+01 +8.162827166e+01 +8.162827166e+01 -3.3665e+00 +1.6707e+00 +1.7250e+00 +1.6695e+00 +1.6436e+00 +1.6860e+00 +1.7761e+00 +1.7031e+00 +1.6726e+00 +1.6115e+00
826 0 +8.488607483e+01 +6.935607483e+01 +6.935607483e+01 -8.3333e-01 +1.6667e+00 -8.3333e-01 +1.6667e+00 +1.6667e+00 -3.3333e+00 +1.6667e+00 -3.3333e+00 +1.6667e+00 +1.6667e+00
867 0 +7.241306119e+01 +5.688306119e+01 +5.688306119e+01 -8.0252e-01 +1.6435e+00 -8.0700e-01 +1.6833e+00 +1.6575e+00 -3.2958e+00 +1.6783e+00 -3.3281e+00 +1.6707e+00 +1.6606e+00
883 0 +5.644357304e+01 +4.091357304e+01 +4.091357304e+01 -8.2151e-01 +1.6539e+00 -8.0124e-01 +1.6840e+00 +1.6648e+00 -3.3107e+00 +1.6953e+00 -3.3238e+00 +1.6674e+00 +1.6822e+00
897 0 +5.395295189e+01 +3.842295189e+01 +3.842295189e+01 -8.2114e-01 +1.6630e+00 -7.9508e-01 +1.6793e+00 +1.6687e+00 -3.3221e+00 +1.7038e+00 -3.3225e+00 +1.6622e+00 +1.6809e+00
912 0 +4.222041200e+01 +2.669041200e+01 +2.669041200e+01 -8.0850e-01 +1.6508e+00 -7.7571e-01 +1.6781e+00 +1.6706e+00 -3.3167e+00 +1.7096e+00 -3.3398e+00 +1.6810e+00 +1.6684e+00
926 0 +3.987504203e+01 +2.434504203e+01 +2.434504203e+01 -8.0028e-01 +1.6497e+00 -7.7098e-01 +1.6788e+00 +1.6636e+00 -3.3148e+00 +1.7239e+00 -3.3441e+00 +1.6820e+00 +1.6732e+00
941 0 +3.877333492e+01 +2.324333492e+01 +2.324333492e+01 -8.0078e-01 +1.6515e+00 -7.5279e-01 +1.6730e+00 +1.6792e+00 -3.3181e+00 +1.7408e+00 -3.3219e+00 +1.6799e+00 +1.6858e+00
954 0 +3.724912417e+01 +2.171912417e+01 +2.171912417e+01 -8.0353e-01 +1.6472e+00 -7.5612e-01 +1.6604e+00 +1.6852e+00 -3.3284e+00 +1.7464e+00 -3.3233e+00 +1.6840e+00 +1.6872e+00
967 0 +3.557944259e+01 +2.004944259e+01 +2.004944259e+01 -7.8966e-01 +1.6178e+00 -7.5515e-01 +1.6052e+00 +1.6690e+00 -3.3350e+00 +1.7522e+00 -3.3039e+00 +1.6948e+00 +1.7055e+00
981 0 +3.447422026e+01 +1.894422026e+01 +1.894422026e+01 -7.8007e-01 +1.6186e+00 -7.4639e-01 +1.5997e+00 +1.6740e+00 -3.3332e+00 +1.7621e+00 -3.3114e+00 +1.7001e+00 +1.7131e+00
994 0 +3.325755243e+01 +1.772755243e+01 +1.772755243e+01 -7.6811e-01 +1.6353e+00 -7.6305e-01 +1.6128e+00 +1.6830e+00 -3.3258e+00 +1.7500e+00 -3.3207e+00 +1.7009e+00 +1.7169e+00
1008 0 +3.307728812e+01 +1.754728812e+01 +1.754728812e+01 -7.7628e-01 +1.6435e+00 -7.6137e-01 +1.6230e+00 +1.6810e+00 -3.3210e+00 +1.7362e+00 -3.3374e+00 +1.6842e+00 +1.7148e+00
1021 0 +3.233536914e+01 +1.680536914e+01 +1.680536914e+01 -7.8471e-01 +1.6370e+00 -7.5778e-01 +1.6460e+00 +1.6721e+00 -3.3322e+00 +1.7413e+00 -3.3340e+00 +1.6830e+00 +1.7012e+00
1056 0 +3.142894320e+01 +1.589894320e+01 +1.589894320e+01 -7.8621e-01 +1.6357e+00 -7.5742e-01 +1.6337e+00 +1.6740e+00 -3.3282e+00 +1.7494e+00 -3.3255e+00 +1.6900e+00 +1.7009e+00
% f evaluations | g evaluations | best noise-free fitness - Fopt (1.568800000000e+02) + sum g_i+ | measured fitness | best measured fitness or single-digit g-values | x1 | x2...
1 0 +1.996730123e+02 +3.565530123e+02 +3.565530123e+02 +1.6667e+00 +1.6667e+00 +1.6667e+00 +1.6667e+00 +1.6667e+00 +1.6667e+00 +1.6667e+00 +1.6667e+00 +1.6667e+00 +1.6667e+00
6 0 +1.966643736e+02 +3.535443736e+02 +3.535443736e+02 +3.3333e+00 +3.3333e+00 -1.6667e+00 -1.6667e+00 -1.6667e+00 -1.6667e+00 -1.6667e+00 -1.6667e+00 -1.6667e+00 -1.6667e+00
22 0 +1.876910040e+02 +3.445710040e+02 +3.445710040e+02 -1.6667e+00 -1.6667e+00 +3.3333e+00 -1.6667e+00 -1.6667e+00 -1.6667e+00 -1.6667e+00 -1.6667e+00 -1.6667e+00 -1.6667e+00
40 0 +1.840213200e+02 +3.409013200e+02 +3.409013200e+02 -7.4875e-01 -1.9498e+00 +1.7547e+00 -1.9842e+00 -7.7135e-01 -1.8417e+00 -1.3647e+00 -1.8816e+00 -7.1235e-02 -9.6292e-01
54 0 +1.619965293e+02 +3.188765293e+02 +3.188765293e+02 -7.2267e-01 -1.8744e+00 +1.4986e+00 -2.0113e+00 -3.5189e-01 -1.9649e+00 -1.4566e+00 -1.9388e+00 +2.9298e-01 -6.1548e-01
67 0 +1.461616709e+02 +3.030416709e+02 +3.030416709e+02 -5.6328e-01 -1.9352e+00 +1.2225e+00 -2.2362e+00 +4.4993e-01 -2.1038e+00 -1.5417e+00 -2.2484e+00 +6.9508e-01 -5.3210e-01
88 0 +1.434670218e+02 +3.003470218e+02 +3.003470218e+02 -5.6508e-01 -1.9386e+00 +1.2165e+00 -2.2432e+00 +4.4128e-01 -2.0841e+00 -1.5513e+00 -2.2528e+00 +6.9889e-01 -5.1272e-01
116 0 +1.292732613e+02 +2.861532613e+02 +2.861532613e+02 -5.7767e-01 -1.9387e+00 +1.2141e+00 -2.2486e+00 +4.3679e-01 -2.0700e+00 -1.5341e+00 -2.2552e+00 +6.7868e-01 -5.2542e-01
144 0 +1.267706927e+02 +2.836506927e+02 +2.836506927e+02 -5.9878e-01 -1.9686e+00 +1.2001e+00 -2.2777e+00 +4.5767e-01 -2.0859e+00 -1.5235e+00 -2.2843e+00 +6.4562e-01 -4.7593e-01
157 0 +1.257402529e+02 +2.826202529e+02 +2.826202529e+02 -5.9419e-01 -1.9661e+00 +1.2181e+00 -2.2920e+00 +4.4222e-01 -2.1019e+00 -1.5245e+00 -2.2860e+00 +6.4697e-01 -4.7843e-01
183 0 +1.162015583e+02 +2.730815583e+02 +2.730815583e+02 -6.0585e-01 -1.9652e+00 +1.1484e+00 -2.2458e+00 +4.1014e-01 -2.1256e+00 -1.5653e+00 -2.2982e+00 +6.5342e-01 -5.2043e-01
197 0 +1.136546073e+02 +2.705346073e+02 +2.705346073e+02 -6.2666e-01 -1.9662e+00 +1.1255e+00 -2.2383e+00 +3.8229e-01 -2.1371e+00 -1.5098e+00 -2.2968e+00 +6.5073e-01 -5.0140e-01
211 0 +1.108628273e+02 +2.677428273e+02 +2.677428273e+02 -6.1989e-01 -1.9824e+00 +1.1302e+00 -2.2522e+00 +4.0636e-01 -2.1444e+00 -1.5002e+00 -2.3003e+00 +6.3351e-01 -4.8011e-01
222 0 +1.031388627e+02 +2.600188627e+02 +2.600188627e+02 -6.9115e-01 -1.9229e+00 +1.1060e+00 -2.3252e+00 +3.8679e-01 -2.1833e+00 -1.5065e+00 -2.3319e+00 +6.3681e-01 -4.8018e-01
235 0 +9.438309776e+01 +2.512630978e+02 +2.512630978e+02 -6.7136e-01 -1.9041e+00 +1.1382e+00 -2.3066e+00 +3.8695e-01 -2.1492e+00 -1.4947e+00 -2.3228e+00 +6.5452e-01 -4.8486e-01
247 0 +8.966949097e+01 +2.465494910e+02 +2.465494910e+02 -6.5643e-01 -1.9462e+00 +1.1243e+00 -2.2925e+00 +3.8111e-01 -2.1553e+00 -1.4882e+00 -2.3426e+00 +6.3814e-01 -4.7753e-01
259 0 +8.726589667e+01 +2.441458967e+02 +2.441458967e+02 -6.4527e-01 -1.9294e+00 +1.1274e+00 -2.2739e+00 +3.8257e-01 -2.1483e+00 -1.4814e+00 -2.3487e+00 +6.3828e-01 -4.7525e-01
271 0 +8.700573357e+01 +2.438857336e+02 +2.438857336e+02 -6.5357e-01 -1.9319e+00 +1.1240e+00 -2.2840e+00 +3.8496e-01 -2.1469e+00 -1.4838e+00 -2.3263e+00 +6.4496e-01 -4.7903e-01
1250 0 +8.493914299e+01 +2.418191430e+02 +2.418191430e+02 +2.9167e+00 +4.1667e-01 -2.0833e+00 +4.1667e-01 +1.6667e+00 +4.1667e-01 +1.6667e+00 -8.3333e-01 -8.3333e-01 -8.3333e-01
1366 0 +8.153243865e+01 +2.384124386e+02 +2.384124386e+02 +2.9167e+00 +4.1667e-01 -2.0833e+00 +4.1667e-01 +1.6667e+00 +4.1667e-01 +1.6667e+00 -8.3333e-01 -2.0833e-01 -8.3333e-01
1396 0 +6.930929926e+01 +2.261892993e+02 +2.261892993e+02 +2.9130e+00 +4.1372e-01 -2.0869e+00 +4.1970e-01 +1.6560e+00 +4.2590e-01 +1.6613e+00 -8.3398e-01 -2.0347e-01 -8.2357e-01
1408 0 +5.287906807e+01 +2.097590681e+02 +2.097590681e+02 +2.8916e+00 +4.0747e-01 -2.0944e+00 +4.4061e-01 +1.6401e+00 +4.3929e-01 +1.6659e+00 -8.3142e-01 -2.1317e-01 -8.2720e-01
1425 0 +4.490934470e+01 +2.017893447e+02 +2.017893447e+02 +2.8859e+00 +4.0692e-01 -2.0915e+00 +4.5047e-01 +1.6431e+00 +4.2377e-01 +1.6655e+00 -8.3026e-01 -2.1387e-01 -8.2777e-01
1438 0 +4.178540228e+01 +1.986654023e+02 +1.986654023e+02 +2.8733e+00 +3.9950e-01 -2.0941e+00 +4.5986e-01 +1.6373e+00 +4.2424e-01 +1.6619e+00 -8.3601e-01 -2.1544e-01 -8.2816e-01
1466 0 +3.937405464e+01 +1.962540546e+02 +1.962540546e+02 +2.8806e+00 +3.8349e-01 -2.1045e+00 +4.5015e-01 +1.6318e+00 +4.1691e-01 +1.6569e+00 -8.5710e-01 -2.1951e-01 -8.3563e-01
1481 0 +3.689286751e+01 +1.937728675e+02 +1.937728675e+02 +2.8677e+00 +3.7496e-01 -2.1184e+00 +4.6356e-01 +1.6402e+00 +4.0824e-01 +1.6505e+00 -8.7282e-01 -2.3849e-01 -8.2315e-01
1494 0 +3.585624235e+01 +1.927362424e+02 +1.927362424e+02 +2.8666e+00 +3.7314e-01 -2.1254e+00 +4.6669e-01 +1.6328e+00 +4.0462e-01 +1.6631e+00 -8.8001e-01 -2.3965e-01 -8.1631e-01
1508 0 +3.526879538e+01 +1.921487954e+02 +1.921487954e+02 +2.8574e+00 +3.7530e-01 -2.1213e+00 +4.5565e-01 +1.6185e+00 +3.8754e-01 +1.6798e+00 -9.1893e-01 -2.5624e-01 -8.0158e-01
1525 0 +3.390952560e+01 +1.907895256e+02 +1.907895256e+02 +2.8762e+00 +3.8198e-01 -2.1297e+00 +4.4877e-01 +1.6110e+00 +3.8964e-01 +1.6685e+00 -9.1532e-01 -2.5643e-01 -8.0730e-01
1538 0 +3.363459538e+01 +1.905145954e+02 +1.905145954e+02 +2.8748e+00 +3.7977e-01 -2.1291e+00 +4.5416e-01 +1.6074e+00 +3.8866e-01 +1.6633e+00 -9.1422e-01 -2.5016e-01 -8.1568e-01
1550 0 +3.128754266e+01 +1.881675427e+02 +1.881675427e+02 +2.8801e+00 +3.9494e-01 -2.1136e+00 +4.6592e-01 +1.6162e+00 +3.9887e-01 +1.6609e+00 -9.1286e-01 -2.4420e-01 -8.1650e-01
1564 0 +3.070297695e+01 +1.875829769e+02 +1.875829769e+02 +2.8825e+00 +3.8175e-01 -2.1211e+00 +4.6855e-01 +1.6229e+00 +3.9356e-01 +1.6549e+00 -9.2023e-01 -2.5115e-01 -8.1593e-01
1602 0 +3.004016296e+01 +1.869201630e+02 +1.869201630e+02 +2.8745e+00 +3.7989e-01 -2.1221e+00 +4.5773e-01 +1.6224e+00 +3.9369e-01 +1.6552e+00 -9.0500e-01 -2.4790e-01 -8.1524e-01
% f evaluations | g evaluations | best noise-free fitness - Fopt (-5.710000000000e+00) + sum g_i+ | measured fitness | best measured fitness or single-digit g-values | x1 | x2...
1 0 +1.873891228e+02 +1.816791228e+02 +1.816791228e+02 +1.6667e+00 +1.6667e+00 +1.6667e+00 +1.6667e+00 +1.6667e+00 +1.6667e+00 +1.6667e+00 +1.6667e+00 +1.6667e+00 +1.6667e+00
2 0 +1.574888368e+02 +1.517788368e+02 +1.517788368e+02 -1.6667e+00 -1.6667e+00 -1.6667e+00 -1.6667e+00 -1.6667e+00 -1.6667e+00 -1.6667e+00 -1.6667e+00 -1.6667e+00 -1.6667e+00
28 0 +1.509793256e+02 +1.452693256e+02 +1.452693256e+02 -1.6667e+00 -1.6667e+00 -1.6667e+00 -1.6667e+00 -1.6667e+00 +3.3333e+00 -1.6667e+00 -1.6667e+00 -1.6667e+00 -1.6667e+00
69 0 +1.403757333e+02 +1.346657333e+02 +1.346657333e+02 -2.3832e+00 -6.2136e-01 -2.3213e+00 -2.5922e+00 -5.1791e-01 +4.0634e+00 -2.7571e+00 -1.2565e+00 -1.3187e+00 -3.6331e+00
81 0 +1.307024125e+02 +1.249924125e+02 +1.249924125e+02 -2.3882e+00 -6.2648e-01 -2.3455e+00 -2.5917e+00 -5.0102e-01 +4.0609e+00 -2.7949e+00 -1.2092e+00 -1.3136e+00 -3.6555e+00
97 0 +1.140722695e+02 +1.083622695e+02 +1.083622695e+02 -2.3745e+00 -6.4814e-01 -2.3411e+00 -2.5842e+00 -5.2759e-01 +4.0195e+00 -2.7647e+00 -1.2403e+00 -1.3189e+00 -3.6628e+00
111 0 +1.071242377e+02 +1.014142377e+02 +1.014142377e+02 -2.3814e+00 -6.6816e-01 -2.3363e+00 -2.5898e+00 -5.2871e-01 +4.0046e+00 -2.7616e+00 -1.2595e+00 -1.3276e+00 -3.6730e+00
154 0 +8.892885999e+01 +8.321885999e+01 +8.321885999e+01 -2.3565e+00 -6.8354e-01 -2.3698e+00 -2.5700e+00 -4.7508e-01 +4.0059e+00 -2.7486e+00 -1.2520e+00 -1.3446e+00 -3.7071e+00
171 0 +7.785415810e+01 +7.214415810e+01 +7.214415810e+01 -2.3610e+00 -6.7628e-01 -2.3815e+00 -2.5878e+00 -4.7751e-01 +3.9846e+00 -2.7615e+00 -1.2588e+00 -1.3354e+00 -3.7076e+00
185 0 +7.666292887e+01 +7.095292887e+01 +7.095292887e+01 -2.3575e+00 -6.9542e-01 -2.4047e+00 -2.6052e+00 -4.9612e-01 +3.9763e+00 -2.7540e+00 -1.2493e+00 -1.3422e+00 -3.7067e+00
199 0 +7.574926604e+01 +7.003926604e+01 +7.003926604e+01 -2.3462e+00 -6.9937e-01 -2.4173e+00 -2.6154e+00 -4.9287e-01 +3.9776e+00 -2.7533e+00 -1.2586e+00 -1.3551e+00 -3.7014e+00
3008 0 +7.384399492e+01 +6.813399492e+01 +6.813399492e+01 -1.6667e+00 -1.6667e+00 -1.6667e+00 -1.6667e+00 -1.6667e+00 +3.3333e+00 -1.6667e+00 +8.3333e-01 -1.6667e+00 -4.1667e+00
3306 0 +6.170505926e+01 +5.599505926e+01 +5.599505926e+01 -2.9167e+00 -1.6667e+00 -1.6667e+00 -1.6667e+00 -1.6667e+00 +8.3333e-01 -1.6667e+00 +3.3333e+00 -1.6667e+00 -1.6667e+00
3336 0 +5.335525356e+01 +4.764525356e+01 +4.764525356e+01 -2.9080e+00 -1.6508e+00 -1.6767e+00 -1.6630e+00 -1.6675e+00 +8.2555e-01 -1.6380e+00 +3.3351e+00 -1.6539e+00 -1.6581e+00
3349 0 +5.219438297e+01 +4.648438297e+01 +4.648438297e+01 -2.9113e+00 -1.6547e+00 -1.6819e+00 -1.6626e+00 -1.6542e+00 +8.2101e-01 -1.6321e+00 +3.3420e+00 -1.6515e+00 -1.6510e+00
3364 0 +4.492423248e+01 +3.921423248e+01 +3.921423248e+01 -2.8907e+00 -1.6591e+00 -1.6739e+00 -1.6692e+00 -1.6395e+00 +8.1552e-01 -1.6441e+00 +3.3548e+00 -1.6609e+00 -1.6701e+00
3378 0 +3.910676576e+01 +3.339676576e+01 +3.339676576e+01 -2.8903e+00 -1.6652e+00 -1.6694e+00 -1.6771e+00 -1.6352e+00 +8.1772e-01 -1.6409e+00 +3.3462e+00 -1.6652e+00 -1.6822e+00
3393 0 +3.251619002e+01 +2.680619002e+01 +2.680619002e+01 -2.8860e+00 -1.6824e+00 -1.6869e+00 -1.6689e+00 -1.6328e+00 +7.9748e-01 -1.6397e+00 +3.3267e+00 -1.6624e+00 -1.6739e+00
3407 0 +3.048908541e+01 +2.477908541e+01 +2.477908541e+01 -2.8871e+00 -1.6834e+00 -1.7028e+00 -1.6689e+00 -1.6267e+00 +7.9935e-01 -1.6371e+00 +3.3296e+00 -1.6573e+00 -1.6812e+00
3423 0 +2.722959491e+01 +2.151959491e+01 +2.151959491e+01 -2.8815e+00 -1.6914e+00 -1.7017e+00 -1.6682e+00 -1.6283e+00 +8.1032e-01 -1.6321e+00 +3.3299e+00 -1.6611e+00 -1.6927e+00
3477 0 +2.671505793e+01 +2.100505793e+01 +2.100505793e+01 -2.8738e+00 -1.7014e+00 -1.7028e+00 -1.6720e+00 -1.6232e+00 +8.0551e-01 -1.6340e+00 +3.3265e+00 -1.6437e+00 -1.6956e+00
% f evaluations | g evaluations | best noise-free fitness - Fopt (2.413000000000e+01) + sum g_i+ | measured fitness | best measured fitness or single-digit g-values | x1 | x2...
1 0 +2.116353901e+02 +2.357653901e+02 +2.357653901e+02 +1.6667e+00 +1.6667e+00 +1.6667e+00 +1.6667e+00 +1.6667e+00 +1.6667e+00 +1.6667e+00 +1.6667e+00 +1.6667e+00 +1.6667e+00
9 0 +1.957728044e+02 +2.199028044e+02 +2.199028044e+02 +1.6667e+00 +1.6667e+00 -3.3333e+00 +1.6667e+00 +1.6667e+00 +1.6667e+00 +1.6667e+00 +1.6667e+00 +1.6667e+00 +1.6667e+00
14 0 +1.730172518e+02 +1.971472518e+02 +1.971472518e+02 +3.3333e+00 +3.3333e+00 -1.6667e+00 +3.3333e+00 -1.6667e+00 -1.6667e+00 -1.6667e+00 -1.6667e+00 -1.6667e+00 -1.6667e+00
17 0 +1.468844683e+02 +1.710144683e+02 +1.710144683e+02 +1.6667e+00 +1.6667e+00 -3.3333e+00 +1.6667e+00 -3.3333e+00 +1.6667e+00 +1.6667e+00 +1.6667e+00 +1.6667e+00 +1.6667e+00
42 0 +1.113960415e+02 +1.355260415e+02 +1.355260415e+02 +1.6705e+00 +1.6458e+00 -3.3177e+00 +1.6668e+00 -3.3536e+00 +1.6534e+00 +1.6700e+00 +1.6645e+00 +1.6540e+00 +1.6769e+00
56 0 +1.019186379e+02 +1.260486379e+02 +1.260486379e+02 +1.6678e+00 +1.6436e+00 -3.3085e+00 +1.6695e+00 -3.3571e+00 +1.6484e+00 +1.6728e+00 +1.6639e+00 +1.6421e+00 +1.6869e+00
71 0 +9.655496183e+01 +1.206849618e+02 +1.206849618e+02 +1.6505e+00 +1.6435e+00 -3.3144e+00 +1.6567e+00 -3.3398e+00 +1.6456e+00 +1.6920e+00 +1.6634e+00 +1.6376e+00 +1.7062e+00
99 0 +9.526383414e+01 +1.193938341e+02 +1.193938341e+02 +1.6609e+00 +1.6439e+00 -3.3047e+00 +1.6421e+00 -3.3442e+00 +1.6080e+00 +1.6925e+00 +1.6717e+00 +1.6417e+00 +1.7228e+00
127 0 +8.667091451e+01 +1.108009145e+02 +1.108009145e+02 +1.6813e+00 +1.6437e+00 -3.2887e+00 +1.6338e+00 -3.3223e+00 +1.6255e+00 +1.6912e+00 +1.6959e+00 +1.6458e+00 +1.7240e+00
141 0 +8.282146595e+01 +1.069514659e+02 +1.069514659e+02 +1.6735e+00 +1.6487e+00 -3.2960e+00 +1.6308e+00 -3.3172e+00 +1.6146e+00 +1.6826e+00 +1.6939e+00 +1.6467e+00 +1.7283e+00
168 0 +8.096355729e+01 +1.050935573e+02 +1.050935573e+02 +1.6712e+00 +1.6481e+00 -3.3109e+00 +1.6287e+00 -3.3345e+00 +1.6358e+00 +1.6584e+00 +1.6930e+00 +1.6438e+00 +1.7371e+00
195 0 +7.912984278e+01 +1.032598428e+02 +1.032598428e+02 +1.6833e+00 +1.6584e+00 -3.3067e+00 +1.6293e+00 -3.3326e+00 +1.6228e+00 +1.6675e+00 +1.7008e+00 +1.6539e+00 +1.7433e+00
1174 0 +7.032040093e+01 +9.445040093e+01 +9.445040093e+01 +2.0833e+00 +2.0833e+00 -1.6667e+00 +2.0833e+00 -4.1667e-01 +8.3333e-01 -1.6667e+00 -1.6667e+00 +8.3333e-01 +8.3333e-01
1202 0 +6.147105752e+01 +8.560105752e+01 +8.560105752e+01 +2.0714e+00 +2.1038e+00 -1.6626e+00 +2.0919e+00 -4.0459e-01 +8.3862e-01 -1.6607e+00 -1.6644e+00 +8.0986e-01 +8.4530e-01
1214 0 +5.887517586e+01 +8.300517586e+01 +8.300517586e+01 +2.0593e+00 +2.1117e+00 -1.6866e+00 +2.0810e+00 -4.0334e-01 +8.2543e-01 -1.6416e+00 -1.6633e+00 +8.0209e-01 +8.5297e-01
1229 0 +5.641676845e+01 +8.054676845e+01 +8.054676845e+01 +2.0695e+00 +2.0958e+00 -1.6885e+00 +2.0730e+00 -4.1850e-01 +7.6853e-01 -1.6621e+00 -1.6304e+00 +7.7391e-01 +8.4524e-01
1242 0 +5.072130421e+01 +7.485130421e+01 +7.485130421e+01 +2.0756e+00 +2.0918e+00 -1.6853e+00 +2.0658e+00 -4.0104e-01 +7.7022e-01 -1.6664e+00 -1.6005e+00 +7.8434e-01 +8.3443e-01
1258 0 +3.674554325e+01 +6.087554325e+01 +6.087554325e+01 +2.0679e+00 +2.1006e+00 -1.6980e+00 +2.0632e+00 -3.9403e-01 +7.8830e-01 -1.6413e+00 -1.6049e+00 +7.9417e-01 +8.4613e-01
1271 0 +3.310517445e+01 +5.723517445e+01 +5.723517445e+01 +2.0588e+00 +2.0956e+00 -1.6748e+00 +2.0697e+00 -4.0333e-01 +7.9564e-01 -1.6299e+00 -1.6056e+00 +8.1700e-01 +8.5525e-01
1287 0 +2.712607295e+01 +5.125607295e+01 +5.125607295e+01 +2.0517e+00 +2.1178e+00 -1.6789e+00 +2.0812e+00 -4.1172e-01 +7.8155e-01 -1.6498e+00 -1.6096e+00 +8.2010e-01 +8.4182e-01
1301 0 +2.546156020e+01 +4.959156020e+01 +4.959156020e+01 +2.0496e+00 +2.1072e+00 -1.6856e+00 +2.0822e+00 -4.0941e-01 +7.8274e-01 -1.6529e+00 -1.6044e+00 +8.0748e-01 +8.3675e-01
1315 0 +2.461450229e+01 +4.874450229e+01 +4.874450229e+01 +2.0486e+00 +2.1049e+00 -1.6875e+00 +2.0902e+00 -4.1894e-01 +7.9064e-01 -1.6477e+00 -1.5989e+00 +8.0607e-01 +8.2777e-01
1329 0 +2.323207296e+01 +4.736207296e+01 +4.736207296e+01 +2.0120e+00 +2.0938e+00 -1.6824e+00 +2.1064e+00 -4.3214e-01 +7.9789e-01 -1.6355e+00 -1.6030e+00 +8.1315e-01 +8.1416e-01
1342 0 +2.267571745e+01 +4.680571745e+01 +4.680571745e+01 +2.0242e+00 +2.0953e+00 -1.6676e+00 +2.0970e+00 -4.2216e-01 +7.7526e-01 -1.6111e+00 -1.5926e+00 +8.1082e-01 +8.1754e-01
1355 0 +2.145851802e+01 +4.558851802e+01 +4.558851802e+01 +2.0452e+00 +2.0911e+00 -1.6760e+00 +2.0979e+00 -4.0964e-01 +7.7861e-01 -1.6274e+00 -1.6064e+00 +8.1475e-01 +8.3720e-01
1368 0 +2.059991119e+01 +4.472991119e+01 +4.472991119e+01 +2.0499e+00 +2.0960e+00 -1.6746e+00 +2.0763e+00 -4.1336e-01 +7.9083e-01 -1.6395e+00 -1.6210e+00 +8.0729e-01 +8.3722e-01
1380 0 +1.969526610e+01 +4.382526610e+01 +4.382526610e+01 +2.0410e+00 +2.1011e+00 -1.6820e+00 +2.0775e+00 -4.2084e-01 +7.9193e-01 -1.6482e+00 -1.5953e+00 +8.1160e-01 +8.4420e-01
1392 0 +1.943257287e+01 +4.356257287e+01 +4.356257287e+01 +2.0425e+00 +2.0975e+00 -1.6795e+00 +2.0924e+00 -4.1220e-01 +7.8580e-01 -1.6359e+00 -1.6075e+00 +8.1064e-01 +8.2863e-01
% f evaluations | g evaluations | best noise-free fitness - Fopt (-5.837000000000e+02) + sum g_i+ | measured fitness | best measured fitness or single-digit g-values | x1 | x2...
1 0 +2.767981612e+02 -3.069018388e+02 -3.069018388e+02 +1.6667e+00 +1.6667e+00 +1.6667e+00 +1.6667e+00 +1.6667e+00 +1.6667e+00 +1.6667e+00 +1.6667e+00 +1.6667e+00 +1.6667e+00
2 0 +2.049601143e+02 -3.787398857e+02 -3.787398857e+02 -1.6667e+00 -1.6667e+00 -1.6667e+00 -1.6667e+00 -1.6667e+00 -1.6667e+00 -1.6667e+00 -1.6667e+00 -1.6667e+00 -1.6667e+00
4 0 +1.816083559e+02 -4.020916441e+02 -4.020916441e+02 +3.3333e+00 -1.6667e+00 -1.6667e+00 -1.6667e+00 -1.6667e+00 -1.6667e+00 -1.6667e+00 -1.6667e+00 -1.6667e+00 -1.6667e+00
33 0 +1.557779389e+02 -4.279220611e+02 -4.279220611e+02 +4.9921e+00 -6.9776e-01 -2.3498e+00 -3.1614e+00 -6.2664e-01 +6.0885e-01 -8.2194e-02 -6.0947e-01 +2.1398e+00 -1.3837e+00
44 0 +1.455746966e+02 -4.381253034e+02 -4.381253034e+02 +5.0000e+00 -6.9554e-01 -2.3495e+00 -3.1684e+00 -6.2545e-01 +6.1797e-01 -7.6381e-02 -6.0747e-01 +2.1543e+00 -1.3824e+00
60 0 +1.291395379e+02 -4.545604621e+02 -4.545604621e+02 +5.0000e+00 -7.0768e-01 -2.3224e+00 -3.1891e+00 -6.5431e-01 +6.2378e-01 -8.6402e-02 -6.3052e-01 +2.1470e+00 -1.3744e+00
73 0 +1.273798258e+02 -4.563201742e+02 -4.563201742e+02 +5.0000e+00 -7.2708e-01 -2.3188e+00 -3.1860e+00 -6.4917e-01 +6.2005e-01 -9.1253e-02 -6.3616e-01 +2.1519e+00 -1.3599e+00
86 0 +1.252815178e+02 -4.584184822e+02 -4.584184822e+02 +4.9999e+00 -6.9127e-01 -2.2494e+00 -3.1747e+00 -5.8192e-01 +5.9972e-01 -1.1380e-01 -6.6680e-01 +2.1793e+00 -1.3240e+00
115 0 +1.184618676e+02 -4.652381324e+02 -4.652381324e+02 +4.9999e+00 -7.0831e-01 -2.2813e+00 -3.1412e+00 -6.0597e-01 +6.1246e-01 -8.8115e-02 -6.5141e-01 +2.1613e+00 -1.3571e+00
129 0 +1.125096422e+02 -4.711903578e+02 -4.711903578e+02 +4.9996e+00 -7.0983e-01 -2.3161e+00 -3.1692e+00 -6.2307e-01 +6.1658e-01 -5.5109e-02 -6.3779e-01 +2.1509e+00 -1.3478e+00
142 0 +1.051555619e+02 -4.785444381e+02 -4.785444381e+02 +4.9990e+00 -6.9338e-01 -2.3216e+00 -3.1521e+00 -6.5596e-01 +5.9202e-01 -6.5574e-02 -6.3227e-01 +2.1574e+00 -1.3293e+00
154 0 +1.017635115e+02 -4.819364885e+02 -4.819364885e+02 +4.9955e+00 -7.0442e-01 -2.2908e+00 -3.1690e+00 -6.1972e-01 +6.4686e-01 -9.6476e-02 -6.2051e-01 +2.1466e+00 -1.3437e+00
167 0 +9.762402571e+01 -4.860759743e+02 -4.860759743e+02 +4.9812e+00 -7.0732e-01 -2.3122e+00 -3.1938e+00 -6.3189e-01 +6.5836e-01 -1.1619e-01 -6.2563e-01 +2.1677e+00 -1.3679e+00
180 0 +9.521217403e+01 -4.884878260e+02 -4.884878260e+02 +4.9627e+00 -7.0016e-01 -2.3043e+00 -3.1833e+00 -6.5620e-01 +6.7337e-01 -1.1074e-01 -6.0491e-01 +2.1659e+00 -1.3526e+00
192 0 +9.189475492e+01 -4.918052451e+02 -4.918052451e+02 +4.9598e+00 -6.8185e-01 -2.2992e+00 -3.1735e+00 -6.4569e-01 +6.3880e-01 -6.7384e-02 -6.3818e-01 +2.1604e+00 -1.3158e+00
203 0 +8.743822418e+01 -4.962617758e+02 -4.962617758e+02 +4.9630e+00 -6.7599e-01 -2.2870e+00 -3.1609e+00 -6.5148e-01 +6.4405e-01 -7.6043e-02 -6.3144e-01 +2.1719e+00 -1.3025e+00
225 0 +8.446908739e+01 -4.992309126e+02 -4.992309126e+02 +4.9550e+00 -6.6837e-01 -2.2905e+00 -3.1737e+00 -6.4682e-01 +6.6808e-01 -7.8790e-02 -6.2975e-01 +2.1705e+00 -1.2964e+00
1006 0 +6.266554912e+01 -5.210344509e+02 -5.210344509e+02 +2.0833e+00 -4.1667e-01 -4.1667e-01 -1.6667e+00 +2.0833e+00 -1.6667e+00 +8.3333e-01 -1.6667e+00 +8.3333e-01 -1.6667e+00
1036 0 +5.350831682e+01 -5.301916832e+02 -5.301916832e+02 +2.0826e+00 -4.4349e-01 -4.2501e-01 -1.6506e+00 +2.0666e+00 -1.6609e+00 +8.4632e-01 -1.6719e+00 +8.3543e-01 -1.6658e+00
1048 0 +4.256775297e+01 -5.411322470e+02 -5.411322470e+02 +2.0824e+00 -4.4911e-01 -4.4592e-01 -1.6258e+00 +2.0535e+00 -1.6596e+00 +8.4757e-01 -1.6731e+00 +8.1812e-01 -1.6639e+00
1065 0 +3.770672567e+01 -5.459932743e+02 -5.459932743e+02 +2.0893e+00 -4.3326e-01 -4.4367e-01 -1.6258e+00 +2.0518e+00 -1.6633e+00 +8.4511e-01 -1.6721e+00 +8.1087e-01 -1.6673e+00
1093 0 +3.295608395e+01 -5.507439160e+02 -5.507439160e+02 +2.0989e+00 -4.3946e-01 -4.4524e-01 -1.6067e+00 +2.0450e+00 -1.6898e+00 +8.6172e-01 -1.6471e+00 +8.0759e-01 -1.6526e+00
1107 0 +3.212239915e+01 -5.515776008e+02 -5.515776008e+02 +2.1024e+00 -4.3962e-01 -4.4783e-01 -1.5929e+00 +2.0358e+00 -1.6937e+00 +8.7040e-01 -1.6487e+00 +8.0557e-01 -1.6527e+00
1122 0 +2.770866175e+01 -5.559913383e+02 -5.559913383e+02 +2.0959e+00 -4.2272e-01 -4.3560e-01 -1.6057e+00 +2.0260e+00 -1.7182e+00 +8.8500e-01 -1.6475e+00 +8.0595e-01 -1.6493e+00
1136 0 +2.573765834e+01 -5.579623417e+02 -5.579623417e+02 +2.1038e+00 -4.1567e-01 -4.3266e-01 -1.6071e+00 +2.0299e+00 -1.7265e+00 +8.8388e-01 -1.6509e+00 +8.1309e-01 -1.6385e+00
1151 0 +2.420897418e+01 -5.594910258e+02 -5.594910258e+02 +2.1032e+00 -4.1453e-01 -4.4044e-01 -1.5874e+00 +2.0388e+00 -1.7329e+00 +8.9926e-01 -1.6727e+00 +8.0466e-01 -1.6239e+00
1164 0 +2.317720458e+01 -5.605227954e+02 -5.605227954e+02 +2.1083e+00 -4.1041e-01 -4.4713e-01 -1.5892e+00 +2.0362e+00 -1.7261e+00 +9.1086e-01 -1.6701e+00 +8.0069e-01 -1.6144e+00
1177 0 +2.176022280e+01 -5.619397772e+02 -5.619397772e+02 +2.1040e+00 -3.9488e-01 -4.3968e-01 -1.5916e+00 +2.0329e+00 -1.7345e+00 +9.2437e-01 -1.6774e+00 +8.0798e-01 -1.5861e+00
1191 0 +2.087117428e+01 -5.628288257e+02 -5.628288257e+02 +2.1055e+00 -3.9185e-01 -4.3087e-01 -1.5847e+00 +2.0297e+00 -1.7400e+00 +9.2574e-01 -1.6679e+00 +8.0578e-01 -1.5821e+00
1204 0 +1.989213071e+01 -5.638078693e+02 -5.638078693e+02 +2.1033e+00 -4.0104e-01 -4.2995e-01 -1.5879e+00 +2.0267e+00 -1.7285e+00 +9.1131e-01 -1.6631e+00 +8.0891e-01 -1.5947e+00
