% function evaluation | noise-free fitness - Fopt (-5.235000000000e+01) | best noise-free fitness - Fopt | measured fitness | best measured fitness | x1 | x2...
1 +1.005014716e+02 +1.005014716e+02 +4.815147164e+01 +4.815147164e+01 +4.4237e+00 +2.4254e+00 +4.6715e+00 +4.0225e+00 +1.4965e-01 +4.6236e+00 +4.1890e+00 -2.3576e+00 +6.7023e-01 +4.8643e+00 -4.4071e+00 -1.4956e+00 -3.4305e+00 +2.4938e+00 -3.0360e+00 -2.8738e+00 +2.5656e+00 -4.0439e+00 +4.9077e+00 -4.7238e+00
8 +8.148334569e+01 +8.148334569e+01 +2.913334569e+01 +2.913334569e+01 -3.0231e+00 -3.1779e+00 +1.0955e+00 +2.1219e+00 -8.3883e-01 -1.4085e-01 -1.0291e+00 +6.0873e-01 -2.4856e+00 +2.4988e+00 +5.3250e-02 +3.1497e+00 -2.1773e+00 -3.8138e+00 +3.8163e+00 -2.0974e+00 -2.1356e-01 +3.1740e+00 -2.9878e+00 +1.2393e+00
43 +5.297822366e+01 +5.297822366e+01 +6.282236570e-01 +6.282236570e-01 +1.7776e+00 +4.7128e+00 +9.5304e-01 -4.5987e+00 -3.8685e+00 +1.3975e+00 -3.5288e+00 +1.1156e+00 -1.2514e+00 -2.6890e+00 -1.3782e+00 +3.6336e+00 +1.6408e+00 -3.4016e+00 -4.6037e-01 -9.4197e-02 -4.8340e+00 +2.9996e-01 +3.4410e+00 -4.1518e+00
125 +4.077523433e+01 +4.077523433e+01 -1.157476567e+01 -1.157476567e+01 -4.3821e+00 -3.0188e+00 +9.6104e-01 +3.4513e+00 -2.8888e+00 +4.2175e+00 -3.0109e+00 -4.1669e+00 +2.8966e+00 -8.3313e-01 +2.2928e+00 -3.6019e+00 +2.3594e+00 +2.3835e-01 +2.2394e-01 +4.5724e+00 -2.6515e-01 +4.4000e+00 +3.6551e-01 -2.9042e+00
141 +3.236591119e+01 +3.236591119e+01 -1.998408881e+01 -1.998408881e+01 -1.1650e+00 -7.0636e-03 -1.5771e-01 -1.5828e+00 -1.8462e+00 -6.5742e-01 -4.5314e+00 +1.3308e+00 +1.5411e+00 -4.9260e+00 +9.7569e-01 +5.3408e-01 +3.3271e+00 -4.1356e+00 +3.9483e+00 -1.0319e+00 +3.9167e+00 +3.4901e+00 -7.3601e-01 -2.4932e+00
497 +3.164575796e+01 +3.164575796e+01 -2.070424204e+01 -2.070424204e+01 +4.0572e-01 -2.7017e-02 +3.5948e+00 +5.7130e-01 -1.1626e-01 +4.8123e+00 -2.1680e+00 -4.3414e-01 +4.6591e+00 -3.7414e+00 +1.4643e+00 -2.2043e+00 +4.9455e-01 +4.9483e+00 +6.0085e-01 -1.9654e+00 +2.2594e+00 -8.0600e-01 +2.9735e+00 -1.8346e+00
932 +3.115593896e+01 +3.115593896e+01 -2.119406104e+01 -2.119406104e+01 -4.4215e+00 -4.9148e+00 +4.8333e+00 -1.4463e+00 -6.0914e-01 +1.5832e+00 -1.8160e+00 +1.7517e+00 +1.0262e-01 -9.6661e-01 +4.7989e+00 +6.5949e-02 +2.0723e+00 +8.0833e-02 -1.3482e+00 +3.6678e+00 -3.6614e-01 -1.3091e+00 +1.1528e+00 -2.1981e+00
1245 +3.042200337e+01 +3.042200337e+01 -2.192799663e+01 -2.192799663e+01 -1.3050e+00 -1.4280e+00 +3.8179e+00 -2.0591e+00 -1.3099e+00 +2.7553e+00 -1.5783e+00 +1.4462e+00 +4.5751e+00 -4.5540e+00 -1.9347e+00 +3.3877e+00 +3.5691e+00 -1.2397e+00 +4.2759e-01 +1.0030e+00 -4.8195e+00 +2.1082e+00 +7.2748e-01 -3.9854e+00
3721 +2.381554820e+01 +2.381554820e+01 -2.853445180e+01 -2.853445180e+01 +2.1620e+00 -4.8225e+00 +4.6174e-02 -1.8927e+00 +3.4317e-01 -1.5238e+00 +2.8272e+00 -4.9899e+00 +2.5157e+00 -1.1493e+00 -1.5217e+00 -3.3229e+00 -9.1924e-01 +1.3858e+00 -2.0886e-01 -3.5222e-02 +2.2807e+00 +7.8727e-01 +3.3954e+00 -3.9108e+00
12402 +1.908762508e+01 +1.908762508e+01 -3.326237492e+01 -3.326237492e+01 +2.8829e-01 +2.2790e-01 +7.9026e-01 -1.2737e+00 -4.8474e+00 +2.6169e+00 -3.0826e+00 -2.5168e+00 -4.7074e-01 -4.4511e+00 -2.0630e+00 +1.0266e+00 +3.5465e+00 +6.2146e-02 +3.0526e+00 -2.6269e+00 -3.2414e+00 -4.1006e-01 +2.6242e+00 -2.0058e+00
19297 +1.611459250e+01 +1.611459250e+01 -3.623540750e+01 -3.623540750e+01 +7.9817e-02 -2.3231e+00 +2.1166e+00 -2.6114e+00 -4.7451e-01 +9.9554e-01 -3.5051e+00 -9.5875e-02 +2.4603e+00 -1.0029e+00 +4.9757e+00 -4.9542e+00 +3.0253e+00 -6.7072e-01 -4.7850e+00 +1.5315e+00 +3.8518e+00 +1.6583e+00 +3.7413e+00 -3.8330e+00
21873 +1.527873758e+01 +1.527873758e+01 -3.707126242e+01 -3.707126242e+01 +2.1190e+00 -3.1546e+00 -4.9867e-03 +2.5402e-01 -2.1830e+00 +1.0392e+00 -2.1595e+00 +1.2896e+00 +2.1946e+00 +2.3495e-01 +1.7787e+00 -1.9357e+00 +2.3641e+00 -4.5906e-01 +4.2131e-01 -3.4613e+00 -3.5225e+00 +1.3394e+00 +3.8317e+00 -3.3655e+00
116077 +1.494985753e+01 +1.494985753e+01 -3.740014247e+01 -3.740014247e+01 +1.1600e+00 -3.9873e-01 -7.3710e-01 +1.2514e+00 +3.5173e-01 +3.1051e+00 -3.0251e+00 -1.1854e+00 +3.9556e+00 -2.9564e+00 +2.4675e+00 -2.7879e+00 +3.5613e+00 +4.3954e-01 -2.5959e-01 +1.4436e-01 +1.3978e+00 +2.2248e+00 +4.7076e+00 -2.0873e+00
428079 +1.156121085e+01 +1.156121085e+01 -4.078878915e+01 -4.078878915e+01 -2.1685e+00 -1.7169e+00 +4.2461e+00 -3.2442e+00 -4.2258e-01 +4.1986e+00 -3.0094e+00 -2.1606e-01 +2.7163e+00 -1.0714e+00 -4.3182e-01 +4.0570e+00 +3.3163e+00 -5.2992e-01 -1.7929e+00 -1.6616e-01 -2.7849e+00 +1.3726e+00 +4.8322e+00 -1.8619e+00
4516942 +1.078276569e+01 +1.078276569e+01 -4.156723431e+01 -4.156723431e+01 -2.4261e+00 -1.6260e+00 +3.6664e+00 -1.9331e+00 -3.0856e+00 +1.4332e+00 -2.8462e+00 -3.1000e+00 +2.4635e+00 -4.2438e+00 +2.5185e+00 -2.7084e+00 +1.5921e-01 -3.3660e-01 -1.7726e+00 +1.2297e+00 +7.1413e-01 +4.1038e-01 +4.4616e+00 -2.2856e+00
5804929 +1.054215818e+01 +1.054215818e+01 -4.180784182e+01 -4.180784182e+01 -4.2916e+00 +8.4347e-01 +3.2003e+00 -1.9109e+00 -3.6449e-01 +2.1984e+00 -4.7382e+00 -3.1974e+00 +1.0268e+00 -3.1346e+00 +2.0837e+00 +1.8230e+00 +2.4246e+00 -1.5189e+00 -1.3441e+00 -7.6708e-01 -3.2130e+00 +1.0693e+00 +1.3949e+00 -3.3558e+00
12687324 +1.000355237e+01 +1.000355237e+01 -4.234644763e+01 -4.234644763e+01 +2.1942e+00 -2.3706e+00 +1.1863e+00 -1.4895e+00 -9.4750e-01 +1.2840e+00 -9.2350e-01 -1.4901e+00 +3.7322e+00 -5.4462e-01 +3.4639e+00 -1.3890e+00 +3.2475e+00 +1.6260e+00 +5.5116e-01 +3.1989e-01 -1.9529e+00 +1.6461e+00 +1.9966e+00 -4.9691e+00
14159491 +7.859526235e+00 +7.859526235e+00 -4.449047376e+01 -4.449047376e+01 -1.8129e+00 -4.0434e+00 +2.1251e+00 -1.1284e+00 -1.7527e+00 +1.9256e+00 -2.9574e+00 -2.9519e-01 +4.4545e+00 -2.0302e+00 +2.0554e+00 -1.3971e+00 +1.2831e+00 -3.8524e+00 -1.3598e+00 +2.1562e+00 +8.8684e-02 +1.6432e+00 +3.5615e+00 -2.2335e+00
76331949 +6.472675655e+00 +6.472675655e+00 -4.587732435e+01 -4.587732435e+01 -2.4908e+00 -7.7511e-01 +7.1782e-01 -9.7730e-01 -2.4592e-01 +4.7224e+00 -3.9714e+00 +1.1969e+00 +3.8294e+00 -2.2205e+00 +2.1722e+00 -1.0813e-01 +2.3468e+00 +7.1079e-01 -2.3461e-01 +8.4179e-01 -2.5352e-01 +2.6365e+00 +2.8023e+00 -1.9908e+00
% function evaluation | noise-free fitness - Fopt (-1.795400000000e+02) | best noise-free fitness - Fopt | measured fitness | best measured fitness | x1 | x2...
1 +3.352345341e+02 +3.352345341e+02 +1.556945341e+02 +1.556945341e+02 -2.6117e+00 +1.7761e+00 -4.8100e+00 +1.2821e-01 -2.5996e+00 +1.2346e-01 +3.4664e+00 -3.8214e+00 -2.8689e+00 +4.2092e+00 +1.6324e+00 -1.9411e+00 +2.7179e-01 -4.0030e+00 -2.2197e+00 -2.8056e+00 +1.1415e+00 +1.8464e+00 +4.2092e+00 +1.2473e+00
3 +1.737316449e+02 +1.737316449e+02 -5.808355150e+00 -5.808355150e+00 +8.8531e-01 -2.8622e+00 -2.2751e+00 +4.3827e+00 -3.0515e+00 +9.3811e-01 -4.8185e+00 +3.5088e+00 +3.3628e+00 -1.6939e+00 +3.3251e+00 -3.8107e-01 +1.7167e+00 -1.0686e+00 +4.7378e+00 +1.6163e+00 -2.3376e+00 -3.7665e+00 -2.4923e+00 +3.1557e+00
8 +1.281295069e+02 +1.281295069e+02 -5.141049313e+01 -5.141049313e+01 -3.8085e-01 +3.7203e+00 -2.8713e+00 -1.7704e+00 -2.3359e+00 +2.0935e+00 +3.7072e+00 -8.8268e-01 +3.0385e+00 +5.7070e-01 +4.3855e+00 +3.7783e+00 -6.9690e-01 +2.7381e+00 +3.2427e+00 -4.7929e+00 -2.2950e+00 -2.1124e+00 +1.3959e+00 +2.7350e+00
11 +1.252304250e+02 +1.252304250e+02 -5.430957498e+01 -5.430957498e+01 -3.4913e+00 -4.2109e+00 -1.2656e+00 +4.5012e-01 -1.0871e+00 -9.6845e-01 -2.2591e+00 -2.0412e+00 +2.5846e+00 +3.2318e+00 +4.4432e+00 +3.4451e+00 -1.5412e+00 -1.2991e+00 -3.5453e-01 +3.7929e+00 +3.3204e+00 +4.5377e+00 +3.8973e+00 +8.2895e-01
19 +6.960665256e+01 +6.960665256e+01 -1.099333474e+02 -1.099333474e+02 +4.5363e+00 -8.2984e-01 -5.6335e-01 +3.7744e+00 -3.2978e+00 +2.9907e+00 +3.1497e+00 +4.5399e+00 +3.8835e+00 +3.3733e+00 +9.7055e-01 +4.0333e-01 -2.1254e+00 +1.5708e-01 +1.4036e+00 +2.8715e+00 -2.9625e+00 -2.1722e+00 +3.0468e+00 -1.1945e+00
24 +5.506490577e+01 +5.506490577e+01 -1.244750942e+02 -1.244750942e+02 -2.7594e-01 -3.9954e+00 +3.6949e-01 +4.2974e+00 +2.5546e+00 +4.5119e+00 +4.1595e+00 +1.5262e+00 +7.6370e-01 +3.5881e-01 -4.9988e-01 -2.2194e+00 +2.9778e+00 +2.2349e+00 -1.4201e+00 +2.4967e+00 +2.6801e+00 +1.5061e+00 -1.9212e+00 +1.2772e+00
147 +5.269745968e+01 +5.269745968e+01 -1.268425403e+02 -1.268425403e+02 +3.7329e+00 -1.1215e+00 -1.9300e+00 +3.7792e+00 +2.2614e+00 +2.4111e-01 +5.5914e-01 -7.7671e-01 -4.5642e+00 +1.3120e+00 +1.4852e+00 +4.4719e+00 -1.6156e+00 +3.0826e-01 -2.3965e+00 +2.7830e+00 +2.0351e+00 +1.7994e+00 +3.8678e-01 -1.9201e+00
179 +4.852320378e+01 +4.852320378e+01 -1.310167962e+02 -1.310167962e+02 +3.3070e+00 -2.0514e-01 +7.5964e-02 +4.9530e+00 +3.1389e+00 +7.6110e-01 -4.2528e+00 +1.1177e+00 -2.1002e+00 +4.3318e-01 +3.8030e+00 -4.7742e+00 -3.0375e+00 +1.4816e+00 -2.1937e+00 +3.5056e+00 +8.2884e-01 +4.3500e+00 +3.4459e+00 -1.9795e+00
180 +4.275198287e+01 +4.275198287e+01 -1.367880171e+02 -1.367880171e+02 -4.1153e+00 -3.6564e+00 +2.1101e+00 +3.8789e+00 +1.9028e+00 -2.3173e+00 +3.3650e+00 +4.8325e+00 -4.7247e+00 -5.8850e-01 +1.9318e+00 +1.0697e+00 -1.9741e+00 -5.1116e-01 -1.7479e+00 -1.3953e+00 +3.0285e+00 +2.7952e+00 -3.2527e+00 -2.3188e+00
814 +3.482026323e+01 +3.482026323e+01 -1.447197368e+02 -1.447197368e+02 +3.5467e+00 +4.5071e-01 -3.5727e+00 -2.3777e-01 +1.5015e+00 +3.2129e+00 +4.7261e+00 +2.8218e+00 +4.5002e+00 +4.7232e+00 -1.4165e+00 +1.1395e+00 +1.1704e+00 -1.5642e+00 +5.7802e-01 -1.4429e+00 +5.4671e-01 +2.0916e+00 +7.1393e-01 -3.7679e+00
899 +3.408766672e+01 +3.408766672e+01 -1.454523333e+02 -1.454523333e+02 -3.5824e+00 -6.8940e-01 +1.1527e+00 +9.7278e-01 +1.7521e+00 +9.4518e-01 +1.8551e+00 +2.8321e+00 -2.6003e+00 +3.1076e+00 -2.0074e+00 +4.6576e+00 +8.3644e-01 +7.2513e-01 -2.0427e+00 -9.7264e-01 +2.1632e+00 +3.6734e+00 +2.8114e+00 +1.1610e+00
1572 +2.801125244e+01 +2.801125244e+01 -1.515287476e+02 -1.515287476e+02 +2.3982e+00 +8.3043e-01 +2.1799e-02 +2.3711e+00 +4.7745e+00 +4.8558e+00 +2.8637e+00 -3.8109e+00 +1.2802e+00 +4.2540e+00 -3.9607e-02 +1.1751e+00 +1.5048e+00 -1.1271e+00 +2.0612e+00 -1.4487e+00 -3.0341e+00 +3.5501e+00 +4.7005e+00 -1.7300e+00
3446 +2.141927897e+01 +2.141927897e+01 -1.581207210e+02 -1.581207210e+02 -3.3702e+00 +3.0733e+00 -3.2854e+00 +2.6762e+00 +1.4742e+00 +3.3494e+00 +1.1610e+00 +3.2932e+00 -2.6696e-01 +4.7218e+00 -3.4323e+00 +2.9620e+00 -3.2766e+00 +8.3298e-01 -1.3862e+00 -5.6865e-01 -1.5809e+00 +4.8408e+00 -1.8431e-01 -1.8702e+00
37775 +1.718505724e+01 +1.718505724e+01 -1.623549428e+02 -1.623549428e+02 +5.4781e-01 -9.9570e-02 -7.5038e-01 +4.9558e+00 +1.8259e+00 +1.7972e-01 -1.6061e+00 +2.5931e+00 +1.5872e+00 +1.9977e+00 +4.4416e-01 -3.5148e+00 -3.5639e+00 +3.0560e+00 -2.6327e-02 +3.2182e-01 +1.2986e+00 +4.6119e+00 +2.6426e+00 -4.2630e+00
68141 +1.335938854e+01 +1.335938854e+01 -1.661806115e+02 -1.661806115e+02 +3.1341e-01 -1.8672e-01 -3.3740e+00 +1.2931e+00 +3.9967e+00 -6.8970e-01 +4.7318e+00 +2.5911e+00 -1.7276e-01 +1.6409e+00 -1.5844e+00 -2.5509e+00 -6.2955e-01 -1.6031e+00 +4.6869e+00 -7.9226e-01 -8.8613e-01 +1.9921e+00 +3.7678e+00 -7.5978e-01
251378 +1.083527464e+01 +1.083527464e+01 -1.687047254e+02 -1.687047254e+02 +3.2125e+00 +2.1679e+00 -3.5722e+00 +2.5467e+00 +4.8953e+00 +1.8891e+00 +1.7818e+00 +1.1890e+00 +9.4231e-01 +8.9434e-01 -1.5476e+00 -1.2618e+00 -3.6436e+00 +2.0227e-01 +2.4975e+00 +5.8912e-01 -2.2719e+00 +4.9522e+00 +3.4894e+00 +1.0435e+00
414572 +1.046392290e+01 +1.046392290e+01 -1.690760771e+02 -1.690760771e+02 +8.2197e-01 +5.3582e-01 -4.1710e+00 +1.6312e+00 +2.9063e+00 +1.1335e+00 +1.0640e+00 +1.0864e+00 +1.2202e+00 +2.6857e+00 -5.3085e-01 -6.0726e-01 +1.1123e-01 -5.8413e-01 +3.9905e+00 -8.2320e-01 -2.3715e+00 +3.9697e+00 +4.9243e+00 -2.4636e+00
2499679 +7.032856304e+00 +7.032856304e+00 -1.725071437e+02 -1.725071437e+02 +3.2689e-02 +2.3516e+00 -4.5742e+00 +1.2816e+00 +3.2762e+00 -9.6913e-01 +3.6941e+00 +4.7593e+00 +1.2078e+00 -1.6000e-01 -2.8138e+00 +9.2196e-01 -2.1076e+00 +2.4988e+00 +2.6848e+00 +1.9208e+00 -2.7164e-01 +3.7717e+00 +2.1592e+00 -1.6492e+00
% function evaluation | noise-free fitness - Fopt (7.731000000000e+01) | best noise-free fitness - Fopt | measured fitness | best measured fitness | x1 | x2...
1 +7.670706546e+01 +7.670706546e+01 +1.540170655e+02 +1.540170655e+02 +4.0245e+00 -2.7182e+00 +2.8022e+00 -1.1597e+00 -6.4494e-01 -4.0865e+00 +3.8274e+00 -1.5123e+00 +3.0237e+00 -1.9285e+00 +1.9174e+00 +1.4874e+00 -4.9469e+00 +2.2739e+00 -3.0031e+00 +1.0324e+00 +2.6137e+00 -4.3619e+00 +3.3217e+00 -2.5056e+00
3 +6.410516727e+01 +6.410516727e+01 +1.414151673e+02 +1.414151673e+02 -3.0565e+00 +2.3436e-01 -4.0686e-01 -1.4626e+00 +5.6099e-01 +3.6447e+00 -4.7226e+00 +1.6441e+00 -6.7601e-02 +2.3804e+00 +2.9592e+00 -3.9284e+00 +1.6013e+00 +2.2225e+00 +4.1617e+00 +1.9094e+00 -2.0045e+00 +2.5256e+00 +2.9048e+00 +4.2634e+00
19 +4.901524093e+01 +4.901524093e+01 +1.263252409e+02 +1.263252409e+02 +2.5578e+00 +6.3529e-01 +6.2505e-01 -2.2039e+00 -1.3414e+00 -1.0495e+00 +3.1660e+00 -7.3818e-01 -7.6009e-01 +3.6380e+00 +2.9908e+00 -2.8433e+00 +2.6282e+00 +1.7648e+00 +3.0693e+00 -1.7024e+00 +3.8660e+00 -6.7288e-01 +3.3558e+00 -4.9647e+00
50 +3.283095494e+01 +3.283095494e+01 +1.101409549e+02 +1.101409549e+02 +4.8067e+00 +4.0500e+00 -5.0274e-01 -1.3386e+00 +4.7662e+00 +6.4405e-01 +4.1373e+00 +1.6112e+00 +1.7495e+00 -1.3794e+00 -1.1731e+00 +1.3494e+00 -1.0138e+00 -1.8849e+00 -3.4370e+00 +3.8411e+00 +1.5078e+00 +4.6055e+00 +4.5777e+00 +7.6288e-01
1297 +2.920556937e+01 +2.920556937e+01 +1.065155694e+02 +1.065155694e+02 +9.7622e-01 +4.5761e+00 -8.9413e-01 -4.0416e-01 +2.5512e+00 -5.3183e-01 +2.2883e+00 +1.8835e+00 -1.8271e+00 +1.5576e+00 +2.5742e-01 -1.9317e+00 +7.6798e-01 -2.6550e+00 +4.2019e+00 +2.3439e+00 +3.2217e+00 +1.8495e+00 +3.9874e+00 +7.2555e-01
1450 +2.524272797e+01 +2.524272797e+01 +1.025527280e+02 +1.025527280e+02 +1.8210e+00 -1.3726e+00 -1.5598e+00 -3.4388e+00 +2.6378e+00 +1.6809e+00 +2.1251e+00 -5.4179e-01 +4.7856e+00 +1.6765e+00 -8.7743e-01 +2.3489e+00 +1.3878e+00 -1.9534e+00 +4.8042e+00 +2.0467e+00 -4.4073e-01 +3.9239e+00 +3.4170e+00 -7.3956e-01
2887 +2.470474193e+01 +2.470474193e+01 +1.020147419e+02 +1.020147419e+02 +3.3028e+00 -1.5969e+00 +2.9021e+00 -7.7292e-01 -4.9114e-01 +2.9695e-01 -3.4680e+00 -9.6159e-01 +1.6222e+00 +2.8260e+00 -2.2482e-01 +2.3345e+00 -4.6096e-01 -8.5648e-01 -1.8857e-01 +3.5436e-01 -1.5893e+00 +2.5802e+00 +2.1764e+00 +2.4603e+00
6313 +1.846365690e+01 +1.846365690e+01 +9.577365690e+01 +9.577365690e+01 +1.4423e+00 -2.6617e+00 -1.8733e+00 -5.0885e-01 +2.3799e+00 +4.6520e-01 +9.1841e-01 -1.5495e+00 -1.7018e-01 +3.0971e+00 -1.1192e-01 -3.0980e+00 -8.2198e-01 -3.9578e-01 +1.8871e+00 -1.6753e+00 -3.0464e+00 -2.3600e-03 +2.9071e+00 +2.3164e+00
9189 +1.736998145e+01 +1.736998145e+01 +9.467998145e+01 +9.467998145e+01 +1.6668e+00 +4.1775e-01 -2.8955e+00 -2.4951e+00 +3.3936e+00 -3.8141e+00 +4.4635e+00 -3.5526e+00 +1.3996e+00 +3.7081e+00 +3.0002e+00 +1.4428e+00 +1.0898e+00 -2.6248e+00 +1.7292e+00 +2.5575e+00 +2.9528e+00 -6.7351e-02 +1.7414e+00 +1.5217e+00
53486 +1.113198880e+01 +1.113198880e+01 +8.844198880e+01 +8.844198880e+01 +2.2180e+00 -3.2337e+00 -1.1645e+00 -2.8179e+00 +1.5747e-01 -4.7002e+00 -7.5106e-02 -2.2845e+00 +4.4154e+00 +1.8950e+00 +1.8816e+00 +2.8722e+00 -1.1972e+00 +9.7580e-01 -3.2268e-01 +4.0719e+00 -2.6947e+00 +3.1752e-01 +3.4309e+00 +1.0291e+00
483152 +1.074535475e+01 +1.074535475e+01 +8.805535475e+01 +8.805535475e+01 +4.3797e-01 -9.0382e-01 -6.5231e-01 -1.8680e+00 -2.5388e-01 -8.0577e-01 +2.2033e+00 -4.3290e+00 +2.9004e+00 +3.0405e+00 +1.9445e+00 -2.6052e+00 -1.5795e-01 +5.7095e-01 -1.1635e+00 +3.3062e+00 -2.7740e+00 +3.0071e+00 +1.0526e+00 +1.2633e-01
872024 +8.426417875e+00 +8.426417875e+00 +8.573641787e+01 +8.573641787e+01 +1.5006e+00 -5.7573e-01 +5.6942e-01 -2.4463e+00 +8.3331e-01 -9.8874e-01 +1.6634e+00 -2.9508e+00 +1.9747e-01 +1.6175e+00 +1.6774e+00 +7.5317e-01 +2.8673e+00 -2.4370e+00 +3.8832e-01 +2.8342e+00 -3.1023e+00 +2.4659e+00 +3.9110e+00 +1.3793e+00
20305839 +7.892522010e+00 +7.892522010e+00 +8.520252201e+01 +8.520252201e+01 -7.2700e-01 -2.0042e-01 -3.2000e+00 -5.4833e-01 +2.4550e+00 +2.9431e-01 +1.3901e+00 +1.4926e+00 +2.5682e+00 +3.5696e+00 +1.0620e+00 -5.1357e-01 +5.7622e-01 -1.2414e+00 -3.8142e-01 +4.7865e+00 -1.4734e+00 +2.1374e+00 +2.8177e+00 +1.6890e+00
57311253 +7.447032773e+00 +7.447032773e+00 +8.475703277e+01 +8.475703277e+01 +2.0828e+00 +6.7699e-01 +1.0487e+00 -1.8628e+00 +2.8642e+00 -2.7129e+00 +4.8304e-01 -1.3187e+00 -4.4910e-01 +1.4032e+00 +1.2760e+00 +3.3537e-01 +1.0447e+00 -5.3765e-01 +2.6862e+00 +2.8200e+00 -1.0587e+00 +4.2859e+00 +2.7153e+00 +3.4054e+00
63469986 +7.312225892e+00 +7.312225892e+00 +8.462222589e+01 +8.462222589e+01 +2.8601e-01 -2.2624e-01 -3.4425e+00 -1.8682e+00 +9.5710e-02 -1.8069e+00 +2.9363e-02 -2.8710e+00 +1.9778e-01 +2.3161e+00 -2.8761e-01 +2.5811e+00 +2.2160e+00 +2.9311e+00 +2.3410e-01 +3.1213e+00 -1.2681e+00 -2.3266e-01 +2.3126e+00 +3.0434e+00
% function evaluation | noise-free fitness - Fopt (3.992000000000e+01) | best noise-free fitness - Fopt | measured fitness | best measured fitness | x1 | x2...
1 +1.436766567e+02 +1.436766567e+02 +1.835966567e+02 +1.835966567e+02 -2.4104e+00 +2.6178e+00 -3.4036e+00 -1.2420e+00 -3.5755e+00 -1.9720e+00 +4.0160e+00 +1.4907e+00 -8.9257e-01 +4.4476e+00 -2.9133e-01 -3.8933e+00 +2.9754e+00 +1.6745e+00 -2.9520e-02 -2.9595e+00 -4.7881e+00 +3.8341e+00 +3.8539e+00 +3.9657e-01
5 +1.031055040e+02 +1.031055040e+02 +1.430255040e+02 +1.430255040e+02 +7.0189e-02 -2.4682e+00 -1.1623e+00 -4.5002e+00 +3.4039e+00 +3.8260e+00 +1.7626e+00 +3.3628e+00 -8.3940e-01 +1.7081e-01 -7.6512e-01 -3.8371e+00 -3.4525e+00 -3.8243e+00 -2.4784e+00 +1.0521e+00 -2.9581e+00 +3.0827e+00 -3.8089e+00 +1.4634e+00
6 +6.026759656e+01 +6.026759656e+01 +1.001875966e+02 +1.001875966e+02 +3.5987e+00 -1.2345e+00 -1.6406e-01 -4.6026e+00 +1.1179e+00 -4.6911e+00 -3.8548e+00 -3.6598e+00 +3.6137e+00 +2.6499e+00 +9.6864e-01 +1.4599e+00 +7.4803e-01 +2.2846e+00 -4.1611e+00 +5.6775e-01 +2.5688e+00 +3.5099e+00 +1.2132e+00 -4.4614e+00
9 +4.062017598e+01 +4.062017598e+01 +8.054017598e+01 +8.054017598e+01 +2.4670e+00 -2.0247e+00 +4.6074e+00 -2.4383e+00 -3.3393e+00 +3.4753e+00 +4.3758e+00 +2.8159e+00 +1.6926e+00 -9.6078e-01 -1.0363e+00 +4.2390e+00 +8.1059e-01 -1.6691e+00 -2.8633e+00 +1.2966e+00 -2.9611e+00 -1.1987e+00 +1.5534e+00 -3.9924e+00
30 +2.583612612e+01 +2.583612612e+01 +6.575612612e+01 +6.575612612e+01 +1.3145e+00 +7.5457e-02 -9.7193e-01 -4.0735e+00 -2.6334e+00 +1.3667e+00 +4.1853e+00 +8.0627e-01 +1.1023e+00 +2.0191e+00 -8.0401e-01 +2.7658e+00 +8.5301e-02 -2.8108e+00 -4.0511e+00 -2.7351e+00 +2.1733e+00 -4.0406e+00 +2.0627e+00 -3.5906e+00
770 +2.109552161e+01 +2.109552161e+01 +6.101552161e+01 +6.101552161e+01 -2.0753e-01 +1.3792e+00 -7.8135e-01 +5.2175e-01 -3.9663e+00 +1.1708e+00 +6.8523e-01 -2.1226e+00 +2.9118e+00 +4.9619e+00 -2.5742e-01 -2.0269e+00 +5.5430e-01 +9.9122e-01 -1.6858e+00 -1.6793e+00 -1.8471e+00 -4.4217e-01 -1.7610e-01 -2.2807e+00
14690 +1.446531771e+01 +1.446531771e+01 +5.438531771e+01 +5.438531771e+01 +3.5174e+00 +3.9996e+00 +3.7416e+00 -1.9041e+00 -1.3124e+00 +1.3830e+00 +1.1010e+00 +1.6649e+00 +1.3679e+00 +4.4972e+00 -3.6843e+00 -1.4983e+00 +1.2871e+00 +1.5850e+00 -3.2321e+00 +2.1630e+00 +9.5824e-01 +2.6253e-01 +8.7505e-01 -3.2808e+00
291574 +1.340612369e+01 +1.340612369e+01 +5.332612369e+01 +5.332612369e+01 +7.2898e-01 -6.5082e-01 +4.6091e+00 +3.8791e-02 -4.4797e+00 +1.6385e+00 +4.4708e+00 +1.1691e+00 +3.5275e+00 +1.4774e+00 +2.8443e+00 +3.4866e+00 +6.3905e-01 -2.3799e+00 -1.4687e+00 -1.2034e+00 +8.7753e-01 -2.2356e+00 +8.8006e-01 -3.3646e+00
722333 +1.139620064e+01 +1.139620064e+01 +5.131620064e+01 +5.131620064e+01 +4.3941e+00 -2.0037e+00 +2.0491e+00 -3.4689e+00 +2.5621e-01 -6.5762e-01 +1.3712e+00 -6.8546e-01 +2.7546e+00 +3.6730e+00 -2.4993e+00 -2.2225e+00 -1.8017e+00 +1.3692e+00 -1.3744e+00 +4.6246e+00 +4.3665e+00 +1.3715e+00 +1.0901e+00 -4.5082e+00
842384 +1.106279784e+01 +1.106279784e+01 +5.098279784e+01 +5.098279784e+01 +1.8093e+00 -9.8458e-01 +2.4722e+00 -1.2534e+00 -1.4437e+00 +1.1902e+00 +9.8828e-01 +4.1126e-01 +4.4694e+00 +1.2175e+00 +1.8382e+00 -2.0364e+00 -2.0842e+00 +1.0585e+00 -4.2735e+00 -5.2951e-01 -1.4401e-01 -9.2559e-01 +1.7351e+00 -3.9678e+00
3138233 +1.092799769e+01 +1.092799769e+01 +5.084799769e+01 +5.084799769e+01 +4.4375e+00 +6.9684e-01 -3.3579e-01 -2.9997e+00 -3.3189e+00 +4.3502e+00 +9.9203e-01 -3.8643e-01 +4.7987e+00 +2.5685e+00 -2.0202e+00 +2.3759e+00 +1.2618e+00 +5.6458e-02 +1.2215e+00 +1.9123e-01 -3.6954e+00 +2.7878e+00 +5.4418e-01 -3.7415e+00
5309546 +1.066108236e+01 +1.066108236e+01 +5.058108236e+01 +5.058108236e+01 +3.4262e+00 -1.2261e+00 +4.6851e-01 -1.1506e+00 -3.6265e+00 +2.9631e+00 +2.6339e+00 -2.6755e+00 +1.7627e+00 +3.4060e+00 -1.4833e+00 +1.4642e+00 -2.5905e-01 -2.0570e+00 -5.6252e-01 -2.5500e+00 -1.9029e+00 +3.5921e-02 +1.8416e+00 -2.7342e+00
8059264 +1.031880668e+01 +1.031880668e+01 +5.023880668e+01 +5.023880668e+01 +4.9415e+00 +1.1220e+00 +3.2443e+00 -2.5736e+00 -4.0514e+00 +1.4896e-01 +1.4513e+00 +4.2818e-01 +1.3298e+00 +2.6193e+00 -1.8647e+00 +2.2922e+00 -1.6176e+00 -1.4701e-01 +9.4109e-01 +1.3987e+00 +2.1025e+00 +9.7074e-01 +1.3068e-01 -2.2778e+00
20056692 +1.014716078e+01 +1.014716078e+01 +5.006716078e+01 +5.006716078e+01 +2.0598e+00 -1.8129e+00 +3.2156e+00 -2.5075e+00 -4.3419e+00 -1.2546e+00 +3.0506e+00 -9.0667e-02 -1.3557e-01 +1.3055e+00 +3.0090e-01 -1.4689e+00 -1.3547e+00 -1.7684e+00 -1.3831e+00 -1.3530e+00 +1.4891e+00 +1.9170e+00 +2.9087e+00 -4.8511e+00
30696115 +8.663990109e+00 +8.663990109e+00 +4.858399011e+01 +4.858399011e+01 +3.5160e+00 -1.1259e+00 -1.4291e-01 -3.7953e-01 -6.3040e-01 +3.4173e+00 +3.3085e+00 -1.6352e+00 +3.4306e+00 +3.0294e+00 +2.1430e+00 +3.1824e-01 +6.4695e-02 +3.9456e-01 -1.5334e+00 +1.9504e-01 +1.1887e-02 -8.9548e-01 +7.4435e-02 -3.9103e+00
47550668 +6.877800822e+00 +6.877800822e+00 +4.679780082e+01 +4.679780082e+01 +4.9857e+00 -3.0677e+00 +3.0438e+00 -3.8451e+00 -2.1053e+00 -9.8352e-02 +2.0789e+00 +1.9035e-01 +2.0311e+00 +3.7056e+00 -1.4410e+00 -1.3454e+00 -3.5850e-01 +1.7643e+00 -1.4687e+00 +9.9789e-01 +1.2851e-01 +9.7518e-01 +1.9818e-01 -2.7628e+00
110842973 +5.332959554e+00 +5.332959554e+00 +4.525295955e+01 +4.525295955e+01 +4.5124e+00 -9.9832e-01 +1.5353e+00 -1.3193e+00 -1.1908e+00 +1.4870e+00 +2.2605e+00 -1.2036e+00 +3.4689e+00 +4.1332e+00 -2.2289e+00 +2.9476e-02 +1.4843e+00 -3.5966e-01 -1.2088e+00 +1.4276e+00 +9.2841e-01 +1.0284e+00 +1.6921e+00 -4.8640e+00
% function evaluation | noise-free fitness - Fopt (-5.661000000000e+01) | best noise-free fitness - Fopt | measured fitness | best measured fitness | x1 | x2...
1 +1.066312870e+02 +1.066312870e+02 +5.002128700e+01 +5.002128700e+01 -1.5664e+00 +2.7966e-02 +7.2235e-01 +2.7096e+00 +2.9184e+00 -1.0868e+00 -1.3870e+00 -1.8709e+00 -4.0395e+00 +4.6949e+00 +3.3974e+00 +4.1844e-01 +2.1841e+00 -1.0149e+00 +3.7065e+00 -3.4824e+00 +3.5631e+00 -1.9195e+00 +3.8471e+00 -3.6896e+00
8 +7.840396807e+01 +7.840396807e+01 +2.179396807e+01 +2.179396807e+01 +3.1285e+00 +6.9040e-01 -2.4192e-01 +1.9606e-01 -6.0168e-01 -1.0673e+00 +1.7795e+00 +1.6388e+00 -2.7906e+00 -4.1679e+00 -3.4225e+00 +4.9792e+00 +2.7526e+00 -1.4982e+00 +2.9988e+00 -3.2966e+00 -9.9873e-01 -4.7626e+00 -4.7167e+00 -4.0770e+00
13 +5.277780959e+01 +5.277780959e+01 -3.832190413e+00 -3.832190413e+00 +9.1072e-01 +3.7752e+00 +3.3624e+00 -3.6109e+00 +2.3251e+00 +3.7424e+00 -1.0649e+00 +1.4162e+00 -2.2983e+00 -3.5339e+00 +2.6044e+00 -3.6058e+00 +2.9076e+00 -5.7844e-01 -1.0921e+00 -4.2982e+00 -5.6343e-01 -2.3017e+00 -3.0126e+00 -3.6625e+00
31 +4.684009129e+01 +4.684009129e+01 -9.769908710e+00 -9.769908710e+00 +2.2018e+00 +7.7287e-01 +2.9561e+00 -2.7982e+00 -3.7445e+00 -9.4101e-01 -2.9556e-01 -6.5099e-01 -3.8615e+00 +4.6403e+00 -1.6549e+00 -1.9465e+00 -1.4063e+00 +1.4931e+00 -4.3188e+00 +4.6407e-01 -4.9184e+00 +1.8584e+00 -4.6565e+00 -9.7578e-01
33 +3.213475981e+01 +3.213475981e+01 -2.447524019e+01 -2.447524019e+01 -1.4148e+00 +2.5927e+00 -4.6070e+00 -2.9153e+00 -1.7424e+00 -5.9523e-01 +3.6899e+00 -9.2520e-01 -1.5303e+00 -1.7786e+00 +5.0757e-01 +2.0547e+00 +4.5309e-01 -3.8279e+00 -5.7741e-01 -1.4516e+00 -2.2565e+00 -2.8365e+00 -2.7375e+00 -1.9378e+00
189 +2.459063744e+01 +2.459063744e+01 -3.201936256e+01 -3.201936256e+01 -2.8904e-01 +3.6954e+00 +1.1910e+00 -2.5752e-02 -1.1621e+00 -2.9652e-01 +4.4873e-01 -4.0988e+00 -3.8621e+00 -1.1956e+00 +7.9936e-01 -5.0048e-02 -3.9299e+00 +1.7990e+00 +2.8369e+00 +2.1216e+00 -1.0315e+00 +1.6526e+00 -4.5222e+00 -7.0226e-02
5374 +1.984903609e+01 +1.984903609e+01 -3.676096391e+01 -3.676096391e+01 -1.5959e+00 +4.7979e+00 +2.5225e+00 -2.6456e+00 -9.5645e-01 -1.4511e+00 +2.3256e+00 -2.6872e+00 -4.4392e+00 +4.6985e+00 -4.2109e+00 -3.0875e+00 +3.8152e+00 -2.9804e-01 -3.1889e+00 +1.4740e+00 +1.9267e+00 +3.0781e+00 -1.4866e+00 +1.0137e+00
32624 +1.085372707e+01 +1.085372707e+01 -4.575627293e+01 -4.575627293e+01 +1.9138e-01 +1.0355e+00 +2.2656e+00 -4.4810e+00 -3.0465e+00 -5.1580e-01 +1.3086e+00 -3.1387e+00 -2.2324e+00 -9.1114e-01 -4.2966e+00 -2.6919e-01 +3.6608e+00 +4.6453e-01 +1.7554e+00 +7.8155e-01 -1.4737e+00 -6.8220e-01 -1.3898e+00 -3.4292e+00
483654 +1.050277327e+01 +1.050277327e+01 -4.610722673e+01 -4.610722673e+01 -6.3607e-01 +2.1844e+00 +1.7957e+00 -3.4083e+00 -3.9043e+00 +1.4455e+00 +4.2082e+00 -3.3441e+00 -4.5074e+00 -1.9492e+00 -1.6649e+00 +1.0944e+00 -1.5167e-01 -8.5277e-01 +5.1148e-01 +5.5557e-01 +1.9024e-01 -1.9996e-01 -3.6586e+00 -2.9898e+00
1730015 +9.761319076e+00 +9.761319076e+00 -4.684868092e+01 -4.684868092e+01 +1.4999e+00 +1.8879e+00 +2.9077e+00 -4.3681e+00 -8.5659e-01 +2.9932e+00 +1.9282e+00 -2.4702e+00 -1.9784e+00 +4.3373e-01 -3.9791e+00 -5.4737e-01 +2.7659e+00 +1.8427e+00 +9.1227e-01 -6.8273e-01 -2.5759e+00 -1.2272e+00 -2.4734e+00 -4.7105e+00
21871729 +8.075924063e+00 +8.075924063e+00 -4.853407594e+01 -4.853407594e+01 +1.2595e-01 +2.7656e+00 +2.1158e+00 -8.7695e-01 -1.5228e+00 +2.6890e+00 +4.8156e+00 -2.2580e+00 -2.4078e+00 +9.1342e-01 -4.0981e+00 -1.9342e+00 +3.8296e+00 +2.4515e-01 -3.2134e+00 +1.6568e+00 +2.2200e-01 +3.8819e+00 -4.1936e+00 -2.4947e+00
94479505 +7.441590233e+00 +7.441590233e+00 -4.916840977e+01 -4.916840977e+01 +2.7901e-02 +1.4527e+00 +1.8185e+00 -2.9502e+00 -1.5767e+00 +2.9914e+00 +1.5179e+00 -2.1309e+00 -3.3314e+00 -3.1106e-01 -2.0946e+00 -3.8457e+00 +4.0734e+00 +9.2676e-01 -4.1714e+00 +1.1652e+00 -9.8543e-01 +2.9486e+00 -4.7220e+00 -3.7547e+00
% function evaluation | noise-free fitness - Fopt (-3.745400000000e+02) | best noise-free fitness - Fopt | measured fitness | best measured fitness | x1 | x2...
1 +3.121427168e+02 +3.121427168e+02 -6.239728321e+01 -6.239728321e+01 +4.4865e-01 -2.9885e+00 +4.0389e+00 -4.5845e+00 +4.6916e+00 +3.2133e+00 -3.2732e+00 +1.1916e+00 -4.6692e+00 -4.0739e+00 -4.2969e+00 -1.3979e+00 +2.1723e+00 +4.4064e+00 +3.5196e+00 -4.5540e+00 -2.1567e+00 -3.5743e+00 +1.2715e+00 +4.2473e+00
2 +1.552725948e+02 +1.552725948e+02 -2.192674052e+02 -2.192674052e+02 -1.6491e+00 +4.1689e+00 -4.6707e+00 +3.4900e-01 +4.8833e+00 +4.8186e+00 +3.9350e+00 +4.7032e+00 +3.1595e+00 -3.6740e+00 +2.9712e+00 +3.1061e+00 +3.5737e+00 -1.8075e+00 -2.6239e+00 -1.2161e+00 -2.4441e+00 +1.6501e+00 -2.4935e+00 +3.3109e+00
3 +4.502779635e+01 +4.502779635e+01 -3.295122037e+02 -3.295122037e+02 -3.6830e+00 +2.8752e+00 -3.6441e+00 -1.2964e-01 -2.7945e+00 +5.4245e-01 -7.4774e-01 -1.1212e+00 -7.1480e-01 -2.9448e+00 -3.8193e+00 -2.3311e+00 -1.4867e+00 -2.6494e+00 -9.0810e-01 +1.0627e+00 +1.2456e+00 +1.8284e+00 +1.4927e+00 +3.3620e+00
113 +4.385359707e+01 +4.385359707e+01 -3.306864029e+02 -3.306864029e+02 +2.6210e-01 +2.4660e+00 -4.0174e+00 -3.5140e+00 -3.7627e+00 +1.7667e-01 +3.1821e+00 +1.7229e+00 -2.0186e+00 -2.4878e+00 -8.0037e-01 -1.4893e+00 +1.8582e+00 +1.2485e+00 +2.5337e-01 -3.4141e+00 +5.1789e-01 +4.2556e+00 -4.2932e+00 +5.6510e-01
163 +4.106092682e+01 +4.106092682e+01 -3.334790732e+02 -3.334790732e+02 -2.3160e+00 +7.1721e-01 +1.1861e+00 -3.9398e+00 -4.3713e-01 -1.7148e+00 +3.3823e+00 +6.6997e-01 -1.4704e+00 +3.1976e-01 -1.4150e+00 -1.7996e+00 -1.0871e+00 +1.9289e+00 -3.0113e+00 +9.6551e-02 +2.0173e+00 +1.9682e+00 -4.4886e+00 -2.5029e+00
194 +3.489940135e+01 +3.489940135e+01 -3.396405987e+02 -3.396405987e+02 -1.5495e+00 +5.8159e-01 -9.4443e-01 -7.1185e-01 -4.9897e-01 +2.5085e+00 +3.1884e+00 -1.3880e+00 -3.9819e+00 -2.1277e+00 -3.0698e+00 -2.1799e+00 -9.3839e-01 +2.4268e+00 -2.4515e+00 -4.0223e+00 -1.4066e+00 +1.2958e+00 -3.8748e+00 +3.2455e+00
336 +2.497404942e+01 +2.497404942e+01 -3.495659506e+02 -3.495659506e+02 -3.4383e+00 +1.2320e+00 -4.0621e+00 -1.6260e+00 -3.9119e+00 -4.7866e-01 -2.5304e+00 +4.1267e+00 +1.2727e+00 +4.3160e-01 +4.1379e+00 -1.6577e+00 -3.0656e+00 +1.1778e+00 -4.8003e+00 -3.6813e+00 +2.4416e-01 +4.3354e+00 +6.7548e-01 -1.9949e+00
1086 +2.314079244e+01 +2.314079244e+01 -3.513992076e+02 -3.513992076e+02 -3.5772e+00 -6.9844e-01 +1.5042e+00 -3.1883e+00 +1.6276e+00 +3.3334e+00 -2.0195e+00 +1.6148e+00 +1.7211e+00 -3.2493e+00 +2.3115e+00 -3.4892e+00 -1.6355e+00 +3.6658e+00 -4.3091e+00 -4.6977e+00 +1.4893e+00 +4.6570e+00 -3.7431e+00 +9.4372e-01
3390 +2.051421411e+01 +2.051421411e+01 -3.540257859e+02 -3.540257859e+02 -2.2200e+00 -1.9790e+00 -1.6054e+00 +8.7835e-02 +2.0094e+00 -3.1179e+00 +4.8704e+00 +1.9333e+00 -1.7010e+00 -2.2308e+00 +4.2149e+00 -1.2551e+00 -2.5582e-02 -2.9122e-01 -4.9611e+00 -3.3249e+00 -1.6382e+00 +4.5269e+00 +3.8243e+00 -8.1842e-01
8757 +1.241716625e+01 +1.241716625e+01 -3.621228337e+02 -3.621228337e+02 -2.5428e+00 +9.9881e-01 -4.1906e+00 -2.3908e+00 -2.1863e-01 +4.0570e+00 +2.0740e+00 -2.0747e-01 +1.9499e+00 -2.0002e+00 +4.9864e+00 -2.5647e-01 -3.3906e+00 +4.9420e-01 -3.2720e+00 +3.5552e-01 +2.7983e+00 +1.0076e+00 +8.9783e-01 +3.9379e-01
977456 +9.833306556e+00 +9.833306556e+00 -3.647066934e+02 -3.647066934e+02 -3.9642e+00 +1.2035e+00 -1.6566e+00 -2.5328e+00 -7.1936e-01 +2.7351e+00 -2.2490e+00 +4.9677e+00 +3.3074e+00 -1.4423e+00 +2.3641e+00 -2.7501e+00 -4.2141e+00 +4.4461e+00 -4.0797e+00 -4.3314e+00 +2.3995e-01 -1.2504e+00 +7.2935e-01 +1.0063e+00
4079828 +9.489849353e+00 +9.489849353e+00 -3.650501506e+02 -3.650501506e+02 -1.4360e+00 +2.0317e+00 -1.3631e+00 -8.1591e-01 -1.1558e+00 +2.0497e+00 +2.8711e+00 +3.6378e+00 +2.6123e+00 -2.1711e-01 +2.1676e+00 -4.3551e+00 -1.7918e+00 +4.4136e+00 -2.7324e+00 -4.7951e+00 -9.2371e-01 +4.2537e+00 -1.0225e+00 -1.3891e+00
26808354 +9.042022181e+00 +9.042022181e+00 -3.654979778e+02 -3.654979778e+02 -4.6155e+00 +1.8986e+00 -3.0716e+00 +5.2375e-01 +8.2490e-01 +5.8010e-01 +1.2325e+00 +2.0428e+00 -2.2899e+00 -5.6964e-01 +3.4636e+00 +7.3300e-01 -4.0379e+00 +3.0868e+00 -2.8700e+00 -4.9222e+00 -1.0244e+00 +3.8653e+00 +2.4255e-01 -1.3366e+00
57120972 +8.575790973e+00 +8.575790973e+00 -3.659642090e+02 -3.659642090e+02 -3.5642e+00 +1.5791e+00 -2.7544e+00 -6.7317e-01 +7.4157e-01 +2.9279e-01 +4.4922e+00 +4.2807e+00 +7.6354e-01 -8.6125e-01 +2.4024e+00 -3.1262e+00 -3.0874e+00 +4.5313e+00 -3.3734e+00 -2.5936e+00 -1.4395e+00 +3.4279e+00 +3.6251e+00 +2.2004e-01
59385230 +7.476010931e+00 +7.476010931e+00 -3.670639891e+02 -3.670639891e+02 -4.2271e+00 +4.4793e-01 -2.5684e+00 -1.3620e+00 +2.0583e+00 +1.8339e+00 -5.3291e-01 +2.7498e+00 +2.7663e+00 +9.8275e-01 +3.4804e+00 -9.6738e-01 -4.5720e+00 +2.3039e+00 -3.5037e+00 -2.7409e+00 -4.2042e-01 -1.2671e+00 -1.8822e+00 -2.6915e-01
% function evaluation | noise-free fitness - Fopt (6.596500000000e+02) | best noise-free fitness - Fopt | measured fitness | best measured fitness | x1 | x2...
1 +6.567353581e+01 +6.567353581e+01 +7.253235358e+02 +7.253235358e+02 -2.3138e-01 +1.1183e+00 -3.4900e+00 +1.9730e+00 +2.6333e+00 -2.9413e+00 +1.4500e+00 +1.2388e+00 -2.9705e+00 +5.6969e-01 -4.2393e+00 +4.2324e+00 +4.2155e+00 -2.1915e+00 -3.3723e+00 +4.6280e-01 +2.4275e+00 +2.3669e+00 +4.3190e+00 +2.5709e-01
25 +5.854077555e+01 +5.854077555e+01 +7.181907756e+02 +7.181907756e+02 -3.7461e+00 -1.0521e-01 +7.1835e-01 -3.4500e+00 -1.8476e+00 -4.6667e-01 -4.1049e+00 -1.2833e+00 +3.7746e+00 +1.7700e+00 +2.6435e+00 -6.2332e-01 +2.4279e+00 +7.5771e-01 -4.1817e-01 +3.8594e+00 -3.2699e+00 +1.1655e+00 -5.2558e-01 +2.0449e+00
101 +2.893834226e+01 +2.893834226e+01 +6.885883423e+02 +6.885883423e+02 -3.7888e+00 +3.4713e+00 -3.5498e+00 -3.6369e-01 -2.2779e+00 -1.3929e+00 -4.0070e+00 -2.4432e+00 -7.4256e-01 -2.0266e+00 -4.4000e+00 -3.4904e+00 -2.4274e+00 -1.4578e+00 +2.7084e-01 -2.9734e+00 -1.5509e+00 +1.3675e+00 -3.8604e-02 +2.4432e+00
342 +2.241488086e+01 +2.241488086e+01 +6.820648809e+02 +6.820648809e+02 -7.3648e-01 -1.8740e+00 -4.5427e+00 +3.2177e+00 -1.2540e-02 -1.8534e+00 -2.7766e+00 +5.2011e-01 +2.2227e+00 +2.9277e+00 -1.3378e+00 -1.7873e+00 +2.4866e+00 -2.3615e+00 +1.6494e+00 +3.4441e+00 -9.0150e-01 +4.7102e+00 +6.3477e-01 +3.8920e+00
7854 +1.722076000e+01 +1.722076000e+01 +6.768707600e+02 +6.768707600e+02 -9.2450e-01 -4.9367e-01 +4.4388e+00 +3.5618e+00 -3.4402e+00 -7.7119e-01 -2.2662e+00 +1.5893e+00 +2.4186e+00 -4.3520e+00 -1.1987e+00 +2.3928e+00 +2.3812e+00 -4.0416e+00 +2.7601e+00 +1.8252e+00 +4.0615e+00 +2.0882e+00 +1.7949e+00 +4.9373e-01
67308 +1.252589996e+01 +1.252589996e+01 +6.721759000e+02 +6.721759000e+02 -3.4836e+00 -1.9504e+00 +3.3516e+00 +4.7024e+00 +6.1860e-01 +4.2333e+00 -4.1140e+00 +2.8816e+00 +1.8537e+00 -3.4011e+00 -1.6976e+00 +2.6907e+00 +2.9661e+00 -4.6349e+00 +1.6889e-01 +1.1642e+00 +3.1483e+00 +1.5969e+00 +2.8893e+00 +1.9131e+00
855768 +1.161542501e+01 +1.161542501e+01 +6.712654250e+02 +6.712654250e+02 -3.4111e+00 +5.3846e-01 +2.7350e+00 +3.3314e+00 +1.1319e+00 +1.7239e+00 -3.8122e+00 +2.6221e+00 -9.1572e-01 -3.1507e-01 -4.2333e+00 -2.7113e+00 +1.8333e+00 -2.6648e+00 +4.1630e+00 -9.9823e-01 +1.1132e+00 +3.1650e+00 +2.4895e+00 +2.6027e+00
1384697 +8.507843809e+00 +8.507843809e+00 +6.681578438e+02 +6.681578438e+02 -3.0439e+00 +2.0552e+00 +5.6562e-01 +3.2799e+00 -2.1487e+00 +2.5775e+00 -2.8039e+00 +3.4731e+00 +7.4185e-01 -4.8530e+00 -3.2859e-01 +9.2473e-01 +1.0491e+00 -2.2377e+00 +2.9980e+00 -1.1270e+00 +1.6136e+00 +4.8924e+00 +3.9977e+00 +8.6282e-01
19457456 +7.642010045e+00 +7.642010045e+00 +6.672920100e+02 +6.672920100e+02 -3.6673e+00 +3.8349e-01 +1.1186e+00 +4.5918e+00 -1.4489e+00 -2.6346e-01 -3.7516e+00 +3.4437e+00 +1.7057e+00 -2.6179e+00 -4.8994e-02 +1.9961e-01 -1.9849e+00 -4.0465e+00 +4.6471e+00 +1.6092e+00 +2.9988e+00 +3.4137e+00 +3.5250e+00 +1.2121e+00
50059363 +6.652573247e+00 +6.652573247e+00 +6.663025732e+02 +6.663025732e+02 -3.5094e+00 -1.4295e+00 +2.2426e+00 +3.7224e+00 +7.8214e-01 +1.8265e+00 -2.1643e+00 +3.4599e+00 +4.6049e-01 -7.1699e-01 +2.5916e-02 +1.7840e+00 -5.1354e-04 -3.0698e+00 +1.3604e+00 -2.3241e+00 +2.4745e+00 +1.9600e+00 +3.4484e+00 +2.2542e+00
% function evaluation | noise-free fitness - Fopt (-1.340000000000e+00) | best noise-free fitness - Fopt | measured fitness | best measured fitness | x1 | x2...
1 +1.958400987e+02 +1.958400987e+02 +1.945000987e+02 +1.945000987e+02 +2.1136e+00 -2.9449e-01 +2.2302e+00 +2.8374e+00 +3.6528e+00 +2.6990e-01 +3.9131e+00 -7.4214e-01 -3.8475e+00 -2.6457e-01 +3.3205e+00 +3.7216e+00 -1.9645e+00 +8.8573e-01 +8.8060e-01 +2.9453e+00 +2.0340e+00 -1.0947e+00 -1.6158e+00 +4.4841e-01
11 +1.029004310e+02 +1.029004310e+02 +1.015604310e+02 +1.015604310e+02 +1.9699e+00 +3.5308e+00 +3.6866e+00 +3.3406e+00 -4.0368e+00 +3.7823e+00 +3.6613e+00 -4.4072e-01 -1.1863e+00 -9.6687e-01 -4.5207e+00 +3.3016e+00 +1.7293e+00 +3.5321e+00 -1.7329e+00 -2.9287e+00 -1.1005e+00 -2.2980e+00 -4.7366e+00 +1.0481e-02
35 +8.248722325e+01 +8.248722325e+01 +8.114722325e+01 +8.114722325e+01 -2.4278e-01 -2.6408e+00 -2.6112e-01 +2.0873e+00 +4.5610e-01 +2.5095e+00 -2.6139e-01 +8.7530e-01 +1.2115e+00 +4.2770e+00 -2.6399e-01 +1.5973e+00 -4.1887e+00 +3.7917e+00 +4.5599e+00 -3.1163e+00 -4.4483e+00 +5.9795e-01 -6.7783e-01 +1.7790e+00
52 +8.091256512e+01 +8.091256512e+01 +7.957256512e+01 +7.957256512e+01 -2.4169e+00 -1.6077e+00 +9.3349e-01 +2.9187e+00 -2.3250e+00 +5.6323e-01 -9.7765e-01 +9.8978e-01 +1.4647e+00 +4.3889e+00 -1.0989e+00 -2.6082e+00 -7.7141e-01 +8.6182e-01 +2.6514e+00 -3.2620e+00 +4.5305e+00 +4.3572e+00 -1.9538e+00 -1.8013e+00
63 +7.417795923e+01 +7.417795923e+01 +7.283795923e+01 +7.283795923e+01 -5.1230e-01 -3.7659e+00 -1.9768e-01 -2.4892e+00 -3.5569e+00 -3.8745e+00 -2.5919e+00 +4.0361e+00 -1.4742e+00 +3.9485e+00 -4.6651e-01 -2.8298e+00 +2.0412e+00 +2.6267e+00 -1.3692e+00 -2.0546e+00 -4.1416e+00 +3.1065e+00 +9.9476e-01 -2.3879e+00
64 +6.542558747e+01 +6.542558747e+01 +6.408558747e+01 +6.408558747e+01 +2.1901e+00 -1.6053e+00 +1.8004e+00 -2.1143e+00 +1.0216e+00 +2.8846e+00 +3.5024e+00 -4.8006e+00 +5.6866e-01 +4.0800e+00 -2.7631e-01 -2.3511e+00 +1.0606e+00 +3.2890e+00 -3.9093e+00 +2.5141e+00 -2.8255e+00 +1.1334e+00 -4.1047e+00 -3.0907e-01
88 +6.149573476e+01 +6.149573476e+01 +6.015573476e+01 +6.015573476e+01 +1.8072e+00 -3.0926e+00 -1.5544e+00 -1.8600e+00 +1.0759e+00 -1.0475e+00 +1.1655e+00 +1.9554e+00 +4.3967e+00 +4.6810e+00 +1.1065e+00 -3.4713e-01 +3.4461e+00 +3.0645e+00 -2.1866e+00 -4.6703e+00 +1.4270e+00 -1.8490e+00 -2.1382e+00 -2.6221e+00
90 +5.788291499e+01 +5.788291499e+01 +5.654291499e+01 +5.654291499e+01 +9.8379e-01 -2.4876e+00 +1.6817e+00 -2.4265e-02 -4.4711e+00 +9.3475e-02 -1.0236e+00 +3.6396e+00 +4.9314e+00 +2.3787e+00 -1.7300e+00 -3.7322e+00 -1.7717e+00 -2.0663e+00 +4.7883e+00 -5.0188e-01 -3.7833e+00 +4.6091e+00 +2.1320e+00 +3.5759e+00
135 +3.816957612e+01 +3.816957612e+01 +3.682957612e+01 +3.682957612e+01 +3.1108e+00 -3.5186e+00 +2.1508e-01 -1.8867e+00 +2.9114e+00 +4.4109e+00 +2.8072e+00 -3.7465e+00 +3.1097e+00 +1.8057e+00 -9.3756e-02 -4.6598e+00 +5.8359e-01 -1.7507e+00 -3.8497e+00 +1.7958e+00 -2.3621e+00 +2.4822e+00 +2.9531e+00 +1.5281e-01
873 +3.555621677e+01 +3.555621677e+01 +3.421621677e+01 +3.421621677e+01 +2.2246e+00 -3.6151e-01 -3.4932e-01 +3.3808e+00 -2.8111e+00 +2.9921e+00 -2.2610e+00 +1.4199e+00 +2.0575e+00 +1.2574e+00 -3.4405e+00 -2.4504e+00 -4.3088e+00 +2.7035e+00 -3.2330e+00 -2.7961e+00 +2.7970e+00 +4.0563e+00 +3.7841e+00 +2.4634e+00
1007 +3.487497194e+01 +3.487497194e+01 +3.353497194e+01 +3.353497194e+01 +3.4012e+00 +7.2411e-01 +2.1049e+00 -7.5534e-01 -4.0020e+00 +4.8417e+00 +1.8831e+00 -1.8741e+00 +3.9312e+00 +4.2694e+00 -1.1910e+00 +1.8884e+00 -4.8624e-01 +1.8995e+00 -1.6719e+00 -2.8778e+00 -2.4094e+00 -4.4449e+00 -3.8706e+00 -3.3672e+00
1770 +3.220427752e+01 +3.220427752e+01 +3.086427752e+01 +3.086427752e+01 +2.4000e+00 -8.3309e-01 -4.3224e+00 -2.7662e+00 +2.9378e+00 +4.9915e+00 +3.7453e+00 -2.7813e-01 -4.9919e-01 -1.4350e+00 -2.7837e+00 -2.1644e-01 -2.8424e+00 +2.2312e+00 -2.2605e+00 -4.8232e+00 -4.8772e+00 +3.1849e-01 +4.6431e-01 -2.9916e+00
3944 +2.334391310e+01 +2.334391310e+01 +2.200391310e+01 +2.200391310e+01 +2.2305e+00 -4.6582e-01 +3.1509e+00 +3.6453e+00 -3.4164e+00 +4.2488e+00 -1.9933e+00 +5.9120e-01 +4.5849e+00 +4.6403e+00 +1.6518e+00 +1.3675e+00 -4.5178e+00 +4.6365e-01 -4.0557e+00 +6.5118e-01 +2.5421e+00 +2.0217e-01 +1.5972e+00 -5.3242e-01
11225 +1.750664242e+01 +1.750664242e+01 +1.616664242e+01 +1.616664242e+01 +4.7844e+00 +4.8041e-01 -5.0716e-01 -3.3190e-01 -2.8536e+00 +2.1850e+00 +1.4724e-01 +7.2935e-01 +4.8502e+00 -6.9320e-01 +1.3807e-01 -4.5867e+00 -3.9155e+00 -4.4098e-02 -4.1482e+00 -1.5777e+00 -3.7212e+00 +3.8048e-01 -2.5772e-01 -3.1994e+00
51225 +1.557109592e+01 +1.557109592e+01 +1.423109592e+01 +1.423109592e+01 +4.2412e+00 -3.6939e-01 -4.6296e+00 -2.1403e+00 -1.8374e+00 +2.5225e+00 -7.4883e-01 +1.7568e+00 +2.0290e+00 +1.2703e+00 +8.1329e-01 -1.0555e+00 -4.3072e+00 -3.0584e+00 -3.5449e+00 -6.0853e-01 -1.2850e+00 +1.7733e+00 +2.4509e+00 -4.7440e+00
385281 +1.085602176e+01 +1.085602176e+01 +9.516021764e+00 +9.516021764e+00 +4.2085e+00 -2.4083e+00 -4.0046e+00 -2.8511e+00 -1.4272e+00 +3.2599e+00 +3.0496e+00 -1.3261e+00 +4.4959e+00 +4.7090e+00 +3.5312e+00 -3.1990e+00 -4.4196e+00 -2.0928e+00 -3.8114e+00 -1.8230e+00 -1.3397e+00 +2.3952e-01 +6.4487e-01 -1.1831e+00
10175378 +1.032141127e+01 +1.032141127e+01 +8.981411270e+00 +8.981411270e+00 +4.5199e+00 -4.2799e+00 -3.8080e+00 +1.0737e+00 -3.4873e+00 +3.1557e+00 -8.0201e-02 +1.3248e+00 +3.9576e+00 +3.3470e+00 -7.1472e-01 -2.8847e+00 -1.6502e+00 -1.1100e+00 -1.1493e+00 -2.7297e+00 -3.5850e+00 +3.5908e+00 +1.3372e+00 +1.2914e+00
10392800 +9.086876461e+00 +9.086876461e+00 +7.746876461e+00 +7.746876461e+00 +4.1283e+00 -3.0485e+00 -3.0289e+00 -2.4853e-01 -3.3417e+00 +4.5639e+00 +6.6243e-01 -3.7063e+00 +6.1511e-01 +4.3213e+00 +1.2229e+00 +2.6362e+00 -2.1809e+00 -3.9206e+00 -3.2349e+00 -1.4078e+00 -6.9690e-01 +7.0277e-01 +1.3157e+00 -3.9890e-01
16018195 +7.889492868e+00 +7.889492868e+00 +6.549492868e+00 +6.549492868e+00 +2.4116e+00 -2.1626e+00 -3.6277e+00 -2.0040e+00 -6.5571e-01 +3.6517e+00 +2.1291e+00 -1.7499e+00 +2.0562e+00 +3.3435e+00 +2.5805e+00 -1.2998e+00 -4.2030e+00 -4.4635e+00 -2.3117e+00 -1.8519e+00 -3.5050e+00 -5.4052e-01 -1.3316e+00 +2.7847e+00
145827278 +7.353816467e+00 +7.353816467e+00 +6.013816467e+00 +6.013816467e+00 +3.1450e+00 -1.9747e+00 -4.3641e+00 -1.6964e+00 -4.1776e+00 +3.1385e+00 +2.5075e+00 +1.6720e+00 +3.2190e+00 +2.1282e+00 +2.9495e+00 -4.5271e+00 -7.0256e-01 -2.9325e+00 -1.8399e+00 -3.8531e+00 -2.6385e+00 +3.8308e+00 +7.6406e-01 +5.0371e-02
% function evaluation | noise-free fitness - Fopt (-2.745800000000e+02) | best noise-free fitness - Fopt | measured fitness | best measured fitness | x1 | x2...
1 +1.095135726e+02 +1.095135726e+02 -1.650664274e+02 -1.650664274e+02 +1.9573e+00 +4.1356e+00 +4.2466e+00 +5.3700e-01 +1.9673e-01 +3.5139e+00 -2.0285e+00 +4.8673e+00 +1.8934e+00 +5.2406e-01 -1.3691e+00 -3.0384e+00 -5.5892e-01 -4.3808e+00 -2.2008e+00 +7.6309e-01 +6.4351e-01 -7.7066e-01 -2.9062e+00 +2.4102e+00
2 +5.634379092e+01 +5.634379092e+01 -2.182362091e+02 -2.182362091e+02 +2.6877e+00 +3.4487e+00 -3.1748e+00 +2.3525e+00 -1.3897e+00 -2.7850e+00 -2.8522e+00 +4.5542e+00 +1.3338e+00 -4.2579e+00 -9.4278e-01 +6.4075e-01 +1.1845e+00 -1.2947e+00 -2.6226e+00 -1.1017e+00 +2.7083e+00 +1.1204e+00 -1.5086e+00 -3.4125e+00
45 +4.626715433e+01 +4.626715433e+01 -2.283128457e+02 -2.283128457e+02 -3.8220e+00 -2.9835e+00 -1.2003e+00 +1.1628e-01 +1.1474e+00 +3.1706e+00 -1.0772e-01 -2.8683e+00 -4.2465e+00 +4.1295e+00 +4.4707e+00 +3.6127e+00 -8.3873e-01 -4.1935e+00 +7.0191e-01 -4.7127e+00 -4.2936e-02 -1.1486e+00 +1.8748e+00 +2.5122e+00
49 +3.091946341e+01 +3.091946341e+01 -2.436605366e+02 -2.436605366e+02 -1.9377e+00 +2.8903e+00 -1.4120e+00 -4.2582e+00 +2.3764e+00 +7.6437e-01 +1.7173e+00 -4.3097e+00 -1.4897e+00 -2.2514e+00 +2.5386e+00 +1.7286e+00 +2.4624e+00 -1.3948e-01 +1.5103e+00 -2.0605e+00 +4.0851e+00 -3.0413e-01 +4.5804e+00 +3.1344e+00
1781 +2.134880536e+01 +2.134880536e+01 -2.532311946e+02 -2.532311946e+02 +4.1657e+00 +4.5580e+00 -4.2077e+00 -8.1698e-01 -2.1619e+00 -1.2165e+00 -3.9538e+00 -2.4148e+00 +1.2891e+00 +4.9020e+00 -7.9696e-02 +2.3854e+00 +2.0566e+00 -1.1729e+00 +1.5162e+00 -7.0263e-01 +1.0816e+00 +1.6664e+00 +4.6707e-02 +1.3310e+00
5500 +2.036514281e+01 +2.036514281e+01 -2.542148572e+02 -2.542148572e+02 -1.1801e+00 +3.5866e+00 -2.5187e+00 +2.6057e+00 -3.0014e+00 -2.1214e+00 -2.6408e+00 +1.1635e+00 -2.8203e+00 +4.1069e+00 +4.4399e+00 +5.3057e-01 +3.3426e+00 +8.0664e-02 -4.3628e+00 -3.8552e+00 +2.3802e+00 +3.9280e+00 -2.9452e+00 +6.7205e-01
6824 +1.702649993e+01 +1.702649993e+01 -2.575535001e+02 -2.575535001e+02 +1.6533e+00 +2.9410e+00 -2.4417e+00 -2.5085e+00 -1.0972e-01 -1.7591e+00 -4.8287e+00 +5.4327e-01 -1.5769e+00 +1.9187e+00 +1.7182e+00 -1.7614e+00 +1.8582e+00 -2.9568e-01 -2.3461e+00 -3.3851e+00 +8.6868e-01 +4.3249e+00 -3.2922e+00 +2.9469e+00
31221 +1.442816955e+01 +1.442816955e+01 -2.601518305e+02 -2.601518305e+02 +3.7574e+00 +3.1609e+00 -4.5518e-01 +2.5700e+00 +2.2299e+00 -2.8243e-01 -2.6106e+00 -2.7822e+00 -3.1337e+00 +2.7268e+00 +1.3065e+00 +1.2675e+00 +4.1757e+00 -5.2514e-01 -9.4925e-01 -2.4597e+00 -4.2741e-02 +1.6726e+00 +4.4668e+00 +1.9927e+00
41773 +1.368591986e+01 +1.368591986e+01 -2.608940801e+02 -2.608940801e+02 +1.2355e+00 +2.9602e+00 -2.7361e+00 +4.5961e+00 -1.0184e+00 -3.0386e+00 -4.0061e+00 -3.2736e+00 -4.0096e+00 -1.1672e-01 -1.3229e+00 +2.8318e-01 +1.3551e-01 -9.8965e-01 -1.7714e+00 -2.8559e+00 +2.9956e+00 +3.3812e+00 -3.3557e+00 +4.0535e-01
788583 +1.290277073e+01 +1.290277073e+01 -2.616772293e+02 -2.616772293e+02 -5.9893e-02 +4.2222e+00 -1.4730e-01 +1.1883e+00 -6.9184e-01 +3.8471e-01 -3.4521e+00 -1.2991e+00 -1.9594e+00 +2.3174e+00 +2.7894e+00 -2.1414e+00 +5.2102e-01 -1.4055e+00 -5.3554e-01 -3.6616e+00 +3.8758e+00 +2.5776e+00 -1.3273e+00 +9.4674e-01
983200 +1.268789487e+01 +1.268789487e+01 -2.618921051e+02 -2.618921051e+02 +1.5043e+00 +3.7004e+00 -2.2323e+00 -1.1010e+00 +1.6859e+00 -4.3885e-01 -3.9242e+00 -3.3222e+00 -3.5755e+00 +3.0538e+00 +4.7357e+00 -6.1514e-01 +4.2574e+00 -4.5225e+00 -1.9056e+00 -4.0171e+00 +2.7550e+00 +3.7607e+00 +2.2361e+00 +3.8020e-01
1243526 +1.179992833e+01 +1.179992833e+01 -2.627800717e+02 -2.627800717e+02 -3.2834e+00 +1.6490e+00 -3.0692e-01 +3.3444e+00 -1.9535e+00 -2.3992e-01 -4.1820e+00 -1.5735e+00 -1.5239e+00 +9.8900e-01 +3.2939e+00 +1.2257e+00 +3.9503e+00 -2.7475e+00 -1.5317e+00 -2.8949e+00 +1.5533e-01 +2.2072e+00 +9.6832e-01 -3.1675e+00
2170198 +1.109129212e+01 +1.109129212e+01 -2.634887079e+02 -2.634887079e+02 -2.7766e+00 +2.3004e+00 -3.6704e+00 +3.8888e+00 +1.5746e+00 -2.7988e+00 -2.5463e+00 -1.6456e+00 -4.7263e+00 -6.6281e-01 +2.5169e+00 +3.0210e-01 +3.5410e+00 -1.6956e-01 -2.5454e+00 -3.0779e+00 +3.8538e+00 +2.6243e+00 -1.6296e+00 -3.3246e+00
6081458 +1.044244434e+01 +1.044244434e+01 -2.641375557e+02 -2.641375557e+02 -3.8357e+00 +2.2147e+00 -1.4882e+00 +3.5855e+00 +3.9228e+00 -1.8020e+00 -3.7503e+00 -8.5819e-01 -2.7432e+00 +9.0283e-01 +2.7453e+00 +5.3663e-01 +3.6245e+00 -3.4215e+00 -2.2654e+00 -3.1419e+00 +7.3759e-01 -1.3630e-01 -2.4112e-01 -2.5632e+00
6219306 +9.976508859e+00 +9.976508859e+00 -2.646034911e+02 -2.646034911e+02 +1.7801e+00 +4.4041e+00 -2.9115e+00 +4.3832e+00 +2.8565e+00 -9.8872e-01 -3.6852e+00 -3.4526e+00 -2.9806e+00 +2.6051e+00 +1.6260e+00 +2.1046e+00 +3.6245e+00 -9.1322e-01 -1.9503e+00 -2.2128e+00 +2.0778e+00 +2.2455e+00 +1.1396e+00 +3.2914e-01
6666928 +9.164688976e+00 +9.164688976e+00 -2.654153110e+02 -2.654153110e+02 +2.9749e-01 +7.1206e-01 -6.1139e-01 +4.8082e+00 +3.2101e+00 -2.5610e+00 -2.1039e+00 -8.0736e-01 -4.2264e+00 +1.8558e+00 +3.1370e+00 -1.7027e+00 +3.5177e+00 -1.4921e+00 -2.3074e+00 -2.0590e+00 +2.5907e+00 +4.6155e+00 -7.7062e-01 -2.7387e+00
15145989 +8.882640039e+00 +8.882640039e+00 -2.656973600e+02 -2.656973600e+02 +3.3243e-02 -9.2856e-01 -2.3441e+00 +2.6082e+00 +1.5313e+00 -2.8176e+00 -7.2812e-01 +1.2198e+00 -3.6287e+00 +2.7294e+00 +3.6247e+00 +1.4801e+00 +4.2139e+00 -1.9680e+00 -4.2983e-01 -9.7846e-01 +6.8733e-01 +3.5175e+00 -3.3414e-01 +1.5137e+00
33433219 +8.546067045e+00 +8.546067045e+00 -2.660339330e+02 -2.660339330e+02 -5.2723e-01 +4.2620e+00 +1.5083e+00 +4.3154e+00 +7.3859e-01 -2.2874e+00 -4.5688e+00 -1.7652e+00 -1.9296e+00 +3.1981e+00 +5.2440e-02 -6.7882e-01 +1.2850e+00 -2.2407e+00 -2.1858e+00 -3.4616e+00 +2.0903e+00 +3.1683e+00 -1.4120e+00 -2.3913e+00
41406373 +5.230969104e+00 +5.230969104e+00 -2.693490309e+02 -2.693490309e+02 +1.4123e+00 +1.5372e+00 -2.4222e+00 +4.6935e+00 -1.9069e-01 -2.5602e+00 -3.7790e+00 -1.0907e+00 -4.3232e+00 +3.6711e+00 +3.4232e+00 +7.4859e-01 +3.7205e+00 -3.0641e+00 -3.1908e+00 -2.0041e+00 -1.3101e-01 +2.4436e+00 -3.4079e-01 +1.9319e+00
% function evaluation | noise-free fitness - Fopt (-1.435600000000e+02) | best noise-free fitness - Fopt | measured fitness | best measured fitness | x1 | x2...
1 +5.634721779e+01 +5.634721779e+01 -8.721278221e+01 -8.721278221e+01 -4.7978e-01 -3.0182e+00 -4.5958e+00 -7.9085e-01 +5.4604e-01 +2.0348e+00 -2.8149e+00 -3.7933e+00 -3.9561e+00 -3.0488e+00 -9.6907e-01 -2.5303e+00 +2.1212e+00 -3.1139e+00 +9.9416e-02 -3.0662e+00 +2.9368e+00 -3.3195e+00 +1.3906e+00 -1.1452e+00
18 +5.570981445e+01 +5.570981445e+01 -8.785018555e+01 -8.785018555e+01 +6.4415e-01 -8.0349e-02 -8.9966e-01 +1.1698e+00 -2.2187e+00 -1.7568e+00 +3.5541e+00 -4.5314e+00 -1.5182e+00 +4.3083e+00 +1.6500e+00 -7.7290e-01 +4.7252e-01 -1.5239e+00 -3.3656e+00 +3.5265e-01 +3.1755e+00 -9.8557e-01 +1.9960e+00 -5.9246e-01
35 +4.433300710e+01 +4.433300710e+01 -9.922699290e+01 -9.922699290e+01 +1.4204e+00 -8.2126e-01 +2.4363e+00 +4.1500e+00 +2.6964e-01 +4.7927e+00 -3.0873e+00 +3.1288e+00 +4.0978e-01 -2.0132e+00 +3.4871e+00 -6.1897e-02 -1.1225e+00 -1.4593e+00 -3.1117e+00 +4.8582e+00 -4.8100e+00 +1.1032e+00 -1.0259e+00 -8.7828e-01
162 +2.821400521e+01 +2.821400521e+01 -1.153459948e+02 -1.153459948e+02 -2.7906e+00 -2.1499e-02 +8.8542e-01 -1.0822e+00 -1.2305e+00 +6.7033e-01 +2.3878e-01 +1.5936e+00 +1.0202e+00 -2.8301e+00 +3.5292e+00 -1.5322e+00 -4.4616e+00 +1.1091e+00 +4.4404e-01 +2.2518e+00 -2.2513e+00 -4.2427e-02 -1.5721e+00 -2.6008e-01
369 +2.577135369e+01 +2.577135369e+01 -1.177886463e+02 -1.177886463e+02 -2.9859e+00 -2.1794e+00 +4.5659e+00 -1.9438e-01 +2.5388e+00 +3.2092e+00 +4.4683e+00 -4.9725e+00 -1.4261e+00 -3.4196e+00 -4.6356e+00 -1.1964e+00 +3.4578e-01 +2.9022e+00 -3.6159e+00 +1.5647e+00 +3.9617e-03 -1.8140e+00 -2.1706e+00 +1.4202e+00
698 +2.429490460e+01 +2.429490460e+01 -1.192650954e+02 -1.192650954e+02 -1.7499e+00 -1.6783e-01 -1.0813e+00 -2.6505e+00 +2.7138e+00 -3.4387e+00 -1.4876e-01 +1.6105e+00 -1.4857e+00 -2.7475e+00 +2.3489e+00 +7.4902e-01 -1.2759e-01 +3.8729e+00 -3.4533e+00 +4.1783e+00 +3.4261e-01 -1.8814e+00 +3.8653e-01 -3.0691e+00
859 +1.977432466e+01 +1.977432466e+01 -1.237856753e+02 -1.237856753e+02 -1.9468e+00 +7.5024e-01 -9.5975e-01 +3.8252e+00 -9.8724e-01 +3.0907e+00 +2.0372e+00 +1.8464e+00 -2.8666e+00 -2.0877e+00 +2.2469e+00 -3.6713e+00 -4.2145e+00 +3.7879e+00 -3.0384e+00 +1.6920e+00 +9.4825e-01 -3.8048e+00 +1.7164e+00 -3.5744e+00
3435 +1.796879531e+01 +1.796879531e+01 -1.255912047e+02 -1.255912047e+02 -7.4496e-01 +1.5210e+00 -2.3208e-01 +2.5513e-03 +3.1729e+00 -5.9697e-01 -4.5029e+00 -2.7593e+00 +5.8311e-01 -4.0314e+00 -6.3717e-01 +5.1455e-01 -8.3957e-02 +1.1699e+00 -4.9608e-01 -1.6001e+00 -1.6125e+00 +8.5423e-01 +4.7183e-01 +1.7523e+00
24252 +1.609494913e+01 +1.609494913e+01 -1.274650509e+02 -1.274650509e+02 -7.4848e-01 -2.2524e+00 +8.9648e-01 +4.4879e+00 +4.4582e+00 +4.4257e+00 +1.3643e-01 -2.4397e+00 +8.3252e-01 -2.0797e+00 -3.4752e+00 -3.2319e+00 -2.7798e-01 +2.9405e+00 -2.7449e+00 +2.3976e+00 +2.8032e+00 -4.6737e+00 -2.2511e+00 +7.1084e-01
31670 +1.346045713e+01 +1.346045713e+01 -1.300995429e+02 -1.300995429e+02 +5.7959e-01 +7.8951e-01 -5.1319e-01 +2.7615e+00 +1.3887e+00 +1.8378e+00 -1.7678e+00 -1.6819e+00 +5.3434e-01 -2.8262e+00 +1.7099e-02 +6.0007e-01 -2.5453e+00 -9.2162e-01 -3.8631e+00 +1.1955e+00 +2.9424e+00 -2.1731e+00 -2.7337e-01 +2.7557e+00
127163 +1.279062270e+01 +1.279062270e+01 -1.307693773e+02 -1.307693773e+02 -2.6572e+00 +2.1314e-01 -3.8764e+00 +2.2215e+00 +3.7259e+00 +1.1231e-01 -3.2985e-01 -1.3634e+00 +8.8733e-01 -1.1440e-01 -2.3910e+00 -5.5836e-01 +2.7701e-01 +9.4854e-01 -4.2033e+00 +6.8964e-02 +3.6451e+00 -2.2545e+00 -3.7109e+00 +9.8687e-01
387073 +1.210271196e+01 +1.210271196e+01 -1.314572880e+02 -1.314572880e+02 -1.3384e+00 -3.1700e+00 -2.6609e+00 +8.0620e-01 +2.7173e+00 +1.4091e+00 -8.3713e-01 -2.5041e-01 -2.1382e-01 -1.5615e+00 +2.0700e+00 -3.0253e+00 -2.5690e-01 +2.4584e+00 -1.8321e+00 -2.5760e-01 +3.5149e+00 +4.7129e-01 +2.7466e-01 -1.6363e+00
694570 +1.079818730e+01 +1.079818730e+01 -1.327618127e+02 -1.327618127e+02 +6.5417e-01 +2.0553e-01 -1.3195e+00 -2.1487e+00 +4.4560e+00 +1.0479e+00 -8.6112e-01 -2.5989e+00 -2.6437e+00 -2.8543e+00 +7.8575e-01 -3.5140e+00 -1.2992e+00 +2.9605e+00 -1.7907e+00 -1.4476e+00 +1.8549e+00 +2.1277e-01 +3.0616e-01 +1.1867e+00
1581037 +9.337692765e+00 +9.337692765e+00 -1.342223072e+02 -1.342223072e+02 +1.4690e+00 -6.9893e-01 -1.6709e+00 +3.2955e+00 +2.3030e+00 -1.5699e-01 +6.4715e-01 -1.1870e+00 -1.5364e+00 -2.5490e+00 -3.1429e+00 -4.4443e+00 -3.5985e+00 +1.5760e-01 -2.9683e+00 -2.4100e-01 +4.1393e+00 -4.3038e-01 -7.9093e-01 +8.2999e-01
4013550 +8.610845606e+00 +8.610845606e+00 -1.349491544e+02 -1.349491544e+02 +7.2513e-01 -1.5058e+00 -3.8360e+00 -2.3370e-01 +4.9107e+00 -4.7542e-01 -1.6784e+00 -1.9557e+00 -1.2906e+00 -3.7381e+00 -4.8230e+00 -1.8638e+00 -1.9519e+00 +1.5949e-01 -2.0065e+00 +8.5069e-01 +2.5496e+00 +1.7235e-02 -5.6223e-01 +1.3871e+00
13582049 +6.489491310e+00 +6.489491310e+00 -1.370705087e+02 -1.370705087e+02 -6.2676e-01 +1.4090e+00 -2.0554e+00 +1.4544e+00 +1.8170e+00 +2.4976e+00 -1.3892e-01 -4.9525e-01 +9.2767e-01 -4.6718e+00 +9.1177e-01 -1.6762e+00 -3.0255e-01 -8.3309e-02 -9.2474e-01 +1.5256e+00 +2.2051e+00 -1.3013e+00 +1.0012e+00 +2.9541e-01
% function evaluation | noise-free fitness - Fopt (-2.426000000000e+01) | best noise-free fitness - Fopt | measured fitness | best measured fitness | x1 | x2...
1 +8.402637078e+01 +8.402637078e+01 +5.976637078e+01 +5.976637078e+01 -1.9034e-01 -1.9459e+00 -4.0541e+00 +2.8143e+00 -2.1723e+00 -1.3433e+00 +1.1549e+00 +3.6635e+00 -1.6931e+00 -4.7915e+00 +4.6471e+00 -2.0907e+00 +1.2222e+00 -3.8483e+00 +2.4218e-01 +4.2816e+00 -2.8640e+00 +1.8834e+00 +3.5389e+00 +3.9462e+00
18 +7.318255427e+01 +7.318255427e+01 +4.892255427e+01 +4.892255427e+01 +6.0416e-01 +8.6275e-01 -3.4433e+00 -1.3714e-01 +2.4137e+00 -4.1757e+00 -6.9593e-01 +1.3939e+00 -2.3810e+00 -2.6721e+00 -1.6607e+00 -3.3348e+00 +1.2494e+00 +4.5209e+00 -3.5619e+00 +2.0476e+00 -3.0162e+00 +2.2124e+00 -1.9277e+00 -1.9186e+00
20 +6.351731867e+01 +6.351731867e+01 +3.925731867e+01 +3.925731867e+01 +1.4244e-01 -1.7035e+00 +4.1498e+00 +3.0931e+00 -2.0519e+00 -7.4963e-01 +2.8378e+00 +7.3103e-01 -4.4659e+00 -6.2964e-01 -2.1876e+00 +4.7685e+00 -1.2103e+00 -1.3400e+00 +2.7257e+00 +4.1912e+00 +6.0401e-02 +4.3187e+00 -8.4431e-01 +2.8034e+00
28 +5.692714167e+01 +5.692714167e+01 +3.266714167e+01 +3.266714167e+01 +2.2140e+00 -2.3284e+00 -1.8011e+00 -1.1236e+00 -3.1831e-01 +2.9748e+00 -4.6916e+00 +4.5164e+00 -9.1413e-01 -4.3985e-01 -1.3823e+00 +2.7611e+00 +4.3311e+00 -7.6151e-01 +1.4840e+00 +2.5380e+00 -3.7748e+00 +3.1589e+00 +3.1351e+00 +4.0065e+00
88 +4.546872969e+01 +4.546872969e+01 +2.120872969e+01 +2.120872969e+01 -2.0785e+00 +1.5198e+00 +2.3380e+00 +1.3194e+00 +4.2048e+00 -4.1046e+00 +3.2450e+00 -3.5972e+00 -3.6661e+00 +4.6807e-01 -5.9023e-02 +3.7243e+00 -6.4268e-01 -1.2240e+00 -6.0618e-01 +4.5826e-01 +3.1635e+00 +6.0692e-01 -9.2957e-01 +1.9695e+00
131 +4.450746699e+01 +4.450746699e+01 +2.024746699e+01 +2.024746699e+01 +8.5988e-01 -1.0352e-02 +1.1378e+00 -4.0488e+00 +2.9418e+00 +2.5996e+00 +2.7453e+00 +3.8942e+00 +1.4154e+00 +2.0848e+00 -1.2492e+00 -3.7025e+00 +3.0554e+00 +3.0872e+00 -4.1508e+00 +3.2353e-01 -1.2896e+00 +4.0593e+00 -4.0850e+00 -8.8813e-01
141 +3.434376945e+01 +3.434376945e+01 +1.008376945e+01 +1.008376945e+01 -3.4135e-01 -4.2027e+00 -3.5909e+00 -9.2572e-01 -3.6352e+00 -2.5092e+00 +4.0623e+00 -3.8577e+00 -1.7151e+00 -1.2878e+00 +2.9535e+00 -9.7499e-02 +3.3124e+00 -8.6099e-01 +7.1840e-01 +1.7221e+00 +2.1962e+00 +2.7267e+00 -4.9766e+00 +2.2340e+00
1748 +2.235592493e+01 +2.235592493e+01 -1.904075074e+00 -1.904075074e+00 -3.6946e-01 -4.0827e+00 -2.4125e+00 -1.1400e+00 +3.7660e-01 -6.3816e-01 +1.0790e+00 +8.8718e-01 -4.6970e+00 -1.6959e+00 +1.3978e+00 -2.9767e+00 -1.4013e-01 +4.7295e-01 +6.9802e-01 +3.9193e+00 -2.9276e+00 +4.5491e+00 -9.2295e-01 +1.9040e+00
10140 +2.076584982e+01 +2.076584982e+01 -3.494150179e+00 -3.494150179e+00 +6.7169e-01 -1.0870e+00 -1.2039e+00 -3.7934e+00 +7.2994e-01 -1.0739e+00 +1.7080e+00 -1.9397e+00 -4.9240e+00 -2.7376e-01 -2.4158e+00 -2.4182e-01 +3.1229e+00 -3.0479e-01 -2.2096e+00 +1.0351e+00 -2.1166e+00 -1.0086e+00 -3.0889e+00 +1.0548e+00
75944 +1.865926501e+01 +1.865926501e+01 -5.600734995e+00 -5.600734995e+00 +5.6815e-01 +3.0928e+00 +1.6137e-01 +1.0519e-01 +8.5099e-01 -3.9494e+00 +4.6694e+00 -4.4823e+00 -4.6674e+00 -1.8605e+00 +3.9286e+00 -6.9696e-01 +3.9140e+00 -1.8334e+00 -1.4831e+00 +3.0296e+00 +1.7564e+00 +2.2290e+00 -2.5418e+00 +3.0563e+00
113343 +1.777229443e+01 +1.777229443e+01 -6.487705572e+00 -6.487705572e+00 -1.0005e+00 -2.2096e+00 -4.1154e+00 -9.0035e-01 +1.3569e-01 -1.6394e+00 -1.5383e+00 -7.6344e-01 -3.8455e+00 -3.0654e+00 +1.2599e+00 +2.2348e+00 -2.1684e-01 +3.2684e+00 +6.9148e-01 +3.4574e+00 -2.4688e+00 +4.8811e+00 -2.0663e+00 +6.8036e-01
144434 +1.586196683e+01 +1.586196683e+01 -8.398033171e+00 -8.398033171e+00 -6.8855e-01 -7.8302e-01 -2.1310e+00 -6.1470e-01 +1.5299e+00 -1.9341e+00 +1.6787e+00 -3.4215e+00 -3.4959e+00 -1.7396e+00 +8.5508e-02 +3.8349e+00 +3.8888e-01 +4.6527e-01 +3.9211e-01 +3.3673e+00 -1.1860e+00 +2.6880e+00 -3.0651e+00 +2.7412e+00
533445 +1.519274192e+01 +1.519274192e+01 -9.067258083e+00 -9.067258083e+00 +1.8890e+00 -1.2980e+00 -1.1559e-01 -3.0117e+00 +1.0666e+00 -2.7346e+00 -4.6941e-01 -3.2493e+00 -3.0907e+00 -3.5881e+00 -2.7837e-01 +1.0478e+00 +2.6915e+00 +2.6144e+00 +1.9265e+00 +3.4985e+00 -3.0031e+00 +4.9401e+00 -3.1538e+00 +3.0055e+00
699287 +1.333203317e+01 +1.333203317e+01 -1.092796683e+01 -1.092796683e+01 +3.5747e+00 -3.4816e+00 -2.1486e+00 -2.3185e+00 -5.9053e-01 +8.8634e-01 +4.6312e+00 -4.2551e+00 -1.7556e-01 -9.5111e-01 +4.4426e-01 +5.4780e-01 +2.1613e+00 +1.5866e-01 +4.0365e+00 +3.4790e+00 -4.7395e+00 +1.6502e+00 -6.6187e-01 +2.5886e+00
1043418 +1.180948991e+01 +1.180948991e+01 -1.245051009e+01 -1.245051009e+01 -1.1704e+00 -2.5992e+00 +4.7113e-01 +2.2106e-01 +1.8581e+00 -3.5143e+00 +2.8550e+00 -3.2526e+00 -3.9856e+00 -1.6852e+00 +1.6288e+00 +4.6946e-01 +9.2416e-02 +1.0984e+00 +9.5231e-01 +4.8782e+00 -4.5390e+00 +3.0984e+00 +2.8981e-01 -4.9838e-01
1377550 +1.172969258e+01 +1.172969258e+01 -1.253030742e+01 -1.253030742e+01 +4.9788e-01 +1.8851e-01 +1.5083e+00 -3.4590e+00 -3.7328e+00 -1.9646e+00 +2.7718e+00 -2.4823e+00 -3.8909e+00 -1.9762e-01 -1.7854e+00 +1.5079e+00 +4.4197e+00 +3.0308e+00 -8.2090e-02 +3.4102e+00 -9.9849e-01 +3.1532e+00 -3.6630e+00 -3.9571e-01
1788534 +1.063161270e+01 +1.063161270e+01 -1.362838730e+01 -1.362838730e+01 +4.5099e-01 -9.6970e-01 -1.8777e-01 +3.0805e-01 -1.3223e+00 -2.5725e+00 +3.5975e+00 -3.5083e+00 -3.6388e+00 -2.8209e+00 +2.5253e+00 -4.4682e-01 +9.4470e-01 +1.9937e+00 -2.5402e+00 +4.1480e+00 -1.5483e+00 +2.4378e+00 -2.5930e+00 -3.9409e-01
4696634 +9.395218534e+00 +9.395218534e+00 -1.486478147e+01 -1.486478147e+01 -3.5699e-01 -3.0778e+00 +1.3140e+00 -1.9026e+00 -1.6520e+00 -1.9078e+00 +3.8902e+00 -2.5917e+00 -1.0082e+00 -1.7670e+00 -1.5002e+00 -5.5752e-01 +3.4628e+00 +2.5991e+00 +2.3544e+00 +3.8783e+00 -4.8956e+00 +4.2262e+00 -1.8058e+00 +2.0773e+00
17683333 +9.292044381e+00 +9.292044381e+00 -1.496795562e+01 -1.496795562e+01 -3.5863e-01 -3.7148e+00 -1.7602e+00 -3.7708e+00 -2.9801e+00 +2.8950e-01 +6.6675e-01 -1.3988e+00 -2.4416e+00 -8.4811e-01 -3.0533e+00 +1.1584e+00 +2.3225e+00 +3.4333e+00 -1.8272e-01 +2.9916e+00 -2.8453e+00 +4.8019e+00 -4.0973e+00 +1.7688e+00
17831082 +5.886771224e+00 +5.886771224e+00 -1.837322878e+01 -1.837322878e+01 +3.7800e+00 -3.5110e+00 -8.6982e-01 -3.3099e+00 -7.4224e-01 +2.3431e+00 +3.2642e+00 -1.6438e+00 -2.9681e+00 +3.7676e-01 -2.5269e+00 +1.4559e+00 +2.6315e+00 +4.8052e+00 +1.2481e+00 +4.2849e+00 -3.3105e+00 +3.7684e+00 -1.5010e+00 +4.2287e+00
114488207 +4.816171108e+00 +4.816171108e+00 -1.944382889e+01 -1.944382889e+01 +9.9151e-01 -2.5415e+00 -8.1953e-01 -2.6313e+00 -1.2846e+00 -2.6851e+00 +4.5314e+00 -3.1240e+00 -2.1897e+00 -1.5186e+00 -7.4946e-01 +5.7588e-01 +2.6390e+00 +2.7500e+00 +2.2034e+00 +3.7608e+00 -2.0962e+00 +3.9875e+00 +1.0728e-01 +1.9770e+00
% function evaluation | noise-free fitness - Fopt (2.814500000000e+02) | best noise-free fitness - Fopt | measured fitness | best measured fitness | x1 | x2...
1 +3.721535786e+01 +3.721535786e+01 +3.186653579e+02 +3.186653579e+02 -1.9654e+00 -3.7533e+00 +2.1977e+00 -2.9722e+00 +3.0240e+00 +5.5901e-02 -1.2399e+00 -2.1197e+00 -1.3194e-01 -1.0085e+00 +2.9608e+00 -8.2710e-01 -4.1375e+00 -2.0098e+00 +2.5799e-01 -3.7390e+00 +1.5474e+00 +1.9832e+00 -4.9619e+00 +7.2089e-01
84 +3.155412609e+01 +3.155412609e+01 +3.130041261e+02 +3.130041261e+02 -3.7728e+00 -3.8130e-01 +8.7573e-01 -4.0823e-01 +4.9157e+00 -9.1537e-01 +1.5117e+00 +2.6244e+00 -3.6881e+00 +2.0683e+00 +3.8674e+00 +9.1712e-01 -1.4710e+00 +2.1780e+00 -5.0006e-01 -4.1935e+00 -1.3823e+00 -2.2714e+00 +4.9593e-01 +9.3338e-01
1385 +2.177706296e+01 +2.177706296e+01 +3.032270630e+02 +3.032270630e+02 -4.4847e+00 +4.4890e+00 +3.0621e+00 +1.8506e+00 +1.1003e-01 +8.7838e-01 -6.8363e-01 +4.6903e+00 +4.4782e-01 -2.5700e-01 -2.7538e+00 +4.4895e+00 +2.1098e-01 +1.8081e+00 -5.9038e-01 -4.8501e+00 +3.9954e+00 -5.0139e-01 -1.7244e+00 -2.0996e+00
1916 +2.129269849e+01 +2.129269849e+01 +3.027426985e+02 +3.027426985e+02 -1.3174e+00 -2.7194e+00 -1.7738e+00 -1.7304e-01 +2.6744e+00 +1.0603e+00 +3.7687e+00 +5.4946e-01 -2.8784e-01 -4.0143e+00 +4.4359e+00 -2.7307e+00 -7.3975e-01 -5.9149e-01 +2.1494e+00 -3.4993e+00 +3.3878e+00 -2.3422e+00 -4.7912e-01 -4.9175e+00
2990 +1.867581567e+01 +1.867581567e+01 +3.001258157e+02 +3.001258157e+02 -4.1352e+00 +4.1344e-01 +2.4804e-01 -9.9132e-01 +4.8872e+00 +6.2451e-01 +1.0244e-01 +7.6891e-01 -1.9724e+00 -4.6618e+00 +2.0359e+00 -1.4733e+00 -7.8439e-01 +1.3255e-01 -1.3186e+00 -2.1938e+00 +4.4441e+00 -1.7517e-01 -8.8789e-01 +3.0689e+00
7711 +1.470735748e+01 +1.470735748e+01 +2.961573575e+02 +2.961573575e+02 -3.3969e+00 +1.2811e+00 +6.4072e-01 +2.3784e+00 +1.3155e+00 -2.3147e+00 +3.9777e+00 +2.8650e+00 +2.1557e+00 +5.8746e-01 -2.4176e+00 -1.5594e-01 -1.4946e+00 +2.4866e+00 +3.0340e+00 +1.3116e-01 -8.2787e-01 -2.8732e+00 -4.7484e+00 +2.6186e+00
10161 +1.432995883e+01 +1.432995883e+01 +2.957799588e+02 +2.957799588e+02 -5.7146e-01 -2.2416e+00 -2.6053e+00 +1.1426e+00 -3.3542e-01 +1.3992e-01 +3.8666e+00 -1.5782e+00 -3.4508e-01 +6.3817e-01 +2.9388e-01 -1.3272e+00 -9.0338e-01 -1.2791e+00 +3.1731e+00 -1.2396e-01 +2.1248e+00 -4.3449e+00 +2.9262e-01 -2.3243e+00
354673 +1.407679981e+01 +1.407679981e+01 +2.955267998e+02 +2.955267998e+02 +1.1224e+00 -1.7524e+00 -3.7256e+00 +2.3531e+00 +2.9234e+00 -7.5539e-02 +1.6604e+00 +2.0439e+00 -7.0752e-01 -1.2905e+00 -1.6216e+00 -2.6021e+00 -3.5895e-01 +1.6868e+00 +1.5391e+00 -1.3565e+00 +4.6749e+00 -3.7530e+00 -1.5176e+00 -1.9481e+00
660764 +1.224581249e+01 +1.224581249e+01 +2.936958125e+02 +2.936958125e+02 -4.0605e+00 +1.5981e+00 +1.8508e-02 +1.9617e+00 +1.5767e+00 -6.5340e-01 +3.5741e+00 -2.2916e-01 -2.2189e+00 +1.4449e+00 -1.3008e-01 +1.7770e+00 -2.4716e+00 -2.4353e+00 +1.2728e+00 -1.6787e+00 +4.3113e+00 -3.4879e+00 -2.0010e+00 -4.8031e+00
2683637 +1.149715959e+01 +1.149715959e+01 +2.929471596e+02 +2.929471596e+02 -4.2893e+00 +5.3539e-01 -2.7012e+00 +1.1433e+00 +3.5175e+00 -9.0518e-01 +1.6632e+00 -2.4422e+00 -1.7993e+00 +5.2647e-01 +3.9242e+00 +1.4074e+00 +9.7955e-01 +8.9073e-01 +2.3151e+00 -2.9930e+00 +1.8798e+00 -3.0502e+00 +7.8556e-01 -3.4391e+00
3883659 +8.690639700e+00 +8.690639700e+00 +2.901406397e+02 +2.901406397e+02 -3.3744e+00 -8.2422e-01 -7.0027e-01 -7.1569e-01 +4.3978e-01 -8.3664e-01 +2.1607e+00 +6.5517e-01 +1.3555e+00 +1.2104e+00 +5.2334e-01 +2.3917e+00 -2.9318e+00 -4.6292e-02 +3.1865e-01 -2.5930e+00 +4.8551e+00 -2.8782e+00 -1.9696e+00 -2.7094e+00
25561732 +8.506577063e+00 +8.506577063e+00 +2.899565771e+02 +2.899565771e+02 -4.0454e+00 -1.1062e+00 +8.2817e-01 +9.4877e-01 +1.0217e+00 +5.8717e-02 +1.6794e+00 -5.5734e-01 +3.2580e-01 +4.1448e-01 -1.0949e-01 +2.3351e+00 -2.0109e+00 -3.9555e-01 +1.0300e+00 -1.7041e+00 +1.5575e+00 -1.2011e-01 -1.6672e+00 +2.3635e-02
25627993 +7.038841389e+00 +7.038841389e+00 +2.884888414e+02 +2.884888414e+02 -4.3979e+00 -1.0526e+00 -1.5990e+00 +2.1632e+00 +4.8405e+00 -1.8493e+00 +3.0292e-01 +9.4664e-01 +7.4198e-01 -2.0379e-01 +3.5155e+00 +8.2055e-01 -2.0150e+00 +1.8456e+00 -8.7455e-01 -3.2107e+00 +2.0570e+00 -1.8785e+00 -2.1916e+00 -3.7519e+00
132074368 +6.565474999e+00 +6.565474999e+00 +2.880154750e+02 +2.880154750e+02 -2.2841e+00 -6.8550e-01 -2.1762e+00 +1.6474e-01 +4.7724e+00 -7.0402e-01 +8.2677e-01 -1.4365e+00 +2.0917e+00 -1.6367e+00 +3.2284e+00 +7.7552e-02 -5.3520e-01 +9.2645e-01 +9.7106e-01 -3.8814e+00 +3.2364e+00 -1.6309e+00 -2.0440e+00 -2.8985e+00
% function evaluation | noise-free fitness - Fopt (-4.818000000000e+01) | best noise-free fitness - Fopt | measured fitness | best measured fitness | x1 | x2...
1 +2.549564557e+02 +2.549564557e+02 +2.067764557e+02 +2.067764557e+02 +3.3027e+00 -2.2373e+00 +3.8594e+00 +4.3126e+00 +4.3684e-01 -3.0534e-01 -2.0320e+00 -2.2683e+00 -7.6981e-01 -4.6831e+00 -3.5010e+00 +2.5091e+00 +1.8274e+00 -2.4266e+00 -1.2991e+00 -4.9959e+00 +2.2942e+00 +5.9596e-01 +2.8217e+00 +3.5665e+00
2 +1.060547626e+02 +1.060547626e+02 +5.787476263e+01 +5.787476263e+01 +2.9707e+00 +3.4025e+00 +5.5769e-01 +4.2920e+00 +4.6485e+00 +4.4480e+00 -4.1230e+00 +1.1946e+00 -4.8556e+00 -3.3101e+00 +3.7208e+00 -3.2275e+00 +4.4492e+00 -5.4799e-01 +1.0920e+00 +4.5386e+00 +1.4715e+00 -2.5464e+00 +5.0035e-02 -2.5846e+00
6 +7.311713941e+01 +7.311713941e+01 +2.493713941e+01 +2.493713941e+01 +1.0713e+00 +4.9370e+00 +2.9487e+00 -3.6107e+00 +8.1851e-01 -3.0861e-01 -4.8822e-01 -3.8887e+00 -8.8368e-01 +8.5935e-01 +2.1058e+00 -3.2966e+00 -3.9679e+00 -4.7294e+00 +3.3963e+00 -3.6039e+00 +3.0218e+00 -1.2626e-01 -4.0842e+00 +2.9848e+00
18 +6.235251632e+01 +6.235251632e+01 +1.417251632e+01 +1.417251632e+01 +4.0483e+00 +1.2846e+00 +6.1069e-01 -6.9837e-01 -2.2681e+00 +4.1592e+00 -4.8155e-01 +1.0593e+00 -1.4143e+00 +3.3082e+00 +1.0578e+00 -6.4425e-01 -4.9848e+00 -3.1570e+00 -2.8006e+00 +4.1938e+00 +2.6554e-01 +3.6475e+00 -2.7543e+00 +2.4011e+00
25 +6.065252810e+01 +6.065252810e+01 +1.247252810e+01 +1.247252810e+01 +3.3693e+00 +3.2388e+00 +1.6819e+00 +4.3313e+00 -3.1563e+00 -7.1190e-01 +4.8367e+00 +4.5194e+00 -2.5078e+00 +1.7748e+00 +1.2581e-01 +4.5448e+00 -1.7792e+00 +2.0150e+00 -2.6169e+00 +4.4340e+00 +2.2419e+00 +3.4014e+00 +3.7724e-01 +2.8575e+00
28 +3.790719956e+01 +3.790719956e+01 -1.027280044e+01 -1.027280044e+01 -1.9159e+00 +1.0842e+00 -2.3439e+00 -4.5543e+00 +3.7370e+00 +1.6531e+00 -8.7267e-01 +1.6037e+00 -2.9866e+00 +9.2936e-03 +4.6131e+00 +2.0379e+00 -1.5683e+00 +9.7421e-01 +4.0953e+00 -7.6779e-01 +5.9328e-01 -1.9318e+00 -1.6902e-01 +3.4019e+00
140 +3.265990711e+01 +3.265990711e+01 -1.552009289e+01 -1.552009289e+01 -1.0801e+00 +2.2939e+00 -1.5879e+00 +3.0749e+00 +3.4819e+00 +1.3747e+00 +2.8614e+00 +1.1771e-01 -4.3656e+00 +2.1163e+00 +4.7750e-01 +8.8335e-01 +1.8562e+00 -3.5802e+00 +2.9809e-01 +2.3280e+00 -1.7758e-01 +2.1757e+00 -5.7625e-01 +3.7449e+00
199 +2.652063902e+01 +2.652063902e+01 -2.165936098e+01 -2.165936098e+01 -1.9462e+00 +2.8192e+00 -2.6484e+00 -4.7025e+00 +9.8015e-01 +1.1264e+00 +1.7979e+00 -4.9345e+00 -3.9497e+00 -2.4242e+00 +4.5435e+00 -2.7641e+00 -8.9342e-01 +4.8589e+00 -3.1576e+00 -3.5900e-03 -1.3221e+00 -1.2609e+00 +3.2792e+00 -2.3190e+00
2999 +2.436823705e+01 +2.436823705e+01 -2.381176295e+01 -2.381176295e+01 -1.5954e+00 +2.7645e+00 -8.5073e-01 -3.6454e+00 -1.8300e+00 +3.5190e+00 +4.1009e-01 -2.6048e+00 -1.3158e+00 -2.9354e-01 +3.8259e+00 +2.4819e+00 +1.0699e+00 -4.7530e+00 -2.5479e+00 +1.4032e-01 -4.0565e+00 +1.1012e+00 -1.5727e+00 +2.1331e+00
10488 +2.169625390e+01 +2.169625390e+01 -2.648374610e+01 -2.648374610e+01 +3.1632e+00 +2.9954e+00 -1.9058e-01 -2.7993e+00 +2.5081e-01 +3.3049e+00 +1.1249e+00 -1.5788e+00 -2.4194e+00 +1.6729e+00 +3.3358e+00 +1.5022e-02 -7.3475e-01 +2.1429e+00 -1.5777e+00 +1.3353e+00 -4.1294e+00 +1.5007e+00 +1.6485e+00 -9.7151e-01
12301 +1.914429683e+01 +1.914429683e+01 -2.903570317e+01 -2.903570317e+01 +3.6082e+00 +8.1741e-01 +9.1722e-01 +7.4745e-01 +1.6261e+00 +1.1307e+00 +3.6194e+00 +4.6901e+00 -3.4441e+00 -4.9573e+00 +2.7460e+00 +2.5601e+00 -2.2148e+00 -3.5234e+00 -2.9038e+00 +3.5016e+00 -3.3390e+00 +4.4034e+00 +1.2829e-01 +4.4186e+00
19248 +1.580484039e+01 +1.580484039e+01 -3.237515961e+01 -3.237515961e+01 -2.1603e+00 +3.6248e+00 -4.8584e+00 -4.5086e+00 -1.1372e+00 +2.2999e+00 +2.6428e+00 +5.9227e-01 -4.0502e+00 +2.8712e-01 +2.1482e+00 +3.9931e+00 +7.0832e-01 -1.3805e+00 -3.7171e+00 +2.1917e+00 -1.9983e+00 +4.4597e+00 +1.0853e+00 +1.3066e+00
55890 +1.499293133e+01 +1.499293133e+01 -3.318706867e+01 -3.318706867e+01 -2.1443e+00 +4.4006e-01 -9.0385e-01 -3.4189e+00 +1.9922e+00 +4.2568e+00 +3.1244e+00 -6.7909e-01 -3.4618e+00 +1.4380e+00 +2.3099e+00 -1.9712e+00 -8.2926e-01 +5.9033e-02 +6.6080e-01 +1.2403e+00 -1.8338e+00 -1.8478e+00 +1.9491e+00 -4.4891e-02
116771 +1.332401391e+01 +1.332401391e+01 -3.485598609e+01 -3.485598609e+01 -1.7322e+00 -3.2944e-01 -4.1709e+00 -3.4089e+00 -4.1815e-02 +7.2892e-01 +2.3077e+00 +4.4903e+00 -3.4935e+00 +3.8949e-02 +1.4506e+00 +2.5157e+00 +1.0336e+00 -1.7962e+00 -4.6346e-01 +4.7019e+00 -3.6775e+00 +3.2175e+00 -8.7221e-03 -3.0215e+00
298532 +9.284135952e+00 +9.284135952e+00 -3.889586405e+01 -3.889586405e+01 +2.8152e+00 +2.6150e+00 -9.0161e-01 -3.1366e+00 -2.3446e-01 +4.8603e+00 -3.8677e-01 +1.6264e+00 -3.8190e+00 -1.6974e+00 +3.3015e+00 -2.9310e+00 -3.7999e+00 -2.4350e+00 -2.0370e+00 +4.5876e+00 -1.1248e+00 +2.3957e+00 +3.6376e+00 +7.3461e-01
15869585 +8.912095901e+00 +8.912095901e+00 -3.926790410e+01 -3.926790410e+01 +6.7764e-01 +2.6057e+00 -4.7011e-01 -4.7724e+00 -3.7786e+00 +1.4673e+00 +2.0215e+00 -2.5067e-01 -3.1496e+00 -1.5929e+00 +3.1837e+00 +7.8666e-01 -1.1780e+00 -2.3851e+00 -2.0614e+00 +3.4635e+00 -3.6452e+00 +2.4710e+00 +3.5076e+00 +1.5895e+00
94868725 +8.667938724e+00 +8.667938724e+00 -3.951206128e+01 -3.951206128e+01 +2.9302e-01 +2.2780e+00 +1.8220e-02 -4.4847e+00 -7.8151e-01 +4.2837e+00 +3.1436e+00 -3.2983e-01 -3.8778e+00 -2.8483e+00 +4.3875e+00 -2.1679e+00 -2.6477e+00 -2.5599e+00 -1.2358e+00 +1.9668e+00 -2.9860e+00 +2.5641e+00 +4.1211e+00 +4.0743e+00
110683613 +7.895187421e+00 +7.895187421e+00 -4.028481258e+01 -4.028481258e+01 +2.8391e-01 +1.1398e+00 -3.4959e+00 -3.1301e+00 -7.8701e-01 +4.0866e+00 -1.0852e-01 +1.2130e+00 -4.6538e+00 -9.5984e-01 +2.6131e+00 -9.9429e-01 -1.4621e+00 +2.2627e-01 -1.8377e+00 +4.5819e+00 -2.1356e+00 +3.9478e+00 +2.3750e+00 -4.2354e-01
% function evaluation | noise-free fitness - Fopt (3.030600000000e+02) | best noise-free fitness - Fopt | measured fitness | best measured fitness | x1 | x2...
1 +7.489418500e+01 +7.489418500e+01 +3.779541850e+02 +3.779541850e+02 -2.3157e+00 -1.5785e-01 -3.2357e+00 -2.9589e+00 -2.5817e+00 -4.1588e+00 -2.2830e+00 -3.9872e+00 +1.2065e-01 -3.1767e+00 +2.2044e+00 +1.6800e+00 +6.6663e-01 -4.7799e+00 -3.3126e+00 -5.6132e-01 +4.9015e+00 +1.0758e+00 +2.8779e+00 +2.5292e+00
25 +5.520384902e+01 +5.520384902e+01 +3.582638490e+02 +3.582638490e+02 -7.2960e-02 -4.1702e+00 -3.6304e+00 +3.8162e+00 +2.1982e+00 -8.1252e-01 -2.0881e+00 -1.6469e+00 +3.4281e+00 +3.4813e+00 -2.3209e-01 +4.0000e+00 +2.0702e+00 -1.3119e+00 -6.9266e-01 +3.1025e+00 +3.0857e+00 +2.4581e-01 +1.0453e+00 -3.5566e+00
64 +5.096644748e+01 +5.096644748e+01 +3.540264475e+02 +3.540264475e+02 -3.7203e+00 -4.5302e+00 -2.8448e+00 -3.1984e+00 +8.5183e-01 -1.8930e+00 +2.9574e+00 -1.6801e+00 +2.3365e+00 -3.1628e+00 +9.1265e-01 -1.0881e+00 +4.4682e+00 -4.0324e+00 -1.2002e+00 -2.8002e+00 +2.1142e+00 +4.8596e+00 -9.5008e-01 -7.0347e-01
235 +4.442534860e+01 +4.442534860e+01 +3.474853486e+02 +3.474853486e+02 -6.1453e-01 -1.8167e+00 -4.1618e+00 +4.4137e+00 -3.2232e+00 -4.4927e+00 +2.6684e+00 +2.4291e+00 +1.6965e+00 +6.2926e-01 +8.3926e-01 +1.1992e+00 +4.4998e+00 +1.9184e+00 -1.0872e+00 +2.8760e+00 -3.8068e+00 +3.6485e+00 -3.4946e+00 -2.9044e+00
576 +3.719454594e+01 +3.719454594e+01 +3.402545459e+02 +3.402545459e+02 +3.0154e+00 -2.0710e+00 -4.4787e+00 -3.5132e+00 -2.4524e+00 -1.7057e-01 +6.2854e-02 -1.2970e+00 -9.9318e-01 +2.6813e+00 -1.7052e+00 +4.6942e+00 -1.1175e+00 -2.0920e+00 -1.5842e-01 +2.8266e+00 -9.4646e-02 -9.6991e-01 +1.1076e+00 -3.7836e+00
1198 +3.266529732e+01 +3.266529732e+01 +3.357252973e+02 +3.357252973e+02 -2.0915e+00 -1.4284e+00 +7.1676e-01 +1.6717e+00 -4.2263e+00 -3.1796e+00 -3.2056e+00 -3.1077e+00 +3.9526e+00 +7.5885e-01 -2.0163e+00 +2.8334e+00 +4.7457e+00 -2.5752e+00 -2.9498e+00 +4.9685e+00 +5.3017e-02 -1.5197e+00 +2.9171e+00 -1.9557e+00
1569 +3.081572510e+01 +3.081572510e+01 +3.338757251e+02 +3.338757251e+02 -2.1271e+00 -3.6940e+00 -2.8226e+00 -1.6606e+00 -2.9323e+00 -3.5906e+00 -1.0219e+00 -2.6145e+00 +1.0078e+00 +3.7587e+00 -3.4224e+00 +2.5054e+00 -1.2523e+00 +5.8971e-01 -3.8133e+00 -3.0093e+00 -5.3194e-01 +1.1542e+00 +2.1205e-01 -1.4298e+00
1964 +2.566072088e+01 +2.566072088e+01 +3.287207209e+02 +3.287207209e+02 -1.0570e+00 +2.5681e+00 -1.0399e+00 -1.6165e+00 -2.5896e+00 -9.6137e-01 +2.3441e+00 -3.3805e+00 +5.7857e-01 -1.2056e-01 -7.6032e-01 +1.4938e+00 +7.2391e-01 -4.6144e+00 +3.0549e+00 +2.8810e+00 +5.6464e-01 +2.7354e-01 -2.8874e+00 -2.1868e+00
3770 +2.403761883e+01 +2.403761883e+01 +3.270976188e+02 +3.270976188e+02 +1.5487e+00 +1.2009e+00 -3.0066e+00 +3.4592e+00 +5.1294e-01 -1.1636e+00 +2.0930e-01 +3.2223e-01 +2.2307e+00 +4.2738e+00 -2.3734e+00 +2.8468e+00 +3.0677e+00 -4.4181e+00 +1.4639e+00 +4.2610e+00 -3.5518e-01 +7.3447e-01 -3.3164e+00 -7.7505e-01
7921 +2.212661207e+01 +2.212661207e+01 +3.251866121e+02 +3.251866121e+02 -2.4580e+00 -1.2765e+00 -2.6349e+00 +1.8312e+00 -2.5732e+00 +4.7783e-02 +2.1123e+00 +7.1876e-01 -6.3559e-01 +3.0136e+00 -3.3699e+00 -7.3399e-02 +4.4823e+00 -9.6160e-01 +5.0993e-01 +2.1285e+00 +8.4586e-01 +8.1620e-01 +7.5666e-01 +3.2731e+00
19156 +1.795657234e+01 +1.795657234e+01 +3.210165723e+02 +3.210165723e+02 -1.3148e+00 +9.6749e-01 -2.1280e+00 +2.2656e+00 -2.0501e+00 -2.6534e+00 -2.0869e+00 -3.6066e+00 +3.8887e+00 +4.6002e+00 -8.3414e-01 +2.9823e+00 +3.7114e+00 -4.0851e+00 +9.9393e-01 -1.7893e+00 -1.5035e+00 +1.8239e+00 -1.3116e+00 -1.4830e+00
112141 +1.535960756e+01 +1.535960756e+01 +3.184196076e+02 +3.184196076e+02 -1.0754e+00 +1.3678e+00 -3.0828e+00 -1.3370e+00 -1.8343e+00 -3.7577e-01 +1.4614e-01 -3.7180e+00 +1.7285e-01 +1.6263e+00 -3.6214e-01 +4.9189e+00 +1.5718e+00 -4.6482e+00 +4.5837e+00 +1.9487e+00 +2.0221e+00 -4.0123e+00 +1.0673e+00 -3.6801e-01
176349 +1.331829835e+01 +1.331829835e+01 +3.163782984e+02 +3.163782984e+02 -3.2418e+00 -2.1918e+00 -2.6702e+00 -7.0001e-01 -1.8676e+00 -2.0131e+00 +8.0994e-01 -3.6050e+00 +3.3134e+00 +1.1262e-01 -4.2744e-01 +1.7947e+00 +3.5113e+00 -4.1389e+00 +2.7449e+00 +1.6619e+00 -1.5020e-01 +2.5446e+00 +7.7711e-01 -1.9090e+00
5639026 +1.216822254e+01 +1.216822254e+01 +3.152282225e+02 +3.152282225e+02 -4.3239e+00 -2.3869e+00 -3.4388e+00 -6.2842e-01 -2.0839e+00 -2.5596e+00 +1.3471e+00 -2.9952e+00 +3.3641e+00 -9.1016e-01 +8.4569e-01 +3.5380e+00 +1.2755e+00 -3.1394e+00 +1.8699e+00 +1.2880e+00 +4.3838e+00 -1.7951e+00 -1.5630e+00 -1.9158e+00
6012768 +8.387237649e+00 +8.387237649e+00 +3.114472376e+02 +3.114472376e+02 -4.0309e+00 -3.2661e+00 -1.2428e+00 +1.2517e+00 -4.1220e-01 -4.8564e+00 +5.8199e-01 -2.9972e+00 +1.5783e+00 +1.1345e+00 -2.7047e+00 +3.2736e+00 +3.2103e+00 -3.3147e+00 +3.1282e+00 -2.8305e-01 +2.7776e+00 +5.2802e-01 -2.2666e+00 -9.1880e-01
130020369 +6.547907688e+00 +6.547907688e+00 +3.096079077e+02 +3.096079077e+02 -2.4731e+00 -1.5491e+00 -2.6192e+00 +2.0371e+00 -1.9717e+00 -1.3690e+00 +5.8776e-01 -4.9819e+00 +2.6939e+00 +3.3772e+00 -1.7506e+00 +3.7210e+00 +3.5605e+00 -2.6827e+00 +2.5274e+00 +3.3503e+00 +2.4549e+00 -5.6125e-01 -4.2615e+00 -4.6419e+00
% function evaluation | noise-free fitness - Fopt (-7.989000000000e+01) | best noise-free fitness - Fopt | measured fitness | best measured fitness | x1 | x2...
1 +3.004738581e+02 +3.004738581e+02 +2.205838581e+02 +2.205838581e+02 +2.3310e-01 -2.3472e+00 +4.0059e+00 +3.8153e+00 -2.6265e+00 +1.2921e+00 +3.2490e+00 -4.9113e+00 +2.0413e+00 -3.9303e+00 -2.3324e+00 -4.0834e+00 -3.7402e+00 +4.9759e+00 +2.1920e+00 -1.8138e+00 -1.7853e+00 +4.1675e+00 -2.1409e+00 -2.2501e-01
3 +8.031009936e+01 +8.031009936e+01 +4.200993640e-01 +4.200993640e-01 -4.9582e+00 +4.8805e+00 +7.0919e-01 +2.0266e+00 +2.8882e+00 -4.4136e+00 -1.7164e+00 -2.3002e+00 +1.4937e-01 -3.5365e+00 +4.0219e+00 -3.2309e+00 +4.5547e+00 -2.4242e+00 +1.8322e+00 -2.7705e+00 +1.2995e+00 +3.0828e+00 -1.5907e+00 +4.4231e+00
33 +4.869212044e+01 +4.869212044e+01 -3.119787956e+01 -3.119787956e+01 +9.5191e-01 -4.6874e-01 -4.8520e+00 -4.5081e+00 -1.2891e+00 -1.1470e+00 +2.6539e+00 -4.2288e+00 -3.9898e+00 +3.2300e+00 +2.9198e+00 -1.8667e+00 -3.6018e+00 +2.3334e+00 -4.0793e+00 +3.2270e+00 +3.1651e+00 -4.5291e-01 +2.0942e+00 -6.1549e-01
142 +4.366163898e+01 +4.366163898e+01 -3.622836102e+01 -3.622836102e+01 -5.2647e-01 -3.9059e+00 +9.9439e-01 +3.1411e+00 -4.3978e+00 +2.8121e+00 +1.5948e+00 +3.6215e+00 +1.8442e+00 +1.9604e+00 +4.9992e+00 -2.8219e+00 -7.3467e-01 +4.3157e+00 +1.1389e+00 +2.2363e-01 +1.0711e+00 -1.9310e+00 -2.9641e+00 +1.3952e+00
206 +3.444362068e+01 +3.444362068e+01 -4.544637932e+01 -4.544637932e+01 +3.8431e+00 -3.7092e+00 -4.7592e+00 -2.6640e+00 +4.2514e-01 +4.7874e-01 +7.7330e-01 +2.2025e+00 +4.0897e-01 -1.9749e+00 +4.0624e+00 -1.0334e+00 +4.2832e+00 -3.6111e+00 +1.7294e+00 +2.1696e+00 +4.7698e+00 +2.3770e+00 +1.2599e+00 -1.1991e+00
573 +2.706693776e+01 +2.706693776e+01 -5.282306224e+01 -5.282306224e+01 -1.1437e+00 -1.0548e+00 -2.1140e-01 +3.0778e+00 +2.1722e+00 -1.0548e+00 +2.6029e+00 +1.5560e+00 +1.0430e+00 +3.0945e+00 +2.4275e+00 -4.2689e+00 -2.8126e+00 +6.2951e-01 -3.5320e+00 +2.5597e+00 +7.2104e-01 -1.2788e+00 +4.4165e+00 +4.0071e+00
832 +2.578613642e+01 +2.578613642e+01 -5.410386358e+01 -5.410386358e+01 -2.3017e-01 -2.7564e+00 -4.2392e-01 +1.2471e-01 -2.9617e+00 +6.5673e-01 +3.5467e+00 +2.0655e+00 +1.0621e+00 +8.4007e-02 +3.1990e+00 -4.5251e+00 -2.0229e+00 +2.8377e+00 +3.8376e-01 +2.7195e+00 +4.0039e+00 -1.8316e+00 -2.6511e+00 +1.2857e-01
1402 +2.497732487e+01 +2.497732487e+01 -5.491267513e+01 -5.491267513e+01 -1.7799e+00 -3.9290e+00 -1.0515e+00 +2.9431e+00 +1.2924e+00 +9.7676e-01 +2.2452e+00 -1.2464e+00 -1.7235e-01 +3.5670e+00 +1.0963e-01 +3.3218e-01 +3.7446e+00 -4.4619e+00 -1.6505e+00 +1.2978e+00 +6.4162e-02 +4.7958e+00 +6.8211e-02 +4.8405e+00
9560 +2.143882998e+01 +2.143882998e+01 -5.845117002e+01 -5.845117002e+01 +1.3971e+00 +9.5692e-01 -2.1825e+00 +4.4186e-01 -3.0024e+00 -1.9275e+00 +2.2233e+00 +1.8555e+00 +6.0718e-01 +3.4294e-01 +3.6861e+00 +3.7394e-02 +4.3452e+00 +4.7849e-01 +1.0190e+00 +1.2387e+00 +3.9219e+00 +3.8193e-01 +3.8175e+00 +2.7440e+00
14296 +2.117446450e+01 +2.117446450e+01 -5.871553550e+01 -5.871553550e+01 +2.6326e+00 +2.8203e+00 -4.8937e+00 +2.8305e-01 +2.0983e+00 -9.4740e-01 +2.9120e+00 +4.1678e+00 +2.5661e+00 -1.4940e+00 +2.2191e+00 -4.1505e+00 +3.5285e+00 -2.5065e+00 -3.0678e+00 -6.1425e-01 +2.8825e+00 +2.7224e+00 +2.0150e+00 +4.0189e+00
22902 +1.646720026e+01 +1.646720026e+01 -6.342279974e+01 -6.342279974e+01 +2.7550e+00 -6.1893e-02 -4.3950e+00 +2.9670e+00 -3.5950e-02 -2.5205e+00 +1.0272e+00 +1.7948e-01 +3.4862e+00 -6.3674e-01 +2.5481e+00 -2.7143e+00 -3.4724e-01 +1.9464e+00 -3.1962e+00 +9.1532e-01 +3.0767e+00 +1.8799e+00 +3.4040e+00 -1.7568e+00
144572 +1.270748547e+01 +1.270748547e+01 -6.718251453e+01 -6.718251453e+01 +1.2955e+00 -4.6956e+00 +2.0565e-01 -8.0776e-02 -1.9880e-01 -4.8793e+00 +1.0169e+00 -6.1085e-01 +3.1005e+00 +7.2950e-01 +4.8777e+00 -7.5203e-01 +2.8065e+00 +3.8294e-01 +8.0883e-01 +4.2605e+00 +3.2016e+00 -4.2282e-01 +2.3286e+00 +1.1385e+00
1086874 +1.135456784e+01 +1.135456784e+01 -6.853543216e+01 -6.853543216e+01 +7.7042e-01 -3.9548e+00 -8.5008e-01 +2.9984e+00 -1.6180e+00 -1.3654e+00 +2.4865e+00 -5.2353e-01 +2.6288e+00 +4.2719e+00 +2.1484e+00 -4.7156e+00 +1.1093e+00 +9.1392e-01 -3.1503e+00 -7.9365e-01 +2.5601e+00 +3.9149e+00 +3.4696e+00 +3.1800e+00
1962335 +1.108681287e+01 +1.108681287e+01 -6.880318713e+01 -6.880318713e+01 +6.0358e-01 -4.8980e+00 -2.6367e+00 +4.3653e+00 -5.4485e-01 -2.0063e+00 +1.4422e+00 -2.3583e-01 +4.8923e+00 +8.9949e-01 +2.9248e+00 -4.6005e+00 +1.1729e+00 +2.3840e+00 -1.8997e+00 +4.4996e+00 +4.8539e+00 +3.1340e+00 +1.7548e+00 +1.8116e-01
5898864 +1.092538377e+01 +1.092538377e+01 -6.896461623e+01 -6.896461623e+01 -4.0686e-01 -1.9478e+00 -4.8736e+00 +3.0065e+00 +2.1110e+00 -1.3537e+00 +3.6913e+00 +2.0677e+00 +2.0150e+00 -3.4644e-01 +2.6781e+00 -1.8823e+00 +3.1287e+00 -1.2667e+00 -8.2062e-01 -1.2155e+00 +2.6103e+00 +1.0337e+00 +4.2632e+00 +4.1858e+00
7264812 +7.191109533e+00 +7.191109533e+00 -7.269889047e+01 -7.269889047e+01 +4.2383e-01 -4.3761e+00 -8.8255e-01 -4.2037e-01 -2.9498e+00 -2.5279e+00 -6.3760e-01 +4.2534e-01 +1.7464e-02 +2.2206e+00 +4.2677e+00 -2.7538e+00 +2.3917e+00 +2.7835e-01 -1.3681e+00 +2.3888e+00 +2.6790e+00 +3.2834e+00 +4.0362e+00 -8.1372e-02
46228653 +7.050887682e+00 +7.050887682e+00 -7.283911232e+01 -7.283911232e+01 +9.0386e-02 -3.8577e+00 -2.5741e+00 +7.0415e-01 +7.7706e-02 +6.3926e-02 +1.7068e+00 -4.4505e-01 +3.5406e+00 +1.0882e+00 +4.0723e+00 -3.7676e+00 +1.3903e+00 -2.0392e+00 -1.7100e+00 +1.7158e+00 +1.3467e+00 +4.7793e+00 +2.2595e+00 +5.3933e-01
192819029 +6.248545798e+00 +6.248545798e+00 -7.364145420e+01 -7.364145420e+01 +1.2597e+00 -2.2122e+00 -1.7992e+00 +4.0385e-01 +2.3485e-01 -1.5600e+00 +1.0936e+00 +1.6872e+00 +2.5173e+00 +1.5764e+00 +2.1436e+00 -4.0552e+00 +2.0760e+00 +1.1897e+00 -2.3226e+00 +1.9672e+00 +3.3857e+00 +1.6332e+00 +3.2501e+00 +3.0454e+00
