% function evaluation | noise-free fitness - Fopt (-5.235000000000e+01) | best noise-free fitness - Fopt | measured fitness | best measured fitness | x1 | x2...
1 +7.668263795e+01 +7.668263795e+01 +2.433263795e+01 +2.433263795e+01 -1.5748e-01 -9.3743e-01 -4.2301e+00 -1.6839e+00 -3.8471e+00
3 +4.011664080e+01 +4.011664080e+01 -1.223335920e+01 -1.223335920e+01 -4.9658e+00 -2.6719e+00 +3.0286e+00 +4.9924e+00 +1.5682e+00
4 +2.889540443e+01 +2.889540443e+01 -2.345459557e+01 -2.345459557e+01 -4.5500e+00 -4.7442e+00 -4.8184e-01 -2.9718e-01 +2.7433e+00
6 +2.164762823e+01 +2.164762823e+01 -3.070237177e+01 -3.070237177e+01 -3.2929e+00 -3.7758e+00 +3.3263e+00 -1.0482e+00 +1.9130e+00
14 +1.121633273e+01 +1.121633273e+01 -4.113366727e+01 -4.113366727e+01 +3.8547e+00 -2.3977e+00 -2.6979e-01 -3.8775e+00 -2.5315e+00
23 +5.476992062e+00 +5.476992062e+00 -4.687300794e+01 -4.687300794e+01 -1.1004e-01 -8.2594e-01 +1.2943e+00 -3.9477e+00 -2.5342e-01
71 +4.782186779e+00 +4.782186779e+00 -4.756781322e+01 -4.756781322e+01 -3.6272e+00 +1.3863e+00 +2.0142e+00 -1.9378e+00 -3.1052e+00
119 +3.906152905e+00 +3.906152905e+00 -4.844384709e+01 -4.844384709e+01 -2.1758e+00 +6.7513e-01 +2.7567e+00 -3.6259e+00 -2.9744e+00
213 +3.724193427e+00 +3.724193427e+00 -4.862580657e+01 -4.862580657e+01 -3.6653e+00 +1.2318e+00 +3.1182e+00 -2.9009e+00 -2.0876e+00
217 +3.430093619e+00 +3.430093619e+00 -4.891990638e+01 -4.891990638e+01 +1.0253e+00 -1.3963e+00 +1.6373e+00 -2.7740e+00 -2.7486e+00
579 +2.820388611e+00 +2.820388611e+00 -4.952961139e+01 -4.952961139e+01 -2.5896e+00 -1.7831e-01 +4.1497e+00 -2.1269e+00 -1.9388e+00
605 +2.301580043e+00 +2.301580043e+00 -5.004841996e+01 -5.004841996e+01 -1.6010e+00 -7.2000e-01 +2.9572e+00 -2.7857e+00 -3.1544e+00
671 +1.521096478e+00 +1.521096478e+00 -5.082890352e+01 -5.082890352e+01 -1.3401e+00 -8.5115e-01 +3.3191e+00 -1.9219e+00 -5.9756e-01
1040 +5.399393816e-01 +5.399393816e-01 -5.181006062e+01 -5.181006062e+01 -7.2026e-01 -1.8821e+00 +3.2613e+00 -2.3887e+00 -1.4688e+00
27560 +1.930229280e-01 +1.930229280e-01 -5.215697707e+01 -5.215697707e+01 -1.1633e+00 -1.4858e+00 +2.5209e+00 -2.4413e+00 -1.8231e+00
1621703 +1.195233391e-01 +1.195233391e-01 -5.223047666e+01 -5.223047666e+01 -1.0819e+00 -1.3959e+00 +2.3284e+00 -2.5297e+00 -1.5567e+00
3098567 +8.478671934e-02 +8.478671934e-02 -5.226521328e+01 -5.226521328e+01 -7.5405e-01 -1.2348e+00 +2.7352e+00 -2.4587e+00 -1.5719e+00
7875946 +6.223612095e-02 +6.223612095e-02 -5.228776388e+01 -5.228776388e+01 -9.3454e-01 -1.2977e+00 +2.8066e+00 -2.4402e+00 -1.6735e+00
11841016 +4.313903108e-02 +4.313903108e-02 -5.230686097e+01 -5.230686097e+01 -1.0277e+00 -1.3985e+00 +2.7004e+00 -2.3571e+00 -1.5799e+00
% function evaluation | noise-free fitness - Fopt (-1.795400000000e+02) | best noise-free fitness - Fopt | measured fitness | best measured fitness | x1 | x2...
1 +1.147783505e+02 +1.147783505e+02 -6.476164946e+01 -6.476164946e+01 -4.9948e+00 -3.1973e+00 +3.6964e+00 +2.4441e+00 -2.5318e+00
2 +3.311444295e+01 +3.311444295e+01 -1.464255571e+02 -1.464255571e+02 +3.9603e+00 +3.1601e+00 +2.8421e+00 +3.1509e-02 -1.4450e+00
5 +3.288197142e+01 +3.288197142e+01 -1.466580286e+02 -1.466580286e+02 -3.6610e+00 +2.8134e+00 +4.0455e+00 +1.5293e+00 -1.5210e+00
6 +2.368136716e+01 +2.368136716e+01 -1.558586328e+02 -1.558586328e+02 +8.9315e-01 +4.1766e+00 +1.0060e+00 -1.1779e+00 -1.6657e-01
9 +1.983931057e+01 +1.983931057e+01 -1.597006894e+02 -1.597006894e+02 -3.9013e+00 +4.1017e+00 -2.8493e+00 +3.5157e+00 -2.6343e+00
10 +8.400619405e+00 +8.400619405e+00 -1.711393806e+02 -1.711393806e+02 +2.2565e+00 -2.7550e+00 -4.5094e+00 +2.5033e+00 +4.0780e+00
15 +6.838798162e+00 +6.838798162e+00 -1.727012018e+02 -1.727012018e+02 +1.5917e+00 +6.6055e-01 -2.4452e+00 +3.2280e+00 +5.3772e-01
218 +6.432138008e+00 +6.432138008e+00 -1.731078620e+02 -1.731078620e+02 +1.2061e+00 +9.1068e-01 -1.5982e+00 +2.6354e-01 +2.7811e+00
258 +3.533715953e+00 +3.533715953e+00 -1.760062840e+02 -1.760062840e+02 +2.3332e+00 +6.3376e-01 -4.7031e+00 +2.7196e+00 +2.6709e+00
470 +1.929328262e+00 +1.929328262e+00 -1.776106717e+02 -1.776106717e+02 +1.1765e+00 -6.1681e-02 -1.8791e+00 +1.9917e+00 +4.7557e+00
803 +1.080934333e+00 +1.080934333e+00 -1.784590657e+02 -1.784590657e+02 -1.7344e-01 +9.0069e-01 -4.0888e+00 +3.0972e+00 +4.1414e+00
3314 +9.981629790e-01 +9.981629790e-01 -1.785418370e+02 -1.785418370e+02 +9.7232e-01 +1.1838e-01 -3.2741e+00 +3.1947e+00 +2.9669e+00
4326 +8.788692632e-01 +8.788692632e-01 -1.786611307e+02 -1.786611307e+02 +4.2013e-01 -1.4830e-02 -2.9773e+00 +2.9732e+00 +3.9236e+00
20110 +7.080072995e-01 +7.080072995e-01 -1.788319927e+02 -1.788319927e+02 +9.0527e-01 +1.3037e+00 -3.3892e+00 +2.4722e+00 +3.3907e+00
28172 +1.765472211e-01 +1.765472211e-01 -1.793634528e+02 -1.793634528e+02 +1.0094e+00 +1.3881e-01 -3.2229e+00 +2.5186e+00 +3.5516e+00
465291 +1.369831392e-01 +1.369831392e-01 -1.794030169e+02 -1.794030169e+02 +1.0148e+00 +5.6581e-01 -3.2961e+00 +2.7220e+00 +3.9739e+00
712725 +1.165986302e-01 +1.165986302e-01 -1.794234014e+02 -1.794234014e+02 +8.2729e-01 +6.7260e-01 -3.5883e+00 +2.7184e+00 +4.0111e+00
1714631 +1.108714388e-01 +1.108714388e-01 -1.794291286e+02 -1.794291286e+02 +1.1667e+00 +6.2596e-01 -3.3032e+00 +2.4364e+00 +3.8099e+00
6652700 +5.203992507e-02 +5.203992507e-02 -1.794879601e+02 -1.794879601e+02 +7.0203e-01 +4.7192e-01 -3.4096e+00 +2.1501e+00 +3.6910e+00
7133960 +3.072730978e-02 +3.072730978e-02 -1.795092727e+02 -1.795092727e+02 +7.7417e-01 +5.5692e-01 -3.5487e+00 +2.2147e+00 +3.9089e+00
23242986 +1.808398086e-02 +1.808398086e-02 -1.795219160e+02 -1.795219160e+02 +7.3592e-01 +3.5361e-01 -3.4607e+00 +2.3671e+00 +3.7983e+00
% function evaluation | noise-free fitness - Fopt (7.731000000000e+01) | best noise-free fitness - Fopt | measured fitness | best measured fitness | x1 | x2...
1 +1.032585387e+01 +1.032585387e+01 +8.763585387e+01 +8.763585387e+01 +3.3029e+00 -2.4484e+00 -8.3657e-01 -2.8633e+00 -8.4455e-01
11 +8.551017215e+00 +8.551017215e+00 +8.586101722e+01 +8.586101722e+01 -5.3016e-02 -1.1340e+00 -2.9038e-02 -2.3849e+00 +3.0686e+00
13 +7.011389004e+00 +7.011389004e+00 +8.432138900e+01 +8.432138900e+01 +1.0196e+00 +7.0374e-01 +2.2230e-01 +7.8233e-01 +1.9500e+00
34 +6.011785645e+00 +6.011785645e+00 +8.332178564e+01 +8.332178564e+01 -1.7608e+00 +1.8547e-02 -2.3298e+00 +1.5781e+00 -1.4370e+00
54 +4.182875972e+00 +4.182875972e+00 +8.149287597e+01 +8.149287597e+01 +2.9737e+00 -1.4877e+00 -8.2181e-01 -1.6508e+00 +3.3686e+00
163 +3.662994694e+00 +3.662994694e+00 +8.097299469e+01 +8.097299469e+01 +1.4509e+00 -1.8783e+00 -2.6007e+00 -4.8241e-01 -9.7393e-01
314 +3.542418496e+00 +3.542418496e+00 +8.085241850e+01 +8.085241850e+01 +4.6960e-01 +8.5031e-01 -2.2494e+00 -3.0972e-01 -1.8533e+00
376 +3.101340743e+00 +3.101340743e+00 +8.041134074e+01 +8.041134074e+01 +2.0304e+00 +2.2715e-01 -2.6290e+00 -4.8592e-01 +2.5493e+00
549 +8.313201771e-01 +8.313201771e-01 +7.814132018e+01 +7.814132018e+01 +2.7896e-01 -9.3604e-02 -2.3018e+00 -1.3868e+00 +1.2980e+00
4924 +3.732646103e-01 +3.732646103e-01 +7.768326461e+01 +7.768326461e+01 +1.0965e+00 -6.2851e-01 -1.7688e+00 -1.5480e+00 +6.3108e-01
196562 +3.560368692e-01 +3.560368692e-01 +7.766603687e+01 +7.766603687e+01 +1.2966e+00 -8.2816e-01 -1.6709e+00 -1.6425e+00 +6.5547e-01
590805 +2.829601957e-01 +2.829601957e-01 +7.759296020e+01 +7.759296020e+01 +6.3800e-01 -8.8936e-01 -2.6166e+00 -1.8366e+00 +8.4958e-01
757847 +2.618509069e-01 +2.618509069e-01 +7.757185091e+01 +7.757185091e+01 +1.2272e+00 -5.9395e-01 -2.4687e+00 -1.6175e+00 +7.6242e-01
795243 +1.916704243e-01 +1.916704243e-01 +7.750167042e+01 +7.750167042e+01 +4.5783e-01 -8.6753e-01 -1.7294e+00 -1.9896e+00 +1.1451e+00
1104113 +1.862317073e-01 +1.862317073e-01 +7.749623171e+01 +7.749623171e+01 +5.8405e-01 -9.3565e-01 -2.2018e+00 -1.7565e+00 +1.2330e+00
1671614 +9.854825985e-02 +9.854825985e-02 +7.740854826e+01 +7.740854826e+01 +1.0073e+00 -7.8541e-01 -2.4714e+00 -1.6097e+00 +9.8137e-01
11053050 +9.613705800e-02 +9.613705800e-02 +7.740613706e+01 +7.740613706e+01 +1.0340e+00 -3.5454e-01 -2.2525e+00 -2.0887e+00 +8.4289e-01
25235291 +7.723345402e-02 +7.723345402e-02 +7.738723345e+01 +7.738723345e+01 +1.2104e+00 -4.6750e-01 -2.2224e+00 -1.8792e+00 +8.9405e-01
40038929 +4.791564489e-02 +4.791564489e-02 +7.735791564e+01 +7.735791564e+01 +8.0217e-01 -8.1560e-01 -1.8707e+00 -1.8929e+00 +9.7314e-01
% function evaluation | noise-free fitness - Fopt (3.992000000000e+01) | best noise-free fitness - Fopt | measured fitness | best measured fitness | x1 | x2...
1 +1.694573273e+01 +1.694573273e+01 +5.686573273e+01 +5.686573273e+01 +2.4724e+00 +1.6997e+00 +3.6391e+00 +2.6363e+00 +1.4544e-01
10 +1.310064099e+01 +1.310064099e+01 +5.302064099e+01 +5.302064099e+01 +4.6533e+00 -4.3123e+00 +1.5673e+00 -4.7585e+00 -3.2100e+00
25 +9.474318498e+00 +9.474318498e+00 +4.939431850e+01 +4.939431850e+01 +2.8906e+00 +2.1156e+00 +2.0130e+00 -3.0707e-01 -7.0354e-01
30 +3.857423006e+00 +3.857423006e+00 +4.377742301e+01 +4.377742301e+01 +6.9350e-01 -1.0097e+00 +8.8021e-01 -1.2502e+00 -9.3932e-01
47 +2.156138565e+00 +2.156138565e+00 +4.207613856e+01 +4.207613856e+01 +3.0077e+00 -4.1948e-01 +2.4140e+00 -1.7598e+00 -2.9496e+00
1062 +1.789996466e+00 +1.789996466e+00 +4.170999647e+01 +4.170999647e+01 +2.6346e+00 -1.9673e+00 +1.7436e+00 -1.4845e+00 -2.2758e+00
1501 +1.211123877e+00 +1.211123877e+00 +4.113112388e+01 +4.113112388e+01 +3.1073e+00 -1.3480e+00 +2.0969e+00 -2.4747e+00 -8.3736e-01
3066 +1.070618912e+00 +1.070618912e+00 +4.099061891e+01 +4.099061891e+01 +3.7876e+00 -1.5775e+00 +1.9223e+00 -1.5355e+00 -1.3346e+00
3170 +1.013069134e+00 +1.013069134e+00 +4.093306913e+01 +4.093306913e+01 +3.8321e+00 -1.0202e+00 +1.2997e+00 -3.0044e+00 -2.2725e+00
26547 +7.990443652e-01 +7.990443652e-01 +4.071904437e+01 +4.071904437e+01 +3.5377e+00 -2.0240e-01 +2.0135e+00 -1.9040e+00 -2.4714e+00
54526 +5.308558712e-01 +5.308558712e-01 +4.045085587e+01 +4.045085587e+01 +3.9707e+00 -1.2527e+00 +1.7518e+00 -1.8581e+00 -2.3018e+00
115198 +5.118358694e-01 +5.118358694e-01 +4.043183587e+01 +4.043183587e+01 +4.0756e+00 -1.3353e+00 +1.4453e+00 -2.3709e+00 -1.7633e+00
143044 +3.746067136e-01 +3.746067136e-01 +4.029460671e+01 +4.029460671e+01 +4.4421e+00 -1.4003e+00 +1.9902e+00 -2.2148e+00 -1.6958e+00
294338 +3.527190333e-01 +3.527190333e-01 +4.027271903e+01 +4.027271903e+01 +3.7292e+00 -1.5040e+00 +1.9182e+00 -2.1545e+00 -2.0923e+00
313120 +3.114667504e-01 +3.114667504e-01 +4.023146675e+01 +4.023146675e+01 +4.2518e+00 -1.3079e+00 +2.6325e+00 -2.2601e+00 -1.4635e+00
474544 +2.497776162e-01 +2.497776162e-01 +4.016977762e+01 +4.016977762e+01 +3.6356e+00 -8.0812e-01 +2.5450e+00 -2.4093e+00 -2.1435e+00
1150273 +1.659234492e-01 +1.659234492e-01 +4.008592345e+01 +4.008592345e+01 +3.8573e+00 -1.2386e+00 +2.6495e+00 -2.4813e+00 -2.1965e+00
2113119 +1.370878228e-01 +1.370878228e-01 +4.005708782e+01 +4.005708782e+01 +4.1569e+00 -9.6834e-01 +2.1130e+00 -2.5466e+00 -1.8668e+00
8295369 +1.302020210e-01 +1.302020210e-01 +4.005020202e+01 +4.005020202e+01 +3.9534e+00 -1.2233e+00 +2.1750e+00 -2.5055e+00 -2.1930e+00
12440190 +1.255536192e-01 +1.255536192e-01 +4.004555362e+01 +4.004555362e+01 +3.7210e+00 -1.2707e+00 +2.6039e+00 -2.5732e+00 -1.9368e+00
15479218 +1.019079829e-01 +1.019079829e-01 +4.002190798e+01 +4.002190798e+01 +3.7032e+00 -1.0143e+00 +2.4956e+00 -2.3421e+00 -2.2986e+00
36621429 +5.408407400e-02 +5.408407400e-02 +3.997408407e+01 +3.997408407e+01 +3.7651e+00 -1.0041e+00 +2.6972e+00 -2.2231e+00 -2.2266e+00
% function evaluation | noise-free fitness - Fopt (-5.661000000000e+01) | best noise-free fitness - Fopt | measured fitness | best measured fitness | x1 | x2...
1 +8.853259060e+01 +8.853259060e+01 +3.192259060e+01 +3.192259060e+01 -4.8948e+00 +2.4703e+00 -1.5204e+00 -8.2054e-01 -1.2356e+00
6 +7.833895299e+01 +7.833895299e+01 +2.172895299e+01 +2.172895299e+01 +3.8732e+00 +2.0247e+00 -4.8285e+00 +2.0442e+00 +2.7972e+00
7 +3.359208038e+01 +3.359208038e+01 -2.301791962e+01 -2.301791962e+01 +3.4770e+00 +6.7475e-01 -2.2196e-01 +4.9986e+00 +1.2968e+00
10 +1.400214847e+01 +1.400214847e+01 -4.260785153e+01 -4.260785153e+01 +3.0142e+00 +4.3207e+00 +4.8299e+00 +1.1260e+00 +2.3226e-01
49 +7.916825351e+00 +7.916825351e+00 -4.869317465e+01 -4.869317465e+01 -1.6049e-02 +6.5779e-01 +9.8102e-01 -2.0661e+00 -2.7824e+00
86 +2.731854495e+00 +2.731854495e+00 -5.387814551e+01 -5.387814551e+01 +2.6311e+00 +1.1949e+00 +2.5031e+00 -4.1165e+00 -4.1769e+00
569 +2.446258514e+00 +2.446258514e+00 -5.416374149e+01 -5.416374149e+01 +2.6779e+00 +3.0237e+00 +1.6825e+00 -2.9052e+00 -3.1903e+00
841 +1.075331551e+00 +1.075331551e+00 -5.553466845e+01 -5.553466845e+01 +2.5418e+00 +2.2694e+00 +2.7883e+00 -3.0398e+00 -3.9181e+00
7844 +7.273702848e-01 +7.273702848e-01 -5.588262972e+01 -5.588262972e+01 +1.9693e+00 +3.1333e+00 +3.8178e+00 -3.6224e+00 -3.6506e+00
8916 +6.458382292e-01 +6.458382292e-01 -5.596416177e+01 -5.596416177e+01 +1.9101e+00 +3.2576e+00 +4.1314e+00 -3.1961e+00 -2.6885e+00
19959 +5.219444512e-01 +5.219444512e-01 -5.608805555e+01 -5.608805555e+01 +1.9845e+00 +3.3381e+00 +3.6222e+00 -3.2736e+00 -2.6666e+00
80329 +3.166670627e-01 +3.166670627e-01 -5.629333294e+01 -5.629333294e+01 +2.3763e+00 +2.9778e+00 +3.6257e+00 -3.4512e+00 -2.9702e+00
506984 +2.822553537e-01 +2.822553537e-01 -5.632774465e+01 -5.632774465e+01 +1.9575e+00 +3.1723e+00 +3.3967e+00 -3.1904e+00 -2.9147e+00
520418 +1.718932909e-01 +1.718932909e-01 -5.643810671e+01 -5.643810671e+01 +1.4004e+00 +2.9576e+00 +3.2801e+00 -3.1763e+00 -2.9284e+00
784448 +1.082187469e-01 +1.082187469e-01 -5.650178125e+01 -5.650178125e+01 +1.8278e+00 +2.8441e+00 +3.6258e+00 -3.4526e+00 -2.7989e+00
3864539 +9.173225232e-02 +9.173225232e-02 -5.651826775e+01 -5.651826775e+01 +2.1042e+00 +2.9058e+00 +3.2095e+00 -3.1004e+00 -3.3746e+00
8738694 +8.625766659e-02 +8.625766659e-02 -5.652374233e+01 -5.652374233e+01 +2.0494e+00 +2.8910e+00 +3.1292e+00 -3.4086e+00 -3.1689e+00
21725495 +5.755024046e-02 +5.755024046e-02 -5.655244976e+01 -5.655244976e+01 +2.0962e+00 +3.0525e+00 +3.2536e+00 -3.3408e+00 -3.1967e+00
47514654 +4.114192551e-02 +4.114192551e-02 -5.656885807e+01 -5.656885807e+01 +1.8706e+00 +2.9132e+00 +3.4992e+00 -3.3655e+00 -2.9352e+00
48132225 +3.308220985e-02 +3.308220985e-02 -5.657691779e+01 -5.657691779e+01 +1.6485e+00 +2.9378e+00 +3.1856e+00 -3.1082e+00 -2.9752e+00
% function evaluation | noise-free fitness - Fopt (-3.745400000000e+02) | best noise-free fitness - Fopt | measured fitness | best measured fitness | x1 | x2...
1 +9.526665683e+00 +9.526665683e+00 -3.650133343e+02 -3.650133343e+02 -2.5761e+00 -1.9198e+00 -1.5530e+00 -2.9837e+00 +2.3113e+00
3 +5.198677330e+00 +5.198677330e+00 -3.693413227e+02 -3.693413227e+02 -2.4391e+00 +2.9494e+00 -3.2094e+00 -2.5478e+00 +1.2057e+00
213 +4.035413306e+00 +4.035413306e+00 -3.705045867e+02 -3.705045867e+02 -4.3458e+00 +2.6297e+00 -2.4783e-01 +6.9742e-01 -1.0401e+00
470 +3.150892759e+00 +3.150892759e+00 -3.713891072e+02 -3.713891072e+02 -3.0064e+00 +2.3084e+00 -2.8638e+00 -4.3164e+00 +2.2545e-01
778 +3.058526345e+00 +3.058526345e+00 -3.714814737e+02 -3.714814737e+02 -4.8500e+00 +1.3816e+00 -1.8202e+00 -4.7748e+00 -3.8391e-01
799 +2.797229356e+00 +2.797229356e+00 -3.717427706e+02 -3.717427706e+02 -4.5102e+00 +2.0936e+00 -9.0097e-01 -1.3632e+00 +1.2799e+00
814 +1.778953637e+00 +1.778953637e+00 -3.727610464e+02 -3.727610464e+02 -4.5951e+00 +2.5607e+00 -2.1701e+00 -3.0141e+00 -1.2860e+00
1320 +1.521238716e+00 +1.521238716e+00 -3.730187613e+02 -3.730187613e+02 -3.6848e+00 +3.0558e+00 -2.8742e+00 -1.8817e+00 -7.7740e-01
3381 +1.381831939e+00 +1.381831939e+00 -3.731581681e+02 -3.731581681e+02 -4.1969e+00 +1.6818e+00 -3.2241e+00 -7.6130e-01 +2.4361e-01
4524 +5.691652556e-01 +5.691652556e-01 -3.739708347e+02 -3.739708347e+02 -3.9402e+00 +2.4332e+00 -2.9881e+00 -1.9957e+00 -4.5367e-01
32348 +4.864901843e-01 +4.864901843e-01 -3.740535098e+02 -3.740535098e+02 -4.7021e+00 +2.0109e+00 -3.0244e+00 -1.8805e+00 -2.0730e-01
57112 +4.350504715e-01 +4.350504715e-01 -3.741049495e+02 -3.741049495e+02 -3.7944e+00 +1.7465e+00 -2.1670e+00 -2.4925e+00 +6.5062e-02
99562 +3.982885501e-01 +3.982885501e-01 -3.741417114e+02 -3.741417114e+02 -3.6016e+00 +1.1861e+00 -3.0718e+00 -1.6547e+00 -3.2370e-01
393439 +3.458992350e-01 +3.458992350e-01 -3.741941008e+02 -3.741941008e+02 -3.5298e+00 +2.0790e+00 -2.7259e+00 -1.8716e+00 +3.0626e-01
559946 +3.217959498e-01 +3.217959498e-01 -3.742182041e+02 -3.742182041e+02 -4.4803e+00 +1.7730e+00 -1.9174e+00 -1.9816e+00 -2.8640e-01
834589 +1.743077701e-01 +1.743077701e-01 -3.743656922e+02 -3.743656922e+02 -4.2895e+00 +1.9182e+00 -2.2340e+00 -1.8769e+00 -3.6362e-01
1119411 +1.216119904e-01 +1.216119904e-01 -3.744183880e+02 -3.744183880e+02 -3.5388e+00 +1.7522e+00 -2.3691e+00 -2.0413e+00 -3.8946e-01
6241801 +5.403261900e-02 +5.403261900e-02 -3.744859674e+02 -3.744859674e+02 -4.2115e+00 +1.7728e+00 -2.6795e+00 -1.9097e+00 -2.2920e-01
9660882 +4.800990082e-02 +4.800990082e-02 -3.744919901e+02 -3.744919901e+02 -4.0048e+00 +1.6569e+00 -2.7331e+00 -1.9290e+00 -5.6753e-02
48943759 +2.997198706e-02 +2.997198706e-02 -3.745100280e+02 -3.745100280e+02 -3.8702e+00 +1.8364e+00 -2.5594e+00 -2.0024e+00 -7.1980e-02
% function evaluation | noise-free fitness - Fopt (6.596500000000e+02) | best noise-free fitness - Fopt | measured fitness | best measured fitness | x1 | x2...
1 +1.251908111e+01 +1.251908111e+01 +6.721690811e+02 +6.721690811e+02 -2.1359e+00 +1.1367e+00 +3.2514e+00 +4.1923e-01 -2.0840e+00
9 +5.708315902e+00 +5.708315902e+00 +6.653583159e+02 +6.653583159e+02 -2.7810e+00 +3.7858e+00 -5.3583e-01 +2.9883e-01 -6.7730e-02
81 +2.469367171e+00 +2.469367171e+00 +6.621193672e+02 +6.621193672e+02 -3.4682e+00 +8.2894e-01 +1.9684e+00 +3.7766e+00 +2.4378e-01
146 +1.847596709e+00 +1.847596709e+00 +6.614975967e+02 +6.614975967e+02 -2.0606e+00 +5.8409e-01 +7.6024e-01 +3.1333e+00 -2.3726e+00
1843 +1.788787432e+00 +1.788787432e+00 +6.614387874e+02 +6.614387874e+02 -2.9279e+00 +8.7815e-01 +2.5009e+00 +4.2947e+00 -3.2757e+00
2467 +1.614959064e+00 +1.614959064e+00 +6.612649591e+02 +6.612649591e+02 -3.7099e+00 +1.2727e+00 +2.4919e+00 +3.2112e+00 -1.9926e+00
13652 +1.035786492e+00 +1.035786492e+00 +6.606857865e+02 +6.606857865e+02 -3.1080e+00 +9.0328e-01 +1.1711e+00 +3.7727e+00 -2.7364e+00
28088 +9.556092114e-01 +9.556092114e-01 +6.606056092e+02 +6.606056092e+02 -2.7311e+00 +1.1884e+00 +2.4533e+00 +3.6200e+00 -2.3031e+00
52435 +9.025225841e-01 +9.025225841e-01 +6.605525226e+02 +6.605525226e+02 -2.1670e+00 +6.6005e-01 +1.5810e+00 +3.3980e+00 -2.0164e+00
59916 +8.830666051e-01 +8.830666051e-01 +6.605330666e+02 +6.605330666e+02 -3.6866e+00 +9.2479e-01 +2.1437e+00 +4.4332e+00 -2.0798e+00
61421 +7.401841682e-01 +7.401841682e-01 +6.603901842e+02 +6.603901842e+02 -2.9518e+00 +7.6183e-02 +2.4814e+00 +3.6383e+00 -1.6165e+00
76801 +6.538536316e-01 +6.538536316e-01 +6.603038536e+02 +6.603038536e+02 -2.9353e+00 +8.5467e-01 +2.4250e+00 +4.1187e+00 -2.0042e+00
89807 +5.443704691e-01 +5.443704691e-01 +6.601943705e+02 +6.601943705e+02 -3.1945e+00 +3.3620e-01 +1.5857e+00 +3.2532e+00 -1.1457e+00
101090 +4.396651755e-01 +4.396651755e-01 +6.600896652e+02 +6.600896652e+02 -3.6313e+00 +3.6763e-01 +1.3207e+00 +3.7007e+00 -1.3055e+00
125066 +4.061431347e-01 +4.061431347e-01 +6.600561431e+02 +6.600561431e+02 -3.7335e+00 +3.6495e-01 +1.1869e+00 +3.5564e+00 -2.1074e+00
438625 +3.392910909e-01 +3.392910909e-01 +6.599892911e+02 +6.599892911e+02 -3.4023e+00 +6.9543e-01 +1.1844e+00 +3.9270e+00 -1.6188e+00
908058 +3.311230572e-01 +3.311230572e-01 +6.599811231e+02 +6.599811231e+02 -3.0690e+00 +9.0494e-01 +1.2342e+00 +4.1426e+00 -1.7171e+00
1304690 +1.846754649e-01 +1.846754649e-01 +6.598346755e+02 +6.598346755e+02 -3.3394e+00 +9.9162e-01 +1.9685e+00 +3.8228e+00 -1.8348e+00
2079029 +1.816376246e-01 +1.816376246e-01 +6.598316376e+02 +6.598316376e+02 -3.4137e+00 +4.3018e-02 +1.4249e+00 +3.7612e+00 -1.5833e+00
3014660 +1.632016808e-01 +1.632016808e-01 +6.598132017e+02 +6.598132017e+02 -3.4374e+00 +6.2133e-01 +1.6476e+00 +4.0570e+00 -1.5015e+00
3215209 +1.472449713e-01 +1.472449713e-01 +6.597972450e+02 +6.597972450e+02 -3.5484e+00 +8.7032e-01 +1.7099e+00 +3.8509e+00 -2.0614e+00
3508942 +9.161795977e-02 +9.161795977e-02 +6.597416180e+02 +6.597416180e+02 -3.7088e+00 +5.9850e-01 +1.4894e+00 +4.0419e+00 -1.8568e+00
5629968 +4.526018087e-02 +4.526018087e-02 +6.596952602e+02 +6.596952602e+02 -3.0651e+00 +7.0952e-01 +1.6832e+00 +4.0273e+00 -1.5425e+00
% function evaluation | noise-free fitness - Fopt (-1.340000000000e+00) | best noise-free fitness - Fopt | measured fitness | best measured fitness | x1 | x2...
1 +8.784306883e+01 +8.784306883e+01 +8.650306883e+01 +8.650306883e+01 +4.2345e+00 -1.7755e+00 -4.4174e+00 -3.7956e+00 +4.7653e+00
2 +6.613629141e+00 +6.613629141e+00 +5.273629141e+00 +5.273629141e+00 +4.8442e+00 +2.7184e+00 -2.7413e+00 +6.8819e-01 -4.4174e+00
9 +6.175877549e+00 +6.175877549e+00 +4.835877549e+00 +4.835877549e+00 +2.1111e+00 -4.2908e+00 -2.0678e+00 -2.7742e-01 -3.7766e-01
99 +5.569473011e+00 +5.569473011e+00 +4.229473011e+00 +4.229473011e+00 +3.7792e+00 -1.3794e-01 -2.9042e+00 -1.8465e+00 -4.7745e+00
209 +1.294858076e+00 +1.294858076e+00 -4.514192371e-02 -4.514192371e-02 +3.9231e+00 -8.8421e-01 -3.3835e+00 -8.7654e-01 -3.4684e+00
4516 +7.542531980e-01 +7.542531980e-01 -5.857468020e-01 -5.857468020e-01 +3.5012e+00 -2.5293e+00 -4.0530e+00 -3.5817e-01 -1.9985e+00
46460 +6.634123303e-01 +6.634123303e-01 -6.765876697e-01 -6.765876697e-01 +3.0594e+00 -1.9606e+00 -3.6175e+00 -6.2224e-01 -2.3892e+00
54897 +6.054895521e-01 +6.054895521e-01 -7.345104479e-01 -7.345104479e-01 +3.6542e+00 -2.1584e+00 -3.2423e+00 -1.9498e-01 -3.3521e+00
64785 +4.944634507e-01 +4.944634507e-01 -8.455365493e-01 -8.455365493e-01 +4.1606e+00 -2.6235e+00 -3.2948e+00 -9.7000e-01 -3.0003e+00
123579 +3.667861859e-01 +3.667861859e-01 -9.732138141e-01 -9.732138141e-01 +4.0367e+00 -2.4145e+00 -3.6787e+00 +7.7026e-02 -2.7374e+00
260849 +2.058336912e-01 +2.058336912e-01 -1.134166309e+00 -1.134166309e+00 +3.8988e+00 -1.7255e+00 -3.2896e+00 -7.7727e-01 -2.1258e+00
2467082 +2.024969691e-01 +2.024969691e-01 -1.137503031e+00 -1.137503031e+00 +4.1921e+00 -2.0678e+00 -3.7864e+00 -4.3372e-01 -2.3625e+00
3167389 +1.661497395e-01 +1.661497395e-01 -1.173850261e+00 -1.173850261e+00 +4.0801e+00 -2.3557e+00 -3.2440e+00 -6.5485e-01 -2.6985e+00
3886020 +1.014589888e-01 +1.014589888e-01 -1.238541011e+00 -1.238541011e+00 +3.8477e+00 -2.3030e+00 -3.3416e+00 -4.8460e-01 -2.7347e+00
5618224 +9.498353442e-02 +9.498353442e-02 -1.245016466e+00 -1.245016466e+00 +3.8813e+00 -2.2415e+00 -3.8177e+00 -3.3653e-01 -2.9283e+00
12871712 +3.853051696e-02 +3.853051696e-02 -1.301469483e+00 -1.301469483e+00 +3.8180e+00 -2.1219e+00 -3.6404e+00 -5.6343e-01 -2.8535e+00
% function evaluation | noise-free fitness - Fopt (-2.745800000000e+02) | best noise-free fitness - Fopt | measured fitness | best measured fitness | x1 | x2...
1 +2.331441032e+01 +2.331441032e+01 -2.512655897e+02 -2.512655897e+02 +1.1409e+00 -1.1127e+00 -1.3298e-01 +4.0758e+00 -4.1976e+00
2 +1.558252289e+01 +1.558252289e+01 -2.589974771e+02 -2.589974771e+02 -2.5316e+00 -2.2961e+00 -1.4950e+00 -2.6992e+00 +1.5502e+00
4 +1.266220184e+01 +1.266220184e+01 -2.619177982e+02 -2.619177982e+02 -3.9008e+00 -4.5181e+00 +1.9596e+00 -1.2360e+00 -2.3920e+00
19 +8.986472182e+00 +8.986472182e+00 -2.655935278e+02 -2.655935278e+02 +2.8268e-01 +2.5958e+00 -4.2561e+00 -1.4552e+00 -9.1060e-01
25 +6.264411891e+00 +6.264411891e+00 -2.683155881e+02 -2.683155881e+02 -2.1932e+00 +3.9233e+00 -1.7678e+00 +4.8971e+00 -1.0531e-01
29 +5.802561673e+00 +5.802561673e+00 -2.687774383e+02 -2.687774383e+02 +1.4578e-01 -5.5323e-01 -1.0576e+00 -1.1265e+00 -3.3854e-01
181 +3.632049492e+00 +3.632049492e+00 -2.709479505e+02 -2.709479505e+02 -5.6963e-01 +3.4855e+00 -2.3815e+00 +2.5262e+00 +2.2386e+00
476 +1.453479857e+00 +1.453479857e+00 -2.731265201e+02 -2.731265201e+02 -3.2355e-01 +2.1273e+00 -3.1894e+00 +3.0523e+00 -8.0419e-01
1376 +1.220322783e+00 +1.220322783e+00 -2.733596772e+02 -2.733596772e+02 -4.7960e-01 +2.1960e+00 -1.1311e+00 +3.2152e+00 -2.1588e-01
4469 +1.103587402e+00 +1.103587402e+00 -2.734764126e+02 -2.734764126e+02 -4.5145e-01 +2.2935e+00 -2.5351e+00 +4.4557e+00 -6.5130e-01
10254 +9.523458822e-01 +9.523458822e-01 -2.736276541e+02 -2.736276541e+02 +4.1827e-01 +2.3418e+00 -1.6796e+00 +4.4292e+00 +1.0370e-01
17508 +4.606965562e-01 +4.606965562e-01 -2.741193034e+02 -2.741193034e+02 -4.4268e-01 +2.4587e+00 -1.7492e+00 +3.2098e+00 +3.4963e-01
42430 +2.649626288e-01 +2.649626288e-01 -2.743150374e+02 -2.743150374e+02 -2.9546e-01 +2.8773e+00 -2.1497e+00 +3.6247e+00 +2.1721e-01
173882 +1.175384844e-01 +1.175384844e-01 -2.744624615e+02 -2.744624615e+02 -4.3029e-01 +2.5857e+00 -2.4325e+00 +3.3481e+00 +5.2838e-01
321885 +1.080913534e-01 +1.080913534e-01 -2.744719086e+02 -2.744719086e+02 -2.1002e-01 +2.2812e+00 -2.3331e+00 +3.4779e+00 +6.7560e-01
3066781 +8.551889317e-02 +8.551889317e-02 -2.744944811e+02 -2.744944811e+02 -3.3608e-01 +2.5176e+00 -2.4527e+00 +3.6633e+00 +1.3396e-01
14762747 +6.163717674e-02 +6.163717674e-02 -2.745183628e+02 -2.745183628e+02 -5.6883e-01 +2.4562e+00 -2.6498e+00 +3.5105e+00 +1.7634e-01
24026038 +3.341222290e-02 +3.341222290e-02 -2.745465878e+02 -2.745465878e+02 -4.0135e-01 +2.4958e+00 -2.3262e+00 +3.6033e+00 +2.9989e-01
% function evaluation | noise-free fitness - Fopt (-1.435600000000e+02) | best noise-free fitness - Fopt | measured fitness | best measured fitness | x1 | x2...
1 +8.365693551e+01 +8.365693551e+01 -5.990306449e+01 -5.990306449e+01 +7.0396e-01 +2.8620e+00 +1.3171e+00 -2.0565e+00 -1.8377e+00
4 +6.407179232e+01 +6.407179232e+01 -7.948820768e+01 -7.948820768e+01 -3.6718e+00 +2.7538e+00 +2.4111e+00 +1.0155e+00 -4.3397e+00
9 +1.523945701e+01 +1.523945701e+01 -1.283205430e+02 -1.283205430e+02 -3.1547e+00 -3.5847e+00 +2.6441e+00 +7.5268e-01 +4.9986e+00
16 +1.177591016e+01 +1.177591016e+01 -1.317840898e+02 -1.317840898e+02 +1.4335e-01 -4.9208e+00 -3.6025e+00 +1.3757e+00 +4.7769e+00
26 +1.030372286e+01 +1.030372286e+01 -1.332562771e+02 -1.332562771e+02 -1.7585e+00 -1.1570e+00 -3.2367e+00 +3.3723e+00 +4.9908e+00
40 +6.905256908e+00 +6.905256908e+00 -1.366547431e+02 -1.366547431e+02 -1.0102e+00 +1.9822e+00 -1.1073e+00 +3.3345e+00 +7.5315e-01
66 +3.616392918e+00 +3.616392918e+00 -1.399436071e+02 -1.399436071e+02 -5.7512e-01 -2.5793e+00 -2.6348e+00 +1.2284e+00 +3.9708e+00
189 +3.504413258e+00 +3.504413258e+00 -1.400555867e+02 -1.400555867e+02 +1.8966e-01 -8.6577e-01 -4.3391e+00 +2.1394e+00 +3.1850e+00
359 +3.237011225e+00 +3.237011225e+00 -1.403229888e+02 -1.403229888e+02 -7.4393e-01 -2.3069e-01 +1.3024e+00 +2.1349e+00 +2.6885e+00
411 +1.826165560e+00 +1.826165560e+00 -1.417338344e+02 -1.417338344e+02 -9.4453e-01 -1.3814e+00 -3.4530e-01 +1.8340e+00 +4.0474e+00
494 +1.232865908e+00 +1.232865908e+00 -1.423271341e+02 -1.423271341e+02 -1.6291e-01 -1.3272e-01 -2.5520e+00 +2.0624e+00 +3.8370e+00
3151 +6.966068118e-01 +6.966068118e-01 -1.428633932e+02 -1.428633932e+02 -1.5705e+00 +1.8407e-01 -1.3684e+00 +1.0128e+00 +3.2146e+00
5610 +6.456972984e-01 +6.456972984e-01 -1.429143027e+02 -1.429143027e+02 -8.0123e-01 -1.0651e+00 -1.8028e+00 +1.5150e+00 +3.4875e+00
14030 +4.921080622e-01 +4.921080622e-01 -1.430678919e+02 -1.430678919e+02 -1.4372e+00 -6.6692e-01 -1.5219e+00 +1.9989e+00 +3.1345e+00
67670 +4.005453935e-01 +4.005453935e-01 -1.431594546e+02 -1.431594546e+02 -5.8668e-01 +1.0678e-01 -1.4052e+00 +1.5415e+00 +2.7478e+00
173851 +2.642035710e-01 +2.642035710e-01 -1.432957964e+02 -1.432957964e+02 -7.0854e-01 -4.6174e-01 -1.6475e+00 +1.7160e+00 +3.3748e+00
916942 +2.362709052e-01 +2.362709052e-01 -1.433237291e+02 -1.433237291e+02 -1.3328e+00 -8.9425e-02 -1.5630e+00 +1.5026e+00 +3.3378e+00
1348585 +2.038589740e-01 +2.038589740e-01 -1.433561410e+02 -1.433561410e+02 -9.7696e-01 -2.0371e-01 -1.3901e+00 +1.6666e+00 +4.0333e+00
1576322 +1.814334356e-01 +1.814334356e-01 -1.433785666e+02 -1.433785666e+02 -1.0293e+00 -5.7003e-01 -1.4196e+00 +1.3227e+00 +3.6667e+00
2343435 +1.019565007e-01 +1.019565007e-01 -1.434580435e+02 -1.434580435e+02 -7.8035e-01 -1.1656e-01 -1.3320e+00 +1.2312e+00 +3.2227e+00
11187045 +5.794392241e-02 +5.794392241e-02 -1.435020561e+02 -1.435020561e+02 -7.6655e-01 -6.2996e-02 -1.3524e+00 +1.7852e+00 +3.4408e+00
30803098 +4.840866471e-02 +4.840866471e-02 -1.435115913e+02 -1.435115913e+02 -6.0968e-01 +6.8411e-02 -1.3123e+00 +1.7790e+00 +3.5274e+00
% function evaluation | noise-free fitness - Fopt (-2.426000000000e+01) | best noise-free fitness - Fopt | measured fitness | best measured fitness | x1 | x2...
1 +8.589842969e+01 +8.589842969e+01 +6.163842969e+01 +6.163842969e+01 -1.6486e+00 +1.2962e+00 -4.3769e+00 -3.6948e+00 +4.5258e-02
3 +2.765380153e+01 +2.765380153e+01 +3.393801527e+00 +3.393801527e+00 -1.2629e+00 -2.5456e+00 +3.3874e+00 -1.3647e+00 -4.5139e+00
4 +6.270080205e+00 +6.270080205e+00 -1.798991980e+01 -1.798991980e+01 +1.3773e+00 -2.9812e+00 -8.8473e-01 -1.3826e-01 -3.3092e+00
17 +4.026757588e+00 +4.026757588e+00 -2.023324241e+01 -2.023324241e+01 +8.4245e-01 -3.1780e+00 -1.4425e+00 -4.6232e+00 -2.1913e+00
31 +3.070825744e+00 +3.070825744e+00 -2.118917426e+01 -2.118917426e+01 +2.3197e+00 -3.8299e+00 +5.4884e-01 -1.3797e+00 -2.7600e+00
166 +2.669414639e+00 +2.669414639e+00 -2.159058536e+01 -2.159058536e+01 +4.4887e+00 -3.4804e+00 +1.5985e+00 -2.7025e+00 -3.4013e-01
448 +2.062083983e+00 +2.062083983e+00 -2.219791602e+01 -2.219791602e+01 +1.7280e+00 -3.2974e+00 -1.1119e-01 -1.3521e+00 -1.8967e+00
1942 +6.627028721e-01 +6.627028721e-01 -2.359729713e+01 -2.359729713e+01 +3.1957e+00 -3.3521e+00 +5.7093e-01 -2.8890e+00 -1.3586e+00
3919 +3.761600070e-01 +3.761600070e-01 -2.388383999e+01 -2.388383999e+01 +2.4387e+00 -3.7684e+00 +4.2297e-01 -3.6178e+00 -1.5814e+00
44080 +1.551359560e-01 +1.551359560e-01 -2.410486404e+01 -2.410486404e+01 +2.6153e+00 -3.4270e+00 +1.0416e-02 -3.1339e+00 -1.8178e+00
167890 +1.494586712e-01 +1.494586712e-01 -2.411054133e+01 -2.411054133e+01 +2.7136e+00 -3.3274e+00 -2.3646e-01 -3.4188e+00 -1.7070e+00
1488649 +1.418400949e-01 +1.418400949e-01 -2.411815991e+01 -2.411815991e+01 +2.6207e+00 -3.6286e+00 +1.6122e-01 -3.4557e+00 -1.7471e+00
1654604 +7.822313834e-02 +7.822313834e-02 -2.418177686e+01 -2.418177686e+01 +2.7860e+00 -3.1263e+00 -9.4314e-02 -3.1905e+00 -1.6286e+00
7823026 +7.552721060e-02 +7.552721060e-02 -2.418447279e+01 -2.418447279e+01 +2.3324e+00 -3.4245e+00 +3.1108e-01 -2.8555e+00 -1.4040e+00
46750116 +5.641018231e-02 +5.641018231e-02 -2.420358982e+01 -2.420358982e+01 +2.5676e+00 -3.2413e+00 +9.4824e-02 -3.1882e+00 -1.4570e+00
% function evaluation | noise-free fitness - Fopt (2.814500000000e+02) | best noise-free fitness - Fopt | measured fitness | best measured fitness | x1 | x2...
1 +1.592513913e+01 +1.592513913e+01 +2.973751391e+02 +2.973751391e+02 +2.0464e+00 +3.0659e-01 -1.0279e+00 +6.9030e-01 +3.3151e-02
15 +3.787132767e+00 +3.787132767e+00 +2.852371328e+02 +2.852371328e+02 -2.1623e+00 -4.0356e-02 -6.7973e-01 +3.5257e+00 +3.1789e+00
31 +3.487081114e+00 +3.487081114e+00 +2.849370811e+02 +2.849370811e+02 -3.0389e+00 +2.0493e+00 +2.4877e-01 +2.8828e-01 +2.1257e+00
98 +3.016291971e+00 +3.016291971e+00 +2.844662920e+02 +2.844662920e+02 -1.6948e+00 -6.6184e-01 +2.8247e-01 +1.2170e-01 +3.2905e+00
445 +2.505082897e+00 +2.505082897e+00 +2.839550829e+02 +2.839550829e+02 -2.9064e+00 -3.3351e-01 -1.1875e+00 +8.5769e-01 +3.7389e+00
1012 +2.309609976e+00 +2.309609976e+00 +2.837596100e+02 +2.837596100e+02 -4.0624e+00 +2.0661e-01 +8.1882e-01 -9.6247e-01 +2.5718e+00
1165 +1.722779332e+00 +1.722779332e+00 +2.831727793e+02 +2.831727793e+02 -3.7245e+00 -1.2992e+00 -1.7274e-01 +1.9335e+00 +2.1514e+00
6638 +1.524602534e+00 +1.524602534e+00 +2.829746025e+02 +2.829746025e+02 -3.4166e+00 +7.8858e-02 +4.9168e-01 +7.0053e-01 +4.2304e+00
7972 +1.393365596e+00 +1.393365596e+00 +2.828433656e+02 +2.828433656e+02 -4.1754e+00 +3.5900e-02 +3.9331e-01 +2.4688e+00 +1.9397e+00
11660 +1.265276301e+00 +1.265276301e+00 +2.827152763e+02 +2.827152763e+02 -2.7570e+00 +5.7728e-02 -8.1858e-01 +7.0913e-01 +3.4183e+00
16291 +9.327302139e-01 +9.327302139e-01 +2.823827302e+02 +2.823827302e+02 -2.7374e+00 -1.6840e-01 +1.0932e-01 +1.5222e+00 +2.8758e+00
24945 +7.381913292e-01 +7.381913292e-01 +2.821881913e+02 +2.821881913e+02 -3.8744e+00 -7.7337e-02 -2.9980e-01 +2.0996e+00 +2.8216e+00
87867 +6.844072901e-01 +6.844072901e-01 +2.821344073e+02 +2.821344073e+02 -3.4569e+00 +4.9138e-01 +5.6183e-01 +9.5454e-01 +2.8490e+00
97806 +5.814853475e-01 +5.814853475e-01 +2.820314853e+02 +2.820314853e+02 -4.4191e+00 +9.3610e-02 -4.5129e-01 +1.4808e+00 +3.3250e+00
138545 +2.109821857e-01 +2.109821857e-01 +2.816609822e+02 +2.816609822e+02 -3.7043e+00 -2.5863e-01 -9.1157e-02 +1.1334e+00 +2.6840e+00
1033388 +1.694389157e-01 +1.694389157e-01 +2.816194389e+02 +2.816194389e+02 -3.8521e+00 -2.2795e-01 -1.1435e-01 +1.4563e+00 +3.1880e+00
2947872 +1.317004198e-01 +1.317004198e-01 +2.815817004e+02 +2.815817004e+02 -3.7603e+00 +6.8983e-02 +2.0112e-01 +1.3282e+00 +2.9790e+00
11221493 +9.883957446e-02 +9.883957446e-02 +2.815488396e+02 +2.815488396e+02 -3.8331e+00 +4.8189e-01 -1.3745e-01 +1.3424e+00 +2.9284e+00
27160501 +6.194815221e-02 +6.194815221e-02 +2.815119482e+02 +2.815119482e+02 -3.8212e+00 +2.0874e-01 -1.4441e-01 +1.2701e+00 +2.6051e+00
% function evaluation | noise-free fitness - Fopt (-4.818000000000e+01) | best noise-free fitness - Fopt | measured fitness | best measured fitness | x1 | x2...
1 +4.739081731e+01 +4.739081731e+01 -7.891826927e-01 -7.891826927e-01 +1.1109e+00 -6.1539e-01 -3.3469e+00 -1.8500e+00 +2.0981e+00
3 +2.459598370e+01 +2.459598370e+01 -2.358401630e+01 -2.358401630e+01 -1.8546e+00 +2.0146e+00 +2.9342e+00 -4.5318e+00 +2.7055e+00
6 +1.943315673e+01 +1.943315673e+01 -2.874684327e+01 -2.874684327e+01 -9.9857e-01 +4.1549e+00 +2.2299e+00 -3.1536e-01 -1.7249e+00
24 +8.216627546e+00 +8.216627546e+00 -3.996337245e+01 -3.996337245e+01 -3.8104e+00 +1.0638e+00 -5.4976e-01 -4.8256e+00 +9.2628e-01
40 +7.506554030e+00 +7.506554030e+00 -4.067344597e+01 -4.067344597e+01 -3.4072e-01 +4.3446e+00 -1.1235e+00 -1.4959e+00 +1.8463e+00
63 +4.813737498e+00 +4.813737498e+00 -4.336626250e+01 -4.336626250e+01 -4.0317e+00 +2.7458e+00 -2.5964e+00 -2.8497e+00 -1.8352e+00
211 +4.549073768e+00 +4.549073768e+00 -4.363092623e+01 -4.363092623e+01 -7.3179e-01 +2.0487e+00 -9.4982e-02 -4.8959e+00 +6.7556e-02
241 +4.428743065e+00 +4.428743065e+00 -4.375125694e+01 -4.375125694e+01 -3.0667e+00 +2.8212e+00 +6.2486e-01 -4.4581e+00 -3.6842e+00
277 +2.200894957e+00 +2.200894957e+00 -4.597910504e+01 -4.597910504e+01 -8.8072e-01 +1.7731e+00 -4.8354e-01 -2.3876e+00 -7.9391e-01
289 +1.773036823e+00 +1.773036823e+00 -4.640696318e+01 -4.640696318e+01 +2.4702e-01 +2.8201e+00 -1.2575e+00 -3.8965e+00 -2.2149e-01
369 +1.083651255e+00 +1.083651255e+00 -4.709634875e+01 -4.709634875e+01 -1.2662e+00 +2.8453e+00 +3.5826e-01 -3.6372e+00 -1.5514e+00
1344 +9.361082218e-01 +9.361082218e-01 -4.724389178e+01 -4.724389178e+01 -5.4284e-03 +3.1583e+00 -1.1205e+00 -2.7505e+00 -1.5393e+00
29406 +8.719640951e-01 +8.719640951e-01 -4.730803590e+01 -4.730803590e+01 -1.5928e+00 +3.2268e+00 -1.4862e+00 -3.2221e+00 -1.3685e+00
29926 +7.584146358e-01 +7.584146358e-01 -4.742158536e+01 -4.742158536e+01 -3.9176e-01 +3.7893e+00 -3.7663e-01 -3.3338e+00 -1.0863e+00
50463 +7.161945349e-01 +7.161945349e-01 -4.746380547e+01 -4.746380547e+01 -7.3118e-01 +4.1262e+00 -6.7243e-01 -4.0009e+00 -1.8917e+00
67449 +6.804952318e-01 +6.804952318e-01 -4.749950477e+01 -4.749950477e+01 -3.7191e-01 +3.4566e+00 -7.1974e-01 -3.7903e+00 -2.2683e+00
68786 +6.606390896e-01 +6.606390896e-01 -4.751936091e+01 -4.751936091e+01 -2.5599e-02 +3.2278e+00 -1.3076e-01 -3.4320e+00 -1.7441e+00
96287 +2.058485666e-01 +2.058485666e-01 -4.797415143e+01 -4.797415143e+01 -3.4803e-01 +3.1261e+00 -8.9475e-01 -3.2047e+00 -1.9356e+00
221149 +1.221160424e-01 +1.221160424e-01 -4.805788396e+01 -4.805788396e+01 -8.5660e-01 +3.5240e+00 -8.1538e-01 -3.8399e+00 -1.4460e+00
2921953 +8.214948832e-02 +8.214948832e-02 -4.809785051e+01 -4.809785051e+01 -9.3603e-01 +3.5559e+00 -5.8718e-01 -3.6777e+00 -1.5950e+00
14120008 +5.959804366e-02 +5.959804366e-02 -4.812040196e+01 -4.812040196e+01 -6.0982e-01 +2.9927e+00 -6.3859e-01 -3.8378e+00 -1.7249e+00
20670181 +4.133213210e-02 +4.133213210e-02 -4.813866787e+01 -4.813866787e+01 -6.8856e-01 +3.2404e+00 -9.8251e-01 -3.4264e+00 -1.5957e+00
% function evaluation | noise-free fitness - Fopt (3.030600000000e+02) | best noise-free fitness - Fopt | measured fitness | best measured fitness | x1 | x2...
1 +3.158662489e+01 +3.158662489e+01 +3.346466249e+02 +3.346466249e+02 +3.2049e+00 +2.1766e+00 +4.4194e+00 +1.8531e+00 -1.5893e+00
8 +2.416076200e+01 +2.416076200e+01 +3.272207620e+02 +3.272207620e+02 -5.7374e-01 -5.3837e-01 +3.7907e+00 +3.6498e+00 -3.8918e+00
10 +8.644639949e+00 +8.644639949e+00 +3.117046399e+02 +3.117046399e+02 +6.9214e-01 -1.8405e+00 -4.4844e+00 +6.3680e-01 -2.1460e+00
33 +8.265479498e+00 +8.265479498e+00 +3.113254795e+02 +3.113254795e+02 -3.3612e+00 +1.2802e-01 -3.0386e+00 +3.6513e+00 -2.8207e+00
46 +2.816688173e+00 +2.816688173e+00 +3.058766882e+02 +3.058766882e+02 -1.5858e-01 +3.1255e-01 -2.8969e+00 +2.3200e+00 -2.2984e+00
222 +2.116363504e+00 +2.116363504e+00 +3.051763635e+02 +3.051763635e+02 -1.1730e+00 -5.1329e-01 -2.3128e+00 +2.5821e+00 -3.3692e+00
1244 +1.117600083e+00 +1.117600083e+00 +3.041776001e+02 +3.041776001e+02 -1.4204e+00 -1.1623e+00 -2.2454e+00 +1.7854e+00 -2.4402e+00
3334 +8.095118680e-01 +8.095118680e-01 +3.038695119e+02 +3.038695119e+02 -1.5269e+00 -1.3117e+00 -1.3110e+00 +1.4101e+00 -2.2267e+00
5859 +1.780297449e-01 +1.780297449e-01 +3.032380297e+02 +3.032380297e+02 -2.1950e+00 -1.4216e+00 -1.3553e+00 +2.3746e+00 -2.1271e+00
3470157 +1.642372192e-01 +1.642372192e-01 +3.032242372e+02 +3.032242372e+02 -1.9778e+00 -1.2351e+00 -1.3273e+00 +2.7525e+00 -1.7638e+00
4495195 +1.610144990e-01 +1.610144990e-01 +3.032210145e+02 +3.032210145e+02 -1.9258e+00 -1.1861e+00 -1.3275e+00 +2.4921e+00 -1.5423e+00
5849068 +1.560316881e-01 +1.560316881e-01 +3.032160317e+02 +3.032160317e+02 -1.7990e+00 -1.5370e+00 -1.6540e+00 +2.1559e+00 -1.3752e+00
9284601 +1.534086038e-01 +1.534086038e-01 +3.032134086e+02 +3.032134086e+02 -2.0659e+00 -1.3999e+00 -1.5530e+00 +2.7089e+00 -1.5858e+00
10003856 +4.555257807e-02 +4.555257807e-02 +3.031055526e+02 +3.031055526e+02 -1.7694e+00 -1.3938e+00 -1.3260e+00 +2.5031e+00 -1.6951e+00
% function evaluation | noise-free fitness - Fopt (-7.989000000000e+01) | best noise-free fitness - Fopt | measured fitness | best measured fitness | x1 | x2...
1 +8.758585383e+01 +8.758585383e+01 +7.695853828e+00 +7.695853828e+00 +4.0407e+00 +4.6694e+00 +4.1789e+00 -1.4945e+00 +3.6235e+00
3 +1.253753053e+01 +1.253753053e+01 -6.735246947e+01 -6.735246947e+01 +9.5932e-01 -3.0660e+00 -4.5549e-01 -7.3523e-01 -1.1063e+00
7 +7.180898363e+00 +7.180898363e+00 -7.270910164e+01 -7.270910164e+01 +2.8564e+00 -1.1294e+00 -3.6896e+00 +3.9099e-01 +3.9721e+00
30 +5.898104423e+00 +5.898104423e+00 -7.399189558e+01 -7.399189558e+01 +4.2888e-01 -2.6215e+00 +1.7096e-01 +2.5829e-01 -2.2325e+00
98 +2.900107656e+00 +2.900107656e+00 -7.698989234e+01 -7.698989234e+01 +5.7437e-01 -4.5199e+00 -4.7897e-01 +2.3179e+00 -1.5706e+00
238 +1.683570334e+00 +1.683570334e+00 -7.820642967e+01 -7.820642967e+01 +1.2746e+00 -4.8453e+00 -2.5225e+00 +9.6682e-02 -8.7249e-01
1519 +1.570497518e+00 +1.570497518e+00 -7.831950248e+01 -7.831950248e+01 +2.3268e+00 -3.5759e+00 -2.8543e+00 +1.5346e+00 -3.5703e-01
2811 +1.175550924e+00 +1.175550924e+00 -7.871444908e+01 -7.871444908e+01 +3.0500e-01 -3.4376e+00 -2.6856e+00 +2.6591e+00 -1.4634e+00
4131 +1.594463574e-01 +1.594463574e-01 -7.973055364e+01 -7.973055364e+01 +1.1851e+00 -4.0199e+00 -2.6481e+00 +1.4353e+00 -1.6710e+00
273555 +2.536496204e-02 +2.536496204e-02 -7.986463504e+01 -7.986463504e+01 +9.8335e-01 -3.7034e+00 -2.7321e+00 +1.6080e+00 -1.5404e+00
31457003 +1.698071353e-02 +1.698071353e-02 -7.987301929e+01 -7.987301929e+01 +8.7150e-01 -3.7455e+00 -2.4055e+00 +1.2738e+00 -1.3036e+00
