% f evaluations | g evaluations | best noise-free fitness - Fopt (9.294000000000e+01) + sum g_i+ | measured fitness | best measured fitness or single-digit g-values | x1 | x2...
1 0 +1.926809384e+02 +2.856209384e+02 +2.856209384e+02 +1.6667e+00 +1.6667e+00
3 0 +1.077507036e+02 +2.006907036e+02 +2.006907036e+02 -3.3333e+00 +1.6667e+00
4 0 +6.398002379e+01 +1.569200238e+02 +1.569200238e+02 +3.3333e+00 -1.6667e+00
11 0 +3.315793955e+01 +1.260979396e+02 +1.260979396e+02 -1.6667e+00 +3.3333e+00
12 0 +2.975485209e+01 +1.226948521e+02 +1.226948521e+02 +4.1667e+00 -3.3333e+00
14 0 +6.009155901e-01 +9.354091559e+01 +9.354091559e+01 -8.3333e-01 +1.6667e+00
30 0 +2.217677485e-01 +9.316176775e+01 +9.316176775e+01 -4.1667e-01 +8.3333e-01
99 0 +2.403662360e-02 +9.296403662e+01 +9.296403662e+01 -3.6458e-01 +8.8542e-01
108 0 +2.068633887e-02 +9.296068634e+01 +9.296068634e+01 -3.3854e-01 +8.3333e-01
202 0 +1.683498053e-02 +9.295683498e+01 +9.295683498e+01 -3.7760e-01 +9.1146e-01
321 0 +1.237579994e-07 +9.294000012e+01 +9.294000012e+01 -2.0833e-01 +7.2917e-01
677 0 +5.630880651e-08 +9.294000006e+01 +9.294000006e+01 -2.2786e-01 +7.2917e-01
774 0 +1.769305413e-08 +9.294000002e+01 +9.294000002e+01 -2.2135e-01 +7.3568e-01
1102 0 +1.603153521e-08 +9.294000002e+01 +9.294000002e+01 -2.3112e-01 +7.3568e-01
1833 0 +1.614822054e-09 +9.294000000e+01 +9.294000000e+01 -2.1810e-01 +7.3893e-01
% f evaluations | g evaluations | best noise-free fitness - Fopt (3.535000000000e+01) + sum g_i+ | measured fitness | best measured fitness or single-digit g-values | x1 | x2...
1 0 +4.585498670e-01 +3.580854987e+01 +3.580854987e+01 +1.6667e+00 +1.6667e+00
56 0 +2.878756575e-07 +3.535000029e+01 +3.535000029e+01 +1.7708e+00 +1.4583e+00
196 0 +1.436375285e-07 +3.535000014e+01 +3.535000014e+01 +1.7643e+00 +1.4714e+00
213 0 +8.193689638e-08 +3.535000008e+01 +3.535000008e+01 +1.7708e+00 +1.4974e+00
306 0 +4.126874842e-08 +3.535000004e+01 +3.535000004e+01 +1.7643e+00 +1.4909e+00
454 0 +9.817824775e-09 +3.535000001e+01 +3.535000001e+01 +1.7741e+00 +1.4909e+00
% f evaluations | g evaluations | best noise-free fitness - Fopt (3.820000000000e+00) + sum g_i+ | measured fitness | best measured fitness or single-digit g-values | x1 | x2...
1 0 +4.098354580e+02 +4.136554580e+02 +4.136554580e+02 +1.6667e+00 +1.6667e+00
4 0 +2.811841591e+00 +6.631841591e+00 +6.631841591e+00 +3.3333e+00 -1.6667e+00
45 0 +2.049162170e+00 +5.869162170e+00 +5.869162170e+00 +3.3333e+00 -2.9167e+00
103 0 +5.122905424e-01 +4.332290542e+00 +4.332290542e+00 +3.5417e+00 -8.3333e-01
105 0 +2.279599107e-01 +4.047959911e+00 +4.047959911e+00 +4.1667e+00 +2.2917e+00
114 0 +3.440337096e-02 +3.854403371e+00 +3.854403371e+00 +3.9583e+00 +8.3333e-01
192 0 +2.071894554e-07 +3.820000207e+00 +3.820000207e+00 +4.0104e+00 +1.1979e+00
257 0 +7.352302323e-08 +3.820000074e+00 +3.820000074e+00 +3.9974e+00 +1.1849e+00
364 0 +6.689807375e-09 +3.820000007e+00 +3.820000007e+00 +3.9909e+00 +1.1784e+00
% f evaluations | g evaluations | best noise-free fitness - Fopt (2.175000000000e+01) + sum g_i+ | measured fitness | best measured fitness or single-digit g-values | x1 | x2...
1 0 +2.202012223e+01 +4.377012223e+01 +4.377012223e+01 +1.6667e+00 +1.6667e+00
10 0 +5.915735173e+00 +2.766573517e+01 +2.766573517e+01 +8.3333e-01 +3.3333e+00
21 0 +1.535814456e+00 +2.328581446e+01 +2.328581446e+01 +3.3333e+00 +8.3333e-01
28 0 +7.629821235e-01 +2.251298212e+01 +2.251298212e+01 +2.9167e+00 +1.6667e+00
65 0 +4.839357534e-01 +2.223393575e+01 +2.223393575e+01 +3.5417e+00 +1.0417e+00
80 0 +2.457303130e-01 +2.199573031e+01 +2.199573031e+01 +3.6458e+00 +8.3333e-01
112 0 +6.143257824e-02 +2.181143258e+01 +2.181143258e+01 +3.6979e+00 +8.8542e-01
135 0 +1.535814456e-02 +2.176535814e+01 +2.176535814e+01 +3.7240e+00 +9.1146e-01
216 0 +1.469823782e-02 +2.176469824e+01 +2.176469824e+01 +3.6458e+00 +9.8958e-01
217 0 +6.444337686e-08 +2.175000006e+01 +2.175000006e+01 +3.7760e+00 +8.8542e-01
285 0 +2.179588421e-08 +2.175000002e+01 +2.175000002e+01 +3.7565e+00 +8.8542e-01
402 0 +1.512604797e-08 +2.175000002e+01 +2.175000002e+01 +3.7826e+00 +8.9193e-01
546 0 +6.197701907e-09 +2.175000001e+01 +2.175000001e+01 +3.7728e+00 +8.9193e-01
% f evaluations | g evaluations | best noise-free fitness - Fopt (6.479000000000e+01) + sum g_i+ | measured fitness | best measured fitness or single-digit g-values | x1 | x2...
1 0 +1.817488814e+03 +1.882278814e+03 +1.882278814e+03 +1.6667e+00 +1.6667e+00
2 0 +5.582728223e+00 +7.037272822e+01 +7.037272822e+01 -1.6667e+00 -1.6667e+00
9 0 +1.979872827e+00 +6.676987283e+01 +6.676987283e+01 -8.3333e-01 -3.3333e+00
37 0 +6.303766521e-01 +6.542037665e+01 +6.542037665e+01 -1.0417e+00 -2.9167e+00
97 0 +1.008602643e-01 +6.489086026e+01 +6.489086026e+01 -2.0833e+00 -1.7708e+00
120 0 +7.919491307e-02 +6.486919491e+01 +6.486919491e+01 -2.1354e+00 -1.8229e+00
129 0 +2.509132044e-02 +6.481509132e+01 +6.481509132e+01 -2.1615e+00 -1.7708e+00
389 0 +1.614125784e-02 +6.480614126e+01 +6.480614126e+01 -2.0833e+00 -1.8490e+00
631 0 +6.303766521e-03 +6.479630377e+01 +6.479630377e+01 -1.9271e+00 -2.0052e+00
750 0 +4.929593587e-07 +6.479000049e+01 +6.479000049e+01 -1.8229e+00 -2.1354e+00
943 0 +3.402674054e-07 +6.479000034e+01 +6.479000034e+01 -1.8880e+00 -2.0833e+00
1034 0 +2.103109722e-07 +6.479000021e+01 +6.479000021e+01 -1.8815e+00 -2.0964e+00
1279 0 +1.453327627e-07 +6.479000015e+01 +6.479000015e+01 -1.8783e+00 -2.1029e+00
1702 0 +5.361044941e-08 +6.479000005e+01 +6.479000005e+01 -1.8620e+00 -2.0964e+00
1895 0 +1.136776007e-08 +6.479000001e+01 +6.479000001e+01 -1.8587e+00 -2.1029e+00
2142 0 +4.681737664e-09 +6.479000000e+01 +6.479000000e+01 -1.8620e+00 -2.1061e+00
% f evaluations | g evaluations | best noise-free fitness - Fopt (-4.947000000000e+01) + sum g_i+ | measured fitness | best measured fitness or single-digit g-values | x1 | x2...
1 0 +1.911149836e+02 +1.416449836e+02 +1.416449836e+02 +1.6667e+00 +1.6667e+00
3 0 +6.658662174e+01 +1.711662174e+01 +1.711662174e+01 -3.3333e+00 +1.6667e+00
11 0 +5.703351287e+01 +7.563512865e+00 +7.563512865e+00 +3.3333e+00 +3.3333e+00
12 0 +4.213991609e+00 -4.525600839e+01 -4.525600839e+01 -8.3333e-01 +1.6667e+00
37 0 +2.388105888e-01 -4.923118941e+01 -4.923118941e+01 +4.1667e-01 +2.9167e+00
335 0 +1.996118941e-01 -4.927038811e+01 -4.927038811e+01 +1.1458e+00 +3.3333e+00
342 0 +5.487876523e-02 -4.941512123e+01 -4.941512123e+01 +1.0417e+00 +3.2292e+00
403 0 +2.388105888e-03 -4.946761189e+01 -4.946761189e+01 +9.8958e-01 +3.1771e+00
1256 0 +1.491803161e-07 -4.946999985e+01 -4.946999985e+01 +1.0807e+00 +3.2292e+00
1443 0 +7.354334031e-08 -4.946999993e+01 -4.946999993e+01 +1.1068e+00 +3.2161e+00
1480 0 +1.945058159e-08 -4.946999998e+01 -4.946999998e+01 +1.1003e+00 +3.2292e+00
1893 0 +7.595794216e-09 -4.946999999e+01 -4.946999999e+01 +1.0970e+00 +3.2357e+00
% f evaluations | g evaluations | best noise-free fitness - Fopt (-4.225000000000e+01) + sum g_i+ | measured fitness | best measured fitness or single-digit g-values | x1 | x2...
1 0 +1.291103052e+02 +8.686030521e+01 +8.686030521e+01 +1.6667e+00 +1.6667e+00
4 0 +2.165486045e+01 -2.059513955e+01 -2.059513955e+01 +3.3333e+00 -1.6667e+00
5 0 +1.685248252e+01 -2.539751748e+01 -2.539751748e+01 +1.6667e+00 -3.3333e+00
21 0 +5.237258044e+00 -3.701274196e+01 -3.701274196e+01 +3.3333e+00 +8.3333e-01
23 0 +8.980773628e-01 -4.135192264e+01 -4.135192264e+01 +2.0833e+00 -4.1667e+00
47 0 +3.729110105e-07 -4.224999963e+01 -4.224999963e+01 +2.2917e+00 -3.3333e+00
169 0 +1.112809187e-07 -4.224999989e+01 -4.224999989e+01 +2.2786e+00 -3.3854e+00
182 0 +9.795869005e-09 -4.224999999e+01 -4.224999999e+01 +2.2917e+00 -3.3724e+00
% f evaluations | g evaluations | best noise-free fitness - Fopt (-1.295600000000e+02) + sum g_i+ | measured fitness | best measured fitness or single-digit g-values | x1 | x2...
1 0 +2.482586099e+02 +1.186986099e+02 +1.186986099e+02 +1.6667e+00 +1.6667e+00
2 0 +9.978122257e+01 -2.977877743e+01 -2.977877743e+01 -1.6667e+00 -1.6667e+00
3 0 +7.315720705e+01 -5.640279295e+01 -5.640279295e+01 -3.3333e+00 +1.6667e+00
6 0 +2.698155322e+01 -1.025784468e+02 -1.025784468e+02 -1.6667e+00 +3.3333e+00
7 0 +4.500185988e+00 -1.250598140e+02 -1.250598140e+02 +1.6667e+00 -3.3333e+00
34 0 +2.000082661e+00 -1.275599173e+02 -1.275599173e+02 -2.0833e+00 +1.6667e+00
53 0 +5.000206654e-01 -1.290599793e+02 -1.290599793e+02 -8.3333e-01 +4.1667e-01
73 0 +2.085119817e-02 -1.295391488e+02 -1.295391488e+02 -4.1667e-01 -4.1667e-01
151 0 +4.540449652e-07 -1.295599995e+02 -1.295599995e+02 -3.3854e-01 -4.1667e-01
276 0 +3.421418739e-07 -1.295599997e+02 -1.295599997e+02 -3.4505e-01 -4.0365e-01
751 0 +2.394247645e-07 -1.295599998e+02 -1.295599998e+02 -3.9714e-01 -3.7760e-01
974 0 +1.632616318e-07 -1.295599998e+02 -1.295599998e+02 -3.6458e-01 -4.0365e-01
1021 0 +6.054455071e-08 -1.295599999e+02 -1.295599999e+02 -3.7760e-01 -3.7760e-01
2090 0 +4.593005087e-09 -1.295600000e+02 -1.295600000e+02 -3.7435e-01 -3.8411e-01
% f evaluations | g evaluations | best noise-free fitness - Fopt (-2.774000000000e+01) + sum g_i+ | measured fitness | best measured fitness or single-digit g-values | x1 | x2...
1 0 +7.422279944e+02 +7.144879944e+02 +7.144879944e+02 +1.6667e+00 +1.6667e+00
2 0 +4.230289894e+02 +3.952889894e+02 +3.952889894e+02 -1.6667e+00 -1.6667e+00
3 0 +3.346421817e+02 +3.069021817e+02 +3.069021817e+02 -3.3333e+00 +1.6667e+00
6 0 +3.750767485e+01 +9.767674855e+00 +9.767674855e+00 -1.6667e+00 +3.3333e+00
7 0 +6.424778288e+00 -2.131522171e+01 -2.131522171e+01 +1.6667e+00 -3.3333e+00
25 0 +4.110750352e+00 -2.362924965e+01 -2.362924965e+01 +2.0833e+00 -4.1667e+00
50 0 +3.670864469e+00 -2.406913553e+01 -2.406913553e+01 +2.0833e+00 -4.7917e+00
55 0 +2.205082033e+00 -2.553491797e+01 -2.553491797e+01 -8.3333e-01 +4.1667e-01
122 0 +1.644045975e+00 -2.609595403e+01 -2.609595403e+01 -2.0833e-01 -2.0833e-01
146 0 +1.574626351e+00 -2.616537365e+01 -2.616537365e+01 +1.4583e+00 -3.5417e+00
157 0 +2.193289319e-01 -2.752067107e+01 -2.752067107e+01 +4.1667e-01 -1.4583e+00
234 0 +1.826717749e-01 -2.755732823e+01 -2.755732823e+01 +4.1667e-01 -1.3021e+00
259 0 +1.045376660e-01 -2.763546233e+01 -2.763546233e+01 +1.4583e+00 -3.2292e+00
325 0 +4.537312587e-03 -2.773546269e+01 -2.773546269e+01 +1.1458e+00 -2.7604e+00
439 0 +4.955784760e-07 -2.773999950e+01 -2.773999950e+01 +1.1068e+00 -2.6823e+00
486 0 +4.360076069e-07 -2.773999956e+01 -2.773999956e+01 +1.1198e+00 -2.6693e+00
538 0 +3.500054255e-07 -2.773999965e+01 -2.773999965e+01 +1.1003e+00 -2.6693e+00
583 0 +3.202199927e-07 -2.773999968e+01 -2.773999968e+01 +1.1068e+00 -2.6628e+00
673 0 +2.772189021e-07 -2.773999972e+01 -2.773999972e+01 +1.0970e+00 -2.6628e+00
814 0 +2.623261857e-07 -2.773999974e+01 -2.773999974e+01 +1.1003e+00 -2.6595e+00
1100 0 +2.408256385e-07 -2.773999976e+01 -2.773999976e+01 +1.0954e+00 -2.6595e+00
1178 0 +8.671372242e-08 -2.773999991e+01 -2.773999991e+01 +1.0807e+00 -2.6302e+00
1271 0 +5.885932808e-08 -2.773999994e+01 -2.773999994e+01 +1.0872e+00 -2.6432e+00
1558 0 +4.371263174e-08 -2.773999996e+01 -2.773999996e+01 +1.0905e+00 -2.6302e+00
1757 0 +2.881991179e-08 -2.773999997e+01 -2.773999997e+01 +1.0872e+00 -2.6335e+00
2155 0 +7.319368223e-09 -2.773999999e+01 -2.773999999e+01 +1.0921e+00 -2.6335e+00
% f evaluations | g evaluations | best noise-free fitness - Fopt (5.073300000000e+02) + sum g_i+ | measured fitness | best measured fitness or single-digit g-values | x1 | x2...
1 0 +1.262966350e+02 +6.336266350e+02 +6.336266350e+02 +1.6667e+00 +1.6667e+00
3 0 +7.823708849e+01 +5.855670885e+02 +5.855670885e+02 -3.3333e+00 +1.6667e+00
4 0 +4.178043194e+01 +5.491104319e+02 +5.491104319e+02 +3.3333e+00 -1.6667e+00
11 0 +1.053929216e+01 +5.178692922e+02 +5.178692922e+02 -1.6667e+00 +3.3333e+00
14 0 +2.026978820e+00 +5.093569788e+02 +5.093569788e+02 -8.3333e-01 +1.6667e+00
56 0 +5.067447049e-01 +5.078367447e+02 +5.078367447e+02 -3.5417e+00 +4.5833e+00
95 0 +2.429050028e-08 +5.073300000e+02 +5.073300000e+02 -2.7083e+00 +3.5417e+00
5773 0 +4.739376891e-09 +5.073300000e+02 +5.073300000e+02 -2.7083e+00 +3.5514e+00
% f evaluations | g evaluations | best noise-free fitness - Fopt (5.029000000000e+01) + sum g_i+ | measured fitness | best measured fitness or single-digit g-values | x1 | x2...
1 0 +1.223154857e+02 +1.726054857e+02 +1.726054857e+02 +1.6667e+00 +1.6667e+00
2 0 +6.728256997e+01 +1.175725700e+02 +1.175725700e+02 -1.6667e+00 -1.6667e+00
4 0 +2.431745767e+01 +7.460745767e+01 +7.460745767e+01 +3.3333e+00 -1.6667e+00
13 0 +1.887347467e+00 +5.217734747e+01 +5.217734747e+01 +8.3333e-01 -1.6667e+00
33 0 +1.037250764e+00 +5.132725076e+01 +5.132725076e+01 +4.1667e-01 -2.0833e+00
57 0 +3.153071307e-01 +5.060530713e+01 +5.060530713e+01 +1.4583e+00 -1.6667e+00
68 0 +3.944882323e-07 +5.029000039e+01 +5.029000039e+01 +1.6667e+00 -1.4583e+00
141 0 +3.684378527e-07 +5.029000037e+01 +5.029000037e+01 +1.6667e+00 -1.5365e+00
160 0 +1.421645237e-07 +5.029000014e+01 +5.029000014e+01 +1.6536e+00 -1.5104e+00
189 0 +1.302519337e-08 +5.029000001e+01 +5.029000001e+01 +1.6667e+00 -1.4974e+00
1110 0 +4.745707827e-09 +5.029000000e+01 +5.029000000e+01 +1.6732e+00 -1.5007e+00
% f evaluations | g evaluations | best noise-free fitness - Fopt (-1.000000000000e+03) + sum g_i+ | measured fitness | best measured fitness or single-digit g-values | x1 | x2...
1 0 +1.675892382e+02 -8.324107618e+02 -8.324107618e+02 +1.6667e+00 +1.6667e+00
2 0 +1.135513973e+02 -8.864486027e+02 -8.864486027e+02 -1.6667e+00 -1.6667e+00
6 0 +4.253288366e+01 -9.574671163e+02 -9.574671163e+02 -1.6667e+00 +3.3333e+00
7 0 +3.703381948e+01 -9.629661805e+02 -9.629661805e+02 +1.6667e+00 -3.3333e+00
9 0 +5.699593249e+00 -9.943004068e+02 -9.943004068e+02 -8.3333e-01 +1.6667e+00
13 0 +3.405536349e+00 -9.965944637e+02 -9.965944637e+02 -8.3333e-01 +4.1667e+00
23 0 +3.290736218e+00 -9.967092638e+02 -9.967092638e+02 -4.1667e-01 +3.3333e+00
29 0 +5.846711634e-01 -9.994153288e+02 -9.994153288e+02 -4.1667e-01 +8.3333e-01
44 0 +4.219987454e-01 -9.995780013e+02 -9.995780013e+02 -2.0833e-01 +4.1667e-01
79 0 +2.448277265e-01 -9.997551723e+02 -9.997551723e+02 -1.0417e-01 +5.2083e-01
114 0 +5.308819746e-02 -9.999469118e+02 -9.999469118e+02 -3.6458e-01 +1.0417e+00
221 0 +4.919098995e-02 -9.999508090e+02 -9.999508090e+02 -3.3854e-01 +1.1458e+00
223 0 +1.543686588e-02 -9.999845631e+02 -9.999845631e+02 -3.3854e-01 +1.0677e+00
327 0 +3.390471193e-08 -1.000000000e+03 -1.000000000e+03 -2.6042e-01 +8.3333e-01
2536 0 +2.092144769e-08 -1.000000000e+03 -1.000000000e+03 -2.6693e-01 +8.2682e-01
4093 0 +5.045080798e-09 -1.000000000e+03 -1.000000000e+03 -2.7995e-01 +8.1380e-01
% f evaluations | g evaluations | best noise-free fitness - Fopt (6.074000000000e+01) + sum g_i+ | measured fitness | best measured fitness or single-digit g-values | x1 | x2...
1 0 +4.709328306e+01 +1.078332831e+02 +1.078332831e+02 +1.6667e+00 +1.6667e+00
9 0 +4.303457651e+01 +1.037745765e+02 +1.037745765e+02 +4.1667e+00 +1.6667e+00
10 0 +2.410631415e+01 +8.484631415e+01 +8.484631415e+01 +8.3333e-01 +3.3333e+00
13 0 +5.973559959e+00 +6.671355996e+01 +6.671355996e+01 +1.6667e+00 +4.1667e+00
18 0 +4.993950377e+00 +6.573395038e+01 +6.573395038e+01 +3.3333e+00 +8.3333e-01
25 0 +7.849963508e-02 +6.081849964e+01 +6.081849964e+01 +2.9167e+00 +1.6667e+00
87 0 +3.210154864e-02 +6.077210155e+01 +6.077210155e+01 +2.8646e+00 +1.7708e+00
281 0 +1.805712111e-02 +6.075805712e+01 +6.075805712e+01 +2.9427e+00 +1.6927e+00
673 0 +8.025387159e-03 +6.074802539e+01 +6.074802539e+01 +3.2552e+00 +1.3021e+00
745 0 +2.006346790e-03 +6.074200635e+01 +6.074200635e+01 +3.1771e+00 +1.3802e+00
1410 0 +7.242411471e-08 +6.074000007e+01 +6.074000007e+01 +3.1120e+00 +1.4323e+00
1571 0 +3.159625805e-08 +6.074000003e+01 +6.074000003e+01 +3.1185e+00 +1.4388e+00
2040 0 +1.118232973e-08 +6.074000001e+01 +6.074000001e+01 +3.1217e+00 +1.4421e+00
4128 0 +4.453681868e-09 +6.074000000e+01 +6.074000000e+01 +3.1169e+00 +1.4421e+00
% f evaluations | g evaluations | best noise-free fitness - Fopt (1.284000000000e+01) + sum g_i+ | measured fitness | best measured fitness or single-digit g-values | x1 | x2...
1 0 +4.941053006e+01 +6.225053006e+01 +6.225053006e+01 +1.6667e+00 +1.6667e+00
6 0 +1.003598369e+01 +2.287598369e+01 +2.287598369e+01 +3.3333e+00 +3.3333e+00
15 0 +4.945362212e+00 +1.778536221e+01 +1.778536221e+01 +8.3333e-01 -1.6667e+00
20 0 +2.022121798e-01 +1.304221218e+01 +1.304221218e+01 +1.6667e+00 -8.3333e-01
177 0 +3.600909491e-07 +1.284000036e+01 +1.284000036e+01 +1.0417e+00 -1.7708e+00
252 0 +2.344681072e-08 +1.284000002e+01 +1.284000002e+01 +1.0417e+00 -1.7318e+00
525 0 +1.468734467e-08 +1.284000001e+01 +1.284000001e+01 +1.0384e+00 -1.7350e+00
581 0 +3.830681550e-09 +1.284000000e+01 +1.284000000e+01 +1.0482e+00 -1.7350e+00
% f evaluations | g evaluations | best noise-free fitness - Fopt (-2.626000000000e+01) + sum g_i+ | measured fitness | best measured fitness or single-digit g-values | x1 | x2...
1 0 +2.570304748e+02 +2.307704748e+02 +2.307704748e+02 +1.6667e+00 +1.6667e+00
3 0 +8.667658610e+00 -1.759234139e+01 -1.759234139e+01 -3.3333e+00 +1.6667e+00
4 0 +4.617437575e-01 -2.579825624e+01 -2.579825624e+01 +3.3333e+00 -1.6667e+00
330 0 +6.180709578e-02 -2.619819290e+01 -2.619819290e+01 +2.6042e+00 -1.1458e+00
339 0 +2.166914652e-02 -2.623833085e+01 -2.623833085e+01 +2.3958e+00 -1.0417e+00
416 0 +4.617437575e-03 -2.625538256e+01 -2.625538256e+01 +2.5521e+00 -1.1198e+00
1352 0 +2.643164052e-07 -2.625999974e+01 -2.625999974e+01 +2.6693e+00 -1.1979e+00
1433 0 +1.705207353e-07 -2.625999983e+01 -2.625999983e+01 +2.6628e+00 -1.1849e+00
1584 0 +1.236228968e-07 -2.625999988e+01 -2.625999988e+01 +2.6595e+00 -1.1784e+00
2149 0 +1.935679350e-08 -2.625999998e+01 -2.625999998e+01 +2.6432e+00 -1.1849e+00
2808 0 +4.092122197e-09 -2.626000000e+01 -2.626000000e+01 +2.6449e+00 -1.1882e+00
