% f evaluations | g evaluations | best noise-free fitness - Fopt (-5.494000000000e+01) + sum g_i+ | measured fitness | best measured fitness or single-digit g-values | x1 | x2...
1 0 +2.692627785e+06 +2.692572845e+06 +2.692572845e+06 -1.5763e-02 -8.2012e-01 +2.6981e+00 +2.5312e+00 +1.3623e+00 -1.4577e+00 -1.0161e-01 +6.1991e-01 -9.4825e-01 -1.2601e+00
39 0 +1.136718390e+06 +1.136663450e+06 +1.136663450e+06 -1.9213e+00 -1.0739e+00 +2.7990e+00 -1.0132e+00 +4.9427e-01 +2.7384e+00 -2.1703e+00 +9.9680e-01 +2.0708e+00 -7.3650e-01
71 0 +6.003232663e+05 +6.002683263e+05 +6.002683263e+05 +6.0962e-01 -1.0282e+00 +2.7298e+00 +3.5105e-01 +2.4381e+00 +5.7665e-01 -2.0087e+00 -1.7567e+00 +2.2123e+00 +2.5847e+00
513 0 +1.882372914e+05 +1.881823514e+05 +1.881823514e+05 -1.7448e+00 -2.5228e+00 +2.9975e+00 +1.9286e+00 +4.1523e-01 +2.7807e+00 -2.8742e+00 -1.4170e+00 +8.6461e-02 +2.0963e+00
3169 0 +7.419873190e+04 +7.414379190e+04 +7.414379190e+04 -1.4317e+00 -2.1019e+00 +7.3247e-01 +2.5834e+00 +2.5757e+00 +2.4016e+00 -2.2736e+00 -1.9805e+00 -6.7112e-01 +1.5591e+00
52658 0 +6.020538413e+04 +6.015044413e+04 +6.015044413e+04 -8.9086e-01 -9.4452e-01 +2.2941e+00 +1.8039e+00 +2.7533e+00 +1.0816e+00 -2.9344e+00 -1.3804e+00 +2.3893e+00 +1.4284e+00
119919 0 +4.950853290e+04 +4.945359290e+04 +4.945359290e+04 +4.7059e-01 -2.6174e+00 +1.6252e+00 +2.3880e+00 +1.9849e+00 +2.7061e+00 -2.3139e+00 -1.1258e+00 +2.7937e+00 +4.8990e-01
238035 0 +2.112351432e+04 +2.106857432e+04 +2.106857432e+04 -2.6617e+00 -9.4058e-01 +2.4612e+00 -1.9689e-01 +2.6132e+00 +2.9939e+00 -2.7117e+00 -2.0099e+00 -9.5638e-01 +1.6180e-01
718339 0 +1.486254726e+04 +1.480760726e+04 +1.480760726e+04 +1.8568e+00 -2.0999e+00 +9.1413e-01 +2.1066e+00 +2.9198e+00 +2.8052e+00 -1.7887e+00 -9.8538e-01 +6.5383e-01 +2.8182e+00
% f evaluations | g evaluations | best noise-free fitness - Fopt (5.913000000000e+01) + sum g_i+ | measured fitness | best measured fitness or single-digit g-values | x1 | x2...
1 0 +2.759304614e+07 +2.759310527e+07 +2.759310527e+07 -8.0622e-01 -8.2904e-01 +1.8502e+00 +7.6005e-01 -2.0938e+00 -9.1078e-02 -2.0541e+00 -1.2387e+00 +7.1929e-01 -8.9831e-01
2 0 +7.982714166e+06 +7.982773296e+06 +7.982773296e+06 +5.6686e-01 +2.6003e+00 +1.7663e+00 -7.2586e-01 -1.2813e+00 -2.4576e+00 -4.3359e-01 -1.2395e+00 +1.2667e+00 +1.5655e-01
5 0 +1.892972147e+06 +1.893031277e+06 +1.893031277e+06 +1.1141e-01 +2.9301e+00 -1.5590e+00 -2.3492e-01 -2.2294e+00 +2.1077e+00 +9.6443e-01 +1.6282e+00 -3.0177e-01 -1.9996e-01
7 0 +3.340500636e+05 +3.341091936e+05 +3.341091936e+05 +3.2636e-01 -8.8049e-01 -2.0003e+00 +2.0350e+00 -1.9712e+00 +5.6490e-01 -1.1640e-01 +2.4045e+00 -2.2113e+00 +2.8308e+00
587 0 +3.239400871e+05 +3.239992171e+05 +3.239992171e+05 +1.2004e+00 +1.2632e+00 +1.0776e+00 -1.9384e+00 -2.5039e+00 -1.1029e+00 -9.9302e-01 +2.0707e+00 -2.1545e+00 +2.7283e+00
860 0 +2.536528923e+05 +2.537120223e+05 +2.537120223e+05 -2.8365e+00 +2.7149e+00 +3.9936e-01 -1.0149e+00 -2.7200e+00 +1.4380e+00 +7.1027e-01 +2.8296e+00 -2.3926e+00 +2.9321e+00
4054 0 +2.296019463e+05 +2.296610763e+05 +2.296610763e+05 -2.7044e+00 +1.4395e+00 -2.9559e+00 -1.2642e+00 +1.9226e-01 -1.9949e+00 +5.2149e-01 +1.5652e+00 -2.6875e+00 +2.3087e+00
7262 0 +1.726062506e+05 +1.726653806e+05 +1.726653806e+05 +2.2169e+00 +2.4458e-02 -2.9862e+00 +1.5405e+00 -2.6626e+00 -1.8869e-01 +1.6344e-01 +4.3538e-01 -2.7340e+00 +1.6473e+00
48573 0 +1.141999815e+05 +1.142591115e+05 +1.142591115e+05 -1.7754e+00 +2.1194e+00 -2.3778e+00 +8.2086e-01 -2.2836e+00 +1.2639e+00 +6.7129e-01 +1.3590e+00 -2.0690e+00 +2.3295e+00
51879 0 +7.439474562e+04 +7.445387562e+04 +7.445387562e+04 -5.5014e-01 +8.4405e-01 -2.8533e+00 +2.8653e+00 -1.5763e+00 +2.7064e+00 -3.8336e-01 +1.3199e+00 -2.8179e+00 +2.7904e+00
200256 0 +2.177293327e+04 +2.183206327e+04 +2.183206327e+04 -2.2784e+00 +2.7511e-01 -2.2544e+00 +2.0844e+00 -2.7550e+00 -2.2326e+00 -1.4454e+00 +1.8455e+00 -2.1004e+00 +2.6773e+00
2185216 0 +1.800383483e+04 +1.806296483e+04 +1.806296483e+04 -2.4018e+00 -1.7722e-01 -2.9460e+00 +1.3615e+00 -9.2361e-01 -2.7713e+00 -1.0795e+00 +2.6816e+00 -2.2975e+00 +2.5565e+00
9658948 0 +1.767298651e+04 +1.773211651e+04 +1.773211651e+04 -1.2760e+00 +3.7451e-01 -1.5739e+00 +8.4074e-01 -2.7794e+00 -2.1753e+00 -1.7402e+00 +2.4614e+00 -1.8484e+00 +2.7915e+00
% f evaluations | g evaluations | best noise-free fitness - Fopt (-4.915300000000e+02) + sum g_i+ | measured fitness | best measured fitness or single-digit g-values | x1 | x2...
1 0 +1.807599092e+07 +1.807549939e+07 +1.807549939e+07 +2.8183e+00 +7.3619e-01 -1.2834e+00 -7.1114e-01 -1.9438e+00 +2.1756e+00 +7.2653e-01 -3.3119e-01 -5.6180e-01 +2.1090e+00
2 0 +3.176160240e+06 +3.175668710e+06 +3.175668710e+06 -2.1308e+00 +1.8822e-02 +8.0366e-01 -4.6013e-01 +7.0111e-01 +2.9711e+00 -1.9050e+00 -2.5673e+00 -2.4657e+00 -2.0150e+00
3 0 +1.965640685e+06 +1.965149155e+06 +1.965149155e+06 -2.0439e+00 -4.9832e-02 -1.3304e+00 -1.3899e+00 +5.4303e-01 -1.1773e+00 -3.7723e-02 +2.9024e+00 -3.9124e-01 -2.2801e+00
14 0 +1.105447899e+06 +1.104956369e+06 +1.104956369e+06 +3.7876e-01 +9.2391e-01 +1.1564e+00 -1.9908e+00 +1.8453e+00 -1.8956e+00 -3.4598e-01 +5.0677e-02 +2.7273e+00 -1.1731e+00
17 0 +7.343836733e+05 +7.338921433e+05 +7.338921433e+05 -2.1576e-01 +1.5658e+00 -2.3126e+00 +3.3080e-01 -2.8150e+00 -2.8632e+00 -2.5438e+00 +1.1163e+00 -2.2108e-01 -2.6394e+00
25 0 +3.478363138e+05 +3.473447838e+05 +3.473447838e+05 +9.3742e-01 -2.5464e+00 +8.0734e-02 +2.3511e+00 +1.5837e+00 -2.1306e+00 -5.4649e-01 -2.4456e+00 -2.6770e+00 -1.0010e+00
234 0 +3.013858716e+05 +3.008943416e+05 +3.008943416e+05 -2.5357e+00 -2.7159e+00 -6.8714e-01 -1.2519e+00 -1.6970e-01 -2.8633e+00 -1.3674e+00 +2.0407e-02 +2.3121e+00 -2.0509e+00
253 0 +2.944145035e+05 +2.939229735e+05 +2.939229735e+05 +2.3454e+00 +2.3876e+00 -2.9839e+00 -1.8272e+00 +1.3724e+00 -2.3318e+00 -2.6577e+00 +1.7392e+00 -1.7371e+00 +2.7943e+00
274 0 +1.970017376e+05 +1.965102076e+05 +1.965102076e+05 +1.9030e+00 -1.0396e+00 -2.8186e-01 -1.1286e+00 -2.8056e+00 -2.9538e+00 -1.2896e+00 +2.4442e+00 +5.1084e-01 +7.8065e-01
746 0 +1.814274701e+05 +1.809359401e+05 +1.809359401e+05 -1.3776e+00 -1.4809e+00 -2.6651e+00 -2.7094e+00 -1.9041e+00 -2.1366e+00 -1.3855e+00 +1.6433e+00 -2.6291e+00 -1.2354e+00
1559 0 +1.017242981e+05 +1.012327681e+05 +1.012327681e+05 +2.2508e+00 +5.6024e-01 -1.9808e+00 -2.8625e+00 +2.7692e+00 -2.1452e+00 -1.3388e+00 +2.0348e+00 +2.3455e+00 +1.3950e+00
3095 0 +5.052615087e+04 +5.003462087e+04 +5.003462087e+04 -1.7402e+00 -1.7178e+00 -2.4605e+00 -1.3499e+00 +1.4127e+00 -2.6877e+00 -1.3237e+00 +1.7368e-01 -1.1612e-03 -7.3132e-01
3706 0 +4.580449066e+04 +4.531296066e+04 +4.531296066e+04 +1.9145e-01 -1.6965e+00 -7.1034e-01 -1.8777e+00 -1.5766e+00 -2.8313e+00 +1.7608e-01 +1.2961e+00 +1.9814e-01 -2.0643e+00
7817 0 +4.146595288e+04 +4.097442288e+04 +4.097442288e+04 +2.4542e+00 -1.5978e+00 -4.1058e-01 +2.4704e-02 +1.9928e+00 -2.9895e+00 -1.7910e+00 +3.2955e-01 +1.8322e+00 +8.0031e-01
20621 0 +3.534899303e+04 +3.485746303e+04 +3.485746303e+04 -1.9819e+00 -1.3631e+00 -1.6887e+00 -1.3949e+00 -2.9934e+00 -2.7789e+00 -1.4847e+00 +2.2652e+00 -1.7342e+00 -1.7479e-01
25701 0 +2.689272531e+04 +2.640119531e+04 +2.640119531e+04 +6.3046e-01 -2.7893e+00 -2.3472e+00 -6.2033e-01 +5.4999e-01 -1.4605e+00 -2.4037e+00 +2.5628e-01 -2.1174e+00 +1.8433e-01
74027 0 +9.991201348e+03 +9.499671348e+03 +9.499671348e+03 +1.1701e+00 -5.4224e-01 -2.5834e+00 -1.0623e+00 +3.7809e-01 -2.6356e+00 -2.4810e+00 +2.4675e+00 +5.0719e-01 +8.4463e-01
1811706 0 +7.735569082e+03 +7.244039082e+03 +7.244039082e+03 +6.9528e-01 -2.7473e+00 -1.5382e+00 -3.8828e-01 +1.3507e+00 -2.5880e+00 -1.8521e+00 +5.5663e-01 +8.7661e-01 -1.0799e-01
2260934 0 +4.040282097e+03 +3.548752097e+03 +3.548752097e+03 +5.0069e-01 -2.8152e+00 -1.1194e+00 -3.5339e-01 -1.5880e+00 -2.6732e+00 -1.1324e+00 +9.3607e-01 +9.0531e-01 -2.5330e+00
% f evaluations | g evaluations | best noise-free fitness - Fopt (-1.702000000000e+02) + sum g_i+ | measured fitness | best measured fitness or single-digit g-values | x1 | x2...
1 0 +2.483399112e+07 +2.483382092e+07 +2.483382092e+07 +2.2763e+00 -4.1395e-02 -2.8859e+00 -2.2092e+00 +2.2154e+00 +1.6566e+00 +1.1700e+00 -1.6659e+00 -2.9532e+00 -2.0910e+00
4 0 +1.066472752e+06 +1.066302552e+06 +1.066302552e+06 +6.0372e-01 -1.5868e+00 +2.8115e+00 +2.4182e+00 +6.9851e-01 +2.3934e+00 -1.2102e-01 +2.4421e+00 +2.6250e+00 +1.3332e+00
113 0 +4.837236415e+05 +4.835534415e+05 +4.835534415e+05 +1.1306e-01 +8.3842e-01 +1.6988e+00 +2.4048e+00 +2.1580e+00 +2.2133e+00 +1.5884e+00 +1.9198e+00 +1.6446e+00 -6.3736e-02
323 0 +3.899677975e+05 +3.897975975e+05 +3.897975975e+05 +1.0462e+00 -6.1848e-01 +1.7556e+00 +2.2313e+00 +1.5635e+00 -1.1064e-01 +2.2436e+00 +1.5236e+00 +1.3389e+00 +2.7580e+00
522 0 +1.430737223e+05 +1.429035223e+05 +1.429035223e+05 +1.9171e+00 -7.9983e-01 +2.4215e+00 +2.7148e+00 +1.6195e+00 +2.6020e+00 -9.8301e-01 +8.7861e-01 +1.6263e+00 +2.1509e+00
25396 0 +1.002412013e+05 +1.000710013e+05 +1.000710013e+05 +1.7110e+00 +6.5697e-03 +1.9152e-02 +2.0329e+00 +1.6315e+00 +2.9638e+00 +1.3694e+00 +1.9005e+00 +1.4648e+00 +2.1684e+00
36070 0 +9.525578260e+04 +9.508558260e+04 +9.508558260e+04 -1.9123e+00 -6.7838e-01 +1.7029e+00 +1.6908e+00 +2.7328e+00 +6.5507e-01 +1.0638e+00 +2.4596e+00 -6.4251e-01 +2.8312e+00
55491 0 +9.278249950e+04 +9.261229950e+04 +9.261229950e+04 +6.5050e-01 -7.0314e-01 +2.7267e+00 +2.1319e+00 +2.4199e+00 +1.5591e+00 +1.0887e+00 +5.6668e-01 +5.9472e-01 +2.4464e+00
72384 0 +8.985998607e+04 +8.968978607e+04 +8.968978607e+04 -1.5012e+00 -7.1820e-01 +1.9629e+00 +1.8310e+00 +2.8481e+00 +1.7616e-01 +2.3952e+00 +2.2820e+00 -2.2958e+00 +2.5080e+00
92276 0 +7.159629345e+04 +7.142609345e+04 +7.142609345e+04 -1.1301e+00 +1.6871e+00 -2.1525e+00 +2.3734e+00 +2.9320e+00 -9.5418e-02 +2.2442e+00 +2.8704e+00 +4.9452e-01 +2.5577e+00
130889 0 +6.363945395e+04 +6.346925395e+04 +6.346925395e+04 +9.6802e-01 -3.6780e-01 +6.2687e-04 +2.8593e+00 +1.1542e+00 +2.3875e+00 +3.1289e-01 +2.3925e+00 +3.9910e-01 +2.6128e+00
167590 0 +6.239677836e+04 +6.222657836e+04 +6.222657836e+04 -1.9563e-01 -5.1465e-01 -1.4244e+00 +2.8300e+00 +2.6598e+00 +1.9651e+00 +2.1229e+00 +1.5528e+00 +1.0743e+00 +2.9289e+00
268180 0 +5.798150346e+04 +5.781130346e+04 +5.781130346e+04 +5.3392e-01 -1.1350e+00 -4.6974e-01 +2.1906e+00 +2.4317e+00 +2.2058e+00 +1.7604e+00 +2.0544e+00 -5.8371e-01 +2.2461e+00
282960 0 +5.738093983e+04 +5.721073983e+04 +5.721073983e+04 +5.9751e-01 -1.8643e+00 +2.0698e+00 +1.9421e+00 +2.1230e+00 +1.6212e+00 +2.8560e+00 +1.0053e+00 +4.7679e-02 +2.6798e+00
355951 0 +3.710207644e+04 +3.693187644e+04 +3.693187644e+04 +1.9215e+00 -2.3461e+00 -4.3875e-02 +2.2963e+00 +2.3518e+00 +2.3701e+00 +1.7481e+00 +1.2110e+00 -2.2459e+00 +1.7469e+00
1443135 0 +3.031395081e+04 +3.014375081e+04 +3.014375081e+04 +2.0903e+00 -1.5859e+00 -1.8154e+00 +2.4859e+00 +2.3297e+00 +2.2344e+00 +2.1624e+00 +1.7340e+00 -1.1838e+00 +1.8117e+00
1624424 0 +2.863562592e+04 +2.846542592e+04 +2.846542592e+04 +2.1444e+00 -2.8575e+00 -1.4663e+00 +2.2492e+00 +2.5523e+00 +1.4662e+00 +2.8347e+00 +8.1531e-01 -2.5038e+00 +2.8733e+00
3763410 0 +1.871657468e+04 +1.854637468e+04 +1.854637468e+04 +1.8404e+00 -1.0249e+00 -1.5617e+00 +2.5363e+00 +2.9919e+00 +2.5537e+00 +2.5963e+00 +8.5383e-01 -5.2019e-01 +1.4119e+00
% f evaluations | g evaluations | best noise-free fitness - Fopt (-4.697500000000e+02) + sum g_i+ | measured fitness | best measured fitness or single-digit g-values | x1 | x2...
1 0 +1.830348212e+06 +1.829878462e+06 +1.829878462e+06 +2.9493e+00 +8.0819e-01 -3.7154e-01 -2.4087e+00 -1.8168e+00 +2.4947e+00 -6.7564e-01 -2.0190e+00 +1.3361e+00 +1.3322e+00
4 0 +1.036781953e+06 +1.036312203e+06 +1.036312203e+06 -1.9767e+00 -1.6068e+00 +4.2340e-01 +4.3108e-01 +2.5234e+00 +1.6220e+00 -1.9895e+00 +1.2672e+00 -4.9821e-01 +2.7764e+00
15 0 +7.145489732e+05 +7.140792232e+05 +7.140792232e+05 +2.9234e+00 -2.5931e+00 +1.0809e+00 -1.5241e+00 -1.2279e+00 +2.9733e+00 -4.5040e-02 -2.3839e+00 +2.0656e+00 -3.6542e-01
44 0 +4.478017164e+05 +4.473319664e+05 +4.473319664e+05 +1.7946e+00 +2.0634e-01 -1.1412e-01 +2.5331e+00 +2.6322e-01 +8.6232e-01 +4.2002e-01 +2.7012e+00 +2.1998e+00 +2.1336e+00
161 0 +1.406992354e+05 +1.402294854e+05 +1.402294854e+05 +1.7933e+00 -2.6953e+00 -1.6668e+00 +2.3649e+00 +1.6643e+00 +2.8502e+00 -1.9644e+00 +1.5911e+00 +1.2705e+00 +1.8658e+00
4606 0 +1.219259136e+05 +1.214561636e+05 +1.214561636e+05 +2.5163e+00 -8.2281e-01 -2.0805e+00 +1.7002e+00 +1.5102e+00 +2.9682e+00 -1.8325e+00 +4.0750e-01 +2.2842e-01 +1.5069e+00
5380 0 +1.008751952e+05 +1.004054452e+05 +1.004054452e+05 +3.2610e-03 -2.6283e+00 -1.2894e+00 +2.1714e+00 +2.3378e+00 +2.8319e+00 -1.2617e+00 +1.4743e+00 +2.9067e-01 +8.2339e-01
9555 0 +8.975416069e+04 +8.928441069e+04 +8.928441069e+04 +1.3097e+00 -2.2833e+00 -3.3448e-01 +7.3944e-01 +2.3212e-01 +2.6407e+00 -1.8535e+00 +8.6245e-01 -1.2737e+00 +1.0773e+00
45815 0 +8.103928162e+04 +8.056953162e+04 +8.056953162e+04 +1.1651e+00 -1.5698e+00 +2.0449e+00 +2.1122e+00 -1.4569e+00 +2.1262e+00 -5.5408e-01 +1.6693e+00 -2.6586e+00 +2.1968e+00
51524 0 +6.124251154e+04 +6.077276154e+04 +6.077276154e+04 +7.8090e-01 -2.9527e+00 -5.9993e-01 +1.4863e+00 +1.0648e+00 +2.2037e+00 -1.5535e+00 -1.7131e+00 +2.4564e+00 +2.5381e+00
77816 0 +1.577907588e+04 +1.530932588e+04 +1.530932588e+04 +1.2417e+00 -2.0135e+00 +8.1880e-01 +9.0657e-01 +8.3834e-01 +2.6038e+00 -4.1119e-01 +1.3064e+00 +1.8866e+00 +2.7289e+00
93532 0 +9.992166155e+03 +9.522416155e+03 +9.522416155e+03 +5.9361e-01 -2.9348e+00 +1.4975e+00 +1.6209e+00 +4.6942e-02 +1.4606e+00 +3.1847e-01 +1.1827e+00 +2.2635e+00 +2.8139e+00
4588956 0 +8.586263573e+03 +8.116513573e+03 +8.116513573e+03 +1.4733e+00 -2.7925e+00 +1.0944e+00 -1.0167e+00 +4.6203e-01 +2.5417e+00 -2.5516e+00 +2.8984e+00 -1.3185e-01 +2.2406e+00
% f evaluations | g evaluations | best noise-free fitness - Fopt (-5.191000000000e+01) + sum g_i+ | measured fitness | best measured fitness or single-digit g-values | x1 | x2...
1 0 +2.668556245e+06 +2.668504335e+06 +2.668504335e+06 +1.3049e+00 +1.0203e+00 +2.9422e+00 +1.2065e+00 -1.3552e+00 -9.9507e-01 -1.4153e+00 +4.9420e-01 -2.4966e-01 -6.9403e-01
4 0 +7.959876483e+05 +7.959357383e+05 +7.959357383e+05 +2.3544e+00 +2.6932e+00 -7.8334e-01 +2.4142e+00 +6.4164e-01 +2.9215e+00 -2.9127e+00 +1.0068e+00 -4.7094e-01 +1.0693e+00
104 0 +7.579178408e+05 +7.578659308e+05 +7.578659308e+05 -9.8408e-02 +2.3715e+00 -1.7556e+00 -3.7352e-01 +2.7059e+00 +2.7448e+00 -2.5284e+00 -1.0473e+00 +1.7797e+00 -2.7561e+00
117 0 +3.140774749e+05 +3.140255649e+05 +3.140255649e+05 +1.6815e+00 +1.7653e+00 +2.0343e+00 +2.2144e+00 +1.3786e+00 -1.0750e+00 -1.7463e+00 -1.8112e+00 -1.3126e+00 -8.9900e-02
381 0 +9.014311214e+04 +9.009120214e+04 +9.009120214e+04 -1.4369e-01 +1.1170e+00 -2.0508e+00 +2.6030e+00 +2.8125e+00 -1.7480e+00 -4.1319e-01 -2.9877e+00 +7.8011e-01 +1.6798e+00
8453 0 +5.662055134e+04 +5.656864134e+04 +5.656864134e+04 -5.4098e-01 +2.7106e+00 -1.1527e+00 +1.6875e+00 +6.3814e-01 -2.6462e-01 -9.5339e-01 -1.7970e+00 +5.3392e-01 +1.7227e+00
16094 0 +4.010480890e+04 +4.005289890e+04 +4.005289890e+04 -1.0190e+00 +6.7619e-01 +1.5909e+00 +1.4325e+00 +1.7755e+00 -2.1348e+00 -1.7929e+00 -2.1496e+00 +9.3326e-01 +2.3811e+00
16672 0 +3.268258929e+04 +3.263067929e+04 +3.263067929e+04 -3.9267e-01 +1.2533e+00 +7.6188e-01 +1.8920e+00 +8.0850e-01 -2.5710e+00 -1.6961e+00 -2.7609e+00 +3.1172e-01 +1.8927e+00
24036 0 +2.067656098e+04 +2.062465098e+04 +2.062465098e+04 -1.4263e-01 +2.7823e+00 -2.9015e+00 +9.9931e-01 +2.8689e+00 +1.0279e+00 -2.7870e-01 -1.7378e-02 +2.6075e+00 +2.6636e+00
262086 0 +1.241998979e+04 +1.236807979e+04 +1.236807979e+04 +3.3538e-01 +1.8985e+00 -1.6114e+00 +1.9060e+00 +2.2737e+00 -3.9616e-01 -1.1712e+00 -2.6514e+00 +3.0160e-01 +2.0520e+00
332919 0 +1.010620626e+04 +1.005429626e+04 +1.005429626e+04 +5.3035e-01 +2.0371e+00 -2.1919e+00 +2.7443e+00 +1.9964e+00 +7.3078e-01 -1.8916e+00 -2.7700e+00 +2.5287e-01 +2.3183e+00
1900295 0 +9.327124755e+03 +9.275214755e+03 +9.275214755e+03 -1.9781e-01 +2.5073e+00 -1.4634e+00 +1.4331e+00 +8.8226e-01 -2.1228e+00 -5.7033e-01 -2.4349e+00 +1.1247e+00 +2.4755e+00
2072913 0 +7.298945511e+03 +7.247035511e+03 +7.247035511e+03 -2.0736e+00 +2.8890e+00 -2.0396e+00 +1.9592e-01 +2.1729e-01 -2.8057e+00 +3.5724e-01 -2.3382e+00 +2.2163e+00 +2.8101e+00
% f evaluations | g evaluations | best noise-free fitness - Fopt (4.808000000000e+01) + sum g_i+ | measured fitness | best measured fitness or single-digit g-values | x1 | x2...
1 0 +3.494441054e+06 +3.494489134e+06 +3.494489134e+06 -7.8863e-01 +1.1575e+00 +9.2891e-01 +2.4038e+00 -2.1038e+00 +3.8267e-01 -5.0707e-01 +1.1847e+00 +3.1657e-01 +1.1841e+00
2 0 +2.981396625e+06 +2.981444705e+06 +2.981444705e+06 -1.5410e+00 +5.2556e-01 -1.8440e+00 -1.8525e+00 +8.6244e-01 +1.4319e+00 +2.2971e-01 -2.6798e+00 -1.9509e+00 +1.8103e+00
3 0 +1.778009234e+06 +1.778057314e+06 +1.778057314e+06 -1.0282e+00 +2.3153e-01 -1.8576e+00 +2.8871e+00 -2.1264e+00 +2.0022e+00 -1.5375e+00 +2.5981e+00 +1.7669e+00 -2.1952e+00
7 0 +1.324627571e+06 +1.324675651e+06 +1.324675651e+06 +2.4262e+00 -2.1590e+00 +8.9547e-01 -9.6371e-01 -2.8708e+00 -4.9489e-02 +1.0327e+00 +3.7535e-01 +4.3123e-01 -1.8083e-01
51 0 +8.861220101e+05 +8.861700901e+05 +8.861700901e+05 +2.4404e+00 -2.9870e-01 -8.8850e-01 +1.1634e+00 +7.7462e-01 +1.9945e+00 -1.9231e+00 -6.0241e-01 -1.6879e+00 +1.7300e+00
198 0 +5.664994212e+05 +5.665475012e+05 +5.665475012e+05 +2.3525e+00 +5.4164e-01 -7.5725e-01 -1.0325e+00 -2.9142e+00 -2.0093e+00 +8.4563e-01 -1.1114e+00 -7.3024e-01 -2.5524e+00
454 0 +5.546188561e+05 +5.546669361e+05 +5.546669361e+05 +2.9514e+00 +1.0888e+00 -2.5962e+00 -2.7974e+00 +1.7655e+00 -6.7688e-01 -4.1210e-01 -7.2327e-01 -2.6431e+00 +2.4521e+00
645 0 +5.238448022e+05 +5.238928822e+05 +5.238928822e+05 +1.9840e+00 -1.1167e+00 -1.9659e+00 +3.5150e-01 -1.7686e+00 +5.3818e-01 -1.8414e-01 +2.6615e+00 -1.8742e+00 -2.5162e+00
723 0 +4.724679395e+05 +4.725160195e+05 +4.725160195e+05 +1.3461e+00 -2.1579e-01 -1.8748e+00 -6.2653e-01 +9.5127e-01 +8.5167e-01 -1.3584e+00 -1.3621e+00 -1.4350e+00 -2.8978e-01
895 0 +3.879530495e+05 +3.880011295e+05 +3.880011295e+05 +2.4303e+00 -6.8392e-01 -1.3930e+00 -1.6342e+00 -1.0066e+00 +3.2104e-01 +1.3960e-01 +2.2893e+00 -1.4138e+00 +2.9985e-02
1314 0 +1.223886510e+05 +1.224367310e+05 +1.224367310e+05 +2.3301e+00 -1.2876e+00 -2.7044e+00 -2.7603e+00 +2.9638e+00 -1.0113e+00 -2.2408e+00 -2.4034e+00 +1.7065e+00 -2.8797e+00
8021 0 +8.126515362e+04 +8.131323362e+04 +8.131323362e+04 +1.8791e+00 -2.1018e+00 -1.9024e+00 -2.7061e+00 +2.3775e+00 +5.8282e-01 -1.5568e+00 +6.3160e-01 -1.9953e+00 -3.7104e-01
20972 0 +6.652940167e+04 +6.657748167e+04 +6.657748167e+04 +1.8159e+00 -2.8267e+00 -6.6070e-01 -2.9656e+00 +2.6206e-01 -2.7238e+00 -1.3026e+00 -1.6222e+00 -1.7405e+00 -2.0915e+00
132890 0 +3.327121920e+04 +3.331929920e+04 +3.331929920e+04 +1.8858e+00 -2.1996e+00 -2.5661e+00 -2.5172e+00 +2.5312e+00 -5.0279e-01 -2.7443e+00 -8.1305e-01 +1.5964e-01 -2.9382e+00
571505 0 +1.813514591e+04 +1.818322591e+04 +1.818322591e+04 +1.7169e+00 -2.2284e+00 -2.8533e+00 -2.3164e+00 +2.0928e+00 -2.6309e+00 -2.5488e+00 +1.8309e+00 -2.0578e+00 -3.5903e-01
834287 0 +1.732900376e+04 +1.737708376e+04 +1.737708376e+04 +1.8680e+00 -2.5451e+00 -2.2590e+00 -2.9445e+00 +2.0821e+00 -2.2420e+00 -2.5212e+00 -1.4969e-01 -1.2998e+00 -1.5528e+00
3012472 0 +1.339511276e+04 +1.344319276e+04 +1.344319276e+04 +1.9127e+00 -2.5507e+00 -2.9698e+00 -2.7044e+00 +2.8196e+00 -1.0909e+00 -2.5106e+00 +1.1712e+00 -2.3666e+00 -1.2273e+00
5839235 0 +1.000820159e+04 +1.005628159e+04 +1.005628159e+04 +1.9339e+00 -2.0182e+00 -2.9497e+00 -2.5095e+00 +1.7938e+00 -2.3455e+00 -1.9818e+00 +1.9032e+00 -2.8021e+00 -6.9129e-01
6110808 0 +8.587699604e+03 +8.635779604e+03 +8.635779604e+03 +1.1731e+00 -2.2899e+00 -2.7493e+00 -2.7971e+00 +1.8753e+00 -5.1180e-01 -2.4104e+00 -2.9427e+00 -2.5101e+00 -2.9486e+00
% f evaluations | g evaluations | best noise-free fitness - Fopt (3.058000000000e+01) + sum g_i+ | measured fitness | best measured fitness or single-digit g-values | x1 | x2...
1 0 +2.145135933e+06 +2.145166513e+06 +2.145166513e+06 -2.6796e-01 +2.6188e+00 -1.3699e+00 -1.9784e+00 +1.5515e+00 -2.2239e+00 -5.7080e-01 +4.3979e-01 -2.1393e+00 +6.2325e-02
6 0 +1.214213395e+06 +1.214243975e+06 +1.214243975e+06 -8.2499e-01 +4.9156e-01 -1.2822e-01 -3.3020e-01 -7.2830e-01 +1.8308e+00 -2.7734e+00 +6.6193e-01 -3.1419e-01 +1.6490e+00
37 0 +9.387251935e+05 +9.387557735e+05 +9.387557735e+05 -2.4773e+00 -2.7732e-01 -1.0961e+00 +2.1010e+00 +7.8122e-01 +2.4233e+00 -1.7229e+00 -5.3019e-01 -2.6535e+00 +1.5070e+00
56 0 +2.787127158e+05 +2.787432958e+05 +2.787432958e+05 -1.7966e+00 +2.5234e+00 +3.6111e-01 -5.8525e-01 +2.3399e+00 -1.9225e+00 -2.0456e+00 -1.3793e+00 -1.4373e+00 +8.4153e-01
117 0 +1.607955025e+05 +1.608260825e+05 +1.608260825e+05 -2.9914e+00 +1.5607e+00 -2.3419e+00 -6.2234e-01 -9.8876e-01 -2.5038e+00 -4.9551e-02 -1.0584e+00 +2.5103e-01 -1.4370e+00
1769 0 +1.307015703e+05 +1.307321503e+05 +1.307321503e+05 -2.2683e+00 +2.7690e+00 -5.3868e-01 +2.9784e+00 +2.9978e+00 -1.0302e+00 -1.9090e+00 -1.4392e+00 -2.4601e+00 +7.4752e-01
2340 0 +1.002829875e+05 +1.003135675e+05 +1.003135675e+05 -2.6230e+00 +1.8000e+00 -6.8631e-01 +2.4596e+00 -2.9452e-01 -2.2987e+00 -2.0397e+00 +2.9131e-01 +2.7255e+00 +2.0824e+00
3264 0 +4.863122581e+04 +4.866180581e+04 +4.866180581e+04 -2.7617e+00 +2.4637e+00 +5.4727e-01 -4.9100e-01 +1.7785e+00 -2.6127e+00 -1.0905e+00 -1.1057e-01 -1.2780e+00 -5.5605e-01
9602 0 +4.465508856e+04 +4.468566856e+04 +4.468566856e+04 -2.0048e+00 +4.8206e-01 -1.6520e+00 -1.0362e+00 +2.5226e+00 +6.5203e-01 -2.9908e+00 -2.8624e-01 -7.6705e-01 +9.5083e-01
20973 0 +3.986438101e+04 +3.989496101e+04 +3.989496101e+04 -2.0135e+00 +1.7733e+00 -2.2076e+00 +1.7305e+00 +8.9991e-01 -1.5766e-01 -2.8550e+00 -1.2785e+00 -6.9510e-02 +1.2008e+00
45935 0 +3.190062279e+04 +3.193120279e+04 +3.193120279e+04 -2.5905e+00 +1.7403e+00 -2.5831e+00 +1.3940e+00 +2.8578e+00 -2.8121e+00 -1.2409e+00 -1.6038e+00 +8.1274e-01 +1.9891e+00
46551 0 +2.026760462e+04 +2.029818462e+04 +2.029818462e+04 -1.1476e+00 +7.3416e-01 -1.4717e+00 -1.7431e-01 +2.6547e+00 -1.7580e+00 -2.4707e+00 -5.5971e-01 -1.7344e+00 +2.2911e+00
92508 0 +1.735756566e+04 +1.738814566e+04 +1.738814566e+04 -1.8795e+00 +2.3529e+00 -2.2200e+00 -1.1236e+00 -5.8208e-01 -3.5522e-01 -2.5225e+00 -1.1373e+00 +9.0945e-01 -8.1595e-01
695251 0 +1.599910007e+04 +1.602968007e+04 +1.602968007e+04 -1.8031e+00 +6.4980e-01 -1.0575e+00 -1.3557e+00 +1.0578e+00 -2.1549e+00 -2.9023e+00 +2.7579e-01 +1.2768e+00 +8.7597e-01
804823 0 +1.095309219e+04 +1.098367219e+04 +1.098367219e+04 -1.9135e+00 +6.5051e-01 -2.1885e+00 +4.6089e-01 +1.4320e+00 -1.7260e+00 -2.7524e+00 -6.1963e-01 +1.2446e+00 +2.1016e+00
2340507 0 +1.041878363e+04 +1.044936363e+04 +1.044936363e+04 -1.8084e+00 -9.2976e-02 -2.9583e+00 +2.9343e+00 +5.1838e-01 -1.2171e+00 -2.9858e+00 -2.9765e-01 -8.6155e-01 +2.4918e+00
3306693 0 +9.474078974e+03 +9.504658974e+03 +9.504658974e+03 -9.5338e-01 +8.3642e-01 -2.8091e+00 -6.7681e-01 +4.5694e-01 -1.4323e+00 -2.7302e+00 -7.8081e-01 -7.2802e-02 +1.3815e+00
9584070 0 +9.037086962e+03 +9.067666962e+03 +9.067666962e+03 -2.1893e+00 +1.7391e+00 -2.5013e+00 +6.2454e-01 +2.2172e+00 -4.9535e-01 -1.9769e+00 -1.4945e+00 -5.5478e-01 +1.3067e+00
% f evaluations | g evaluations | best noise-free fitness - Fopt (1.000000000000e+03) + sum g_i+ | measured fitness | best measured fitness or single-digit g-values | x1 | x2...
1 0 +3.473553873e+06 +3.474553873e+06 +3.474553873e+06 +1.5899e+00 +2.8904e+00 -1.0259e+00 +1.5349e+00 +1.0412e-01 +2.0195e+00 +6.2312e-01 -9.9310e-01 +2.8548e+00 +2.5149e+00
16 0 +9.021411268e+05 +9.031411268e+05 +9.031411268e+05 -1.7491e-01 -2.6347e+00 +2.8703e+00 -1.2259e+00 -2.9514e+00 -2.3076e+00 +1.7831e+00 -2.7274e+00 +2.2054e+00 -4.2930e-01
21 0 +7.238750184e+05 +7.248750184e+05 +7.248750184e+05 +2.2670e+00 +1.9544e+00 +2.2330e+00 +1.3947e+00 -2.6561e+00 -1.5997e+00 +5.2783e-01 -2.0122e+00 +2.1952e+00 +2.5592e+00
208 0 +4.178619064e+05 +4.188619064e+05 +4.188619064e+05 -8.7959e-01 -1.1506e+00 +1.3204e+00 -2.3557e+00 +1.8789e+00 -8.5878e-01 -1.4926e+00 -2.9532e+00 +1.7937e+00 +2.3967e+00
469 0 +3.505899387e+05 +3.515899387e+05 +3.515899387e+05 -1.2009e+00 -1.7057e+00 +1.1592e-01 -2.4759e+00 +5.5303e-01 -2.8267e+00 +1.1126e-01 +3.4645e-01 -3.5861e-01 +2.0043e+00
1133 0 +1.841944027e+05 +1.851944027e+05 +1.851944027e+05 -1.1343e+00 +1.3765e+00 +8.6833e-02 +1.4446e+00 -2.9798e+00 +3.2019e-01 +5.9918e-01 -2.5694e+00 +1.9504e+00 +2.8719e+00
1802 0 +6.316785101e+04 +6.416785101e+04 +6.416785101e+04 -2.2573e+00 -9.2098e-01 -1.7414e+00 -1.7657e+00 -7.6225e-01 -7.4015e-01 -4.0729e-01 -1.8261e+00 +1.5484e+00 +2.8772e+00
10029 0 +4.361600238e+04 +4.461600238e+04 +4.461600238e+04 -1.8382e+00 +1.7180e+00 +1.1058e-02 +1.7042e+00 -2.2212e+00 -1.6091e+00 -3.5943e-02 -2.8338e+00 +2.1685e+00 +2.5742e+00
15619 0 +1.144244861e+04 +1.244244861e+04 +1.244244861e+04 -1.2162e+00 +1.1414e+00 +3.8603e-01 -1.9457e+00 -2.7301e+00 -2.1367e+00 +1.4548e+00 -2.8766e+00 +2.3805e+00 +1.3554e+00
% f evaluations | g evaluations | best noise-free fitness - Fopt (-4.236000000000e+01) + sum g_i+ | measured fitness | best measured fitness or single-digit g-values | x1 | x2...
1 0 +1.376454235e+06 +1.376411875e+06 +1.376411875e+06 +4.2328e-01 -2.7321e+00 +2.3364e+00 +2.7545e+00 +1.7357e+00 +2.5081e-02 +9.7910e-01 +2.8602e+00 -2.6420e+00 +2.5111e+00
19 0 +1.300105608e+06 +1.300063248e+06 +1.300063248e+06 +1.3459e+00 +2.4444e+00 +1.7513e+00 -5.8658e-01 +1.6346e+00 -2.5506e+00 +1.3671e+00 +1.8653e+00 +2.7660e+00 -9.8072e-01
29 0 +9.440901406e+05 +9.440477806e+05 +9.440477806e+05 -6.7328e-01 -1.5176e+00 +2.7092e-01 -1.8284e+00 -1.2198e+00 +1.1112e+00 +3.2427e-01 -2.7514e+00 +1.9669e+00 +2.5553e+00
38 0 +2.037737750e+05 +2.037314150e+05 +2.037314150e+05 -1.7851e+00 +7.2637e-01 +2.2554e+00 -2.1993e+00 -4.9199e-02 -8.7978e-01 +2.8615e-01 +2.2825e+00 -2.2738e+00 +1.0444e+00
144 0 +1.725233060e+05 +1.724809460e+05 +1.724809460e+05 -1.2052e+00 +1.4430e+00 +2.4241e+00 -4.8482e-01 +6.0712e-01 +9.9393e-01 +2.6288e+00 -7.2373e-01 +1.8281e+00 -2.1404e+00
245 0 +1.690710346e+05 +1.690286746e+05 +1.690286746e+05 +1.8399e+00 -7.4466e-01 +1.3967e+00 +7.7690e-01 +1.5282e+00 +2.9133e+00 +2.0892e+00 -2.3233e+00 +2.7206e-01 +1.3185e+00
1052 0 +1.435565660e+05 +1.435142060e+05 +1.435142060e+05 -2.1186e+00 -2.4096e-01 +1.7496e+00 -2.7732e+00 +2.9031e+00 +6.4579e-02 +4.5423e-01 -5.7071e-01 +2.5767e+00 -1.4422e+00
1808 0 +1.008810510e+05 +1.008386910e+05 +1.008386910e+05 -1.6287e+00 +2.0607e-01 +2.6248e-01 -2.9013e+00 +2.4519e+00 -2.2352e+00 +1.0449e+00 -6.1558e-01 -4.2865e-01 +1.6606e+00
2702 0 +9.671177301e+04 +9.666941301e+04 +9.666941301e+04 -2.8042e+00 -9.3864e-01 +2.6745e+00 -2.8303e+00 -7.3753e-01 -1.2737e+00 +2.3797e+00 -2.4332e+00 +2.5871e+00 -5.9894e-01
3042 0 +5.961340687e+04 +5.957104687e+04 +5.957104687e+04 +1.3826e+00 -8.3456e-02 +2.3985e+00 -1.2315e+00 -1.2814e+00 +1.8618e+00 +2.2117e+00 -1.9851e+00 -7.3637e-01 +1.9078e+00
4951 0 +2.657920479e+04 +2.653684479e+04 +2.653684479e+04 -1.1863e+00 +4.3253e-01 +1.9540e+00 -2.4514e+00 +1.0643e+00 +1.9416e+00 +1.8098e+00 -1.9486e+00 +5.9159e-01 -5.0451e-01
8048 0 +2.241444140e+04 +2.237208140e+04 +2.237208140e+04 +6.8836e-01 -7.1523e-01 +2.8356e+00 -2.3161e+00 -7.3098e-01 +2.9264e-01 +2.1380e+00 -1.8695e+00 +3.3506e-01 +1.2562e+00
24217 0 +1.913869013e+04 +1.909633013e+04 +1.909633013e+04 +1.8119e+00 +4.7194e-01 +2.2142e+00 -7.2103e-01 -1.7373e+00 +2.0707e+00 +2.9109e+00 -2.8829e+00 -2.6264e+00 +2.9665e+00
109726 0 +1.213347658e+04 +1.209111658e+04 +1.209111658e+04 +4.0966e-01 +1.5667e+00 +6.3603e-01 -2.3505e+00 -7.3498e-01 +5.9092e-01 +2.6051e+00 -2.3377e+00 -2.2286e+00 +1.9515e+00
436841 0 +9.384602863e+03 +9.342242863e+03 +9.342242863e+03 +4.3440e-02 -8.1312e-01 +4.2165e-01 -2.4278e+00 +4.6083e-01 +5.8034e-01 +1.7284e+00 -2.6727e+00 -8.6085e-02 +1.8880e+00
1109750 0 +8.135708753e+03 +8.093348753e+03 +8.093348753e+03 -3.5689e-01 +1.7223e+00 +1.8556e+00 -2.0804e+00 -1.5460e+00 +1.9268e+00 +2.6968e+00 -2.0624e+00 -7.1294e-01 +1.2002e-01
2069060 0 +5.982665227e+03 +5.940305227e+03 +5.940305227e+03 +1.3398e+00 -1.8331e+00 +2.1246e+00 -1.3711e+00 +1.4145e+00 -1.6233e+00 +2.7181e+00 -2.9479e+00 +1.2414e+00 +1.8239e+00
8158746 0 +5.228429125e+03 +5.186069125e+03 +5.186069125e+03 +1.4988e+00 +1.1564e+00 +2.8723e+00 -4.6511e-01 -6.3142e-01 +2.5011e+00 +2.9754e+00 -2.6687e+00 -1.1179e+00 +9.7197e-01
% f evaluations | g evaluations | best noise-free fitness - Fopt (-7.187000000000e+01) + sum g_i+ | measured fitness | best measured fitness or single-digit g-values | x1 | x2...
1 0 +1.234812461e+07 +1.234805274e+07 +1.234805274e+07 -7.0480e-01 -2.1188e+00 +1.9459e+00 +2.4573e+00 +7.8151e-01 +2.3501e+00 +4.2835e-01 +1.8075e+00 -2.0430e+00 +1.0618e+00
2 0 +1.174246186e+07 +1.174238999e+07 +1.174238999e+07 -1.5101e-01 +2.3766e+00 +1.7785e+00 -2.6595e+00 -8.1514e-01 +3.5315e-01 +4.5160e-01 -7.8760e-02 +2.8981e+00 +6.5524e-01
4 0 +1.131652291e+07 +1.131645104e+07 +1.131645104e+07 +2.7847e+00 +2.7545e+00 +2.1730e+00 -7.3087e-01 +2.1287e-01 +1.1149e+00 +1.6814e+00 -7.0672e-01 +1.3121e+00 -2.2689e+00
7 0 +9.672387462e+06 +9.672315592e+06 +9.672315592e+06 +1.5359e+00 +2.0611e+00 -4.2455e-01 -2.9858e+00 -1.7695e+00 +1.8190e+00 +1.2269e+00 +2.4589e+00 -2.1476e+00 +1.0722e+00
9 0 +7.387019343e+06 +7.386947473e+06 +7.386947473e+06 -4.1265e-01 +1.2612e+00 +2.0650e+00 -2.0054e+00 -1.5305e+00 -7.2025e-01 -3.0259e-01 +1.0172e+00 +2.7763e+00 -1.4312e+00
73 0 +2.968587254e+06 +2.968515384e+06 +2.968515384e+06 +5.7344e-01 +1.9933e+00 +1.9145e+00 +2.0228e+00 +2.0876e-01 +9.4915e-01 -2.7457e+00 +2.5719e+00 -2.6299e+00 +2.8799e-01
91 0 +2.855225103e+06 +2.855153233e+06 +2.855153233e+06 -1.0234e+00 +1.4445e+00 +1.5262e+00 +9.2486e-01 +2.8168e-01 +2.7593e+00 -1.3631e+00 +1.2467e-01 -2.7816e+00 -2.0100e+00
193 0 +1.838130949e+06 +1.838059079e+06 +1.838059079e+06 -1.4726e+00 +1.1181e+00 -1.0457e+00 +2.3902e+00 -2.6394e+00 +2.7676e+00 -1.8662e+00 +1.5235e+00 -1.4760e+00 -2.4494e+00
601 0 +5.307510756e+05 +5.306792056e+05 +5.306792056e+05 -2.6338e+00 +2.4444e+00 +1.3863e+00 +2.7395e+00 -2.2741e+00 +1.2191e+00 -1.7383e+00 -4.1087e-01 -1.2260e+00 -2.7568e+00
647 0 +1.043515374e+05 +1.042796674e+05 +1.042796674e+05 -2.2933e+00 +1.1831e+00 +2.7086e+00 +8.0113e-01 -2.6396e+00 -1.2412e+00 -2.5987e+00 +2.3830e+00 -1.6677e+00 -2.8137e+00
1100 0 +8.800875209e+04 +8.793688209e+04 +8.793688209e+04 -2.7773e+00 +2.8471e+00 +5.6640e-01 +1.4026e+00 -2.5057e+00 -5.2993e-01 -6.1235e-01 +2.3913e+00 -2.1844e+00 -2.9493e+00
18214 0 +7.222909492e+04 +7.215722492e+04 +7.215722492e+04 -2.8949e+00 +1.9307e+00 +2.6860e+00 -7.6105e-01 -2.8696e+00 -2.8030e-01 +2.2793e-01 +2.8123e+00 -1.8704e+00 -1.6562e-01
65390 0 +4.500709440e+04 +4.493522440e+04 +4.493522440e+04 -2.5919e+00 +1.8352e+00 +2.2641e+00 -1.4001e+00 -1.5716e+00 +6.4984e-02 -8.1308e-01 +2.9907e+00 -7.8808e-01 -2.2921e+00
165367 0 +4.066968070e+04 +4.059781070e+04 +4.059781070e+04 -2.8274e+00 +2.9134e+00 +2.9520e+00 -9.2035e-01 -1.7981e+00 +1.0028e+00 -1.3099e+00 +3.9469e-01 -1.9887e+00 -1.7298e+00
189671 0 +1.356173230e+04 +1.348986230e+04 +1.348986230e+04 -2.8132e+00 +2.9890e+00 +2.7208e+00 -2.3237e+00 -1.0094e+00 +1.0214e+00 -1.1199e-01 +1.7678e+00 -2.1587e+00 -1.6389e+00
% f evaluations | g evaluations | best noise-free fitness - Fopt (-1.650000000000e+01) + sum g_i+ | measured fitness | best measured fitness or single-digit g-values | x1 | x2...
1 0 +7.966938459e+06 +7.966921959e+06 +7.966921959e+06 -1.2325e+00 +2.5258e+00 +1.0856e+00 -1.1475e-02 -1.3229e-01 +2.2055e+00 -2.2834e+00 -1.8976e+00 -2.6925e+00 +6.6020e-01
8 0 +3.920408191e+06 +3.920391691e+06 +3.920391691e+06 +2.3185e+00 -1.3473e+00 -2.7862e+00 -2.7703e+00 +6.0783e-01 -1.1797e+00 +4.1604e-01 -1.2342e+00 +1.2536e+00 +8.9035e-01
11 0 +2.734384229e+06 +2.734367729e+06 +2.734367729e+06 +1.5337e+00 +1.6945e+00 +5.2496e-02 -2.7196e+00 +2.0086e+00 +1.2909e+00 -2.4013e-01 -1.1732e+00 +1.7926e+00 +2.2172e+00
16 0 +7.460388269e+05 +7.460223269e+05 +7.460223269e+05 +2.2426e+00 +1.6833e+00 -2.8682e+00 -2.8895e+00 -1.1580e+00 -2.1191e+00 -7.2079e-01 -7.3308e-01 -4.5805e-01 +1.3318e-01
626 0 +4.620028152e+05 +4.619863152e+05 +4.619863152e+05 +2.7348e+00 +1.8900e+00 +1.7022e+00 -1.4772e+00 +2.1505e+00 -2.5360e+00 +2.6458e+00 -2.2160e+00 -4.4537e-02 +3.2177e-02
2763 0 +3.921600035e+05 +3.921435035e+05 +3.921435035e+05 +1.9168e+00 +2.5608e+00 +5.4518e-01 -2.2205e+00 -1.7200e+00 -2.6390e+00 +2.7129e+00 -2.5538e+00 -2.7531e+00 -1.4702e+00
3339 0 +3.722307554e+05 +3.722142554e+05 +3.722142554e+05 -4.4767e-01 +2.5418e+00 +1.6579e+00 -2.4289e+00 -2.7317e+00 -2.9103e+00 -1.7817e+00 +1.1699e-01 -2.3925e+00 -7.7363e-01
6097 0 +3.019192386e+05 +3.019027386e+05 +3.019027386e+05 +8.8885e-01 +2.0026e+00 +2.2798e+00 -2.8933e+00 -2.3547e+00 -2.1272e+00 -9.3040e-01 +2.3089e+00 -2.8638e+00 -1.1025e+00
6710 0 +2.618127451e+05 +2.617962451e+05 +2.617962451e+05 +1.6743e+00 +1.7613e+00 +2.4696e+00 -2.9951e+00 -1.2651e+00 -2.7651e+00 +8.5541e-01 -1.5262e-01 -1.3441e+00 -2.4551e+00
7120 0 +2.441568738e+05 +2.441403738e+05 +2.441403738e+05 +2.6385e+00 +1.6700e+00 +2.5618e+00 -2.2879e+00 +1.4280e+00 -2.5697e+00 +7.2159e-01 -4.9482e-02 -2.8141e-01 -9.6527e-02
27419 0 +2.336344411e+05 +2.336179411e+05 +2.336179411e+05 +2.7436e+00 +2.2000e+00 +1.1227e+00 -2.9315e+00 +1.8714e+00 -2.1849e+00 +6.7166e-01 +1.6307e+00 +3.0528e-01 -1.4411e+00
27464 0 +1.144524411e+05 +1.144359411e+05 +1.144359411e+05 +2.2455e+00 +2.9070e+00 +3.8993e-01 -2.6400e+00 +5.0842e-01 -1.8501e+00 +4.0111e-01 +2.4039e+00 -6.7804e-01 +6.3079e-01
451383 0 +8.278424827e+04 +8.276774827e+04 +8.276774827e+04 +1.7263e+00 +2.5988e+00 +9.0134e-01 -2.4111e+00 -1.6034e+00 -2.9482e+00 -1.4456e+00 +1.4232e+00 -2.6166e+00 -5.1884e-01
514423 0 +7.378174757e+04 +7.376524757e+04 +7.376524757e+04 +2.7019e+00 +2.5279e+00 +2.2429e+00 -2.1568e+00 +1.0045e+00 -2.5685e+00 +4.7144e-01 +1.8317e+00 -1.2826e+00 -1.0073e+00
585312 0 +5.194881401e+04 +5.193231401e+04 +5.193231401e+04 +1.8013e+00 +2.5698e+00 +2.7982e+00 -2.1297e+00 +5.6677e-02 -2.6667e+00 -1.0513e+00 +2.7340e+00 -2.3660e+00 -4.7846e-01
1102548 0 +4.931845769e+04 +4.930195769e+04 +4.930195769e+04 +2.3145e+00 +2.5870e+00 +2.8702e+00 -2.3030e+00 -7.9459e-01 -2.7797e+00 -2.1435e+00 +1.6074e+00 -2.8242e+00 +1.7829e-01
2486556 0 +1.874613740e+04 +1.872963740e+04 +1.872963740e+04 +2.6155e+00 +2.7088e+00 +7.2488e-01 -2.9688e+00 -8.7370e-01 -2.4535e+00 +2.1921e+00 +1.4807e+00 -2.0957e+00 -2.5190e+00
% f evaluations | g evaluations | best noise-free fitness - Fopt (1.000000000000e+03) + sum g_i+ | measured fitness | best measured fitness or single-digit g-values | x1 | x2...
1 0 +1.865111217e+07 +1.865211217e+07 +1.865211217e+07 -1.6344e+00 -5.2293e-01 +1.4260e+00 -8.5965e-02 +7.9116e-01 -1.0155e+00 -6.1453e-01 +1.9242e+00 -1.3758e+00 +1.2193e+00
2 0 +4.256438458e+06 +4.257438458e+06 +4.257438458e+06 -1.5089e+00 +2.6277e+00 +8.2333e-01 -2.6171e+00 -1.1259e+00 +1.0056e+00 -2.4617e+00 -1.8112e-03 +2.4458e+00 -1.7622e+00
5 0 +2.981633312e+06 +2.982633312e+06 +2.982633312e+06 -1.6152e+00 -7.3412e-01 +1.1137e+00 +3.1983e-01 -1.9520e+00 -1.6105e+00 +3.9041e-01 -1.5115e+00 +8.7512e-01 -9.1554e-01
8 0 +1.938982990e+06 +1.939982990e+06 +1.939982990e+06 +2.7482e+00 -1.2567e+00 -2.5075e+00 +1.2698e+00 +2.4665e+00 +1.1241e+00 -2.1239e+00 -1.8563e+00 -2.1006e+00 -1.1935e+00
14 0 +1.611557359e+06 +1.612557359e+06 +1.612557359e+06 -2.7479e+00 +7.0880e-01 -6.5188e-01 -2.5345e+00 -1.9134e-01 +1.2213e+00 -1.8624e-01 -2.1241e+00 +2.7499e+00 +1.8250e+00
15 0 +1.142021335e+06 +1.143021335e+06 +1.143021335e+06 -1.8632e+00 -9.1065e-01 -1.2498e+00 -2.4634e+00 -1.6599e+00 +2.6018e+00 +1.8428e+00 -1.3640e+00 +2.6029e+00 -2.0683e-01
22 0 +4.555682227e+05 +4.565682227e+05 +4.565682227e+05 +2.2808e+00 +1.3524e+00 -1.4566e+00 +1.3120e+00 +2.5549e+00 -4.8732e-01 +1.5314e+00 -2.2653e+00 -6.7681e-01 -3.8626e-01
43 0 +4.172925468e+05 +4.182925468e+05 +4.182925468e+05 -2.4015e+00 +1.5245e-01 -2.9306e+00 +4.5159e-01 +8.6485e-01 +5.2207e-02 +5.9096e-01 +7.7453e-01 -1.0842e+00 -1.1551e+00
53 0 +1.820413916e+05 +1.830413916e+05 +1.830413916e+05 +2.9471e+00 +2.8557e+00 -2.8245e+00 +3.6506e-01 +1.8856e+00 +2.1172e+00 +1.9604e+00 +7.5506e-01 +2.1096e+00 -2.3534e+00
2129 0 +1.217162799e+05 +1.227162799e+05 +1.227162799e+05 -5.9643e-02 +1.5795e+00 -1.7013e+00 +1.2154e-01 +1.7559e+00 +5.5705e-01 +2.7056e+00 +9.2785e-01 -4.1825e-01 -2.7970e+00
2720 0 +1.114679476e+05 +1.124679476e+05 +1.124679476e+05 -2.3408e+00 +2.9405e+00 -2.2267e+00 +2.6084e+00 -3.3394e-01 +2.7684e+00 +2.6527e+00 -2.3064e+00 +2.9624e+00 +2.7915e+00
11715 0 +6.485512835e+04 +6.585512835e+04 +6.585512835e+04 +2.1599e+00 +1.2310e-01 -1.7692e+00 +1.1847e+00 +2.4044e+00 -2.3960e-02 +2.4103e+00 +4.1911e-01 -6.2634e-02 -2.9080e+00
35917 0 +2.963307807e+04 +3.063307807e+04 +3.063307807e+04 +3.0055e-01 -2.4145e+00 -2.6557e+00 -2.7862e+00 +2.6414e+00 +2.4135e+00 +2.6952e+00 +1.2587e+00 +4.0123e-01 -2.8854e+00
550427 0 +2.658315373e+04 +2.758315373e+04 +2.758315373e+04 +1.0401e+00 -2.4580e+00 -2.4532e+00 +7.2152e-01 +2.1296e+00 +2.8386e+00 +2.7960e+00 -1.1733e-01 +1.0226e+00 -1.7194e+00
972750 0 +2.126513555e+04 +2.226513555e+04 +2.226513555e+04 +1.7755e-01 -2.5011e+00 -2.9707e+00 -6.9954e-01 +9.5383e-01 +2.2663e+00 +2.2984e+00 +1.1804e+00 +1.6146e+00 -2.9415e+00
1977726 0 +1.534368144e+04 +1.634368144e+04 +1.634368144e+04 +1.4069e-01 -1.1300e+00 -2.8874e+00 +7.1487e-01 +1.6132e+00 +2.2616e+00 +2.6664e+00 -5.8241e-01 +9.9634e-01 -7.7868e-01
8705411 0 +1.003352706e+04 +1.103352706e+04 +1.103352706e+04 -5.7894e-01 -1.1108e+00 -2.6817e+00 -9.3879e-01 +9.1217e-01 +1.4495e+00 +2.6522e+00 +9.4484e-01 +1.8926e+00 -1.8461e+00
9681569 0 +9.617330140e+03 +1.061733014e+04 +1.061733014e+04 +8.9057e-01 -2.5558e+00 -2.9759e+00 +1.7825e+00 +1.3358e+00 +1.6445e+00 +1.9842e+00 +5.3624e-01 +1.1009e+00 -2.5999e+00
% f evaluations | g evaluations | best noise-free fitness - Fopt (-1.000000000000e+03) + sum g_i+ | measured fitness | best measured fitness or single-digit g-values | x1 | x2...
1 0 +2.828587847e+05 +2.818587847e+05 +2.818587847e+05 -4.3460e-01 -1.4332e+00 +2.3081e+00 +1.2314e+00 +2.1827e+00 -2.6889e+00 -2.6000e+00 -2.8577e+00 +6.8812e-02 +3.2409e-01
125 0 +2.726584420e+05 +2.716584420e+05 +2.716584420e+05 +2.0874e+00 -1.1066e+00 -5.0837e-01 -2.6917e-01 +1.8111e+00 -2.8153e+00 +7.3942e-01 +8.5999e-01 -1.8701e+00 +3.6462e-01
129 0 +2.069443491e+05 +2.059443491e+05 +2.059443491e+05 +3.4850e-01 -2.1096e+00 +2.8989e+00 +1.9886e-01 +2.0639e+00 -2.1815e+00 -9.8775e-01 -1.6173e+00 +4.6908e-01 -1.3250e+00
138 0 +1.448989123e+05 +1.438989123e+05 +1.438989123e+05 -1.8733e+00 -6.5753e-02 -2.2211e-02 +6.0216e-01 -7.2043e-01 -2.1310e+00 -1.3694e+00 +2.5072e+00 +1.6289e+00 +1.6169e+00
310 0 +1.355573741e+05 +1.345573741e+05 +1.345573741e+05 +2.8187e-01 -9.6092e-01 +2.8033e+00 -1.8236e+00 -1.9793e+00 -2.5583e+00 -6.2048e-01 -9.8906e-01 +1.4220e+00 +2.5473e+00
1501 0 +1.266854043e+05 +1.256854043e+05 +1.256854043e+05 +9.3373e-01 -2.3410e+00 +5.5875e-01 -8.5164e-01 +5.1968e-02 -2.4328e+00 -1.0243e+00 -2.1003e+00 +9.7439e-01 -1.5549e-01
1622 0 +1.129351884e+05 +1.119351884e+05 +1.119351884e+05 -2.1793e+00 -1.8879e+00 -1.3303e+00 +3.0144e-01 +1.5180e+00 -1.5341e+00 -1.5146e+00 +2.0092e+00 -6.5731e-02 -8.9308e-01
4376 0 +1.020216204e+05 +1.010216204e+05 +1.010216204e+05 +7.2454e-01 -2.4771e+00 -1.5718e-01 -2.1987e+00 +1.3886e-01 -2.8295e+00 -1.8398e+00 -1.7018e-01 +1.3853e+00 +2.4549e+00
4708 0 +3.774755169e+04 +3.674755169e+04 +3.674755169e+04 +1.8286e+00 +1.1444e+00 +2.6473e+00 +5.6275e-01 +1.9138e+00 -1.8395e+00 -1.4529e+00 -1.6379e-01 +8.7319e-02 +2.9215e+00
9201 0 +2.091169583e+04 +1.991169583e+04 +1.991169583e+04 +2.5615e+00 -2.6299e+00 +6.7809e-01 -1.2324e+00 +2.2263e+00 -1.9142e+00 +3.9870e-01 +1.8352e+00 -2.0893e+00 +1.2741e+00
94690 0 +8.496622301e+03 +7.496622301e+03 +7.496622301e+03 +1.7586e+00 +3.3324e-01 -8.5736e-01 +3.0331e-01 +2.9783e+00 -2.8351e+00 -2.6930e+00 +5.7845e-01 +6.8851e-01 +2.2919e+00
1912576 0 +7.823188605e+03 +6.823188605e+03 +6.823188605e+03 +7.7975e-01 -2.9425e+00 +1.7155e+00 -7.5181e-01 +6.0453e-01 -1.8838e+00 -1.4573e+00 -2.2092e+00 +3.9853e-01 +1.1640e+00
5720068 0 +7.414453242e+03 +6.414453242e+03 +6.414453242e+03 +2.9326e+00 -2.2663e+00 +1.1627e+00 -7.1673e-01 +8.6111e-01 -2.3695e+00 -3.6811e-01 -3.1433e-01 -4.4061e-01 +1.9033e+00
6369239 0 +6.766105620e+03 +5.766105620e+03 +5.766105620e+03 +1.0539e+00 -2.9911e+00 +8.2993e-01 -2.0882e+00 +5.5618e-01 -2.5901e+00 +5.9055e-01 +2.7645e-01 -8.3148e-01 +5.7411e-01
9399261 0 +4.945100272e+03 +3.945100272e+03 +3.945100272e+03 +2.1299e+00 -1.6024e-01 +2.0487e+00 -2.4297e-01 +5.9272e-01 -2.5570e+00 -1.2052e+00 -9.5886e-01 +8.0768e-01 +2.6153e+00
% f evaluations | g evaluations | best noise-free fitness - Fopt (-1.527400000000e+02) + sum g_i+ | measured fitness | best measured fitness or single-digit g-values | x1 | x2...
1 0 +3.358055665e+06 +3.357902925e+06 +3.357902925e+06 -5.7721e-01 +2.8957e+00 +1.9949e+00 +2.5159e-01 -2.5559e+00 -2.9567e+00 +1.7688e+00 -9.3085e-01 +1.1550e+00 -3.1226e-01
4 0 +2.818141163e+06 +2.817988423e+06 +2.817988423e+06 -3.1554e-01 +2.3983e+00 -1.1795e+00 -1.7585e+00 +2.7398e+00 +8.1604e-01 -1.0948e+00 +2.2096e+00 +2.1547e+00 -2.7489e+00
17 0 +1.969912983e+06 +1.969760243e+06 +1.969760243e+06 +2.1559e+00 -2.3082e+00 +1.3811e+00 -2.3382e+00 +7.2402e-02 +2.3010e+00 +2.6561e+00 +1.3433e+00 -1.4559e+00 +2.9861e+00
23 0 +1.774987553e+06 +1.774834813e+06 +1.774834813e+06 +1.5565e+00 +1.6927e-01 -1.5655e+00 +2.9389e-01 -2.5437e+00 -2.4774e+00 +1.5925e-01 -3.2950e-01 +2.4883e+00 -2.7524e+00
40 0 +9.644736331e+05 +9.643208931e+05 +9.643208931e+05 +2.8007e+00 -1.9280e+00 +9.1505e-01 -8.4410e-01 -1.7015e+00 -8.9254e-01 +9.5566e-01 +1.8796e+00 +1.1110e+00 -2.6750e+00
42 0 +6.201359462e+05 +6.199832062e+05 +6.199832062e+05 -1.2396e+00 +2.2799e+00 +2.0897e+00 -1.8695e+00 -1.2271e+00 -1.7774e-02 +2.5097e+00 +4.9857e-02 -5.4311e-01 -1.4256e+00
69 0 +5.226745408e+05 +5.225218008e+05 +5.225218008e+05 -1.9482e-01 +2.1574e+00 -3.8981e-01 +1.6018e+00 +6.4852e-02 -2.3635e+00 +2.8651e-01 +1.2417e+00 +7.1983e-01 -2.1768e+00
130 0 +4.942624263e+05 +4.941096863e+05 +4.941096863e+05 -2.5864e+00 +1.0305e+00 +4.6900e-01 +7.2564e-01 -2.3571e+00 -1.5671e+00 +6.3878e-01 +2.6450e+00 +1.5062e+00 -1.0628e+00
169 0 +4.223539360e+05 +4.222011960e+05 +4.222011960e+05 -1.1038e+00 +5.9660e-01 -1.7930e+00 -1.9566e+00 -1.1958e-01 -1.6567e+00 +2.3639e+00 +9.6250e-01 -2.0294e+00 +6.9229e-01
214 0 +3.886857046e+05 +3.885329646e+05 +3.885329646e+05 -2.1990e+00 +2.4596e+00 -1.0702e+00 +1.4811e+00 +3.5339e-01 -7.9584e-02 +2.7225e+00 +2.6872e+00 -3.4573e-01 +2.9794e+00
608 0 +3.605660913e+05 +3.604133513e+05 +3.604133513e+05 -2.7722e+00 +1.2168e+00 -4.7891e-01 -1.9763e+00 -6.5500e-01 -2.3350e+00 +2.7722e+00 -6.9194e-01 -1.2954e+00 -2.0647e+00
712 0 +3.005122066e+05 +3.003594666e+05 +3.003594666e+05 -1.9116e+00 +4.2011e-01 -2.2127e+00 -2.1530e+00 +9.6397e-01 -2.0467e-01 +5.6424e-01 +2.7055e+00 +7.9440e-01 -1.6971e+00
2110 0 +2.912930116e+05 +2.911402716e+05 +2.911402716e+05 -2.8095e+00 +9.3795e-01 +8.2258e-01 -2.8731e+00 -2.2819e+00 +1.6281e+00 +1.3053e+00 +2.9984e+00 +2.8889e+00 -2.8535e+00
3391 0 +1.381779162e+05 +1.380251762e+05 +1.380251762e+05 -2.3368e+00 +1.0405e-02 -2.6921e+00 -2.0376e+00 -2.1478e+00 -2.9499e+00 +6.5826e-01 +2.6036e+00 +4.9283e-01 -5.3954e-01
4634 0 +1.096005445e+05 +1.094478045e+05 +1.094478045e+05 -1.9649e+00 +7.4985e-01 -1.7562e+00 +1.3847e-01 -1.3314e+00 -2.2161e+00 +2.3114e+00 +2.8199e+00 +7.0567e-01 +1.0680e+00
23798 0 +1.011762534e+05 +1.010235134e+05 +1.010235134e+05 -2.7497e+00 +1.9273e+00 -1.1422e+00 -1.8911e+00 -1.3776e+00 -9.7879e-01 +2.9630e+00 +1.9718e+00 -9.7212e-02 +1.0455e-01
116649 0 +9.958418391e+04 +9.943144391e+04 +9.943144391e+04 -2.8703e+00 +1.6145e+00 -2.7503e+00 -2.9046e+00 -1.7276e+00 -2.5487e+00 +1.5261e+00 +2.2181e+00 +5.0585e-01 -1.9640e+00
224028 0 +8.821084533e+04 +8.805810533e+04 +8.805810533e+04 -1.9110e+00 +2.3998e+00 -2.2938e+00 +2.4135e-01 -1.2727e+00 -1.7140e+00 +2.5749e+00 +2.8207e+00 +7.6569e-01 +1.6121e+00
275008 0 +8.211917304e+04 +8.196643304e+04 +8.196643304e+04 -2.7582e+00 -5.4961e-01 +8.1654e-01 -2.3171e+00 -1.9116e+00 -2.6378e+00 +2.8320e+00 +2.0216e+00 -2.4089e+00 +5.5946e-01
395889 0 +7.154642131e+04 +7.139368131e+04 +7.139368131e+04 -1.6362e+00 +7.5820e-01 -1.4728e+00 -1.9302e+00 -1.5993e+00 -2.3715e+00 +2.2303e+00 +2.5751e+00 -9.3834e-01 +6.2670e-01
693555 0 +5.160942775e+04 +5.145668775e+04 +5.145668775e+04 -2.3447e+00 +1.5644e+00 -5.4601e-01 -2.5759e+00 -2.7634e+00 -2.1575e+00 +1.8561e+00 +2.8149e+00 -3.4466e-01 +1.7711e-01
908703 0 +4.366579357e+04 +4.351305357e+04 +4.351305357e+04 -2.6791e+00 +2.2014e+00 +3.7670e-01 -2.6847e+00 -2.9098e+00 -2.6446e+00 +2.4193e+00 +2.9450e+00 -1.7336e+00 +5.5987e-01
1772227 0 +3.932537903e+04 +3.917263903e+04 +3.917263903e+04 -8.2532e-01 +2.3385e+00 -1.6981e+00 -1.6496e+00 -2.9969e+00 -2.9949e+00 +2.5501e+00 +2.7241e+00 -3.5495e-01 +1.8368e+00
9800374 0 +2.823810904e+04 +2.808536904e+04 +2.808536904e+04 -2.7036e+00 -2.3115e-01 -2.3218e+00 -2.4424e+00 -1.5842e+00 -2.3489e+00 +2.8327e+00 +2.6535e+00 -4.8669e-01 +1.1227e+00
