% f evaluations | g evaluations | best noise-free fitness - Fopt (-5.494000000000e+01) + sum g_i+ | measured fitness | best measured fitness or single-digit g-values | x1 | x2...
1 0 +1.960185891e+06 +1.960130951e+06 +1.960130951e+06 -2.0901e+00 -1.8255e+00 +1.9237e+00
2 0 +5.466639964e+04 +5.461145964e+04 +5.461145964e+04 +1.5184e+00 -2.3018e+00 -1.8916e+00
4 0 +5.037912727e+04 +5.032418727e+04 +5.032418727e+04 +1.9832e+00 -1.0986e+00 +7.9665e-01
29 0 +1.345266567e+04 +1.339772567e+04 +1.339772567e+04 +1.1657e+00 -9.0566e-01 +1.4210e+00
123 0 +8.965018783e+03 +8.910078783e+03 +8.910078783e+03 -4.9743e-01 -1.8328e+00 -1.6260e+00
139 0 +2.064224628e+03 +2.009284628e+03 +2.009284628e+03 -1.0811e+00 -1.9422e+00 -2.6215e+00
221 0 +3.252718667e+02 +2.703318667e+02 +2.703318667e+02 -1.4447e+00 -1.1525e+00 -7.3395e-02
1000 0 +6.497516777e+01 +1.003516777e+01 +1.003516777e+01 -1.5259e+00 -1.8290e+00 -2.3023e+00
2801 0 +6.300440665e+01 +8.064406647e+00 +8.064406647e+00 -1.9292e+00 -1.5452e+00 -1.5883e+00
12384 0 +5.085885765e+01 -4.081142353e+00 -4.081142353e+00 -1.8482e+00 -8.1929e-01 +7.7467e-01
15432 0 +4.424044275e+01 -1.069955725e+01 -1.069955725e+01 -1.7921e+00 -6.3456e-01 +1.3653e+00
15517 0 +4.138741813e+01 -1.355258187e+01 -1.355258187e+01 -1.5875e+00 -1.1700e+00 -2.2386e-01
19526 0 +1.885813759e+01 -3.608186241e+01 -3.608186241e+01 -1.5603e+00 -7.0298e-01 +1.2616e+00
38273 0 +5.499924224e+00 -4.944007578e+01 -4.944007578e+01 -1.6616e+00 -9.7891e-01 +3.2957e-01
201126 0 +1.806139775e+00 -5.313386023e+01 -5.313386023e+01 -1.7003e+00 -1.2050e+00 -4.0309e-01
1389901 0 +1.687843968e+00 -5.325215603e+01 -5.325215603e+01 -1.7205e+00 -1.2405e+00 -5.1880e-01
1711783 0 +9.336071854e-01 -5.400639281e+01 -5.400639281e+01 -1.7412e+00 -1.4352e+00 -1.1464e+00
% f evaluations | g evaluations | best noise-free fitness - Fopt (5.913000000000e+01) + sum g_i+ | measured fitness | best measured fitness or single-digit g-values | x1 | x2...
1 0 +2.787658001e+06 +2.787717131e+06 +2.787717131e+06 +2.1389e+00 +1.4574e+00 -6.1086e-01
2 0 +3.728048728e+05 +3.728640028e+05 +3.728640028e+05 +2.1359e-01 +1.4879e+00 -2.0388e+00
3 0 +5.246067556e+04 +5.251980556e+04 +5.251980556e+04 +2.2607e+00 -3.8065e-01 -1.0434e+00
5 0 +4.377180171e+03 +4.436310171e+03 +4.436310171e+03 -2.8052e+00 +2.2613e+00 -1.2746e+00
124 0 +3.489674812e+03 +3.548804812e+03 +3.548804812e+03 -2.8841e+00 +1.8638e+00 +8.9367e-01
164 0 +1.890394943e+03 +1.949524943e+03 +1.949524943e+03 -1.6362e+00 +1.7433e+00 -1.3444e+00
184 0 +7.993037816e+02 +8.584337816e+02 +8.584337816e+02 -2.0203e+00 +2.2930e+00 -2.7156e+00
573 0 +6.865489237e+02 +7.456789237e+02 +7.456789237e+02 -2.8682e+00 +2.1236e+00 -2.2602e-01
1121 0 +2.040743305e+02 +2.632043305e+02 +2.632043305e+02 -1.6103e+00 +1.8979e+00 -2.1060e+00
1593 0 +1.255386417e+02 +1.846686417e+02 +1.846686417e+02 -1.9563e+00 +2.0905e+00 -2.1126e+00
9553 0 +1.209843307e+02 +1.801143307e+02 +1.801143307e+02 -1.3418e+00 +1.8224e+00 -2.5145e+00
11661 0 +3.707788858e+01 +9.620788858e+01 +9.620788858e+01 -1.6701e+00 +1.9635e+00 -2.2871e+00
30502 0 +1.622045778e+01 +7.535045778e+01 +7.535045778e+01 -1.1259e+00 +1.7258e+00 -2.5853e+00
31729 0 +1.474065587e+01 +7.387065587e+01 +7.387065587e+01 -2.4501e+00 +2.1988e+00 -1.4988e+00
52695 0 +7.155918054e+00 +6.628591805e+01 +6.628591805e+01 -1.8088e+00 +1.9486e+00 -1.9411e+00
54567 0 +3.637204344e+00 +6.276720434e+01 +6.276720434e+01 -1.9990e+00 +2.0277e+00 -1.8245e+00
71751 0 +9.836568281e-01 +6.011365683e+01 +6.011365683e+01 -2.9498e+00 +2.3674e+00 -1.0345e+00
87006 0 +2.007950529e-01 +5.933079505e+01 +5.933079505e+01 -1.9312e+00 +2.0002e+00 -1.8590e+00
% f evaluations | g evaluations | best noise-free fitness - Fopt (-4.915300000000e+02) + sum g_i+ | measured fitness | best measured fitness or single-digit g-values | x1 | x2...
1 0 +7.062880862e+06 +7.062389332e+06 +7.062389332e+06 +1.6255e-01 -1.0300e+00 +2.2874e-01
3 0 +2.060415132e+06 +2.059923602e+06 +2.059923602e+06 -2.3487e-01 -1.3044e+00 -7.2572e-01
10 0 +4.993217585e+05 +4.988302285e+05 +4.988302285e+05 -1.9779e+00 +1.6215e+00 -2.2187e+00
30 0 +2.500146058e+04 +2.450993058e+04 +2.450993058e+04 -2.2746e+00 -1.6959e+00 -9.3141e-01
58 0 +1.150974419e+04 +1.101821419e+04 +1.101821419e+04 -6.9048e-01 -1.1335e+00 -2.3371e+00
67 0 +8.175884498e+03 +7.684354498e+03 +7.684354498e+03 -1.6584e+00 +4.3352e-01 -2.5907e+00
104 0 +6.713098865e+03 +6.221568865e+03 +6.221568865e+03 -1.8131e+00 -5.3523e-01 -1.9646e+00
118 0 +1.520884164e+03 +1.029354164e+03 +1.029354164e+03 -5.9709e-01 -2.2114e+00 -1.9897e+00
293 0 +1.429741417e+03 +9.382114173e+02 +9.382114173e+02 -5.2857e-01 -2.4044e+00 -1.9221e+00
382 0 +2.188401633e+02 -2.726898367e+02 -2.726898367e+02 -5.2195e-01 -6.6092e-01 -2.8302e+00
1398 0 +3.532921383e+01 -4.562007862e+02 -4.562007862e+02 -5.3792e-01 -1.2205e+00 -2.5269e+00
21662 0 +3.416588487e+01 -4.573641151e+02 -4.573641151e+02 -2.3910e+00 -2.5098e+00 -6.3412e-01
43422 0 +2.416604402e+01 -4.673639560e+02 -4.673639560e+02 -2.3451e+00 -2.5439e+00 -6.3631e-01
48715 0 +1.578437566e+01 -4.757456243e+02 -4.757456243e+02 -1.9490e+00 -2.2177e+00 -1.0749e+00
214305 0 +1.503868984e+01 -4.764913102e+02 -4.764913102e+02 -1.5711e+00 -1.8498e+00 -1.5135e+00
294095 0 +5.809834645e+00 -4.857201654e+02 -4.857201654e+02 -7.3842e-01 -1.3394e+00 -2.3237e+00
295909 0 +8.899060456e-01 -4.906400940e+02 -4.906400940e+02 -1.1296e-01 -9.6351e-01 -2.9328e+00
1171468 0 +4.622449410e-01 -4.910677551e+02 -4.910677551e+02 -3.1401e-01 -1.0918e+00 -2.7335e+00
% f evaluations | g evaluations | best noise-free fitness - Fopt (-1.702000000000e+02) + sum g_i+ | measured fitness | best measured fitness or single-digit g-values | x1 | x2...
1 0 +4.517586815e+07 +4.517569795e+07 +4.517569795e+07 +2.6987e+00 +2.5801e+00 +9.7322e-01
2 0 +1.153324958e+06 +1.153154758e+06 +1.153154758e+06 +2.8542e-01 -1.8353e+00 -2.7555e+00
6 0 +1.908508443e+05 +1.906806443e+05 +1.906806443e+05 -2.7494e+00 -5.2893e-01 -2.0414e+00
8 0 +3.673842414e+03 +3.503642414e+03 +3.503642414e+03 -1.3243e+00 -2.1055e+00 -2.6185e+00
232 0 +9.451079272e+02 +7.749079272e+02 +7.749079272e+02 -2.7683e+00 -2.4389e+00 -3.6287e-01
1035 0 +2.991628128e+02 +1.289628128e+02 +1.289628128e+02 -2.2303e+00 -2.1818e+00 -1.3210e+00
8585 0 +2.384492361e+02 +6.824923608e+01 +6.824923608e+01 -2.6755e+00 -2.1119e+00 -8.7491e-01
9256 0 +1.092079583e+02 -6.099204174e+01 -6.099204174e+01 -2.2627e+00 -2.0997e+00 -1.4091e+00
9402 0 +2.433669625e+01 -1.458633037e+02 -1.458633037e+02 -2.9666e+00 -1.5701e+00 -1.2567e+00
31533 0 +4.267546474e+00 -1.659324535e+02 -1.659324535e+02 -2.4251e+00 -2.1152e+00 -1.2030e+00
740821 0 +2.436812499e+00 -1.677631875e+02 -1.677631875e+02 -2.6739e+00 -1.8106e+00 -1.3016e+00
2329355 0 +1.192292563e+00 -1.690077074e+02 -1.690077074e+02 -2.9842e+00 -1.4400e+00 -1.4120e+00
% f evaluations | g evaluations | best noise-free fitness - Fopt (-4.697500000000e+02) + sum g_i+ | measured fitness | best measured fitness or single-digit g-values | x1 | x2...
1 0 +1.098514516e+07 +1.098467541e+07 +1.098467541e+07 -5.2099e-01 +1.4200e+00 +1.3830e+00
3 0 +3.094971717e+06 +3.094501967e+06 +3.094501967e+06 +1.9249e+00 -1.0242e+00 -3.4479e-01
4 0 +5.560399120e+05 +5.555701620e+05 +5.555701620e+05 +1.2758e+00 -5.1113e-01 +2.4563e+00
5 0 +5.066350027e+05 +5.061652527e+05 +5.061652527e+05 +2.2875e+00 -1.9303e+00 +6.0688e-01
7 0 +4.809348069e+05 +4.804650569e+05 +4.804650569e+05 +1.4249e+00 -1.0352e+00 +2.2530e+00
115 0 +1.385509339e+05 +1.380811839e+05 +1.380811839e+05 +2.4351e+00 -2.6986e+00 +5.6541e-01
235 0 +5.243422489e+04 +5.196447489e+04 +5.196447489e+04 +2.5872e+00 -5.0923e-01 +2.5382e+00
330 0 +3.827061892e+03 +3.357311892e+03 +3.357311892e+03 +1.7101e+00 -2.4363e+00 +2.2375e+00
988 0 +1.299294861e+03 +8.295448610e+02 +8.295448610e+02 +1.0118e+00 -2.8183e+00 +2.8091e+00
3967 0 +1.212198967e+03 +7.424489674e+02 +7.424489674e+02 +1.0399e+00 -2.7989e+00 +2.8438e+00
30474 0 +9.371148910e+02 +4.673648910e+02 +4.673648910e+02 +9.5897e-01 -2.8378e+00 +2.8738e+00
34876 0 +7.266298555e+02 +2.568798555e+02 +2.568798555e+02 +8.3635e-01 -2.9285e+00 +2.9651e+00
108747 0 +5.747035607e+02 +1.049535607e+02 +1.049535607e+02 +9.3852e-01 -2.9825e+00 +2.8505e+00
1042197 0 +4.574756261e+02 -1.227437388e+01 -1.227437388e+01 +8.6459e-01 -2.9761e+00 +2.9372e+00
% f evaluations | g evaluations | best noise-free fitness - Fopt (-5.191000000000e+01) + sum g_i+ | measured fitness | best measured fitness or single-digit g-values | x1 | x2...
1 0 +1.247218210e+07 +1.247213019e+07 +1.247213019e+07 -2.6885e+00 +2.4627e+00 +1.0283e+00
2 0 +3.236945610e+04 +3.231754610e+04 +3.231754610e+04 +1.2451e+00 +1.4046e+00 +1.2680e+00
22 0 +2.795445440e+04 +2.790254440e+04 +2.790254440e+04 +1.0286e+00 +7.7813e-01 +2.3953e+00
45 0 +2.030960005e+04 +2.025769005e+04 +2.025769005e+04 +1.6987e+00 +2.8611e+00 -2.5642e+00
56 0 +1.276681813e+04 +1.271490813e+04 +1.271490813e+04 +1.3780e+00 -3.4125e-01 +4.2568e-01
141 0 +6.462526486e+01 +1.271526486e+01 +1.271526486e+01 +1.2343e+00 -7.2585e-01 +1.6283e+00
7993 0 +5.682741883e+01 +4.917418831e+00 +4.917418831e+00 +1.3621e+00 +5.6451e-02 +7.8137e-01
12036 0 +2.556556998e+01 -2.634443002e+01 -2.634443002e+01 +1.1736e+00 -1.0337e+00 +2.0585e+00
37639 0 +1.183511195e+01 -4.007488805e+01 -4.007488805e+01 +1.5877e+00 +1.6610e+00 -9.4178e-01
60540 0 +8.070826390e-02 -5.182929174e+01 -5.182929174e+01 +1.6810e+00 +2.3301e+00 -1.6663e+00
% f evaluations | g evaluations | best noise-free fitness - Fopt (4.808000000000e+01) + sum g_i+ | measured fitness | best measured fitness or single-digit g-values | x1 | x2...
1 0 +3.118592731e+06 +3.118640811e+06 +3.118640811e+06 +1.7400e+00 +1.1856e+00 -2.1064e+00
19 0 +2.684826193e+06 +2.684874273e+06 +2.684874273e+06 +6.1324e-01 +6.9888e-01 -2.7797e+00
45 0 +1.397043848e+06 +1.397091928e+06 +1.397091928e+06 +2.2368e+00 -1.1890e+00 -1.7023e+00
59 0 +3.248163578e+05 +3.248644378e+05 +3.248644378e+05 +7.8557e-01 -2.7722e+00 -2.6641e+00
166 0 +2.392742764e+05 +2.393223564e+05 +2.393223564e+05 +2.3215e+00 -1.9982e-01 -2.7307e+00
187 0 +3.111323513e+03 +3.159403513e+03 +3.159403513e+03 +2.3256e+00 -1.8165e+00 -2.7470e+00
973 0 +1.153861886e+03 +1.201941886e+03 +1.201941886e+03 +2.7961e+00 -1.6400e+00 -2.6122e+00
1406 0 +1.069269470e+03 +1.117349470e+03 +1.117349470e+03 +2.5380e+00 -2.4875e+00 -2.5136e+00
3200 0 +6.588296043e+02 +7.069096043e+02 +7.069096043e+02 +2.4519e+00 -2.4869e+00 -2.5493e+00
6778 0 +1.443934720e+02 +1.924734720e+02 +1.924734720e+02 +2.9242e+00 -2.3177e+00 -2.2876e+00
15043 0 +4.956595618e+01 +9.764595618e+01 +9.764595618e+01 +2.9268e+00 -2.2981e+00 -2.3006e+00
32705 0 +4.681227600e+01 +9.489227600e+01 +9.489227600e+01 +1.6602e+00 -2.9536e+00 -2.8263e+00
44434 0 +4.417119615e+01 +9.225119615e+01 +9.225119615e+01 +2.6217e+00 -2.7103e+00 -2.3479e+00
54997 0 +3.210078726e+01 +8.018078726e+01 +8.018078726e+01 +2.7096e+00 -2.6507e+00 -2.3263e+00
117691 0 +2.786513943e+01 +7.594513943e+01 +7.594513943e+01 +2.8789e+00 -2.3471e+00 -2.3213e+00
118133 0 +9.491949751e+00 +5.757194975e+01 +5.757194975e+01 +2.4600e+00 -2.5996e+00 -2.4797e+00
784156 0 +2.763074669e+00 +5.084307467e+01 +5.084307467e+01 +1.9325e+00 -2.9030e+00 -2.6923e+00
% f evaluations | g evaluations | best noise-free fitness - Fopt (3.058000000000e+01) + sum g_i+ | measured fitness | best measured fitness or single-digit g-values | x1 | x2...
1 0 +2.217094925e+06 +2.217125505e+06 +2.217125505e+06 -1.6710e+00 +1.0319e+00 -2.0638e+00
2 0 +3.538514570e+05 +3.538820370e+05 +3.538820370e+05 -3.9012e-01 -1.8530e+00 +1.9901e+00
3 0 +2.425180513e+05 +2.425486313e+05 +2.425486313e+05 -1.6878e-01 -8.9649e-01 -4.3123e-01
4 0 +9.566689464e+03 +9.597269464e+03 +9.597269464e+03 -2.0832e-01 -1.3387e-02 -1.8710e+00
409 0 +5.511022575e+02 +5.816822575e+02 +5.816822575e+02 -2.1887e+00 -1.3982e+00 -2.3664e+00
1705 0 +2.235723784e+02 +2.541523784e+02 +2.541523784e+02 -2.4142e+00 -1.5145e+00 -2.4943e+00
2307 0 +1.689296595e+02 +1.995096595e+02 +1.995096595e+02 -2.6136e+00 -1.6468e+00 -2.5738e+00
6727 0 +1.408654322e+02 +1.714454322e+02 +1.714454322e+02 -2.9749e+00 -2.0232e+00 -2.3251e+00
40446 0 +9.307543549e+01 +1.236554355e+02 +1.236554355e+02 -2.7976e+00 -1.8269e+00 -2.4444e+00
58741 0 +6.508404365e+01 +9.566404365e+01 +9.566404365e+01 -2.7578e+00 -1.8645e+00 -2.2365e+00
84032 0 +5.101531425e+01 +8.159531425e+01 +8.159531425e+01 -2.6424e+00 -1.6582e+00 -2.7215e+00
141275 0 +4.067586651e+01 +7.125586651e+01 +7.125586651e+01 -2.6546e+00 -1.7009e+00 -2.5260e+00
151890 0 +9.658654909e+00 +4.023865491e+01 +4.023865491e+01 -2.7268e+00 -1.7774e+00 -2.4750e+00
264934 0 +8.071546821e+00 +3.865154682e+01 +3.865154682e+01 -2.9796e+00 -2.0371e+00 -2.2073e+00
291446 0 +3.900940987e+00 +3.448094099e+01 +3.448094099e+01 -2.7750e+00 -1.8006e+00 -2.5378e+00
360838 0 +6.836342205e-01 +3.126363422e+01 +3.126363422e+01 -2.7054e+00 -1.7077e+00 -2.6776e+00
% f evaluations | g evaluations | best noise-free fitness - Fopt (1.000000000000e+03) + sum g_i+ | measured fitness | best measured fitness or single-digit g-values | x1 | x2...
1 0 +8.012463019e+04 +8.112463019e+04 +8.112463019e+04 -2.9753e+00 +2.2240e+00 -2.0834e+00
2 0 +6.837267537e+03 +7.837267537e+03 +7.837267537e+03 -2.0407e+00 +2.2458e+00 -1.7954e+00
110 0 +1.617516904e+02 +1.161751690e+03 +1.161751690e+03 -2.4272e+00 +1.8659e+00 -1.2181e+00
767 0 +6.188954782e+01 +1.061889548e+03 +1.061889548e+03 -2.1735e+00 +2.8323e+00 -2.3421e+00
8752 0 +3.853107884e+01 +1.038531079e+03 +1.038531079e+03 -2.5534e+00 +2.7796e+00 -2.2812e+00
12889 0 +2.038793883e+01 +1.020387939e+03 +1.020387939e+03 -2.1680e+00 +2.4235e+00 -1.8690e+00
42548 0 +5.889031547e+00 +1.005889032e+03 +1.005889032e+03 -2.2460e+00 +2.2105e+00 -1.6246e+00
284160 0 +5.754713802e+00 +1.005754714e+03 +1.005754714e+03 -2.3325e+00 +2.4348e+00 -1.8832e+00
296701 0 +2.922994865e+00 +1.002922995e+03 +1.002922995e+03 -2.4036e+00 +2.9070e+00 -2.4268e+00
1367803 0 +2.482650104e+00 +1.002482650e+03 +1.002482650e+03 -2.4299e+00 +2.8756e+00 -2.3940e+00
% f evaluations | g evaluations | best noise-free fitness - Fopt (-4.236000000000e+01) + sum g_i+ | measured fitness | best measured fitness or single-digit g-values | x1 | x2...
1 0 +4.227296456e+06 +4.227254096e+06 +4.227254096e+06 +2.5931e+00 +6.1618e-01 -4.0068e-01
3 0 +2.326690352e+06 +2.326647992e+06 +2.326647992e+06 -2.2984e+00 +2.5769e+00 -2.3537e+00
6 0 +3.930530132e+05 +3.930106532e+05 +3.930106532e+05 -1.3732e+00 +1.4132e+00 -2.0225e+00
8 0 +6.446746301e+04 +6.442510301e+04 +6.442510301e+04 -1.6933e-01 +1.7953e+00 -1.1841e+00
13 0 +2.662920084e+03 +2.620560084e+03 +2.620560084e+03 -8.1683e-01 -1.8620e+00 +7.6901e-01
19 0 +1.428448335e+03 +1.386088335e+03 +1.386088335e+03 -1.3680e+00 -1.4919e+00 -3.1470e-01
250 0 +2.827172744e+02 +2.403572744e+02 +2.403572744e+02 +1.3889e-02 -1.4811e+00 +1.8347e+00
2405 0 +6.680595015e+01 +2.444595015e+01 +2.444595015e+01 -2.3153e+00 -2.5432e+00 -8.7972e-01
14720 0 +3.675069009e+01 -5.609309907e+00 -5.609309907e+00 +1.2976e+00 -4.6458e-01 +2.9449e+00
28860 0 +1.050654274e+01 -3.185345726e+01 -3.185345726e+01 -1.3177e+00 -1.9492e+00 +1.4369e-01
31059 0 +7.365377296e+00 -3.499462270e+01 -3.499462270e+01 -1.5514e-02 -1.2056e+00 +1.5387e+00
227794 0 +6.996527544e+00 -3.536347246e+01 -3.536347246e+01 -7.8472e-02 -1.1559e+00 +1.3875e+00
237888 0 +1.502755715e+00 -4.085724428e+01 -4.085724428e+01 +6.0911e-01 -7.8953e-01 +2.1421e+00
1510616 0 +9.321312769e-01 -4.142786872e+01 -4.142786872e+01 +5.0736e-01 -8.4856e-01 +2.0362e+00
2917499 0 +8.265275454e-01 -4.153347245e+01 -4.153347245e+01 +6.6131e-01 -7.2823e-01 +2.1698e+00
% f evaluations | g evaluations | best noise-free fitness - Fopt (-7.187000000000e+01) + sum g_i+ | measured fitness | best measured fitness or single-digit g-values | x1 | x2...
1 0 +2.410122809e+05 +2.409404109e+05 +2.409404109e+05 +1.1048e+00 +1.0855e+00 -2.9371e+00
15 0 +2.358087876e+05 +2.357369176e+05 +2.357369176e+05 +1.3050e+00 +7.9645e-01 +6.6928e-04
19 0 +4.512482568e+04 +4.505295568e+04 +4.505295568e+04 -1.1164e+00 +1.9558e+00 +1.2949e+00
31 0 +3.316827217e+04 +3.309640217e+04 +3.309640217e+04 +9.9540e-01 +1.9989e+00 +2.9801e+00
40 0 +4.026425850e+03 +3.954555850e+03 +3.954555850e+03 -2.6532e+00 +1.9674e+00 -8.3335e-01
50 0 +3.678520523e+03 +3.606650523e+03 +3.606650523e+03 +9.0849e-01 +1.0821e+00 -1.2822e+00
122 0 +2.011631003e+03 +1.939761003e+03 +1.939761003e+03 -2.2898e+00 +2.5372e+00 +1.7837e+00
333 0 +5.808496414e+02 +5.089796414e+02 +5.089796414e+02 -1.7790e+00 +2.7917e+00 +2.9734e+00
727 0 +4.391777050e+02 +3.673077050e+02 +3.673077050e+02 -1.4245e+00 +1.4516e+00 -1.6327e+00
3530 0 +2.375887912e+01 -4.811112088e+01 -4.811112088e+01 -9.7605e-01 +1.7714e+00 -1.0488e-01
55826 0 +5.942061839e+00 -6.592793816e+01 -6.592793816e+01 -1.2556e+00 +2.3844e+00 +1.9519e+00
381141 0 +2.642571362e+00 -6.922742864e+01 -6.922742864e+01 -1.3141e+00 +2.6299e+00 +2.8245e+00
2328563 0 +2.457220580e+00 -6.941277942e+01 -6.941277942e+01 -1.2778e+00 +2.6250e+00 +2.8328e+00
% f evaluations | g evaluations | best noise-free fitness - Fopt (-1.650000000000e+01) + sum g_i+ | measured fitness | best measured fitness or single-digit g-values | x1 | x2...
1 0 +2.689537056e+07 +2.689535406e+07 +2.689535406e+07 +2.7079e+00 +2.4180e+00 -2.5776e+00
3 0 +3.522994314e+06 +3.522977814e+06 +3.522977814e+06 +2.2676e+00 +2.9183e+00 +2.3871e+00
14 0 +1.919897479e+06 +1.919880979e+06 +1.919880979e+06 +2.5443e+00 -3.4294e-01 +2.1890e+00
45 0 +5.649163962e+05 +5.648998962e+05 +5.648998962e+05 +2.8249e+00 +9.7822e-01 +2.8334e+00
226 0 +4.145296718e+05 +4.145131718e+05 +4.145131718e+05 +2.2791e+00 -1.7991e+00 +2.8402e+00
296 0 +3.788796163e+05 +3.788631163e+05 +3.788631163e+05 +2.6910e+00 -1.2251e+00 +2.6844e+00
371 0 +1.049390911e+05 +1.049225911e+05 +1.049225911e+05 +2.7395e+00 -2.7294e+00 +2.8197e+00
1728 0 +6.806065790e+04 +6.804415790e+04 +6.804415790e+04 +2.8711e+00 -2.9226e+00 +2.7816e+00
10220 0 +6.275806529e+04 +6.274156529e+04 +6.274156529e+04 +2.9934e+00 -2.7838e+00 +2.7348e+00
11802 0 +2.247161501e+04 +2.245511501e+04 +2.245511501e+04 +2.9941e+00 -2.6884e+00 +2.9692e+00
398303 0 +2.225993815e+04 +2.224343815e+04 +2.224343815e+04 +2.9975e+00 -2.3828e+00 +2.9970e+00
% f evaluations | g evaluations | best noise-free fitness - Fopt (1.000000000000e+03) + sum g_i+ | measured fitness | best measured fitness or single-digit g-values | x1 | x2...
1 0 +1.727655078e+07 +1.727755078e+07 +1.727755078e+07 -1.8439e+00 +1.2121e+00 +7.5834e-01
2 0 +6.780416135e+06 +6.781416135e+06 +6.781416135e+06 +1.6198e+00 +3.9958e-01 +1.2027e+00
4 0 +5.283968428e+05 +5.293968428e+05 +5.293968428e+05 +1.7480e+00 -1.8801e+00 -1.6953e+00
6 0 +2.239960144e+05 +2.249960144e+05 +2.249960144e+05 -2.3124e-01 -1.6533e+00 -1.0715e+00
15 0 +1.845717407e+05 +1.855717407e+05 +1.855717407e+05 -1.0696e+00 -2.8668e+00 -1.6864e+00
22 0 +6.548727288e+03 +7.548727288e+03 +7.548727288e+03 +2.2388e+00 -1.8635e+00 -3.0777e-01
37 0 +5.768156894e+03 +6.768156894e+03 +6.768156894e+03 +9.3103e-01 -1.6585e+00 -1.0478e+00
82 0 +5.495092994e+03 +6.495092994e+03 +6.495092994e+03 -8.2050e-02 -2.5429e-01 -2.9961e+00
202 0 +2.124526473e+03 +3.124526473e+03 +3.124526473e+03 +1.5355e-01 -2.8419e+00 -3.2114e-01
786 0 +2.037008818e+03 +3.037008818e+03 +3.037008818e+03 -8.1753e-01 -2.4882e+00 -1.1981e+00
830 0 +1.519148119e+03 +2.519148119e+03 +2.519148119e+03 +1.2620e+00 -4.2039e-01 -2.2745e+00
1020 0 +1.848216860e+02 +1.184821686e+03 +1.184821686e+03 +3.5510e-01 -1.7302e+00 -1.3827e+00
3434 0 +1.191147507e+02 +1.119114751e+03 +1.119114751e+03 +5.0263e-01 -1.1022e+00 -1.9602e+00
10556 0 +7.492830688e+01 +1.074928307e+03 +1.074928307e+03 -1.0496e-01 -1.6894e+00 -1.6870e+00
17471 0 +2.849626068e+01 +1.028496261e+03 +1.028496261e+03 +8.4157e-02 -1.2128e+00 -2.0602e+00
88510 0 +2.021703139e+01 +1.020217031e+03 +1.020217031e+03 -5.6533e-02 -2.1549e+00 -1.1895e+00
91393 0 +6.190515497e+00 +1.006190515e+03 +1.006190515e+03 +4.9230e-01 -3.3729e-01 -2.7301e+00
1123030 0 +2.982457592e+00 +1.002982458e+03 +1.002982458e+03 +4.4218e-01 -2.8643e-01 -2.8056e+00
2742760 0 +2.267329236e+00 +1.002267329e+03 +1.002267329e+03 +4.2256e-01 -4.9905e-01 -2.6017e+00
% f evaluations | g evaluations | best noise-free fitness - Fopt (-1.000000000000e+03) + sum g_i+ | measured fitness | best measured fitness or single-digit g-values | x1 | x2...
1 0 +6.112033806e+06 +6.111033806e+06 +6.111033806e+06 +4.1659e-01 -1.7187e+00 -1.4466e+00
4 0 +6.137829712e+05 +6.127829712e+05 +6.127829712e+05 -1.4460e+00 -2.0662e+00 -2.9419e+00
22 0 +1.958602304e+05 +1.948602304e+05 +1.948602304e+05 -1.6326e+00 -2.7607e+00 -2.2256e+00
146 0 +1.242125668e+05 +1.232125668e+05 +1.232125668e+05 -2.0800e+00 -2.5204e+00 -2.3915e+00
255 0 +1.070381641e+05 +1.060381641e+05 +1.060381641e+05 -2.1043e+00 -2.7141e+00 -1.9667e+00
687 0 +9.069126855e+03 +8.069126855e+03 +8.069126855e+03 -2.6146e+00 -2.6830e+00 -2.4635e+00
750 0 +3.996172645e+03 +2.996172645e+03 +2.996172645e+03 -2.5755e+00 -2.8081e+00 -2.0476e+00
1142 0 +1.169109915e+03 +1.691099150e+02 +1.691099150e+02 -1.8452e+00 -2.8831e+00 -2.9839e+00
13139 0 +9.627973910e+02 -3.720260901e+01 -3.720260901e+01 -1.7297e+00 -2.9997e+00 -2.8684e+00
57859 0 +8.190078541e+02 -1.809921459e+02 -1.809921459e+02 -2.2822e+00 -2.5704e+00 -2.9700e+00
65351 0 +4.998023650e+02 -5.001976350e+02 -5.001976350e+02 -1.9073e+00 -2.8433e+00 -2.9337e+00
129720 0 +4.361314169e+02 -5.638685831e+02 -5.638685831e+02 -1.8458e+00 -2.9139e+00 -2.8141e+00
262985 0 +2.698627619e+02 -7.301372381e+02 -7.301372381e+02 -1.6624e+00 -2.9731e+00 -2.9430e+00
358717 0 +2.557183382e+02 -7.442816618e+02 -7.442816618e+02 -1.6467e+00 -2.9723e+00 -2.9661e+00
1276962 0 +2.474338384e+02 -7.525661616e+02 -7.525661616e+02 -1.6635e+00 -2.9777e+00 -2.9615e+00
1794307 0 +2.312969717e+02 -7.687030283e+02 -7.687030283e+02 -1.7023e+00 -2.9360e+00 -2.9901e+00
% f evaluations | g evaluations | best noise-free fitness - Fopt (-1.527400000000e+02) + sum g_i+ | measured fitness | best measured fitness or single-digit g-values | x1 | x2...
1 0 +1.101852641e+06 +1.101699901e+06 +1.101699901e+06 +1.2372e+00 -1.0483e+00 +1.9698e-01
3 0 +2.211658434e+05 +2.210131034e+05 +2.210131034e+05 -1.9423e+00 +2.6406e-01 -2.2901e+00
19 0 +2.917590962e+04 +2.902316962e+04 +2.902316962e+04 -5.5270e-01 -2.2174e+00 +3.9821e-02
36 0 +1.220582968e+02 -3.068170323e+01 -3.068170323e+01 -2.1873e+00 +2.9732e+00 -2.3290e+00
9754 0 +1.628912422e+01 -1.364508758e+02 -1.364508758e+02 -2.0874e+00 +2.7127e+00 -2.2041e+00
12255 0 +1.010806326e+01 -1.426319367e+02 -1.426319367e+02 -1.4190e+00 +2.9325e+00 -1.5939e+00
234389 0 +6.927954789e+00 -1.458120452e+02 -1.458120452e+02 -2.4484e+00 +2.7316e+00 -2.5498e+00
715809 0 +3.696566415e+00 -1.490434336e+02 -1.490434336e+02 -2.6417e+00 +2.7024e+00 -2.7352e+00
