% function evaluation | noise-free fitness - Fopt (-6.211100000000e+02) | best noise-free fitness - Fopt | measured fitness | best measured fitness | x1 | x2...
1 +5.979131447e+07 +5.979131447e+07 +5.979069336e+07 +5.979069336e+07 -3.5345e+00 -9.8886e-01 -1.8686e+00
2 +1.251890176e+07 +1.251890176e+07 +1.251828065e+07 +1.251828065e+07 -2.2085e+00 +3.1655e+00 +3.6124e+00
4 +1.703997899e+06 +1.703997899e+06 +1.703376789e+06 +1.703376789e+06 +1.9329e+00 +3.3148e+00 -8.9704e-01
21 +6.864826135e+05 +6.864826135e+05 +6.858615035e+05 +6.858615035e+05 +2.9505e+00 +2.1082e+00 -8.4040e-01
55 +1.498200992e+05 +1.498200992e+05 +1.491989892e+05 +1.491989892e+05 +2.8024e+00 +1.5034e+00 -6.0433e-01
56 +1.456660486e+05 +1.456660486e+05 +1.450449386e+05 +1.450449386e+05 +2.0059e+00 +2.1573e+00 -6.5213e-01
111 +1.249479931e+05 +1.249479931e+05 +1.243268831e+05 +1.243268831e+05 -1.0242e-01 +3.6650e+00 -4.1222e-01
224 +1.874231221e+04 +1.874231221e+04 +1.812120221e+04 +1.812120221e+04 -8.0857e-01 +4.0983e+00 +2.4929e-01
2319 +1.837325052e+04 +1.837325052e+04 +1.775214052e+04 +1.775214052e+04 +2.3560e+00 +1.5224e+00 -7.3978e-01
2445 +3.633170509e+03 +3.633170509e+03 +3.012060509e+03 +3.012060509e+03 +3.9705e+00 +1.8055e-01 -8.1646e-01
3701 +1.266623604e+03 +1.266623604e+03 +6.455136038e+02 +6.455136038e+02 -3.5226e-01 +3.4968e+00 -7.9995e-02
68138 +7.881114604e+02 +7.881114604e+02 +1.670014604e+02 +1.670014604e+02 -1.0007e+00 +4.0621e+00 +2.2870e-01
71666 +1.964493215e+02 +1.964493215e+02 -4.246606785e+02 -4.246606785e+02 -1.0670e+00 +4.1727e+00 +2.2211e-01
196296 +7.769904025e+01 +7.769904025e+01 -5.434109598e+02 -5.434109598e+02 -4.9137e-01 +3.6502e+00 -6.9583e-03
2038303 +1.319815060e+01 +1.319815060e+01 -6.079118494e+02 -6.079118494e+02 -2.7894e-01 +3.4754e+00 -7.2465e-02
4221820 +1.263476424e+01 +1.263476424e+01 -6.084752358e+02 -6.084752358e+02 -7.9434e-01 +3.9124e+00 +1.2927e-01
12323918 +4.326830076e+00 +4.326830076e+00 -6.167831699e+02 -6.167831699e+02 -1.7910e-01 +3.3940e+00 -1.1237e-01
16652183 +2.873510904e+00 +2.873510904e+00 -6.182364891e+02 -6.182364891e+02 +1.1807e-01 +3.1511e+00 -2.0560e-01
% function evaluation | noise-free fitness - Fopt (-2.548200000000e+02) | best noise-free fitness - Fopt | measured fitness | best measured fitness | x1 | x2...
1 +1.220423594e+06 +1.220423594e+06 +1.220168774e+06 +1.220168774e+06 -3.5081e-05 -3.6125e+00 -2.7454e+00
31 +1.091847716e+06 +1.091847716e+06 +1.091592896e+06 +1.091592896e+06 +3.8236e+00 +2.5060e+00 +5.8383e-01
49 +5.364407842e+05 +5.364407842e+05 +5.361859642e+05 +5.361859642e+05 +2.1758e+00 -2.3130e+00 -1.5059e+00
61 +2.422481150e+05 +2.422481150e+05 +2.419932950e+05 +2.419932950e+05 +4.1299e+00 +4.1250e+00 +5.0764e-01
165 +8.405846487e+04 +8.405846487e+04 +8.380364487e+04 +8.380364487e+04 +3.8875e+00 +3.4864e+00 +1.4117e-02
1771 +5.072909012e+04 +5.072909012e+04 +5.047427012e+04 +5.047427012e+04 +3.2390e+00 +3.0800e+00 -7.3074e-02
2590 +1.623859592e+04 +1.623859592e+04 +1.598377592e+04 +1.598377592e+04 +1.2368e+00 -3.2293e+00 -2.1506e+00
4679 +1.401185629e+04 +1.401185629e+04 +1.375703629e+04 +1.375703629e+04 +2.7908e+00 +1.1609e+00 -6.3472e-01
7326 +5.441311984e+03 +5.441311984e+03 +5.186491984e+03 +5.186491984e+03 +2.9832e+00 +1.9522e+00 -4.2522e-01
7860 +2.946793809e+03 +2.946793809e+03 +2.691973809e+03 +2.691973809e+03 +1.5796e+00 -2.0420e+00 -1.6750e+00
26894 +2.175335720e+03 +2.175335720e+03 +1.920515720e+03 +1.920515720e+03 +2.2960e+00 -1.0303e-02 -1.0741e+00
40764 +7.834134249e+02 +7.834134249e+02 +5.285934249e+02 +5.285934249e+02 +3.1175e+00 +2.3164e+00 -3.8417e-01
79916 +4.950746008e+02 +4.950746008e+02 +2.402546008e+02 +2.402546008e+02 +1.6839e+00 -1.6524e+00 -1.6041e+00
211066 +3.013799733e+02 +3.013799733e+02 +4.655997333e+01 +4.655997333e+01 +3.5176e+00 +3.2909e+00 -2.0615e-01
385383 +2.383842839e+02 +2.383842839e+02 -1.643571606e+01 -1.643571606e+01 +2.3132e+00 +1.5589e-01 -9.9913e-01
471503 +1.595666995e+02 +1.595666995e+02 -9.525330051e+01 -9.525330051e+01 +3.8591e+00 +4.0176e+00 -1.6500e-02
843713 +1.303599230e+02 +1.303599230e+02 -1.244600770e+02 -1.244600770e+02 +3.3076e+00 +2.7638e+00 -3.2018e-01
995990 +8.296472844e+01 +8.296472844e+01 -1.718552716e+02 -1.718552716e+02 +2.7049e+00 +1.1962e+00 -6.9600e-01
1189571 +7.021786691e+01 +7.021786691e+01 -1.846021331e+02 -1.846021331e+02 +4.0966e+00 +4.6404e+00 +1.3922e-01
5669063 +5.959328629e+01 +5.959328629e+01 -1.952267137e+02 -1.952267137e+02 +3.7201e+00 +3.7273e+00 -1.1547e-01
7510809 +3.235553341e+01 +3.235553341e+01 -2.224644666e+02 -2.224644666e+02 +3.7169e+00 +3.7096e+00 -1.1963e-01
9290275 +1.832846938e+01 +1.832846938e+01 -2.364915306e+02 -2.364915306e+02 +2.6759e+00 +1.1230e+00 -7.2277e-01
% function evaluation | noise-free fitness - Fopt (5.661000000000e+01) | best noise-free fitness - Fopt | measured fitness | best measured fitness | x1 | x2...
1 +1.015708846e+09 +1.015708846e+09 +1.015708902e+09 +1.015708902e+09 +4.3447e+00 +5.0419e-01 -1.7108e+00
2 +1.396664126e+06 +1.396664126e+06 +1.396720736e+06 +1.396720736e+06 -2.9844e+00 -3.0909e+00 -3.1060e+00
8 +8.644463408e+05 +8.644463408e+05 +8.645029508e+05 +8.645029508e+05 -2.8295e+00 -2.1720e+00 -3.3638e+00
162 +8.445962941e+05 +8.445962941e+05 +8.446529041e+05 +8.446529041e+05 -3.8099e+00 -2.9524e+00 -3.2326e+00
212 +5.916825332e+05 +5.916825332e+05 +5.917391432e+05 +5.917391432e+05 -4.3986e+00 -1.5386e+00 -2.9047e+00
404 +2.291459829e+05 +2.291459829e+05 +2.292025929e+05 +2.292025929e+05 -3.7342e+00 -2.8732e+00 -3.8498e+00
1098 +1.590711474e+05 +1.590711474e+05 +1.591277574e+05 +1.591277574e+05 -3.8721e+00 -2.6560e+00 -3.7016e+00
1582 +1.844259048e+04 +1.844259048e+04 +1.849920048e+04 +1.849920048e+04 -4.2459e+00 -1.8123e+00 -3.5691e+00
1651 +1.556942655e+04 +1.556942655e+04 +1.562603655e+04 +1.562603655e+04 -2.2960e+00 -3.2141e+00 -4.7405e+00
12657 +2.066905066e+03 +2.066905066e+03 +2.123515066e+03 +2.123515066e+03 -3.4817e+00 -2.5019e+00 -4.0062e+00
13076 +1.276674730e+03 +1.276674730e+03 +1.333284730e+03 +1.333284730e+03 -2.7381e+00 -2.9394e+00 -4.3832e+00
28679 +9.939730130e+02 +9.939730130e+02 +1.050583013e+03 +1.050583013e+03 -2.6890e+00 -3.0041e+00 -4.4223e+00
39038 +5.833335834e+02 +5.833335834e+02 +6.399435834e+02 +6.399435834e+02 -4.1386e+00 -2.0185e+00 -3.6604e+00
40871 +3.621035237e+02 +3.621035237e+02 +4.187135237e+02 +4.187135237e+02 -3.1916e+00 -2.6176e+00 -4.1857e+00
161104 +8.328842515e+00 +8.328842515e+00 +6.493884252e+01 +6.493884252e+01 -4.2132e+00 -1.9975e+00 -3.6203e+00
14862499 +4.554512722e+00 +4.554512722e+00 +6.116451272e+01 +6.116451272e+01 -2.3167e+00 -3.3059e+00 -4.6771e+00
% function evaluation | noise-free fitness - Fopt (-1.810000000000e+01) | best noise-free fitness - Fopt | measured fitness | best measured fitness | x1 | x2...
1 +2.293044882e+10 +2.293044882e+10 +2.293044880e+10 +2.293044880e+10 +4.2708e+00 -4.7548e+00 -1.5323e+00
2 +2.266438921e+07 +2.266438921e+07 +2.266437111e+07 +2.266437111e+07 -3.3506e+00 +7.5694e-01 +2.8110e-01
6 +1.285374017e+07 +1.285374017e+07 +1.285372207e+07 +1.285372207e+07 -1.9692e-01 -1.7471e+00 +4.0363e+00
7 +9.584039907e+06 +9.584039907e+06 +9.584021807e+06 +9.584021807e+06 +4.7394e+00 +3.6355e+00 -1.5677e-01
17 +2.880242068e+06 +2.880242068e+06 +2.880223968e+06 +2.880223968e+06 -2.0664e+00 +4.7938e-01 +1.7213e+00
18 +1.484627941e+06 +1.484627941e+06 +1.484609841e+06 +1.484609841e+06 +1.5551e+00 +1.2056e+00 +1.1604e+00
48 +1.285893716e+05 +1.285893716e+05 +1.285712716e+05 +1.285712716e+05 +3.2226e-01 +7.4447e-01 +2.6984e+00
277 +3.252728363e+04 +3.252728363e+04 +3.250918363e+04 +3.250918363e+04 +3.3778e+00 +2.6359e+00 +1.5994e+00
331 +1.398407004e+04 +1.398407004e+04 +1.396597004e+04 +1.396597004e+04 -2.7356e-01 +8.9130e-01 +2.8716e+00
695 +2.373990847e+03 +2.373990847e+03 +2.355890847e+03 +2.355890847e+03 +1.7741e-01 +1.0485e+00 +2.4949e+00
3424 +5.723916106e+02 +5.723916106e+02 +5.542916106e+02 +5.542916106e+02 -4.7397e-01 +8.0168e-01 +2.7917e+00
36627 +1.058106482e+02 +1.058106482e+02 +8.771064816e+01 +8.771064816e+01 +8.2301e-01 +1.4206e+00 +2.2356e+00
378219 +4.387513741e+01 +4.387513741e+01 +2.577513741e+01 +2.577513741e+01 -2.4225e+00 -2.3656e-01 +3.6676e+00
778232 +2.554570157e+01 +2.554570157e+01 +7.445701566e+00 +7.445701566e+00 +1.4899e+00 +1.7555e+00 +1.9996e+00
1368478 +1.654837182e+01 +1.654837182e+01 -1.551628182e+00 -1.551628182e+00 +2.2854e+00 +2.1138e+00 +1.7580e+00
6644433 +1.607672701e+01 +1.607672701e+01 -2.023272991e+00 -2.023272991e+00 -1.0360e+00 +4.9351e-01 +3.0765e+00
20411776 +1.476383966e+01 +1.476383966e+01 -3.336160341e+00 -3.336160341e+00 +2.5524e+00 +2.2385e+00 +1.6835e+00
24699624 +8.400861001e+00 +8.400861001e+00 -9.699138999e+00 -9.699138999e+00 +1.2646e+00 +1.6438e+00 +2.0773e+00
26139848 +3.169903204e+00 +3.169903204e+00 -1.493009680e+01 -1.493009680e+01 -1.9748e+00 +5.1684e-03 +3.4747e+00
% function evaluation | noise-free fitness - Fopt (3.777000000000e+01) | best noise-free fitness - Fopt | measured fitness | best measured fitness | x1 | x2...
1 +1.338851559e+07 +1.338851559e+07 +1.338855336e+07 +1.338855336e+07 -3.9870e+00 +1.4679e+00 +9.1289e-01
6 +1.254300376e+07 +1.254300376e+07 +1.254304153e+07 +1.254304153e+07 +9.4069e-01 +3.4440e+00 +3.4295e+00
11 +6.693916341e+06 +6.693916341e+06 +6.693954111e+06 +6.693954111e+06 -1.0683e+00 +7.1474e-01 +2.6694e+00
14 +5.254550914e+06 +5.254550914e+06 +5.254588684e+06 +5.254588684e+06 -2.2784e+00 +1.2722e+00 -1.2886e+00
27 +2.602037827e+06 +2.602037827e+06 +2.602075597e+06 +2.602075597e+06 -1.9928e+00 +1.0775e+00 -6.9279e-01
33 +6.784456970e+04 +6.784456970e+04 +6.788233970e+04 +6.788233970e+04 -1.8746e+00 +1.0223e+00 +1.1264e+00
388 +1.506074578e+04 +1.506074578e+04 +1.509851578e+04 +1.509851578e+04 -2.8975e+00 -4.9678e-02 +1.9475e+00
1745 +1.071997905e+04 +1.071997905e+04 +1.075774905e+04 +1.075774905e+04 +1.6776e+00 +4.2389e+00 -6.2589e-01
3696 +1.038526168e+04 +1.038526168e+04 +1.042303168e+04 +1.042303168e+04 -1.2308e+00 +1.9823e+00 +6.0992e-01
3743 +1.076718781e+03 +1.076718781e+03 +1.114488781e+03 +1.114488781e+03 -2.5897e+00 +4.2336e-01 +1.6437e+00
30743 +6.722802200e+02 +6.722802200e+02 +7.100502200e+02 +7.100502200e+02 +1.3547e+00 +3.8621e+00 -5.4792e-01
88739 +3.766158176e+02 +3.766158176e+02 +4.143858176e+02 +4.143858176e+02 -1.4878e+00 +1.6582e+00 +6.9779e-01
572417 +6.609352122e+01 +6.609352122e+01 +1.038635212e+02 +1.038635212e+02 -4.9539e-01 +2.4473e+00 +2.6459e-01
974776 +1.072262939e+01 +1.072262939e+01 +4.849262939e+01 +4.849262939e+01 +2.3203e-01 +3.0036e+00 -4.9094e-02
5319471 +3.607818683e+00 +3.607818683e+00 +4.137781868e+01 +4.137781868e+01 -1.9952e+00 +1.1422e+00 +1.0086e+00
13026045 +3.440367565e+00 +3.440367565e+00 +4.121036756e+01 +4.121036756e+01 -1.6774e+00 +1.4834e+00 +7.8047e-01
% function evaluation | noise-free fitness - Fopt (1.687000000000e+01) | best noise-free fitness - Fopt | measured fitness | best measured fitness | x1 | x2...
1 +1.021852937e+09 +1.021852937e+09 +1.021852954e+09 +1.021852954e+09 -8.0032e-01 -4.0946e+00 +5.4824e-01
2 +2.695040053e+07 +2.695040053e+07 +2.695041740e+07 +2.695041740e+07 +3.2155e+00 +4.0369e+00 +2.4465e+00
4 +1.150790017e+07 +1.150790017e+07 +1.150791704e+07 +1.150791704e+07 +3.5957e+00 +1.7269e-01 -3.5241e+00
21 +8.265470098e+06 +8.265470098e+06 +8.265486968e+06 +8.265486968e+06 -4.7829e-01 +1.0440e-01 -2.9770e+00
35 +8.910083019e+05 +8.910083019e+05 +8.910251719e+05 +8.910251719e+05 +5.8092e-01 +2.1372e+00 -1.6240e+00
128 +2.798890650e+05 +2.798890650e+05 +2.799059350e+05 +2.799059350e+05 +2.4571e-01 +2.2824e+00 -2.8983e+00
238 +1.383846129e+05 +1.383846129e+05 +1.384014829e+05 +1.384014829e+05 +1.9274e+00 +2.5027e+00 -2.5903e+00
1146 +9.187760841e+04 +9.187760841e+04 +9.189447841e+04 +9.189447841e+04 +3.0062e+00 +3.4391e+00 -2.5816e+00
1271 +4.231255125e+04 +4.231255125e+04 +4.232942125e+04 +4.232942125e+04 +2.4223e+00 +2.8513e+00 -2.7244e+00
2145 +2.975579396e+03 +2.975579396e+03 +2.992449396e+03 +2.992449396e+03 +3.9845e+00 +3.3722e+00 -2.6779e+00
10403 +8.913714246e+02 +8.913714246e+02 +9.082414246e+02 +9.082414246e+02 +3.4530e+00 +3.2411e+00 -2.6468e+00
14271 +5.897737575e+02 +5.897737575e+02 +6.066437575e+02 +6.066437575e+02 +4.3782e+00 +3.4564e+00 -2.7934e+00
71846 +5.607104206e+02 +5.607104206e+02 +5.775804206e+02 +5.775804206e+02 -2.7452e-01 +1.7087e+00 -2.6110e+00
86749 +5.491662320e+02 +5.491662320e+02 +5.660362320e+02 +5.660362320e+02 +3.6526e-01 +2.1354e+00 -2.4464e+00
201573 +1.542642017e+02 +1.542642017e+02 +1.711342017e+02 +1.711342017e+02 +9.6432e-02 +1.9738e+00 -2.5124e+00
240365 +7.517160853e+01 +7.517160853e+01 +9.204160853e+01 +9.204160853e+01 +4.5585e+00 +3.5242e+00 -2.7916e+00
1288682 +2.280525977e+01 +2.280525977e+01 +3.967525977e+01 +3.967525977e+01 +2.7723e+00 +3.0738e+00 -2.6003e+00
7300202 +7.732852622e+00 +7.732852622e+00 +2.460285262e+01 +2.460285262e+01 +2.1550e+00 +2.9437e+00 -2.5206e+00
20005237 +4.517719940e+00 +4.517719940e+00 +2.138771994e+01 +2.138771994e+01 +3.3214e+00 +3.2100e+00 -2.6610e+00
27216742 +4.456325715e+00 +4.456325715e+00 +2.132632572e+01 +2.132632572e+01 +8.0402e-01 +2.4155e+00 -2.4198e+00
% function evaluation | noise-free fitness - Fopt (1.456400000000e+02) | best noise-free fitness - Fopt | measured fitness | best measured fitness | x1 | x2...
1 +7.031475047e+07 +7.031475047e+07 +7.031489611e+07 +7.031489611e+07 +4.3850e+00 +2.9421e+00 -2.9135e+00
4 +1.907626759e+07 +1.907626759e+07 +1.907641323e+07 +1.907641323e+07 +2.3948e+00 +1.0831e+00 +3.7560e+00
15 +1.192569921e+07 +1.192569921e+07 +1.192584485e+07 +1.192584485e+07 +2.8103e+00 +1.6563e+00 -9.6649e-01
19 +1.315064749e+06 +1.315064749e+06 +1.315210389e+06 +1.315210389e+06 -5.4229e-01 +2.0731e+00 +6.5031e-01
23 +6.107319666e+05 +6.107319666e+05 +6.108776066e+05 +6.108776066e+05 +8.7764e-01 +2.8879e+00 +3.4187e-01
37 +4.099400872e+05 +4.099400872e+05 +4.100857272e+05 +4.100857272e+05 +3.7773e+00 +2.3914e+00 +1.8130e-01
88 +3.436660449e+05 +3.436660449e+05 +3.438116849e+05 +3.438116849e+05 -4.0058e+00 +3.5664e+00 +2.3031e+00
115 +3.282551293e+05 +3.282551293e+05 +3.284007693e+05 +3.284007693e+05 -1.6791e+00 +3.3374e+00 +7.7014e-01
145 +1.356244237e+05 +1.356244237e+05 +1.357700637e+05 +1.357700637e+05 +6.5543e-01 +2.7649e+00 +6.9442e-01
262 +7.669488419e+01 +7.669488419e+01 +2.223348842e+02 +2.223348842e+02 -4.9481e+00 +3.8920e+00 +1.8247e+00
1630772 +6.115058435e+00 +6.115058435e+00 +1.517550584e+02 +1.517550584e+02 -2.1144e+00 +3.3646e+00 +1.3862e+00
10578924 +2.991161050e+00 +2.991161050e+00 +1.486311610e+02 +1.486311610e+02 -3.6062e+00 +3.6432e+00 +1.6375e+00
% function evaluation | noise-free fitness - Fopt (-1.709700000000e+02) | best noise-free fitness - Fopt | measured fitness | best measured fitness | x1 | x2...
1 +3.241897227e+08 +3.241897227e+08 +3.241895517e+08 +3.241895517e+08 +3.5361e+00 -3.7914e+00 +1.8117e+00
3 +4.322154685e+07 +4.322154685e+07 +4.322137588e+07 +4.322137588e+07 -1.6056e+00 +2.5253e+00 +2.8923e+00
4 +3.716820876e+06 +3.716820876e+06 +3.716649906e+06 +3.716649906e+06 +2.0492e-01 +2.9746e+00 +3.9414e+00
8 +3.651332685e+05 +3.651332685e+05 +3.649622985e+05 +3.649622985e+05 +4.6356e+00 +3.5998e+00 +3.0603e+00
176 +2.276435497e+04 +2.276435497e+04 +2.259338497e+04 +2.259338497e+04 +3.2269e+00 +3.1396e+00 +3.6078e+00
5141 +1.698525184e+03 +1.698525184e+03 +1.527555184e+03 +1.527555184e+03 +4.4675e+00 +3.0441e+00 +3.0331e+00
87481 +1.875437512e+02 +1.875437512e+02 +1.657375117e+01 +1.657375117e+01 +1.4559e+00 +3.7712e+00 +4.8446e+00
907304 +6.085725970e+01 +6.085725970e+01 -1.101127403e+02 -1.101127403e+02 +1.5862e+00 +3.7095e+00 +4.7520e+00
2057852 +2.697103729e+01 +2.697103729e+01 -1.439989627e+02 -1.439989627e+02 +1.5735e+00 +3.7076e+00 +4.7562e+00
2205591 +2.047965661e+01 +2.047965661e+01 -1.504903434e+02 -1.504903434e+02 +3.4307e+00 +3.2463e+00 +3.6013e+00
5685949 +1.346174625e+01 +1.346174625e+01 -1.575082538e+02 -1.575082538e+02 +2.4444e+00 +3.4517e+00 +4.1989e+00
7387543 +6.536575423e+00 +6.536575423e+00 -1.644334246e+02 -1.644334246e+02 +4.6572e+00 +2.9804e+00 +2.9046e+00
21950251 +1.573042318e+00 +1.573042318e+00 -1.693969577e+02 -1.693969577e+02 +2.3705e+00 +3.4718e+00 +4.2383e+00
% function evaluation | noise-free fitness - Fopt (-1.306300000000e+02) | best noise-free fitness - Fopt | measured fitness | best measured fitness | x1 | x2...
1 +6.669117590e+06 +6.669117590e+06 +6.668986960e+06 +6.668986960e+06 -6.1337e-01 -4.4270e+00 -1.2634e+00
10 +1.733242220e+05 +1.733242220e+05 +1.731935920e+05 +1.731935920e+05 +1.2941e+00 +1.7998e+00 +4.9163e+00
108 +1.324689178e+05 +1.324689178e+05 +1.323382878e+05 +1.323382878e+05 +1.1676e+00 -2.9480e+00 -1.5299e+00
724 +5.585567300e+04 +5.585567300e+04 +5.572504300e+04 +5.572504300e+04 +1.6541e+00 -3.8556e+00 -2.2678e+00
917 +2.785271369e+04 +2.785271369e+04 +2.772208369e+04 +2.772208369e+04 +9.4992e-01 +2.0389e-01 +3.0933e+00
1199 +1.852367668e+04 +1.852367668e+04 +1.839304668e+04 +1.839304668e+04 +7.9349e-01 -2.2209e+00 +4.0377e-01
2171 +4.261319525e+03 +4.261319525e+03 +4.130689525e+03 +4.130689525e+03 +9.0025e-01 -2.6207e+00 -3.5439e-01
15598 +1.115784866e+03 +1.115784866e+03 +9.851548656e+02 +9.851548656e+02 +1.6996e+00 -3.6235e+00 -2.2900e+00
89162 +7.296351937e+02 +7.296351937e+02 +5.990051937e+02 +5.990051937e+02 +7.7100e-01 -1.8955e+00 +7.1272e-01
240330 +1.993453398e+02 +1.993453398e+02 +6.871533982e+01 +6.871533982e+01 +8.4788e-01 -2.3190e+00 +1.1478e-01
546884 +1.818050407e+02 +1.818050407e+02 +5.117504067e+01 +5.117504067e+01 +9.0218e-01 -2.4873e+00 -1.2241e-01
787808 +3.111326702e+01 +3.111326702e+01 -9.951673298e+01 -9.951673298e+01 +2.0495e+00 -3.9040e+00 -3.0007e+00
2246158 +7.762668129e+00 +7.762668129e+00 -1.228673319e+02 -1.228673319e+02 +2.6108e+00 -4.4441e+00 -4.3229e+00
7024773 +1.743612487e+00 +1.743612487e+00 -1.288863875e+02 -1.288863875e+02 +1.3778e+00 -3.3194e+00 -1.6079e+00
23617222 +6.978983411e-01 +6.978983411e-01 -1.299321017e+02 -1.299321017e+02 +1.3866e+00 -3.3268e+00 -1.6251e+00
% function evaluation | noise-free fitness - Fopt (5.492000000000e+01) | best noise-free fitness - Fopt | measured fitness | best measured fitness | x1 | x2...
1 +6.797239139e+06 +6.797239139e+06 +6.797294059e+06 +6.797294059e+06 +3.1930e+00 -2.8295e+00 -1.2669e+00
2 +4.807131019e+06 +4.807131019e+06 +4.807185939e+06 +4.807185939e+06 +3.8318e+00 -2.7981e+00 -1.6731e+00
20 +1.140621075e+06 +1.140621075e+06 +1.140675995e+06 +1.140675995e+06 +4.6444e+00 -2.7253e+00 -2.7742e+00
49 +8.704134517e+05 +8.704134517e+05 +8.704683717e+05 +8.704683717e+05 -3.0889e+00 -1.6665e+00 -2.8665e+00
56 +5.377421477e+05 +5.377421477e+05 +5.377970677e+05 +5.377970677e+05 -1.3953e+00 -2.1459e+00 -3.5999e+00
121 +4.651172901e+05 +4.651172901e+05 +4.651722101e+05 +4.651722101e+05 +2.8010e+00 -2.2954e+00 -3.3276e+00
183 +1.836447118e+04 +1.836447118e+04 +1.841939118e+04 +1.841939118e+04 -4.8145e+00 -2.4693e+00 -2.9987e+00
522 +8.688853536e+03 +8.688853536e+03 +8.743773536e+03 +8.743773536e+03 -3.7964e-01 -2.8151e+00 -3.3762e+00
4073 +2.128240366e+03 +2.128240366e+03 +2.183160366e+03 +2.183160366e+03 -1.3927e+00 -2.8021e+00 -3.3418e+00
5295 +2.070503309e+03 +2.070503309e+03 +2.125423309e+03 +2.125423309e+03 -3.4279e+00 -2.5786e+00 -3.1203e+00
11885 +1.627660110e+03 +1.627660110e+03 +1.682580110e+03 +1.682580110e+03 -5.1150e-03 -2.7767e+00 -3.4839e+00
15989 +1.595627141e+03 +1.595627141e+03 +1.650547141e+03 +1.650547141e+03 -3.4076e+00 -2.5733e+00 -3.0368e+00
91718 +1.538046225e+02 +1.538046225e+02 +2.087246225e+02 +2.087246225e+02 -4.5880e+00 -2.3754e+00 -2.9620e+00
157980 +1.182485725e+02 +1.182485725e+02 +1.731685725e+02 +1.731685725e+02 +2.4755e+00 -2.5548e+00 -3.6533e+00
451471 +6.435831555e+01 +6.435831555e+01 +1.192783155e+02 +1.192783155e+02 -8.4631e-01 -2.7731e+00 -3.4006e+00
1853246 +3.307857289e+01 +3.307857289e+01 +8.799857289e+01 +8.799857289e+01 -2.0415e+00 -2.7345e+00 -3.2736e+00
2279781 +2.966380046e+01 +2.966380046e+01 +8.458380046e+01 +8.458380046e+01 -2.2543e+00 -2.7270e+00 -3.2516e+00
5447819 +1.817943093e+01 +1.817943093e+01 +7.309943093e+01 +7.309943093e+01 -9.4303e-01 -2.7694e+00 -3.4005e+00
13837828 +1.262657384e+01 +1.262657384e+01 +6.754657384e+01 +6.754657384e+01 -2.9708e+00 -2.6455e+00 -3.1463e+00
27811376 +6.194222489e-01 +6.194222489e-01 +5.553942225e+01 +5.553942225e+01 -4.0965e+00 -2.4425e+00 -3.0015e+00
% function evaluation | noise-free fitness - Fopt (9.070000000000e+00) | best noise-free fitness - Fopt | measured fitness | best measured fitness | x1 | x2...
1 +6.012788047e+07 +6.012788047e+07 +6.012788954e+07 +6.012788954e+07 +1.4590e-01 +4.5774e+00 -2.9254e+00
2 +5.859692701e+07 +5.859692701e+07 +5.859693608e+07 +5.859693608e+07 -8.9818e-01 -1.3316e+00 -2.7727e+00
3 +2.057179346e+07 +2.057179346e+07 +2.057180253e+07 +2.057180253e+07 -1.3107e+00 +3.4349e+00 +4.0047e+00
4 +8.666583522e+06 +8.666583522e+06 +8.666592592e+06 +8.666592592e+06 +1.0747e-01 +3.2793e+00 +2.8245e+00
13 +6.587359963e+06 +6.587359963e+06 +6.587369033e+06 +6.587369033e+06 +4.7923e+00 +1.5640e+00 +2.0060e+00
30 +3.891080899e+06 +3.891080899e+06 +3.891089969e+06 +3.891089969e+06 +2.2812e+00 +1.4078e+00 +3.2443e+00
32 +1.006443910e+06 +1.006443910e+06 +1.006452980e+06 +1.006452980e+06 +4.0262e+00 +1.4032e-01 +1.9461e+00
147 +4.014651182e+05 +4.014651182e+05 +4.014741882e+05 +4.014741882e+05 +2.6625e+00 +6.0973e-01 +1.9547e+00
180 +2.561673446e+05 +2.561673446e+05 +2.561764146e+05 +2.561764146e+05 +5.1964e-01 +1.8600e+00 -1.3767e-01
392 +1.213020524e+05 +1.213020524e+05 +1.213111224e+05 +1.213111224e+05 +1.2810e+00 +7.3888e-01 +8.8899e-01
1696 +9.270215287e+03 +9.270215287e+03 +9.279285287e+03 +9.279285287e+03 +4.2723e+00 -1.0234e+00 +2.9355e+00
2741 +8.723980912e+03 +8.723980912e+03 +8.733050912e+03 +8.733050912e+03 +3.7118e+00 -7.0719e-01 +2.5407e+00
14121 +4.366565543e+03 +4.366565543e+03 +4.375635543e+03 +4.375635543e+03 +1.1587e+00 +1.4747e+00 +5.7576e-01
18169 +3.159807498e+03 +3.159807498e+03 +3.168877498e+03 +3.168877498e+03 +3.8867e+00 -7.6734e-01 +2.7225e+00
25190 +1.783878441e+03 +1.783878441e+03 +1.792948441e+03 +1.792948441e+03 +1.4962e+00 +9.4761e-01 +8.8397e-01
28666 +4.193239719e+02 +4.193239719e+02 +4.283939719e+02 +4.283939719e+02 +1.0252e+00 +1.5482e+00 +4.7605e-01
85833 +1.353112303e+02 +1.353112303e+02 +1.443812303e+02 +1.443812303e+02 +4.6747e+00 -1.2276e+00 +3.2916e+00
666765 +4.217384661e+01 +4.217384661e+01 +5.124384661e+01 +5.124384661e+01 +3.4114e+00 -5.4726e-01 +2.4814e+00
2242195 +9.507343138e+00 +9.507343138e+00 +1.857734314e+01 +1.857734314e+01 +2.4009e+00 +9.3763e-02 +1.7312e+00
5606805 +5.638137890e+00 +5.638137890e+00 +1.470813789e+01 +1.470813789e+01 +3.3180e+00 -4.9619e-01 +2.4263e+00
8647541 +4.539328606e+00 +4.539328606e+00 +1.360932861e+01 +1.360932861e+01 +2.6582e+00 -9.3514e-02 +1.9336e+00
% function evaluation | noise-free fitness - Fopt (2.980000000000e+01) | best noise-free fitness - Fopt | measured fitness | best measured fitness | x1 | x2...
1 +2.572919828e+07 +2.572919828e+07 +2.572922808e+07 +2.572922808e+07 +4.1287e+00 +8.9419e-02 -4.1992e+00
3 +2.355359766e+07 +2.355359766e+07 +2.355362746e+07 +2.355362746e+07 +1.3648e+00 +4.2748e-01 +1.2884e-01
5 +5.066293974e+05 +5.066293974e+05 +5.066591974e+05 +5.066591974e+05 +1.7684e+00 +4.8538e+00 -3.3839e+00
100 +9.591530535e+04 +9.591530535e+04 +9.594510535e+04 +9.594510535e+04 -4.3074e+00 +1.2960e+00 -3.8480e+00
245 +8.699114393e+04 +8.699114393e+04 +8.702094393e+04 +8.702094393e+04 -2.3988e+00 +2.9931e+00 -3.9474e+00
388 +3.525885951e+04 +3.525885951e+04 +3.528865951e+04 +3.528865951e+04 -2.2279e+00 +3.0161e+00 -3.4640e+00
804 +2.409622140e+04 +2.409622140e+04 +2.412602140e+04 +2.412602140e+04 -2.4040e+00 +2.9508e+00 -3.5228e+00
1672 +2.035613681e+04 +2.035613681e+04 +2.038593681e+04 +2.038593681e+04 -3.3461e+00 +2.4311e+00 -3.7282e+00
3416 +2.276128371e+03 +2.276128371e+03 +2.305928371e+03 +2.305928371e+03 -6.9040e-01 +3.5693e+00 -3.3481e+00
19945 +6.545094780e+02 +6.545094780e+02 +6.843094780e+02 +6.843094780e+02 -4.4572e+00 +1.3632e+00 -3.8456e+00
40088 +2.243023289e+02 +2.243023289e+02 +2.541023289e+02 +2.541023289e+02 -6.2426e-01 +3.5934e+00 -3.2834e+00
160822 +1.730024224e+02 +1.730024224e+02 +2.028024224e+02 +2.028024224e+02 -1.4045e+00 +3.3119e+00 -3.4959e+00
526263 +3.173638422e+01 +3.173638422e+01 +6.153638422e+01 +6.153638422e+01 +1.0719e+00 +4.1195e+00 -3.0099e+00
3317637 +1.904359439e+01 +1.904359439e+01 +4.884359439e+01 +4.884359439e+01 +1.4290e+00 +4.2089e+00 -2.9763e+00
6423644 +1.976624415e+00 +1.976624415e+00 +3.177662441e+01 +3.177662441e+01 -1.4748e-01 +3.7526e+00 -3.1893e+00
% function evaluation | noise-free fitness - Fopt (4.328000000000e+01) | best noise-free fitness - Fopt | measured fitness | best measured fitness | x1 | x2...
1 +5.534728714e+07 +5.534728714e+07 +5.534733042e+07 +5.534733042e+07 +2.1077e+00 +3.7329e+00 +8.9297e-01
3 +4.328772147e+07 +4.328772147e+07 +4.328776475e+07 +4.328776475e+07 +1.7020e+00 +3.1999e+00 +1.5000e+00
7 +1.624597611e+07 +1.624597611e+07 +1.624601939e+07 +1.624601939e+07 -4.5288e+00 +5.6633e-01 +4.7984e+00
8 +2.029804512e+06 +2.029804512e+06 +2.029847792e+06 +2.029847792e+06 +3.2353e+00 -4.5033e+00 +2.3352e+00
13 +4.583512615e+04 +4.583512615e+04 +4.587840615e+04 +4.587840615e+04 +1.1843e+00 -3.1419e+00 +2.2314e+00
58 +2.243171438e+04 +2.243171438e+04 +2.247499438e+04 +2.247499438e+04 -2.0956e+00 -3.3001e+00 +3.7663e+00
580 +1.477109591e+04 +1.477109591e+04 +1.481437591e+04 +1.481437591e+04 +3.3405e+00 -3.1805e+00 +1.3700e+00
617 +1.314614717e+04 +1.314614717e+04 +1.318942717e+04 +1.318942717e+04 -2.9630e+00 -3.4581e+00 +4.0998e+00
6209 +6.279422139e+03 +6.279422139e+03 +6.322702139e+03 +6.322702139e+03 +1.5347e+00 -3.3328e+00 +2.3116e+00
7283 +2.706740801e+03 +2.706740801e+03 +2.750020801e+03 +2.750020801e+03 -1.1542e+00 -3.3862e+00 +3.3331e+00
21198 +2.659824214e+03 +2.659824214e+03 +2.703104214e+03 +2.703104214e+03 +3.5908e+00 -3.2095e+00 +1.3665e+00
45695 +8.292896252e+02 +8.292896252e+02 +8.725696252e+02 +8.725696252e+02 +3.1146e+00 -3.2931e+00 +1.6030e+00
56356 +8.004368941e+02 +8.004368941e+02 +8.437168941e+02 +8.437168941e+02 -2.0179e+00 -3.4068e+00 +3.5882e+00
65593 +2.984642662e+02 +2.984642662e+02 +3.417442662e+02 +3.417442662e+02 -3.2811e+00 -3.4238e+00 +4.1240e+00
91055 +1.994392847e+02 +1.994392847e+02 +2.427192847e+02 +2.427192847e+02 -2.1534e+00 -3.4110e+00 +3.6625e+00
296628 +1.177263375e+02 +1.177263375e+02 +1.610063375e+02 +1.610063375e+02 -1.2308e+00 -3.3859e+00 +3.3094e+00
575457 +5.484805391e+01 +5.484805391e+01 +9.812805391e+01 +9.812805391e+01 +4.5451e+00 -3.2175e+00 +9.6166e-01
2120104 +4.586380583e+01 +4.586380583e+01 +8.914380583e+01 +8.914380583e+01 -3.5123e-01 -3.3575e+00 +2.9706e+00
2301666 +1.846431700e+01 +1.846431700e+01 +6.174431700e+01 +6.174431700e+01 +2.3764e+00 -3.2888e+00 +1.9059e+00
3023277 +1.785645531e+01 +1.785645531e+01 +6.113645531e+01 +6.113645531e+01 +1.6011e+00 -3.3076e+00 +2.2082e+00
9386433 +1.583913185e+00 +1.583913185e+00 +4.486391318e+01 +4.486391318e+01 +2.1453e+00 -3.2910e+00 +1.9932e+00
% function evaluation | noise-free fitness - Fopt (3.039300000000e+02) | best noise-free fitness - Fopt | measured fitness | best measured fitness | x1 | x2...
1 +2.266277264e+08 +2.266277264e+08 +2.266280304e+08 +2.266280304e+08 -3.8257e+00 +8.8049e-02 +2.9755e+00
2 +6.650806898e+06 +6.650806898e+06 +6.651110828e+06 +6.651110828e+06 -7.7168e-01 -1.3056e+00 -3.5612e+00
21 +2.126699874e+05 +2.126699874e+05 +2.129739174e+05 +2.129739174e+05 +2.0021e-01 +2.8386e+00 -2.2684e+00
538 +1.635634687e+05 +1.635634687e+05 +1.638673987e+05 +1.638673987e+05 +8.8194e-01 +1.1577e+00 -2.6064e+00
606 +8.702445479e+04 +8.702445479e+04 +8.732838479e+04 +8.732838479e+04 +3.1222e-01 +2.8627e+00 -1.3869e+00
1152 +8.464663095e+04 +8.464663095e+04 +8.495056095e+04 +8.495056095e+04 +3.9493e-01 +2.0228e+00 -1.9123e+00
2078 +1.716598174e+04 +1.716598174e+04 +1.746991174e+04 +1.746991174e+04 +4.9705e-01 +2.0830e+00 -2.2278e+00
7908 +8.997934717e+03 +8.997934717e+03 +9.301864717e+03 +9.301864717e+03 +1.6914e+00 -9.1295e-01 -4.9495e+00
11683 +2.956691266e+03 +2.956691266e+03 +3.260621266e+03 +3.260621266e+03 -1.0397e-02 +2.8095e+00 -1.6508e+00
13345 +2.748985192e+03 +2.748985192e+03 +3.052915192e+03 +3.052915192e+03 +1.4248e+00 -2.3687e-01 -4.3843e+00
34265 +1.464198236e+03 +1.464198236e+03 +1.768128236e+03 +1.768128236e+03 +1.3428e-01 +2.6017e+00 -1.8155e+00
38656 +2.236920804e+02 +2.236920804e+02 +5.276220804e+02 +5.276220804e+02 -2.4009e-01 +3.4677e+00 -1.0239e+00
390432 +1.813729165e+02 +1.813729165e+02 +4.853029165e+02 +4.853029165e+02 +9.9956e-01 +8.0365e-01 -3.4476e+00
723239 +9.913667918e+00 +9.913667918e+00 +3.138436679e+02 +3.138436679e+02 +5.8618e-01 +1.6861e+00 -2.6741e+00
14401211 +7.299663280e+00 +7.299663280e+00 +3.112296633e+02 +3.112296633e+02 -3.3844e-01 +3.8534e+00 -6.3742e-01
16289629 +5.195232565e+00 +5.195232565e+00 +3.091252326e+02 +3.091252326e+02 -1.4058e-02 +2.9374e+00 -1.5345e+00
25485157 +3.214745854e+00 +3.214745854e+00 +3.071447459e+02 +3.071447459e+02 +1.6585e-01 +2.5897e+00 -1.8722e+00
% function evaluation | noise-free fitness - Fopt (-1.363900000000e+02) | best noise-free fitness - Fopt | measured fitness | best measured fitness | x1 | x2...
1 +5.981941236e+07 +5.981941236e+07 +5.981927597e+07 +5.981927597e+07 +1.0478e-01 -2.8471e+00 +2.5507e+00
3 +3.103576562e+07 +3.103576562e+07 +3.103562923e+07 +3.103562923e+07 +4.0546e+00 -2.3668e+00 +7.5845e-02
5 +2.154447500e+07 +2.154447500e+07 +2.154433861e+07 +2.154433861e+07 -5.7265e-02 -4.6526e+00 -4.0234e+00
7 +5.388108047e+06 +5.388108047e+06 +5.387971657e+06 +5.387971657e+06 -1.7939e+00 -3.4003e+00 +1.3229e+00
15 +1.869417161e+05 +1.869417161e+05 +1.868053261e+05 +1.868053261e+05 +3.0725e+00 -4.2815e+00 +9.5725e-02
230 +1.328910372e+05 +1.328910372e+05 +1.327546472e+05 +1.327546472e+05 -3.7656e+00 -3.9824e+00 -6.8448e-01
1492 +3.791782844e+04 +3.791782844e+04 +3.778143844e+04 +3.778143844e+04 -4.7962e+00 -3.7800e+00 -6.9827e-01
3192 +3.356476620e+04 +3.356476620e+04 +3.342837620e+04 +3.342837620e+04 -3.7446e+00 -3.8136e+00 -6.0749e-01
3224 +2.212905583e+04 +2.212905583e+04 +2.199266583e+04 +2.199266583e+04 -3.6431e+00 -3.6238e+00 -3.4100e-01
5775 +1.241000221e+04 +1.241000221e+04 +1.227361221e+04 +1.227361221e+04 -1.3036e+00 -3.8877e+00 -1.5587e-01
6195 +5.393535147e+03 +5.393535147e+03 +5.257145147e+03 +5.257145147e+03 -9.7777e-01 -3.8937e+00 -1.4713e-01
14513 +2.018658919e+03 +2.018658919e+03 +1.882268919e+03 +1.882268919e+03 -8.0832e-01 -3.8247e+00 -1.6492e-01
50550 +1.846569780e+03 +1.846569780e+03 +1.710179780e+03 +1.710179780e+03 -1.8412e+00 -3.8028e+00 -2.6489e-01
88282 +5.975405614e+02 +5.975405614e+02 +4.611505614e+02 +4.611505614e+02 -9.9985e-02 -3.9096e+00 -5.4605e-02
104127 +1.281456408e+02 +1.281456408e+02 -8.244359220e+00 -8.244359220e+00 -3.1605e+00 -3.7002e+00 -4.3680e-01
1084320 +4.299870515e+01 +4.299870515e+01 -9.339129485e+01 -9.339129485e+01 -1.3163e+00 -3.8009e+00 -2.0049e-01
3392841 +3.801666306e+00 +3.801666306e+00 -1.325883337e+02 -1.325883337e+02 -1.8903e+00 -3.7599e+00 -2.8752e-01
