% f evaluations | g evaluations | best noise-free fitness - Fopt (2.997000000000e+01) + sum g_i+ | measured fitness | best measured fitness or single-digit g-values | x1 | x2...
1 0 +2.027191144e+03 +2.057161144e+03 +2.057161144e+03 -6.0175e-01 -2.6184e+00 +1.0129e+00 -1.5145e-01 -4.8695e-01 +1.7912e+00 +2.3456e+00 -1.0874e+00 +1.9098e+00 +2.9626e+00 -2.2227e+00 -2.7781e+00 +2.9322e+00 +2.6786e+00 +1.5403e+00 +2.1494e+00 -2.0204e+00 -4.9307e-02 +2.8789e+00 +2.3804e+00
9 0 +2.017472262e+03 +2.047442262e+03 +2.047442262e+03 +2.7503e+00 -1.4400e+00 +6.6443e-01 +8.3635e-01 +2.1521e-01 -2.8375e+00 -8.5085e-01 +1.0268e+00 +7.6429e-01 -1.7351e+00 +1.7737e+00 -3.5415e-01 -1.0128e+00 +2.2600e+00 +1.2644e+00 +2.2864e+00 -1.1309e+00 -2.3235e+00 -1.1531e+00 -1.0631e+00
25 0 +1.875700372e+03 +1.905670372e+03 +1.905670372e+03 +2.4386e+00 +2.5936e+00 +3.6784e-01 -5.2519e-01 +2.9051e+00 +8.0422e-01 +4.7431e-01 -2.5461e+00 -3.2592e-01 -2.7340e+00 +2.4025e+00 -9.9412e-01 +2.2323e+00 +9.7241e-01 -2.6237e+00 +1.9629e+00 +2.2581e+00 +3.7714e-01 +7.1456e-01 -2.7162e+00
62 0 +1.764858038e+03 +1.794828038e+03 +1.794828038e+03 -1.0206e+00 -6.1889e-01 +1.5749e+00 -3.4178e-01 +5.6121e-01 +3.9203e-01 -2.9655e+00 -3.9828e-01 -5.6669e-01 -2.5477e+00 -4.6612e-01 -9.5963e-01 -4.5888e-01 +2.9641e+00 +2.4312e+00 -1.0207e+00 -1.0005e+00 +1.0138e+00 +1.9802e+00 -1.8368e+00
106 0 +1.733323363e+03 +1.763293363e+03 +1.763293363e+03 +7.7767e-01 -1.7881e+00 -6.9069e-01 -1.1438e+00 -2.9438e+00 +2.3057e+00 -2.1792e+00 -2.0106e+00 -1.6778e+00 +2.3062e+00 +6.8679e-01 +9.1991e-01 +1.1886e+00 +2.1587e+00 +1.1412e+00 -1.2667e+00 -1.8703e+00 -4.7027e-01 +1.8000e-01 -1.3975e+00
143 0 +1.636897996e+03 +1.666867996e+03 +1.666867996e+03 -1.9722e-01 -6.2946e-01 -2.5305e+00 -3.3691e-01 +2.2744e+00 -5.0686e-01 -9.4448e-01 +1.2727e-01 -1.5307e+00 -2.0979e+00 -5.1216e-01 -2.7767e+00 +1.9106e+00 +2.6579e+00 +5.3408e-01 +1.9538e+00 +2.7785e+00 -5.4129e-01 +4.1451e-01 -1.0576e+00
224 0 +1.597490822e+03 +1.627460822e+03 +1.627460822e+03 +8.7819e-01 -2.1105e+00 -1.8741e+00 -1.7254e+00 +2.1776e+00 +1.0932e+00 -8.5178e-01 -2.5994e+00 +1.2092e+00 +8.0727e-01 +2.7991e+00 +2.1872e+00 +1.5631e+00 +1.9831e+00 -8.1375e-02 -1.0014e+00 +1.1533e+00 -7.7878e-01 +2.3880e+00 +2.9978e-01
333 0 +1.499029873e+03 +1.528999873e+03 +1.528999873e+03 -4.1354e-01 -1.7654e+00 -1.1855e+00 +4.2494e-01 +1.5393e+00 +1.6467e+00 +2.0085e-01 -8.3940e-01 +1.0771e+00 +9.5478e-01 -3.2454e-01 -2.6898e+00 +1.3762e+00 +1.3732e+00 +4.2258e-01 -2.0813e+00 -4.2511e-01 -1.5720e+00 +2.2046e+00 +8.9280e-02
948 0 +1.457138677e+03 +1.487108677e+03 +1.487108677e+03 +1.8223e+00 -1.6728e+00 -2.3354e+00 -1.3267e+00 +2.1492e+00 +5.2130e-01 +6.7951e-01 -7.7434e-01 -2.8280e+00 +3.1466e-01 +4.7088e-01 +6.5187e-01 +1.9020e-01 +1.0424e+00 -1.0712e+00 +1.5025e+00 -8.8540e-01 -1.4612e+00 +2.0987e+00 -1.9545e+00
1326 0 +1.401478969e+03 +1.431448969e+03 +1.431448969e+03 -2.3632e-02 -1.7066e-01 -2.4900e+00 -1.5676e+00 +2.1052e+00 +2.0170e+00 -2.0556e+00 -5.0279e-01 -8.9016e-01 -1.7259e+00 -1.5143e+00 +1.5283e+00 +1.7246e+00 +1.5080e+00 -1.4161e+00 -5.5759e-01 +9.7261e-02 -1.8007e+00 +2.2085e-01 -6.6372e-01
4381 0 +1.333363824e+03 +1.363333824e+03 +1.363333824e+03 +1.9655e+00 -9.1432e-01 -2.0940e-01 -1.5943e+00 +1.3425e+00 +1.1081e+00 -2.7608e+00 -1.9316e+00 +1.6165e+00 -1.8596e+00 +7.1058e-01 -2.7981e+00 +2.6246e+00 +1.7629e+00 -2.5300e+00 +2.1259e+00 -1.7063e+00 +2.8504e+00 -2.6083e-01 -3.3381e-01
14008 0 +1.291057739e+03 +1.321027739e+03 +1.321027739e+03 -7.9723e-01 -1.6283e+00 -2.5901e+00 -1.9596e+00 +2.4213e+00 +1.2281e+00 -2.1126e+00 -2.7228e+00 +1.8335e-01 -1.3283e+00 -2.3639e-01 -6.6011e-01 -3.2609e-02 +7.9378e-02 -5.6261e-01 -4.2788e-02 -2.3542e+00 -1.0263e+00 +2.7098e+00 +5.8314e-01
18828 0 +1.020803597e+03 +1.050773597e+03 +1.050773597e+03 +1.3370e+00 -4.6701e-01 -2.8692e+00 +1.0991e+00 +1.4519e+00 +2.0198e+00 -6.4631e-01 -9.9415e-01 +1.8441e+00 -1.6402e+00 +2.5997e+00 +7.7450e-02 +2.7356e+00 +1.0010e+00 -1.7987e+00 +1.6751e+00 -8.0547e-01 -2.7302e+00 +8.5402e-01 -1.8036e+00
263137 0 +9.966099982e+02 +1.026579998e+03 +1.026579998e+03 -5.2709e-01 -7.1438e-01 -2.7691e+00 -2.1909e+00 +1.0130e+00 +1.5974e+00 -2.8122e+00 -2.7271e+00 -2.0151e+00 -9.8007e-01 -1.4064e+00 -1.7096e+00 +2.7766e+00 +2.6460e+00 +9.0532e-01 +2.3195e+00 -1.9545e+00 -7.2742e-02 +3.2580e-01 -1.3294e+00
1322778 0 +8.907210538e+02 +9.206910538e+02 +9.206910538e+02 +1.4102e+00 -1.0287e+00 -2.4306e+00 -1.3621e+00 +2.3837e+00 +2.5979e+00 -1.4895e+00 -2.9302e+00 +2.9226e-01 -1.2297e+00 +1.1679e+00 -2.6636e+00 +2.7039e+00 +2.4154e+00 -5.7124e-01 +1.6896e+00 -4.5227e-01 +1.7679e+00 +1.9393e+00 -2.4504e+00
9398203 0 +8.701726566e+02 +9.001426566e+02 +9.001426566e+02 +2.2562e+00 -2.0766e+00 -1.8798e+00 -2.7770e+00 +2.8543e+00 +1.9593e+00 -2.9506e+00 -1.6235e+00 +2.6042e+00 -2.4959e+00 +1.2255e+00 -1.9079e+00 +2.8083e+00 +2.8073e+00 -1.6696e+00 +2.4629e+00 -1.3400e+00 -1.6954e+00 +2.3093e+00 +2.8343e-01
12312988 0 +8.010954478e+02 +8.310654478e+02 +8.310654478e+02 +1.7426e+00 -2.5335e+00 -2.5070e+00 -2.4717e+00 +2.4035e+00 +2.3548e+00 -2.9778e+00 -2.5637e+00 -2.0354e+00 -1.9551e+00 +7.9910e-01 -1.6299e+00 +2.5395e+00 +2.7971e+00 -6.6239e-01 +1.8581e+00 -1.7511e+00 -1.0765e+00 +5.6694e-01 -1.8444e+00
% f evaluations | g evaluations | best noise-free fitness - Fopt (-5.171000000000e+01) + sum g_i+ | measured fitness | best measured fitness or single-digit g-values | x1 | x2...
1 0 +3.499661062e+03 +3.447951062e+03 +3.447951062e+03 +1.9409e-01 +1.3709e+00 -2.3576e+00 +2.2881e+00 -2.4848e+00 +2.2783e+00 +2.9435e+00 +2.9007e+00 +1.8516e+00 +2.7102e+00 -8.5541e-01 -2.0346e+00 -7.7929e-01 -1.2154e+00 -8.2466e-01 -2.6294e+00 +5.4618e-01 -2.4854e+00 +7.0861e-01 -6.4418e-01
2 0 +3.313519482e+03 +3.261809482e+03 +3.261809482e+03 +1.4530e+00 +2.4816e+00 +2.4719e+00 +8.0481e-02 +5.2895e-01 +3.0599e-01 +2.2856e+00 -2.0191e+00 +2.6726e-01 -2.0492e+00 -7.7660e-01 +1.5013e+00 +3.5233e-01 +1.1920e+00 -1.1359e+00 -6.2319e-01 +2.2075e+00 +1.8755e+00 -2.7594e+00 -2.3898e+00
3 0 +2.776280680e+03 +2.724570680e+03 +2.724570680e+03 +5.5531e-01 -2.7647e+00 -1.6573e+00 +9.9207e-01 +8.6038e-01 -1.4563e+00 -1.6397e+00 +1.2672e+00 +2.1615e-01 +1.9124e+00 -6.9474e-01 -2.0070e+00 -9.5612e-01 +1.0637e-02 +2.6093e+00 -8.3347e-01 -1.0435e+00 +1.1275e+00 +2.7655e+00 -1.5631e+00
4 0 +2.502018640e+03 +2.450308640e+03 +2.450308640e+03 +1.8444e+00 +5.4249e-01 +3.8675e-01 -2.9315e+00 +2.7745e+00 -1.7137e+00 +1.2840e+00 -2.7007e+00 -2.8683e+00 +6.8478e-01 +2.4649e+00 -5.8948e-02 +4.3769e-01 -2.8118e+00 +1.6831e-01 +2.5255e+00 +1.0772e+00 +3.4410e-01 +2.2383e+00 -2.9205e+00
15 0 +2.344339425e+03 +2.292629425e+03 +2.292629425e+03 +2.9614e-01 +1.1619e+00 -1.6942e+00 -3.0316e-01 +9.3277e-02 -8.2033e-01 -8.6496e-01 +6.1611e-01 -2.1079e+00 +6.1186e-01 -8.7092e-01 +1.1812e+00 +2.7109e+00 -2.0742e-01 +1.7991e+00 +2.9167e+00 +2.1952e+00 +1.2364e+00 +2.1305e+00 +9.0218e-01
20 0 +2.177578188e+03 +2.125868188e+03 +2.125868188e+03 +1.0047e+00 -3.6817e-02 -2.1402e+00 +4.5011e-01 -4.2365e-01 -1.3116e+00 -2.3674e+00 +2.4144e+00 -9.7433e-01 +5.6940e-01 +4.9758e-01 +2.2468e+00 +2.4267e-01 +1.4327e+00 -2.0055e+00 +2.5443e+00 +6.6191e-01 +1.1789e+00 -2.9654e+00 +7.3143e-01
81 0 +1.964520160e+03 +1.912810160e+03 +1.912810160e+03 +2.8527e+00 +3.4768e-01 -1.1526e+00 -1.9060e-01 +1.8468e+00 -1.2121e+00 -1.9380e+00 +2.0456e+00 -9.1397e-01 +1.6632e+00 +1.7812e+00 +6.4611e-01 +2.2522e+00 +2.6381e+00 -2.2838e+00 +2.9298e+00 -3.8497e-01 +9.0217e-01 -6.4799e-01 +4.8146e-01
178 0 +1.915321817e+03 +1.863611817e+03 +1.863611817e+03 -3.3392e-01 -1.3509e+00 -1.4656e+00 -1.8958e+00 +2.9836e+00 -1.4202e+00 -1.2498e+00 +2.3679e+00 -2.0397e+00 +1.3330e+00 +3.7419e-01 +1.9727e+00 -1.5101e+00 +8.8623e-01 -1.6362e+00 +7.0272e-01 -6.4983e-01 -1.9888e-01 +5.1519e-01 +2.0169e+00
300 0 +1.823962236e+03 +1.772252236e+03 +1.772252236e+03 +2.2287e+00 +2.0114e+00 -2.7407e+00 -2.4177e+00 -9.8551e-01 +6.5976e-01 -1.3689e+00 -6.7064e-01 -2.7783e+00 -9.7504e-02 -1.0021e+00 +1.4159e+00 +2.9994e+00 +4.9574e-01 -2.7960e+00 +3.6598e-01 +5.2732e-01 +2.2102e+00 +2.2626e+00 +1.6981e+00
744 0 +1.815507374e+03 +1.763797374e+03 +1.763797374e+03 -2.6805e+00 +1.3031e+00 -2.6001e+00 -2.8055e+00 +1.0055e+00 -6.2754e-02 -2.1670e+00 +1.5241e+00 -3.9342e-01 +8.7062e-01 +2.9836e+00 -1.2573e+00 +1.5655e+00 -2.3148e+00 -1.0409e+00 -5.7230e-01 -3.2743e-01 +2.3701e+00 -1.2314e+00 +2.2525e+00
857 0 +1.704105156e+03 +1.652395156e+03 +1.652395156e+03 +2.5182e+00 +9.9141e-01 -9.0759e-01 -2.0362e+00 +2.4312e+00 +1.5642e+00 -2.7081e+00 +2.0967e+00 -6.6583e-02 +2.2346e+00 +2.5603e+00 +2.2511e+00 -4.3658e-01 -2.4544e+00 -1.5835e+00 +4.1163e-01 +1.5982e+00 +3.0655e-01 +2.4299e+00 +2.1065e+00
1199 0 +1.635745685e+03 +1.584035685e+03 +1.584035685e+03 +1.8310e+00 -8.0148e-02 -2.3679e+00 -1.1924e+00 +2.5589e+00 -3.6317e-01 -2.7504e+00 -1.0653e+00 -1.7881e+00 -6.4015e-01 +2.4581e+00 +1.5386e+00 +2.6777e+00 -2.1961e+00 -1.0786e+00 -1.6708e+00 -1.5929e+00 -1.8261e-01 +5.2736e-01 +2.2070e+00
21455 0 +1.609433461e+03 +1.557723461e+03 +1.557723461e+03 +1.4700e+00 +1.8183e+00 -4.3585e-01 -2.9782e+00 +1.0126e+00 +2.6821e+00 -1.6944e+00 -6.8353e-01 +1.5459e+00 +1.5653e-01 +2.6928e+00 -1.7892e+00 +1.4435e+00 -2.8438e+00 -4.4307e-02 +8.4536e-02 -2.8982e+00 +2.0076e+00 +6.1282e-01 +2.9941e+00
36490 0 +1.576176982e+03 +1.524466982e+03 +1.524466982e+03 +1.0513e+00 +1.9548e+00 -2.7102e+00 -2.4048e+00 +1.9935e+00 +1.6800e-01 +1.5775e-01 +2.0431e+00 -2.2525e+00 +1.9401e+00 +5.9380e-01 -3.2240e-01 -2.0442e+00 -7.7495e-01 -1.7838e+00 -4.6258e-01 +7.8340e-02 +2.9667e-01 +2.4492e+00 +2.2606e+00
38304 0 +1.540525587e+03 +1.488815587e+03 +1.488815587e+03 +2.6844e+00 +2.4024e+00 -2.1007e+00 -2.5183e+00 +6.2016e-01 +2.7227e+00 -1.5632e+00 +2.3452e+00 -1.9320e+00 +1.2671e+00 +2.8023e+00 +9.3618e-01 -2.9393e+00 +3.3302e-01 -1.6392e+00 +2.0949e+00 -1.5602e+00 +1.2400e+00 -4.3322e-01 -1.3056e+00
41538 0 +1.511795677e+03 +1.460085677e+03 +1.460085677e+03 +6.0137e-01 +2.4618e+00 -2.4032e+00 -7.8831e-01 +2.7806e-01 +1.6824e+00 -2.9064e+00 +2.8911e+00 -7.4918e-01 +1.3290e+00 +2.0847e+00 -2.3702e+00 +2.4390e+00 -2.2117e+00 -1.8848e+00 -9.1991e-01 -1.9038e+00 +2.6421e+00 +1.1393e+00 +2.5547e+00
133969 0 +1.477846742e+03 +1.426136742e+03 +1.426136742e+03 +1.3974e+00 +2.4226e+00 +6.3762e-01 -2.2152e+00 +2.8394e+00 +2.8530e+00 -1.7833e+00 +2.0091e+00 -1.6146e+00 -2.3624e+00 +2.6123e+00 +1.0269e+00 +2.0761e+00 +1.1733e+00 -3.8328e-01 +1.7212e+00 +1.6311e-01 +2.6411e+00 +2.3725e+00 +2.5164e+00
134922 0 +1.438573933e+03 +1.386863933e+03 +1.386863933e+03 +2.6013e+00 +2.0550e+00 -6.3797e-01 -5.2201e-01 -7.5049e-01 +1.4633e+00 -1.1920e+00 +1.5481e+00 -2.4085e+00 -1.3411e-01 +1.3150e+00 +1.6397e+00 +8.1245e-01 +8.4189e-01 -8.3174e-01 -2.7584e-01 -2.1980e+00 +2.1488e+00 +9.3948e-01 +2.7933e+00
146811 0 +1.405078000e+03 +1.353368000e+03 +1.353368000e+03 +2.5142e+00 +5.6602e-01 -2.9038e+00 -2.8069e+00 +2.3773e+00 +6.8312e-01 -6.4296e-01 +1.3923e+00 -2.0133e+00 -1.4607e+00 +1.8107e+00 +5.5074e-01 +4.2193e-01 -2.0650e+00 -7.6129e-01 +1.6410e+00 -2.9570e+00 +1.4251e+00 +9.1109e-01 +3.5796e-01
156587 0 +1.341419569e+03 +1.289709569e+03 +1.289709569e+03 -6.5282e-01 +2.5826e+00 -2.4310e+00 -2.8928e+00 +1.5386e+00 -1.4778e+00 -2.6077e+00 +1.4943e+00 -1.8158e+00 +1.4411e+00 +2.4554e+00 +1.9064e+00 +2.9204e+00 -1.1984e+00 -2.4490e+00 +1.3804e+00 -1.9492e+00 +1.0234e+00 +6.0257e-01 +2.3309e+00
228237 0 +1.226659191e+03 +1.174949191e+03 +1.174949191e+03 +2.4054e+00 +1.0503e+00 -1.9662e+00 -1.4053e+00 -2.9518e-01 +2.8472e+00 -8.3275e-01 +2.5460e+00 -1.9862e+00 -2.5298e-01 +2.6418e+00 +2.3763e+00 -6.2580e-01 -7.6594e-01 -1.9198e+00 +1.3324e+00 -2.6462e+00 +2.2241e+00 +1.1290e-01 +2.5140e+00
12238340 0 +1.160721435e+03 +1.109011435e+03 +1.109011435e+03 +1.8744e+00 +1.4955e+00 -2.5271e+00 -2.8313e+00 -1.1068e-01 +1.3083e+00 -2.7073e+00 +1.7027e+00 -2.0315e+00 +1.6665e+00 +1.4583e+00 +6.5704e-01 +4.6726e-01 -2.4085e+00 -2.2068e+00 +2.1241e+00 -2.6328e+00 +5.0038e-01 +1.2207e+00 +2.3333e+00
% f evaluations | g evaluations | best noise-free fitness - Fopt (-2.799500000000e+02) + sum g_i+ | measured fitness | best measured fitness or single-digit g-values | x1 | x2...
1 0 +3.180722160e+03 +2.900772160e+03 +2.900772160e+03 -1.4425e+00 -1.9464e+00 -2.8806e+00 -1.8744e+00 +3.3366e-01 +2.7702e+00 -1.6654e-02 +1.9414e+00 -1.5579e+00 +1.4117e+00 +2.0140e+00 +2.2387e+00 +2.4339e+00 -1.3651e+00 +1.1722e+00 +1.2276e+00 -2.8396e+00 +1.8833e+00 -1.7377e+00 -8.7278e-01
2 0 +2.564476044e+03 +2.284526044e+03 +2.284526044e+03 +1.3248e+00 -2.1251e+00 -2.4682e+00 -2.5874e+00 +3.3546e-02 -1.5415e+00 +2.4085e+00 -2.1013e+00 +3.4332e-02 -1.8942e+00 +1.3868e+00 -8.9620e-02 -2.1164e+00 -1.9038e+00 -2.0335e+00 -2.6523e+00 -1.0453e-01 +6.7665e-01 +1.5723e+00 +1.6258e+00
3 0 +2.453217697e+03 +2.173267697e+03 +2.173267697e+03 +2.5532e+00 -1.2275e+00 -1.7578e+00 +2.2411e+00 -2.6505e+00 +2.7605e+00 +1.2940e+00 +1.1174e+00 -1.5526e+00 -1.1915e+00 -2.5467e+00 -1.7989e-01 -1.4009e+00 -5.7725e-01 -1.2241e+00 +1.7213e+00 -2.9735e-01 +1.6454e+00 -2.6418e+00 -1.1069e+00
4 0 +2.331446448e+03 +2.051496448e+03 +2.051496448e+03 -2.1797e+00 -6.7463e-01 -1.3068e+00 -2.6517e+00 -2.6845e+00 -1.2666e+00 -1.7610e+00 +2.9954e-01 -1.3938e+00 +8.1767e-01 +1.5359e+00 +8.2554e-02 -5.4373e-01 +1.5593e+00 -3.7197e-01 +2.9952e+00 +1.7759e+00 +2.3401e+00 +2.7461e+00 -1.5338e+00
5 0 +2.173233338e+03 +1.893283338e+03 +1.893283338e+03 +1.6930e+00 -2.2716e+00 +2.1898e+00 -1.1013e+00 -2.2592e+00 +9.6190e-01 +2.2515e+00 +1.6776e+00 +2.6701e+00 -1.2605e+00 +8.4109e-01 +5.0204e-01 +2.8825e+00 +4.3001e-01 +1.1155e+00 +2.0933e+00 -2.4658e-01 +1.2302e+00 +1.2251e-01 -1.0560e+00
6 0 +2.034641997e+03 +1.754691997e+03 +1.754691997e+03 -2.2153e+00 -2.6784e+00 +1.3649e+00 -8.8519e-02 -1.9475e+00 +5.8631e-01 +7.7493e-01 -1.8880e-01 -5.1398e-01 +4.2146e-01 +2.9104e+00 +1.5257e+00 -3.3260e-01 -1.6175e+00 +2.4349e+00 +1.5821e+00 -1.0768e+00 -2.5882e+00 +1.0467e+00 +5.9181e-01
62 0 +1.928060603e+03 +1.648110603e+03 +1.648110603e+03 -2.7812e+00 -6.1291e-01 -2.0014e+00 -6.2077e-01 -2.8272e+00 -2.0592e+00 -3.9516e-01 -5.8939e-01 +1.6867e+00 -1.0573e+00 +2.9907e+00 -4.5597e-01 -2.5924e+00 -1.7559e+00 +2.4974e+00 -1.6367e+00 +1.2942e+00 +2.5175e-01 -2.5193e+00 +2.8276e-01
64 0 +1.892487961e+03 +1.612537961e+03 +1.612537961e+03 -9.1596e-01 +2.3497e+00 +1.5849e+00 +4.1065e-01 -2.3347e+00 -2.8663e-01 +9.2973e-01 +5.3624e-01 -1.1241e+00 -2.5620e+00 -1.5465e+00 +7.5065e-01 +1.7565e-01 -2.9886e+00 +1.8033e+00 -1.5718e+00 +2.2119e+00 +6.4597e-01 -7.5181e-01 -2.8388e-01
96 0 +1.528386039e+03 +1.248436039e+03 +1.248436039e+03 -1.1374e+00 -8.6940e-01 +5.3273e-01 +3.0694e-01 +6.4100e-01 -2.9684e+00 -1.2843e+00 -2.5806e+00 +7.8076e-01 -1.2513e+00 -2.3330e+00 -2.9556e+00 -2.4403e+00 -8.3406e-02 +8.9116e-01 +1.3870e+00 +2.4843e+00 +1.4918e+00 +1.8288e+00 +2.2290e-01
516 0 +1.475966723e+03 +1.196016723e+03 +1.196016723e+03 -1.0261e-02 -2.7392e+00 +1.7582e+00 +1.5900e+00 -2.1777e+00 -2.4552e+00 +1.2275e+00 -5.4099e-01 -1.8285e+00 -2.4623e+00 -3.5578e-01 -1.6152e+00 -8.9878e-01 +8.1093e-02 +1.7614e+00 +2.9504e+00 +1.6593e+00 +9.3697e-01 +5.1561e-01 +2.6247e+00
4422 0 +1.290100370e+03 +1.010150370e+03 +1.010150370e+03 -2.8146e+00 -1.9443e+00 +1.6540e+00 -2.6554e+00 -1.4428e+00 -2.8456e+00 -7.3476e-01 +5.2461e-01 +1.5702e+00 -2.9405e+00 -2.9690e+00 -1.2422e-01 -2.9585e+00 -1.4595e+00 -1.0181e+00 +1.6798e+00 -1.8945e-01 +1.5291e+00 +2.0599e+00 +2.1537e+00
89258 0 +1.188539765e+03 +9.085897650e+02 +9.085897650e+02 -2.7077e+00 -2.0951e+00 +1.1404e+00 -2.3500e+00 -2.4871e+00 -1.3823e+00 +1.0919e-01 -1.6160e+00 +1.8978e+00 -1.6218e+00 -8.0076e-01 -2.8342e+00 -2.0034e+00 -1.8583e+00 -4.4769e-02 +2.4319e+00 +2.3326e+00 +1.2431e+00 +1.6368e+00 -1.2715e-01
266781 0 +1.139256582e+03 +8.593065819e+02 +8.593065819e+02 -2.2404e+00 -2.9617e+00 +2.1571e+00 -1.3663e+00 -2.8399e+00 -1.8425e+00 -2.8711e-01 -1.5280e+00 +2.2844e+00 -1.0647e+00 +1.9375e+00 +8.4313e-01 -2.3607e+00 +2.3688e-02 +8.0252e-01 +2.4328e+00 +2.8681e+00 +3.1667e-01 -1.1429e-01 +6.7049e-02
1470765 0 +1.114336068e+03 +8.343860677e+02 +8.343860677e+02 -2.8109e+00 -1.3225e+00 +2.9640e+00 +2.2998e+00 -2.8963e+00 -1.8061e+00 -2.4709e+00 -1.2791e+00 -3.7371e-01 -2.2365e+00 -9.7237e-01 -1.6557e-01 -1.5953e+00 -5.6497e-01 -3.6728e-01 +2.0946e+00 +1.3009e+00 +2.7704e+00 -4.7154e-01 +2.7388e+00
1976392 0 +1.073585810e+03 +7.936358103e+02 +7.936358103e+02 -1.3230e+00 -2.8478e+00 +1.7847e+00 +1.3487e+00 -2.0675e+00 -2.9536e+00 -2.6844e+00 -1.9904e+00 +1.3491e+00 -2.9315e+00 -2.3903e+00 +1.6309e+00 -2.8670e+00 -3.7112e-01 +1.7032e+00 +2.5461e+00 +2.2707e+00 +1.4057e+00 +2.0528e-01 +9.7222e-01
2017134 0 +9.619550940e+02 +6.820050940e+02 +6.820050940e+02 -2.5424e+00 -2.7307e+00 +2.0653e+00 -8.1252e-01 -1.1835e+00 -2.0200e+00 -2.2040e+00 -7.1290e-01 +1.3145e+00 -1.7397e+00 -2.2349e+00 +1.4720e+00 -2.1056e+00 -5.3921e-01 -8.0976e-01 +2.0359e+00 +2.6992e+00 +2.2614e+00 +1.3912e+00 +1.5459e+00
% f evaluations | g evaluations | best noise-free fitness - Fopt (9.319900000000e+02) + sum g_i+ | measured fitness | best measured fitness or single-digit g-values | x1 | x2...
1 0 +3.130220578e+03 +4.062210578e+03 +4.062210578e+03 -4.8821e-01 +1.5019e+00 -1.8895e+00 -1.5168e+00 -2.6192e+00 -1.0097e+00 +5.2790e-01 +4.9487e-01 +1.8791e+00 -2.6108e+00 +1.5284e+00 +9.5463e-01 -1.9298e+00 +2.5945e+00 -2.5377e+00 +2.4355e+00 -2.2021e+00 -2.8334e+00 -2.1717e+00 +1.0561e+00
2 0 +2.080594355e+03 +3.012584355e+03 +3.012584355e+03 +2.2861e+00 -7.0210e-01 +1.3558e+00 -1.9881e+00 -1.2779e+00 +1.2921e+00 +7.5830e-02 +1.2585e+00 -2.3144e+00 -9.9267e-01 +1.4839e+00 +5.6874e-01 +8.9218e-02 -2.4230e+00 +8.0142e-01 +8.2734e-01 +2.5263e+00 +8.7751e-01 +1.0454e+00 -2.6972e-01
3 0 +1.833307834e+03 +2.765297834e+03 +2.765297834e+03 -2.5562e+00 +1.9814e+00 -2.2768e+00 -1.4777e+00 -7.0828e-01 -2.8151e+00 +6.3583e-01 -9.8361e-01 +1.7347e+00 +8.1836e-02 -1.6719e-01 -6.8349e-01 +2.5979e+00 +1.4046e+00 +2.7356e+00 +1.2609e+00 -5.4941e-01 -8.1241e-01 +1.5922e+00 -2.9150e+00
37 0 +1.769294408e+03 +2.701284408e+03 +2.701284408e+03 +1.5559e+00 +2.7122e+00 +2.0095e+00 -1.1826e+00 -2.6200e+00 +1.6025e+00 -2.6295e+00 -1.7584e+00 -3.8163e-01 +2.8430e+00 +2.1744e+00 +5.6366e-02 -1.1975e+00 -1.4741e+00 +1.8396e+00 +2.6720e+00 +1.5196e+00 +1.2007e+00 +2.8575e+00 +1.9265e+00
150 0 +1.712983322e+03 +2.644973322e+03 +2.644973322e+03 -1.2750e+00 +7.1141e-01 +6.7199e-01 +1.8012e+00 +1.9451e+00 -2.2391e+00 -2.0538e-01 -1.4869e+00 +3.8630e-01 +6.4117e-01 -1.8380e+00 +4.4619e-01 -2.7750e+00 -1.9568e+00 +1.9892e+00 -6.8703e-02 -2.9630e+00 +9.0626e-01 -4.7358e-01 -8.4422e-01
326 0 +1.554033998e+03 +2.486023998e+03 +2.486023998e+03 +2.9145e+00 -5.3689e-01 -2.0465e+00 +1.4562e-01 +1.2185e+00 -2.5232e+00 +5.3389e-01 -1.8272e+00 -2.1740e+00 +2.5475e+00 +2.4081e+00 +1.0869e+00 +1.9482e+00 -1.2723e+00 +1.2736e+00 -5.0814e-01 -1.8309e+00 +8.7219e-01 +6.5940e-01 +1.3839e+00
371 0 +1.443053723e+03 +2.375043723e+03 +2.375043723e+03 -2.7895e-02 +1.0171e+00 +1.5709e+00 +4.3280e-01 -7.6560e-01 -2.9020e+00 -8.8421e-01 -2.8639e+00 -1.3388e+00 -3.2316e-01 +2.0805e-01 -2.1353e+00 +4.3737e-02 +2.7395e-01 +1.2441e+00 -4.6010e-01 -6.1763e-02 -1.1822e+00 +6.8284e-01 +2.6603e-01
3015 0 +1.332592188e+03 +2.264582188e+03 +2.264582188e+03 +1.8574e-01 -6.3577e-01 +1.7162e+00 -2.2187e+00 -2.2679e-01 -1.9166e+00 -1.7645e-01 -1.1181e+00 -1.8441e+00 +2.3307e+00 +2.7245e-01 -1.7380e+00 +3.8864e-01 +3.9966e-01 +7.0165e-01 +1.8498e+00 +6.0089e-01 -1.6132e+00 +2.4310e+00 +1.9372e-01
4008 0 +1.214606197e+03 +2.146596197e+03 +2.146596197e+03 +2.6696e+00 +1.8350e+00 +7.9097e-01 +1.0335e+00 -2.7614e-01 -2.9991e+00 +5.6507e-01 -2.6110e+00 -3.2096e-01 +2.7220e+00 +2.9663e+00 +9.4395e-01 +8.4487e-01 -1.9410e+00 +3.5674e-01 +2.2878e+00 -1.9735e+00 -3.3551e-01 +2.3680e+00 -1.5065e+00
17561 0 +1.195891457e+03 +2.127881457e+03 +2.127881457e+03 +2.2792e-01 -6.8137e-01 +5.2788e-01 -1.6720e+00 -9.9834e-02 -2.5064e+00 -1.7670e+00 -2.2443e+00 -1.1552e+00 +1.8800e+00 +1.6507e+00 -2.0459e-01 -5.2584e-01 -2.4085e+00 +1.3407e+00 +2.4951e+00 -9.2854e-01 -1.7816e+00 +2.8173e+00 +3.8183e-01
28607 0 +1.125691744e+03 +2.057681744e+03 +2.057681744e+03 +2.2421e+00 -1.7075e+00 +1.6947e+00 -1.6483e+00 +2.0460e+00 -5.2282e-01 -9.9872e-01 -1.3597e+00 -2.8310e-01 +2.7771e+00 +1.9138e+00 +7.2460e-01 -8.6823e-01 -1.4758e+00 +1.0182e+00 +2.5557e+00 -1.3018e+00 -5.5654e-01 +2.4608e+00 -1.6073e+00
65864 0 +1.082230647e+03 +2.014220647e+03 +2.014220647e+03 +2.0679e+00 +2.3202e-01 +2.9527e+00 -6.5548e-01 +2.4778e+00 -2.9661e+00 +1.0071e+00 -2.2574e+00 +1.7463e+00 +1.4436e+00 +1.7082e+00 -2.9980e+00 +1.0865e+00 -1.4135e+00 +2.3970e+00 +1.3983e+00 -1.3440e+00 -2.5631e+00 +2.0368e+00 -7.4226e-01
122753 0 +1.036853441e+03 +1.968843441e+03 +1.968843441e+03 +2.7477e+00 +9.9789e-01 +2.7592e+00 +7.8890e-01 +1.4633e+00 -2.7469e+00 +2.4473e+00 -2.8315e+00 -2.1890e+00 +2.7798e+00 +1.1148e+00 +1.7021e+00 -1.2077e+00 +1.8981e-01 +2.6086e+00 -5.8885e-01 -1.3467e+00 -1.4851e+00 +2.2251e+00 +8.6488e-01
194827 0 +1.023227359e+03 +1.955217359e+03 +1.955217359e+03 +1.8832e+00 -7.7868e-01 +7.1788e-01 +1.2014e+00 -1.2582e-01 -2.8115e+00 +8.3724e-01 -2.4472e+00 -1.9535e+00 +2.7187e+00 +2.6706e+00 -2.3964e+00 -1.3300e+00 -6.9832e-01 +2.0769e+00 +1.1254e+00 -2.9055e+00 -9.1332e-01 +2.6849e+00 +1.9948e+00
236357 0 +9.116918141e+02 +1.843681814e+03 +1.843681814e+03 +2.3802e+00 -1.0654e+00 +2.0911e+00 +9.8863e-03 +1.3626e+00 -1.9976e+00 +2.5467e+00 -2.8569e+00 -2.9206e+00 +1.8301e-01 +1.8001e+00 -1.0699e+00 +2.1089e-01 -2.8622e+00 +1.2860e+00 +2.7077e+00 -7.9230e-01 -2.8180e+00 +2.5185e+00 +3.0335e-01
6384547 0 +8.550030634e+02 +1.786993063e+03 +1.786993063e+03 +7.0656e-01 +1.0578e+00 +2.3100e+00 -1.7447e+00 +1.2190e+00 -2.7703e+00 +2.4095e+00 -2.9974e+00 -1.0868e+00 +6.3168e-01 +7.7127e-01 +4.2250e-01 -3.2506e-01 -2.8392e+00 +2.0308e+00 +1.9465e+00 -6.9768e-01 -1.5524e+00 +2.2712e+00 +5.2043e-01
10826448 0 +8.475448753e+02 +1.779534875e+03 +1.779534875e+03 +1.3954e+00 +2.4662e+00 +1.4381e+00 -1.5190e+00 +1.5361e+00 -1.7473e+00 +2.8231e+00 -2.5206e+00 -2.7603e+00 -1.3916e-01 +2.2732e+00 -6.8507e-02 -5.0238e-01 -4.7958e-01 +1.9539e+00 +1.8063e+00 -1.6674e+00 -2.9502e+00 +1.5023e+00 -7.8592e-01
12723946 0 +8.274830954e+02 +1.759473095e+03 +1.759473095e+03 +1.8730e+00 +6.6827e-01 +2.5966e+00 -1.7430e-01 +1.6375e+00 -1.7860e+00 -1.4196e-01 -2.4585e+00 +6.9209e-01 +2.8762e+00 +2.8235e+00 +3.8582e-01 -1.1361e+00 -2.7420e+00 +2.9414e+00 +1.7434e+00 -1.2321e-01 +8.1884e-01 +2.4970e+00 -2.5949e-01
15109566 0 +7.947439121e+02 +1.726733912e+03 +1.726733912e+03 +1.1341e+00 +2.3170e+00 +2.9877e+00 -1.0737e+00 +1.8120e+00 -2.6779e+00 +1.7186e+00 -2.4112e+00 -6.2184e-01 +1.2438e+00 +2.0607e+00 -2.8400e+00 -3.3993e-01 -3.4343e-01 +2.8860e+00 +1.8233e+00 -3.4220e-01 -1.4890e+00 +2.1428e+00 -1.8862e-01
% f evaluations | g evaluations | best noise-free fitness - Fopt (1.133100000000e+02) + sum g_i+ | measured fitness | best measured fitness or single-digit g-values | x1 | x2...
1 0 +2.494412019e+03 +2.607722019e+03 +2.607722019e+03 -1.7306e+00 -5.9493e-01 +2.2997e+00 -7.5879e-01 -5.7605e-02 +5.4664e-01 -1.0716e+00 +3.1524e-01 +1.9626e+00 +7.9918e-01 -2.6859e+00 -8.0853e-01 -2.5601e+00 +1.1556e+00 +2.0642e+00 -2.4339e+00 +1.3271e+00 -2.1549e-02 +1.7211e+00 +1.2378e+00
4 0 +2.038970425e+03 +2.152280425e+03 +2.152280425e+03 +5.4347e-01 +1.7272e+00 +2.1519e+00 +1.1322e+00 +1.3875e+00 -6.0914e-01 -1.9119e+00 +2.5534e+00 +2.6612e-01 +2.6132e+00 -5.7001e-01 +1.9101e+00 +2.3924e+00 -2.0783e+00 +9.6862e-01 +1.7281e+00 -2.9893e+00 -3.5660e-02 +1.6177e-02 -1.4584e+00
6 0 +1.945344278e+03 +2.058654278e+03 +2.058654278e+03 +8.8379e-01 +2.1365e+00 +1.1447e+00 +2.9842e+00 +2.4395e+00 +2.3044e+00 +6.8674e-01 +6.3181e-01 +2.3830e+00 +1.9904e+00 -2.5944e+00 +2.4722e+00 +1.6854e+00 +4.9730e-01 +9.0906e-01 +2.7278e+00 -1.5168e+00 -4.2451e-02 +2.9556e+00 -2.8945e+00
14 0 +1.861610805e+03 +1.974920805e+03 +1.974920805e+03 -4.2598e-01 -1.0982e+00 +2.6409e+00 +2.8135e+00 +1.6172e+00 +5.8262e-01 +8.5617e-01 +1.1423e-01 +1.9473e+00 -1.7991e+00 -8.7500e-01 +1.0409e+00 +1.1639e+00 -1.0317e-01 -2.0684e+00 +1.1260e+00 -2.4851e-01 +1.1444e-01 +3.8347e-01 -4.0203e-01
15 0 +1.435033625e+03 +1.548343625e+03 +1.548343625e+03 +2.0915e+00 +1.1214e+00 -1.0459e-03 +2.3203e+00 -1.0840e+00 +1.4850e+00 -7.4602e-01 -2.5712e+00 +1.5310e+00 -1.1767e+00 +7.9999e-01 +4.5846e-01 -1.5372e+00 -1.8057e+00 +2.8164e-01 +2.6963e+00 -1.9312e+00 +2.7609e+00 +1.5798e+00 -2.4658e+00
157 0 +1.408551342e+03 +1.521861342e+03 +1.521861342e+03 -1.5238e-02 -2.0064e+00 +2.0924e+00 -7.4297e-01 +1.2520e+00 -3.1420e-01 -2.1459e+00 -1.1906e+00 +1.6191e+00 +1.9385e+00 -1.9561e+00 +1.7263e+00 -1.3144e+00 -2.2395e+00 -2.3163e+00 +1.6888e+00 +1.2663e+00 -9.9015e-01 -1.9710e+00 -2.9690e+00
4580 0 +1.333190387e+03 +1.446500387e+03 +1.446500387e+03 +3.3563e-01 +2.7892e+00 +1.2936e+00 +1.0433e+00 -3.5205e-01 -2.5407e-01 +2.0166e+00 -2.1439e+00 +7.9586e-01 +9.7677e-01 -1.5442e+00 +5.8903e-01 -1.5828e+00 -2.6667e+00 -1.4868e+00 +2.8516e+00 +1.2421e+00 +2.5911e+00 -1.2388e+00 -2.8644e-02
4883 0 +1.274229713e+03 +1.387539713e+03 +1.387539713e+03 +1.3885e+00 +9.1538e-01 +2.1806e+00 -3.8878e-01 +2.8799e-01 +2.4297e-01 +1.8419e+00 -4.4328e-01 +1.1810e+00 +1.7838e+00 -8.9231e-01 +1.7846e+00 -2.8933e+00 -2.3968e+00 -1.4952e+00 +2.0563e+00 +1.4232e+00 +2.6602e+00 +7.8065e-01 -7.3378e-01
8099 0 +1.248875469e+03 +1.362185469e+03 +1.362185469e+03 +1.9203e+00 -4.7131e-01 +1.1996e+00 +1.6215e+00 +1.5826e+00 -2.3421e+00 -9.7989e-01 -1.6595e+00 +2.1164e+00 -1.6184e+00 +8.0517e-02 +8.3233e-01 -2.6792e+00 -1.7562e+00 -1.9829e+00 +1.3194e+00 +2.1449e+00 +2.1270e+00 -4.5118e-01 +1.1130e+00
8794 0 +1.149370157e+03 +1.262680157e+03 +1.262680157e+03 -1.1662e+00 +2.9709e+00 +7.6982e-01 +2.3169e+00 +1.6437e+00 -8.8341e-01 -4.4917e-01 -1.1104e+00 +4.4621e-01 -2.6173e+00 -7.6374e-01 +2.5305e+00 -3.8036e-01 -7.5593e-01 +4.0663e-02 +2.5920e+00 -3.1566e-01 +6.7333e-01 -1.9049e+00 -2.1329e+00
9652 0 +1.109673388e+03 +1.222983388e+03 +1.222983388e+03 +2.2159e+00 +9.5895e-01 +5.1728e-02 -1.4449e-01 +1.7474e+00 +8.4616e-01 +2.0578e-01 -2.6399e+00 +9.6970e-01 -4.6346e-01 -1.7041e+00 +2.2466e+00 -2.7085e+00 +6.9832e-01 +1.9008e+00 +2.9616e+00 +1.8731e+00 +1.9891e+00 -1.4760e+00 -6.6573e-01
44364 0 +1.077119933e+03 +1.190429933e+03 +1.190429933e+03 +9.5136e-01 +1.9846e+00 +3.9624e-01 +1.8572e+00 -7.7054e-01 -2.4948e+00 -7.3389e-01 -2.1356e+00 +2.3502e+00 +1.4839e+00 -1.0371e+00 +1.9419e+00 -2.6380e+00 -1.1157e+00 +8.6389e-01 +2.8605e+00 -9.8053e-02 +4.1576e-01 -2.6272e+00 +2.9559e-01
70116 0 +9.715631035e+02 +1.084873103e+03 +1.084873103e+03 +1.2049e+00 +1.4587e+00 +1.5968e+00 -1.2542e+00 +1.3262e+00 -2.0439e+00 +1.5970e-01 -1.1798e+00 +1.3537e+00 -2.9051e-01 -1.4176e+00 +2.4130e+00 -1.8217e+00 -1.8002e+00 -1.8986e+00 +2.7762e+00 +2.5609e+00 +1.0185e+00 -1.4102e+00 -4.9371e-01
238333 0 +9.148074319e+02 +1.028117432e+03 +1.028117432e+03 -1.0200e+00 +2.8266e+00 +1.2388e+00 +4.1384e-01 +1.7386e+00 -1.1435e+00 -1.8750e+00 -1.9943e+00 +1.5796e+00 -3.9133e-01 -2.4411e+00 +2.9740e+00 -2.3771e+00 +4.1503e-01 -2.3353e+00 +2.7467e+00 +1.9408e+00 +2.2062e+00 -8.7932e-02 -2.1776e+00
541121 0 +8.405402999e+02 +9.538502999e+02 +9.538502999e+02 +2.1260e+00 +1.6194e+00 +3.1305e-01 +2.5942e+00 +2.4131e+00 +5.0951e-01 -7.7093e-01 -2.0584e-02 +3.3698e-01 -3.9222e-01 -2.3849e+00 +2.5593e+00 -1.9056e+00 -7.4570e-01 -4.6410e-01 +2.0750e+00 +2.7670e+00 +2.6497e+00 -2.5790e+00 -1.8962e+00
1406282 0 +7.341553397e+02 +8.474653397e+02 +8.474653397e+02 +2.7573e+00 +1.7979e+00 +1.6963e+00 +9.3629e-01 -6.2587e-02 -2.3303e+00 -2.8675e-01 -1.4686e+00 +2.3200e+00 -2.9914e-01 -1.4584e+00 +4.8941e-01 -2.9509e+00 -1.3071e+00 -4.4228e-02 +2.8103e+00 +1.3078e+00 +2.6423e+00 -2.5715e+00 -1.8469e+00
11845939 0 +6.748425402e+02 +7.881525402e+02 +7.881525402e+02 +1.9373e+00 +1.8378e+00 +3.8503e-01 +1.0624e+00 +1.9070e+00 -1.5644e-01 +6.8974e-01 -2.9068e+00 +2.2162e+00 +1.1086e+00 -5.0290e-01 +2.7251e+00 -2.8620e+00 -1.5464e+00 -2.8751e+00 +1.1789e+00 +2.7688e+00 +2.7345e+00 -1.2335e+00 -2.8615e+00
% f evaluations | g evaluations | best noise-free fitness - Fopt (2.849000000000e+01) + sum g_i+ | measured fitness | best measured fitness or single-digit g-values | x1 | x2...
1 0 +2.123729927e+03 +2.152219927e+03 +2.152219927e+03 -1.7265e+00 +1.5273e+00 -1.3451e+00 +1.7426e+00 -8.4824e-01 -2.0620e+00 +1.1605e+00 -9.1554e-01 +1.1653e+00 +5.6549e-01 -1.2511e+00 +1.7528e+00 +2.8953e+00 +5.1272e-01 -2.3255e+00 -1.8855e+00 +1.6436e+00 +2.8290e+00 -1.3870e+00 +2.9277e+00
2 0 +1.933982890e+03 +1.962472890e+03 +1.962472890e+03 -3.5023e-01 +2.6147e+00 -2.2587e+00 -8.2338e-01 -2.5903e+00 +5.8433e-01 +2.0802e+00 +5.7712e-01 -9.0018e-01 +2.1708e+00 +2.7868e+00 +2.3549e-01 +6.2890e-01 +3.4438e-01 +2.8871e-01 -2.8465e+00 +1.0292e+00 +2.7562e+00 +1.5999e+00 -2.5827e-01
6 0 +1.895232319e+03 +1.923722319e+03 +1.923722319e+03 +2.9089e+00 +1.9717e+00 +5.7930e-01 -2.4532e+00 -2.7211e+00 -6.8170e-01 +1.2449e+00 -3.3408e-01 +2.6456e+00 +5.7220e-02 -1.7354e+00 +8.4866e-01 -2.0810e+00 +2.0130e-01 +1.1677e+00 +1.3036e+00 +2.5501e+00 -1.6447e-01 +3.6210e-01 -5.9061e-01
18 0 +1.624352312e+03 +1.652842312e+03 +1.652842312e+03 +2.4585e+00 +4.2550e-01 -2.3897e-01 -2.9917e+00 +8.5909e-01 +7.6193e-01 +7.8835e-01 +7.9599e-01 -1.3049e+00 +2.1001e+00 +6.8242e-01 +1.1177e+00 +2.0113e+00 +2.2651e+00 -2.6878e+00 -8.6027e-01 -1.9492e+00 -1.8146e+00 +1.6078e+00 +1.8518e+00
25 0 +1.463097036e+03 +1.491587036e+03 +1.491587036e+03 -2.7071e+00 +1.9396e+00 +1.1038e+00 -2.1831e+00 -2.5540e+00 -4.9302e-01 +1.4684e+00 +1.2202e+00 -2.7103e+00 +7.5259e-01 -2.2276e-01 +2.9520e+00 -2.6312e+00 +1.2036e+00 -7.7858e-01 +2.3622e+00 -3.7065e-01 -5.2292e-01 -2.0547e+00 -4.3079e-01
129 0 +1.335331259e+03 +1.363821259e+03 +1.363821259e+03 -1.4554e+00 -7.8720e-01 +1.5555e+00 -2.0143e+00 -1.5584e+00 +1.8861e+00 +1.4383e+00 +2.9512e+00 +1.4633e+00 +1.3488e+00 -6.4559e-01 -6.0801e-01 -2.8918e+00 -2.3166e+00 -2.8398e+00 +1.8170e+00 -7.1933e-01 -4.8354e-01 -1.7838e+00 +1.6002e+00
171 0 +1.186300762e+03 +1.214790762e+03 +1.214790762e+03 +2.4741e-01 -2.7007e+00 +2.7380e+00 -2.9602e+00 -2.5186e-01 +8.9057e-01 +1.8789e+00 -2.0449e-01 -1.3538e+00 +2.4099e+00 -7.2753e-01 -4.2127e-01 +2.0037e+00 -1.7935e+00 -1.5012e+00 +1.9283e+00 +3.6218e-01 -1.4196e-01 -2.6733e+00 -7.4890e-02
1607 0 +1.086696019e+03 +1.115186019e+03 +1.115186019e+03 +4.6000e-01 +1.1650e+00 +1.6240e+00 -2.9416e+00 -2.8268e+00 +2.0967e-01 +1.9754e+00 -9.4325e-01 -2.5379e+00 +1.8383e+00 +7.8681e-01 +9.9016e-01 +1.0142e+00 -4.3576e-01 -6.8373e-01 -5.5905e-01 -1.3316e+00 +2.8669e+00 -2.4960e+00 +1.3907e+00
2483 0 +1.018931024e+03 +1.047421024e+03 +1.047421024e+03 +2.5491e+00 -1.3384e+00 -1.3611e+00 -1.1337e+00 -1.2603e+00 +2.4655e+00 +2.2200e+00 +1.8889e+00 -1.7930e+00 +2.8234e+00 -2.2711e-01 -2.2114e+00 +2.4722e+00 +2.1363e+00 +3.9981e-01 +9.6613e-01 -2.1400e+00 +1.3915e+00 -1.3907e+00 +1.2658e+00
7023 0 +9.879600646e+02 +1.016450065e+03 +1.016450065e+03 -2.7542e-01 -1.6479e+00 +4.2980e-01 -1.2769e+00 -2.1933e+00 +1.6892e+00 -2.1461e-01 +1.5259e+00 +8.1240e-01 +1.1147e+00 +1.2984e+00 +3.9149e-02 +1.6036e-01 +3.7600e-01 -2.6988e+00 +9.9354e-02 -1.0417e+00 +1.6142e+00 -2.4650e+00 +1.2887e+00
69297 0 +9.402776746e+02 +9.687676746e+02 +9.687676746e+02 +1.1334e+00 -7.6882e-01 -7.0054e-01 -2.4021e+00 -1.9753e+00 +5.2625e-01 +1.0303e+00 +2.2209e+00 -1.8240e+00 -3.2036e-01 -1.1223e+00 +5.6521e-01 +1.2801e+00 -1.0827e+00 -2.1674e+00 +1.8686e+00 -1.0772e+00 +1.3361e-01 -2.3475e+00 +1.2937e+00
138876 0 +9.259969180e+02 +9.544869180e+02 +9.544869180e+02 -7.3894e-01 -7.9106e-01 +9.1873e-01 -1.7428e+00 -1.0847e+00 +2.7513e+00 +2.0816e+00 +2.2423e+00 -2.7900e+00 +1.5873e+00 -6.4766e-01 -3.8383e-01 +1.9681e+00 +4.9082e-02 +1.5892e+00 +1.1359e+00 -1.6856e+00 +2.9218e+00 -2.7147e+00 -1.1400e+00
185091 0 +9.113737629e+02 +9.398637629e+02 +9.398637629e+02 -1.6644e+00 +4.4715e-01 +8.3352e-01 -1.8961e+00 -2.7372e+00 +1.8344e+00 +2.6987e-01 +4.0769e-01 -2.1554e+00 +7.5370e-01 -3.6718e-02 -7.1097e-01 +2.7342e+00 -7.4120e-01 -2.6540e+00 +1.3944e+00 -6.9073e-01 +1.1098e+00 -2.1040e+00 -2.6747e-02
425645 0 +8.570056262e+02 +8.854956262e+02 +8.854956262e+02 -1.7511e+00 -2.8014e-01 -3.7508e-01 -2.7438e+00 -2.6109e+00 +1.4225e+00 +2.3819e+00 +2.3650e+00 -1.2530e+00 +2.3662e+00 -1.0113e+00 +8.9291e-01 +1.4546e-01 -1.4585e+00 -4.5636e-01 +7.7779e-01 +2.2761e-01 +7.8898e-01 -2.5177e+00 +2.9361e+00
683821 0 +7.361201459e+02 +7.646101459e+02 +7.646101459e+02 +1.8421e-01 -1.2334e+00 +5.7390e-01 -2.5140e+00 -2.5237e+00 +1.8613e+00 +6.3594e-01 +2.7956e+00 -2.3198e+00 +2.3223e+00 -1.1240e+00 -1.0603e+00 +4.2228e-01 +1.4529e+00 -2.3313e-01 +1.1729e+00 -2.8309e-02 +4.6927e-01 -1.8585e+00 +7.5093e-01
3510456 0 +6.778126443e+02 +7.063026443e+02 +7.063026443e+02 +2.9345e-01 +7.9952e-01 +1.1083e+00 -2.6611e+00 -9.1624e-01 +2.7429e+00 +1.5464e+00 +9.8226e-01 -1.3561e+00 +2.3076e+00 +1.1779e+00 +2.0068e-01 +1.3363e+00 -1.7478e-01 -5.1150e-01 +2.7678e+00 +3.9998e-01 +1.8003e+00 -2.9993e+00 +2.7948e+00
15793258 0 +6.123246322e+02 +6.408146322e+02 +6.408146322e+02 -1.6038e+00 -1.4169e+00 +2.6590e-01 -2.9894e+00 -2.5709e+00 +1.1738e+00 +2.0093e+00 +1.8290e+00 -9.3884e-01 +1.8220e+00 +7.9870e-02 -5.6771e-01 +5.5222e-01 -2.5447e-01 -1.6902e+00 +2.0022e+00 -1.2018e+00 +2.6278e+00 -2.5980e+00 +9.6072e-02
% f evaluations | g evaluations | best noise-free fitness - Fopt (-7.405800000000e+02) + sum g_i+ | measured fitness | best measured fitness or single-digit g-values | x1 | x2...
1 0 +2.223806399e+03 +1.483226399e+03 +1.483226399e+03 -7.9188e-02 +7.9104e-01 -5.0680e-01 +1.9735e+00 +2.2047e+00 -7.1486e-01 +1.3034e+00 +2.6121e+00 -2.6926e+00 -7.5299e-01 -8.8241e-01 +7.4102e-01 +8.9640e-01 +2.6311e+00 -2.5175e+00 -1.9674e-01 -1.2565e+00 +1.8994e+00 -5.7883e-01 -1.7056e+00
7 0 +2.087143763e+03 +1.346563763e+03 +1.346563763e+03 +2.7385e-01 +8.7027e-01 -1.5549e+00 -4.9847e-01 -2.4206e+00 +1.2700e+00 +1.7250e+00 +2.5645e+00 +1.6833e+00 +1.6076e+00 +1.1886e+00 +1.1957e+00 +1.4440e+00 +1.1354e+00 -1.4083e-01 -7.5661e-01 -1.6291e+00 -1.5286e+00 -2.2288e+00 +2.3018e+00
11 0 +1.907769224e+03 +1.167189224e+03 +1.167189224e+03 -1.7353e+00 -1.6173e+00 -2.7037e+00 -1.4354e+00 -2.9464e+00 +4.0718e-01 -5.7055e-01 +2.3548e+00 -9.1736e-01 +1.8900e+00 -7.3781e-01 -1.5479e+00 +5.5800e-01 +9.5614e-01 -8.1551e-01 +2.5312e+00 +1.6129e+00 -1.7208e+00 -2.4791e+00 +2.3980e-01
31 0 +1.870206588e+03 +1.129626588e+03 +1.129626588e+03 -2.9191e+00 +2.7744e-01 +1.2269e+00 -1.3329e+00 -1.5164e+00 +3.8374e-01 +1.5723e+00 +1.9973e+00 +1.2653e+00 +2.5930e+00 +2.4218e-01 +4.2800e-01 -1.4314e+00 +1.5903e+00 +3.9514e-01 +1.6665e-01 -1.4036e+00 +1.6686e+00 -1.6935e+00 +2.2440e+00
186 0 +1.803547071e+03 +1.062967071e+03 +1.062967071e+03 +1.7018e+00 -1.6246e+00 -2.3387e+00 -1.9920e+00 -2.1245e+00 +5.6741e-01 -4.9063e-01 -2.5612e+00 -5.7728e-01 -1.0766e+00 +1.4633e+00 +2.1888e+00 +6.8703e-01 +2.9252e+00 -1.2398e-01 +2.7304e+00 -2.5650e+00 +2.4685e+00 -1.8470e+00 +3.3408e-02
191 0 +1.708598908e+03 +9.680189078e+02 +9.680189078e+02 -7.8049e-01 +2.6520e+00 -1.3416e+00 -1.3659e+00 -2.2760e+00 +1.9648e+00 +1.2499e+00 +2.1431e+00 +1.8193e-01 +9.0529e-02 -2.3418e+00 +1.3075e+00 +1.6082e+00 -2.4410e+00 +1.4133e+00 +2.0828e+00 -2.2777e+00 +2.9534e+00 -9.5619e-01 +1.0526e+00
309 0 +1.645992622e+03 +9.054126221e+02 +9.054126221e+02 -2.9243e+00 -1.4237e-01 +2.5336e+00 +1.8875e+00 -8.7809e-01 -1.6464e+00 -1.9269e+00 +2.3948e+00 -2.2424e+00 -2.2139e+00 -2.5677e+00 +1.4124e+00 -1.4600e+00 -2.4638e-01 +1.7580e+00 +2.1029e+00 -9.9660e-01 +2.5945e+00 -5.9550e-01 -1.7017e+00
626 0 +1.613543685e+03 +8.729636846e+02 +8.729636846e+02 +5.8676e-01 +1.9947e+00 -2.5249e+00 +8.8362e-01 -5.6511e-01 +1.1984e+00 +7.9671e-01 +2.6356e+00 -2.8190e+00 +1.1636e+00 -2.7940e+00 +2.3216e+00 +2.1477e-01 -1.4813e+00 -1.8743e+00 +2.7082e+00 -5.2777e-01 -2.6036e-01 -2.3655e+00 +8.1813e-01
788 0 +1.546932806e+03 +8.063528061e+02 +8.063528061e+02 -1.9410e+00 -1.4266e+00 -1.1677e-01 +1.9522e-01 -2.2150e-01 -1.1414e-02 -2.5665e+00 -6.6231e-01 -3.8598e-01 +8.7420e-02 -2.3924e+00 +2.1377e+00 -1.2083e+00 +1.9265e+00 -1.3430e+00 +2.8630e+00 +1.5726e+00 +2.3992e-01 -1.4002e+00 +2.7110e+00
1246 0 +1.486015424e+03 +7.454354244e+02 +7.454354244e+02 +1.7984e-01 +2.2102e+00 -2.4503e+00 -9.0468e-01 -2.9763e+00 +1.2676e+00 +3.7251e-01 +2.7880e+00 -1.2954e+00 -9.4643e-01 -2.8343e+00 +2.5836e+00 -2.4838e+00 +2.4604e+00 -1.1346e+00 +2.0212e+00 -2.7294e-01 +1.7946e+00 +9.2948e-01 -1.4184e+00
3076 0 +1.355682204e+03 +6.151022040e+02 +6.151022040e+02 -2.7025e+00 -2.5094e-01 +3.7731e-01 +1.0531e+00 +8.0406e-01 +2.5718e+00 +1.2286e+00 +8.7608e-01 -4.7455e-01 +1.2627e+00 -2.8825e+00 +2.3912e+00 -7.2777e-02 +1.8738e+00 -1.5577e+00 +2.7430e+00 -1.6271e+00 +2.5352e+00 -2.7355e+00 +1.1402e+00
6706 0 +1.225342112e+03 +4.847621122e+02 +4.847621122e+02 -2.3583e+00 +9.1238e-01 -2.7894e+00 +5.4079e-01 -5.2272e-01 +2.9884e+00 -1.8963e+00 +1.2697e+00 -1.5993e+00 +3.5529e-02 -6.3905e-01 +2.3184e+00 +3.7975e-01 +9.3874e-01 -9.6343e-01 +1.2171e+00 -2.2783e+00 +1.1048e+00 -1.0532e+00 +1.8441e-01
121707 0 +1.200211250e+03 +4.596312502e+02 +4.596312502e+02 -1.9981e+00 +6.6886e-02 -1.6795e+00 +6.8442e-01 -2.1151e+00 +8.1940e-01 -1.9231e-02 +1.5357e+00 -2.3207e+00 -1.8236e+00 -2.5870e-01 +1.5673e+00 +1.1932e+00 -1.5178e-01 +1.3304e-02 +2.5903e+00 -2.7600e+00 +1.9451e+00 -2.7137e+00 -1.8065e+00
294661 0 +1.169333244e+03 +4.287532439e+02 +4.287532439e+02 -7.8172e-01 -8.9401e-01 -5.0582e-01 -2.7496e+00 -1.9600e+00 +2.2340e+00 -1.8081e+00 +1.1553e-01 -1.0266e+00 -2.6165e+00 -2.7948e-01 +1.9303e+00 -2.7779e+00 +2.2225e+00 +9.3099e-01 +2.9566e+00 +7.9211e-01 +1.8892e+00 -2.9362e+00 +5.7984e-01
323898 0 +1.139106950e+03 +3.985269501e+02 +3.985269501e+02 -2.6662e+00 -2.3687e+00 -2.0742e+00 -1.5124e-02 -2.3928e+00 +2.3107e+00 -1.6669e+00 +1.8176e+00 -2.2338e+00 -5.4570e-01 +2.6091e+00 +2.1487e+00 -1.8977e+00 +2.0713e+00 +2.9203e-01 +2.9149e+00 -2.7631e+00 +2.0976e+00 -2.7096e+00 -1.1741e-01
546889 0 +1.024878790e+03 +2.842987901e+02 +2.842987901e+02 -2.0772e+00 +2.2343e+00 -2.8739e+00 -2.1778e+00 -2.5861e+00 +2.7354e+00 -1.1264e+00 +2.2512e+00 -6.9944e-01 -8.1287e-01 -2.7040e+00 +2.0610e+00 -7.3901e-01 +2.0968e+00 -1.7610e-02 +1.2538e+00 -2.9770e+00 +2.8382e+00 -2.1141e+00 +1.0080e+00
644069 0 +1.011821485e+03 +2.712414852e+02 +2.712414852e+02 -2.3232e+00 -7.0218e-02 -1.6657e+00 +7.4518e-01 -1.2943e+00 +9.0719e-01 -1.6059e+00 +1.7833e+00 -1.3195e+00 -2.1249e-01 -2.0776e+00 +2.7643e+00 -7.7215e-01 +1.9217e+00 +1.9058e+00 +3.6022e-01 -9.2856e-01 +1.2729e+00 -2.5090e+00 +6.0925e-01
1511170 0 +9.847924148e+02 +2.442124148e+02 +2.442124148e+02 -3.9315e-02 -2.1396e-02 -2.8096e+00 +1.5791e+00 -1.8411e+00 +2.0395e+00 -1.7422e+00 +2.3784e+00 -1.4108e+00 -2.4463e-01 -9.1693e-01 +2.7163e+00 -2.3249e+00 +1.3710e+00 -1.1178e-01 +1.3771e+00 -2.2603e+00 +2.8135e+00 -2.7306e+00 +2.4602e+00
3501754 0 +9.008683464e+02 +1.602883464e+02 +1.602883464e+02 -1.9681e+00 +1.4480e+00 -2.7610e+00 +1.7488e+00 -1.3491e+00 +2.7907e+00 -1.5927e+00 +2.4296e+00 -6.6819e-01 -1.5977e+00 -2.6250e+00 +2.1800e+00 +4.6518e-01 +1.3087e+00 +1.8208e+00 +1.4975e+00 -5.0110e-01 +2.3046e+00 -2.4828e+00 -9.9446e-01
% f evaluations | g evaluations | best noise-free fitness - Fopt (-5.177000000000e+01) + sum g_i+ | measured fitness | best measured fitness or single-digit g-values | x1 | x2...
1 0 +1.417390568e+03 +1.365620568e+03 +1.365620568e+03 -6.9986e-01 +2.6973e+00 +2.6813e+00 -1.0392e+00 +2.5758e+00 +1.9715e+00 -1.0501e+00 +2.2465e+00 +1.9790e+00 +1.2794e-02 -1.5898e+00 +2.5887e+00 +5.4785e-01 +2.5029e-01 -6.6474e-01 -2.8599e+00 +3.1888e-01 -2.3022e+00 -2.2593e+00 -8.1523e-01
1545 0 +1.296335231e+03 +1.244565231e+03 +1.244565231e+03 -2.9370e+00 +1.6013e+00 +1.7565e+00 -4.8550e-01 +2.0475e+00 +8.6968e-01 -2.2977e+00 -1.1538e+00 +2.4572e+00 -1.8696e-01 -2.1034e+00 -1.3397e-01 +2.0960e+00 +1.4624e+00 -2.6129e+00 -3.7670e-01 +2.8446e-01 -1.7363e+00 -2.3918e+00 -9.7170e-01
3220 0 +1.076473015e+03 +1.024703015e+03 +1.024703015e+03 -1.9482e+00 +1.7952e+00 +1.5058e+00 -1.8606e+00 +2.7179e+00 +2.1435e+00 -1.4463e+00 -7.8497e-01 +1.3789e+00 -1.6286e+00 +9.3361e-01 +1.2045e+00 +1.9323e+00 -2.1274e+00 +2.5647e+00 -2.8495e+00 -1.8789e+00 -1.8019e+00 -2.5197e+00 -1.7758e+00
243872 0 +1.027968234e+03 +9.761982341e+02 +9.761982341e+02 -2.7894e+00 +6.3646e-01 -1.0676e-01 -2.4863e+00 +2.4918e+00 +2.9169e+00 +6.7103e-01 -3.2704e-01 +2.8840e+00 -2.1519e+00 +4.1871e-01 +7.2859e-01 +2.9662e+00 -1.2198e-01 +1.2308e+00 +2.8953e-01 -1.7629e+00 -2.1819e+00 -2.3467e+00 -1.7484e+00
1226822 0 +1.004393192e+03 +9.526231923e+02 +9.526231923e+02 -2.7857e+00 +1.1679e+00 +1.9825e+00 -2.1285e+00 +1.2540e+00 +6.9485e-01 -1.4410e+00 -1.3779e+00 +2.7745e+00 -2.1664e+00 -2.2466e+00 +2.2617e+00 +9.6328e-01 +4.4658e-01 +7.8503e-01 -2.3607e+00 -1.8048e+00 -1.3698e+00 -2.1745e+00 -1.5900e+00
2433729 0 +9.052187203e+02 +8.534487203e+02 +8.534487203e+02 -2.1280e+00 +7.8656e-01 +2.3138e+00 -2.4782e+00 +2.5209e+00 +1.4229e+00 -8.4043e-01 +7.0238e-01 +2.9105e+00 -2.0566e+00 -7.7927e-01 +1.8589e+00 +1.5053e+00 -2.5751e-01 +3.4607e-02 -2.6754e+00 +8.2697e-01 -1.0404e+00 -1.7221e+00 -2.8125e+00
% f evaluations | g evaluations | best noise-free fitness - Fopt (-2.229800000000e+02) + sum g_i+ | measured fitness | best measured fitness or single-digit g-values | x1 | x2...
1 0 +2.480034885e+03 +2.257054885e+03 +2.257054885e+03 +1.6403e+00 -1.4355e+00 +2.0181e+00 -1.5604e+00 -2.1108e+00 -7.8492e-01 -1.3321e+00 -1.5939e-02 -1.4270e+00 -5.3215e-01 +5.9861e-01 +2.2696e+00 -2.6500e+00 +1.5791e+00 -3.0182e-01 -1.6309e+00 -1.4632e+00 +1.9313e+00 +6.5853e-01 +6.5955e-02
5 0 +2.346145161e+03 +2.123165161e+03 +2.123165161e+03 +1.4588e+00 -7.8454e-01 -6.5631e-01 -2.8851e+00 +2.2510e+00 +2.8705e-01 -2.8723e-01 -2.9535e+00 +6.8499e-02 +9.1901e-01 +1.9983e+00 -7.8205e-01 -1.9792e-01 -6.5101e-01 +1.9817e+00 +2.6413e+00 -2.3237e+00 +2.6079e+00 +2.6779e+00 +8.1667e-01
7 0 +2.238210111e+03 +2.015230111e+03 +2.015230111e+03 +2.7156e+00 +7.8197e-01 -1.7025e-01 -1.5087e+00 -2.2465e+00 +2.6162e+00 +2.5564e+00 +2.9155e+00 -1.1579e+00 +8.5605e-01 +8.4516e-01 -2.0040e+00 -2.4632e+00 -1.4184e+00 +1.6914e+00 -4.5991e-01 +2.9855e+00 -2.4846e+00 -1.6311e+00 -8.3430e-01
11 0 +1.968636163e+03 +1.745656163e+03 +1.745656163e+03 +1.6049e+00 +8.1507e-01 +1.6895e+00 +2.0986e+00 +1.3918e-02 -2.4120e+00 +6.6198e-01 -2.1448e+00 -9.3112e-02 +1.2850e-01 +2.6837e-01 -4.2590e-01 -2.4461e+00 +3.4053e-01 +1.7455e-01 +1.1936e+00 -2.4732e+00 -2.7375e+00 -3.9194e-01 -2.8646e+00
80 0 +1.927807675e+03 +1.704827675e+03 +1.704827675e+03 +2.4551e+00 +5.4299e-01 +2.5708e+00 +2.5353e+00 -7.8523e-01 -3.6001e-01 +2.8175e+00 -2.8425e+00 +7.6089e-01 +1.5922e+00 +2.3795e+00 -2.0977e+00 -1.6075e+00 -4.9018e-01 +1.6994e+00 -7.2602e-01 -2.9156e+00 -1.8320e+00 -2.3968e+00 -9.6840e-01
107 0 +1.855677092e+03 +1.632697092e+03 +1.632697092e+03 -6.6068e-01 +1.4465e+00 +1.7752e+00 -1.0754e+00 -2.2404e+00 -5.8351e-01 +2.5548e+00 -2.8640e+00 +2.0129e+00 +2.9137e+00 +1.9455e+00 +7.6498e-01 -2.3986e+00 -2.5421e+00 +2.0452e+00 -3.6508e-01 -2.1712e+00 -2.7612e+00 +1.3392e+00 -3.4863e-01
200 0 +1.763019608e+03 +1.540039608e+03 +1.540039608e+03 +3.4762e-01 +2.2279e+00 -3.1806e-01 +4.2282e-01 -2.3137e+00 -1.8478e+00 +2.9834e+00 -2.8885e+00 +5.1764e-03 +1.9370e+00 +1.8435e+00 +9.0902e-01 -2.6936e+00 +2.2383e+00 +8.2810e-01 +5.4571e-01 +3.3974e-01 -5.9582e-01 -5.0270e-01 -2.7843e+00
884 0 +1.403810931e+03 +1.180830931e+03 +1.180830931e+03 +2.4841e+00 -8.0767e-01 -1.8945e+00 +1.8832e+00 -9.0094e-01 -2.2189e+00 +1.3999e+00 -2.0964e+00 +7.0724e-02 +5.8842e-01 +4.5455e-01 +1.9611e+00 -1.0733e+00 -2.5351e+00 +2.9154e+00 -3.4654e-02 -2.4286e+00 -1.7886e-01 -2.4350e+00 -2.4090e+00
275855 0 +1.274851071e+03 +1.051871071e+03 +1.051871071e+03 +2.0981e+00 -8.9796e-01 -2.4061e+00 +1.7493e+00 +9.3035e-02 -1.3218e+00 +7.1211e-01 -8.2288e-01 -1.8168e+00 +2.0636e+00 +2.0533e+00 +2.2908e+00 -2.9226e+00 -3.1508e-01 +1.9001e+00 +1.9405e+00 -2.7618e+00 -1.7940e+00 -2.9823e-01 +4.5384e-01
598560 0 +1.242532101e+03 +1.019552101e+03 +1.019552101e+03 +2.7283e+00 +2.5092e-01 -3.1925e-01 -1.5900e+00 -2.4739e+00 +1.2262e+00 +1.8375e+00 -1.8590e+00 -2.4603e+00 +2.8228e+00 +1.6518e+00 +4.5139e-01 -1.9228e+00 -2.2295e+00 +1.3928e+00 +1.7511e+00 -2.0615e+00 -1.6394e+00 -1.0179e+00 -7.8155e-01
1186372 0 +1.221858248e+03 +9.988782484e+02 +9.988782484e+02 +2.6501e+00 +2.1988e-01 -1.5933e+00 +1.2833e+00 -1.8517e+00 +2.5881e+00 +2.9169e+00 -2.6744e+00 -5.8804e-01 +1.8684e+00 +2.3524e+00 +2.9162e+00 -1.9469e+00 -6.2819e-01 +2.1342e+00 +2.7232e+00 -2.0414e-01 -2.6428e+00 -4.7861e-01 +1.8033e+00
2083327 0 +1.114829243e+03 +8.918492429e+02 +8.918492429e+02 +6.5742e-01 -1.5247e-01 -2.9934e+00 -2.7975e-01 -1.8415e+00 +9.1855e-01 +2.6692e+00 +1.0522e-01 -2.3208e+00 +2.4817e+00 +2.7986e+00 +1.7977e+00 -2.3070e+00 -1.1818e+00 +2.8929e+00 +1.3865e+00 -2.2798e+00 -2.5927e+00 -2.3374e+00 +1.9176e+00
9456017 0 +1.000884010e+03 +7.779040105e+02 +7.779040105e+02 +2.9263e+00 -2.0908e+00 -2.5267e+00 +2.3432e+00 -2.7254e+00 -4.4778e-01 +2.6558e+00 -2.9938e+00 -2.6305e+00 +1.3060e+00 +1.3765e+00 +1.2676e+00 -1.8313e+00 -1.6117e+00 +2.2860e+00 +1.3978e+00 -2.0983e+00 -1.4212e+00 -2.0956e+00 -8.3537e-01
% f evaluations | g evaluations | best noise-free fitness - Fopt (5.860000000000e+00) + sum g_i+ | measured fitness | best measured fitness or single-digit g-values | x1 | x2...
1 0 +3.132010077e+03 +3.137870077e+03 +3.137870077e+03 +2.1891e+00 +2.1966e+00 +1.2926e+00 +2.7164e+00 +1.4084e+00 -7.3982e-01 -1.9137e+00 -5.2095e-01 +5.0437e-01 -6.3110e-01 -2.7119e+00 -7.6757e-01 -9.6153e-01 -3.6088e-01 +2.1157e+00 +1.8085e+00 -2.0492e+00 +3.1393e-01 +3.0521e-01 -2.9619e+00
2 0 +2.163891738e+03 +2.169751738e+03 +2.169751738e+03 +2.7514e+00 +2.0021e+00 -1.5449e+00 -8.7470e-01 -5.7811e-01 -1.0368e+00 +2.4288e+00 -2.6982e+00 +1.5858e+00 +2.2178e+00 +1.4810e+00 -1.3959e+00 +1.1061e+00 +1.9731e+00 -2.4837e+00 -1.8588e+00 +5.2353e-01 -1.2625e+00 -9.1798e-01 +1.1512e+00
5 0 +1.796733749e+03 +1.802593749e+03 +1.802593749e+03 -1.5397e+00 +1.0945e+00 -1.4339e+00 +9.2784e-01 -6.9265e-01 +4.2809e-01 -4.2108e-01 +2.6642e+00 +2.8589e+00 +1.8795e+00 +3.6297e-01 +2.0412e+00 -1.6960e+00 -8.1528e-01 -1.6881e+00 +2.8460e+00 +2.5811e+00 -2.4203e+00 +9.8640e-01 -1.1971e+00
51 0 +1.650738138e+03 +1.656598138e+03 +1.656598138e+03 -1.6080e+00 +2.2283e-01 -3.2555e-01 +5.7179e-01 +6.4268e-01 +2.9979e+00 -2.4604e+00 -6.1519e-01 +1.0159e+00 -3.6651e-01 +4.6988e-01 -2.4481e+00 +4.8093e-01 +1.6588e+00 -1.2969e+00 -4.9982e-01 -6.8865e-01 -1.2500e+00 -2.4722e+00 +2.7603e+00
298 0 +1.596179850e+03 +1.602039850e+03 +1.602039850e+03 +1.5239e-01 +2.6339e+00 +6.5931e-02 +1.7236e+00 +8.7998e-01 +5.5349e-01 -6.7942e-01 +1.6485e+00 +2.2861e+00 +1.6211e+00 +2.8840e+00 +2.5475e+00 +2.0317e+00 +1.0535e+00 -2.0115e+00 -1.3417e+00 -6.5817e-01 -7.0515e-01 -2.3209e-01 +1.7319e+00
721 0 +1.379745711e+03 +1.385605711e+03 +1.385605711e+03 +9.2780e-01 +2.7378e+00 -2.9423e+00 -2.7190e-01 +1.2455e+00 -2.0408e-01 +2.4699e+00 +2.3735e-01 -2.4019e+00 +2.0644e+00 +1.2318e-02 +2.0843e+00 +2.4840e+00 +1.5311e+00 -2.9000e+00 +2.1326e+00 +1.9284e+00 -2.5902e-01 -2.3799e+00 +1.1129e+00
2901 0 +1.264793759e+03 +1.270653759e+03 +1.270653759e+03 +6.2223e-01 +2.5965e+00 -2.0056e+00 +2.2614e+00 +2.1445e+00 -5.2922e-01 +8.5693e-01 -6.8088e-01 -2.6188e+00 +2.2209e+00 +2.3036e+00 +6.3724e-01 +1.5108e+00 +2.0699e+00 -2.1366e+00 -1.4777e-01 +2.6107e-01 -2.6144e+00 -6.6126e-01 +1.1339e+00
7327 0 +1.258013759e+03 +1.263873759e+03 +1.263873759e+03 -1.2071e+00 +2.4105e+00 +4.8593e-01 +1.6856e+00 +1.9694e+00 +7.4310e-01 -8.7960e-03 +1.7915e-01 +1.2229e+00 +4.3650e-01 +2.6188e+00 +1.5541e+00 +2.2062e+00 +5.2974e-02 -2.6884e+00 -2.5925e-01 +1.8864e+00 +6.2940e-01 -2.5931e+00 +2.4122e+00
77331 0 +1.207172962e+03 +1.213032962e+03 +1.213032962e+03 -1.7792e+00 +2.8876e+00 -9.3653e-01 +2.2752e+00 -1.8353e+00 +1.4801e+00 +1.8820e+00 +1.2935e+00 +1.3665e+00 -2.1441e+00 +1.0645e+00 +2.9296e+00 +1.8245e+00 +2.6443e+00 -2.5940e+00 +2.2170e+00 +1.6400e+00 -2.7478e+00 -1.9312e-01 +2.5731e+00
82706 0 +1.081396557e+03 +1.087256557e+03 +1.087256557e+03 -1.4985e-01 +2.5512e+00 -2.7825e+00 +2.1763e+00 +2.1862e+00 -1.2759e+00 +6.3043e-01 +3.7292e-01 +9.4751e-03 +2.6486e+00 +2.2440e+00 +2.2693e+00 +1.4462e+00 -4.2891e-01 -2.6116e+00 +2.2113e+00 +1.5944e+00 -2.4505e+00 -9.1130e-01 +9.2929e-01
94000 0 +1.069553698e+03 +1.075413698e+03 +1.075413698e+03 -1.3224e+00 +2.1376e+00 -1.4382e+00 +2.5781e+00 +9.5946e-01 +1.8691e+00 +2.4676e-01 +1.1146e+00 -1.6491e+00 +1.4652e+00 +1.7978e+00 +2.7217e+00 +2.8522e+00 +3.8403e-01 -2.5835e+00 +2.2586e+00 -7.5278e-01 -1.2955e+00 -2.7562e+00 +5.0558e-01
530769 0 +1.047015166e+03 +1.052875166e+03 +1.052875166e+03 -2.2904e+00 +2.1663e+00 -2.2818e+00 +1.9299e+00 +1.1968e+00 +2.5172e+00 -1.5694e+00 +1.1135e-01 -1.2232e+00 -4.0512e-02 +2.5888e+00 +1.4083e+00 +1.8244e+00 +8.5454e-01 -2.3426e+00 +1.5608e+00 +1.5245e+00 +2.0190e-02 -2.7398e-01 +2.7405e+00
1141020 0 +9.888938068e+02 +9.947538068e+02 +9.947538068e+02 -2.1476e+00 +1.8242e+00 +9.8552e-02 +2.8718e+00 -1.7459e+00 +2.4298e+00 +1.2004e+00 -1.5080e+00 +1.8110e-01 -4.6692e-01 +2.5852e+00 +2.8970e+00 +2.8621e+00 +1.8051e+00 -2.3802e+00 +1.5934e+00 +1.9312e+00 -2.4278e+00 -2.0414e+00 +1.6915e+00
4530371 0 +9.677538585e+02 +9.736138585e+02 +9.736138585e+02 -1.0714e+00 +2.5915e+00 -6.4681e-01 -6.2938e-02 +2.0698e+00 +2.5598e+00 +2.8973e+00 +2.0244e+00 +2.3983e+00 +1.0982e+00 +2.9126e+00 +1.4290e+00 +2.7223e+00 +8.7197e-01 -2.3759e+00 +1.2828e+00 +1.4108e+00 -1.1171e+00 -2.5462e+00 +2.1639e+00
8448984 0 +9.349146707e+02 +9.407746707e+02 +9.407746707e+02 -2.0095e+00 +8.7818e-01 -8.6364e-01 +2.3891e+00 +3.5501e-01 +2.1374e+00 +1.2960e+00 +9.3731e-01 +2.6563e+00 +1.7324e+00 +2.8008e+00 +1.2096e+00 +1.0553e+00 +7.9660e-01 -1.4097e+00 +2.8380e+00 +1.7246e+00 -4.5933e-01 -1.2157e+00 +1.9550e+00
11703350 0 +8.576133115e+02 +8.634733115e+02 +8.634733115e+02 -1.6860e+00 +2.4245e+00 -1.7014e+00 +1.4542e+00 -9.5704e-02 +2.4084e+00 +2.2707e-01 +1.4608e+00 +6.7503e-04 +3.1393e-01 +2.1936e+00 +1.9063e+00 +1.8427e+00 +1.8056e+00 -2.9752e+00 +1.3856e+00 +3.2467e-01 -2.3140e+00 -2.3712e+00 +1.4657e+00
13365998 0 +7.418544482e+02 +7.477144482e+02 +7.477144482e+02 -2.1540e+00 +1.2207e+00 -1.5837e+00 +6.4242e-01 +4.9680e-01 +2.8793e+00 +7.3852e-01 +1.4706e-01 +4.6397e-03 +1.6073e+00 +1.7909e+00 +2.4302e+00 +2.4846e+00 +2.9558e-01 -2.2518e+00 +2.9690e+00 +2.8854e+00 -9.0866e-01 -6.9722e-01 +2.5434e+00
% f evaluations | g evaluations | best noise-free fitness - Fopt (2.048600000000e+02) + sum g_i+ | measured fitness | best measured fitness or single-digit g-values | x1 | x2...
1 0 +3.020424741e+03 +3.225284741e+03 +3.225284741e+03 -1.7761e+00 -8.9963e-01 +7.4447e-01 -2.0979e+00 -8.0981e-01 +8.7273e-02 +2.3844e+00 -2.4264e+00 +1.5186e+00 -7.2463e-01 +9.6845e-01 -2.4796e+00 +2.1425e+00 -5.4547e-01 -1.3206e+00 +2.8733e+00 +1.3707e+00 -8.9894e-01 +1.1529e+00 +6.3523e-01
3 0 +2.704191029e+03 +2.909051029e+03 +2.909051029e+03 +4.1094e-01 +1.6036e+00 +1.7050e+00 +1.8206e-01 +1.9158e+00 -3.6750e-01 +1.4589e+00 -5.0728e-01 +1.4571e+00 +1.6622e+00 +1.8515e+00 -8.2551e-02 -1.5361e+00 +4.6179e-01 -1.2946e+00 +1.6521e-01 +2.5145e+00 +2.6243e+00 -1.4158e-01 +2.6586e+00
7 0 +2.623282883e+03 +2.828142883e+03 +2.828142883e+03 -2.1055e+00 +1.2963e+00 -1.3402e+00 -2.2775e+00 -2.3156e+00 +1.3359e+00 +1.7056e+00 +1.7565e+00 +5.2668e-02 +1.7416e+00 +1.0868e+00 -1.5208e+00 +2.2872e+00 +2.2036e+00 +2.9008e-01 +2.6347e+00 +8.7064e-01 +2.0121e+00 +2.4975e+00 +2.7387e+00
13 0 +2.527827904e+03 +2.732687904e+03 +2.732687904e+03 -5.7947e-01 +4.7324e-01 +2.8948e+00 +6.0939e-01 -2.4545e+00 +1.7185e+00 -2.6740e+00 +1.8987e+00 +2.6257e-01 +5.0268e-01 +2.9305e+00 -1.1275e+00 +2.3351e+00 +1.7567e+00 +1.9364e+00 +7.9734e-01 +2.6359e+00 -3.5725e-01 -2.4374e+00 +6.6218e-01
21 0 +2.287640992e+03 +2.492500992e+03 +2.492500992e+03 +1.5608e+00 -5.2114e-01 -9.8998e-01 +6.6173e-01 -4.2850e-01 +1.5177e+00 -2.9191e-01 -2.0663e+00 +1.1177e+00 -5.6799e-01 +3.6262e-01 -7.4434e-01 -1.7403e+00 -1.2738e+00 -3.1144e-01 -2.6813e+00 +1.1025e+00 -1.1450e+00 -1.9741e+00 +1.5603e+00
28 0 +2.212020781e+03 +2.416880781e+03 +2.416880781e+03 +5.9930e-01 +6.3551e-01 -7.6547e-01 +1.2647e+00 +2.3924e+00 +2.7144e+00 -8.3320e-01 +5.9724e-01 -2.0206e+00 -2.3206e+00 +2.3495e+00 +1.3587e+00 +5.1626e-01 +1.3668e+00 -1.5086e+00 +1.1503e+00 +1.8318e-02 +2.1235e+00 -2.3841e+00 +2.0635e+00
50 0 +2.114705109e+03 +2.319565109e+03 +2.319565109e+03 +1.7397e+00 -7.6049e-01 -1.3343e+00 +2.6070e+00 -1.7403e+00 +2.0340e+00 -2.8258e+00 +2.2011e+00 +6.9660e-01 +2.3473e+00 -1.5202e+00 -3.6217e-01 +2.3567e+00 -2.1353e+00 +7.3309e-01 -9.3550e-01 +1.2678e+00 +2.9911e+00 -2.0082e+00 +1.5108e+00
65 0 +1.917433877e+03 +2.122293877e+03 +2.122293877e+03 -4.4231e-01 +2.5567e+00 +2.5679e+00 +7.4867e-01 -2.7918e+00 -1.8529e-01 -6.0500e-01 +8.9325e-01 +2.9400e+00 -1.7789e+00 -9.9998e-01 +1.9460e+00 -4.4647e-01 +2.4476e+00 -2.8360e+00 +3.8601e-01 +1.2958e+00 +2.4459e+00 +1.3809e+00 -4.0773e-01
136 0 +1.892860147e+03 +2.097720147e+03 +2.097720147e+03 -1.4240e+00 +2.1466e+00 +2.6427e+00 +1.9353e-01 -1.3377e+00 -8.3109e-02 -1.9754e+00 +6.4088e-02 +5.8145e-01 -2.8153e+00 -2.8970e+00 +9.9948e-02 +2.2443e+00 -2.5168e+00 -2.1209e+00 -1.5847e+00 -1.0641e+00 +2.5696e+00 +9.4733e-01 +2.7331e+00
202 0 +1.677248557e+03 +1.882108557e+03 +1.882108557e+03 -1.8019e+00 +1.0876e+00 -1.3575e+00 +2.0764e+00 +5.2753e-01 +1.9708e+00 -2.1839e+00 -2.2323e+00 +2.4990e+00 +1.2319e+00 +2.7255e+00 +2.3687e+00 +1.3301e+00 -2.5827e+00 -2.8735e-01 -1.5236e+00 -9.7657e-01 +1.8719e+00 +2.8881e+00 +1.9277e+00
1024 0 +1.636140005e+03 +1.841000005e+03 +1.841000005e+03 +1.5541e+00 -1.0077e+00 +2.7595e+00 +1.8415e+00 -1.7156e+00 +2.2081e+00 +6.6372e-01 +2.8781e+00 +1.9476e+00 -6.8554e-01 -4.0016e-01 +2.4604e+00 +1.5748e+00 -1.2817e+00 -2.1918e+00 -1.8929e+00 -2.1158e+00 +1.4734e+00 -1.2277e+00 +9.5294e-01
1936 0 +1.619209418e+03 +1.824069418e+03 +1.824069418e+03 +3.8415e-01 -7.0005e-01 -9.2501e-01 +2.4911e+00 +1.0968e-01 +2.9034e+00 -3.8687e-01 +2.5903e+00 +1.7913e+00 -2.7969e+00 +1.9887e+00 +1.9527e+00 +2.4821e+00 +2.9752e+00 -1.6393e+00 -2.6100e+00 +9.4624e-02 -1.0102e+00 -4.4893e-01 +2.9752e+00
3722 0 +1.572214498e+03 +1.777074498e+03 +1.777074498e+03 -1.7877e+00 +4.5054e-01 -8.8610e-01 +1.9680e+00 +1.9586e+00 +3.7078e-01 -2.6458e+00 -3.2562e-01 +2.9057e+00 +2.4153e-01 +8.7130e-01 +2.5905e+00 +2.6788e+00 +1.0468e-01 -1.2986e+00 +4.6060e-01 -3.8688e-01 +2.5584e+00 +1.0475e+00 +1.5030e+00
11099 0 +1.384347986e+03 +1.589207986e+03 +1.589207986e+03 +9.0711e-01 +3.5675e-01 +2.2928e+00 +4.1119e-01 -3.8188e-02 +1.5499e+00 -2.2841e+00 +2.7312e+00 +1.5961e+00 +4.2904e-01 +2.5364e+00 +2.6849e+00 +2.4511e+00 -9.9925e-01 -2.4579e+00 -1.1067e+00 +3.1819e-01 +2.5339e+00 +3.7884e-01 +2.3573e-01
14611 0 +1.365905874e+03 +1.570765874e+03 +1.570765874e+03 +4.1740e-01 -9.0196e-01 -1.3720e+00 +1.4239e+00 -1.7788e+00 +1.5476e+00 -2.4909e+00 +6.4744e-01 +2.2183e+00 -1.5063e+00 +7.7864e-02 +9.9188e-01 -4.1411e-01 -2.6828e+00 -1.9866e+00 +6.5947e-01 +2.7417e+00 +2.2618e+00 +5.8487e-01 +2.0552e+00
50779 0 +1.338179916e+03 +1.543039916e+03 +1.543039916e+03 -8.2105e-01 -1.8644e+00 -1.8252e-01 +1.5821e+00 -2.1946e+00 +1.3309e+00 -2.3206e+00 +8.4463e-02 +2.4601e+00 +8.1764e-01 -2.6563e+00 +8.1133e-01 +2.3655e+00 -5.7631e-02 -2.8348e+00 -2.5196e+00 +4.5723e-01 +3.3192e-01 -6.9198e-01 +2.1187e+00
68455 0 +1.315890451e+03 +1.520750451e+03 +1.520750451e+03 -2.9706e-01 -7.5606e-01 -1.3263e-01 +9.0249e-01 -1.7234e+00 +2.2370e+00 -1.8000e+00 +4.5780e-01 +2.6736e+00 +4.0959e-02 -1.9277e+00 +2.9390e+00 +2.7519e+00 +2.4562e+00 -1.0843e+00 -2.1284e+00 -1.6250e-01 +4.4865e-01 -2.9740e-01 +2.4238e+00
103568 0 +1.111920826e+03 +1.316780826e+03 +1.316780826e+03 -8.6060e-01 -7.8406e-01 +7.2265e-01 +1.6307e+00 -3.5073e-01 +2.6410e+00 -2.9973e+00 -7.6206e-02 +2.7803e+00 -4.3046e-01 +4.5779e-01 +1.4585e+00 +1.1638e+00 -1.4914e+00 -2.9811e+00 -1.2368e+00 -1.7635e+00 +1.0729e+00 -2.0496e-01 +2.9482e+00
1941246 0 +1.082696854e+03 +1.287556854e+03 +1.287556854e+03 -5.7111e-01 -8.4084e-01 +2.1838e-01 +6.5547e-01 -2.9316e+00 +2.5556e+00 -1.4285e+00 +8.1973e-01 +2.4591e+00 -1.9349e+00 +5.5144e-01 +2.4752e+00 -6.8307e-01 +1.5215e-01 -1.9775e+00 -1.0203e+00 +2.9736e+00 +1.9378e+00 +1.6463e+00 +2.9161e+00
4784656 0 +1.062604030e+03 +1.267464030e+03 +1.267464030e+03 +8.3420e-01 -3.9579e-01 +1.1875e+00 +2.7927e+00 -2.7309e+00 +2.5806e+00 -2.1828e+00 -1.1223e+00 +1.9608e+00 -2.6549e+00 -2.1719e-01 +1.9708e+00 +2.9409e+00 -6.0283e-01 -2.3790e+00 -1.3531e+00 +1.8907e+00 +1.8348e+00 -2.0740e+00 +2.1252e+00
7106212 0 +1.030881477e+03 +1.235741477e+03 +1.235741477e+03 -2.5559e+00 -2.7898e-01 +9.4309e-01 +1.3872e+00 -2.2801e+00 +2.2696e+00 -2.9401e+00 +9.3583e-01 +2.4032e+00 -1.5486e+00 +1.2081e+00 +2.3364e+00 +9.1629e-01 -1.3079e+00 -2.5699e+00 -1.6958e+00 -1.5732e+00 +2.5030e+00 -2.2030e+00 +5.9258e-01
10908583 0 +1.011496383e+03 +1.216356383e+03 +1.216356383e+03 +9.5584e-02 -1.5620e-01 -1.4896e-01 +2.3885e+00 -1.0199e+00 +2.8269e+00 -2.0194e+00 +2.5123e+00 +2.5186e+00 +1.5506e+00 +2.4933e+00 +2.0627e+00 +1.1863e+00 -1.3297e+00 -2.6754e+00 -2.5998e+00 +9.8346e-01 +2.3807e+00 +2.2136e-01 +3.9952e-01
14542070 0 +9.011243268e+02 +1.105984327e+03 +1.105984327e+03 -7.0424e-01 +1.6270e+00 -9.3884e-01 +1.2421e+00 -2.1189e+00 +2.9964e+00 -2.7008e+00 +1.1898e+00 +2.6040e+00 -2.9165e+00 +1.7123e+00 +2.6885e+00 +1.7748e-01 -1.2136e+00 -1.2069e+00 -2.5059e+00 +4.5482e-02 +1.1736e+00 -3.9814e-01 +1.7581e+00
% f evaluations | g evaluations | best noise-free fitness - Fopt (1.154900000000e+02) + sum g_i+ | measured fitness | best measured fitness or single-digit g-values | x1 | x2...
1 0 +3.006829784e+03 +3.122319784e+03 +3.122319784e+03 +9.3445e-02 +1.9982e+00 -1.8217e+00 -8.6308e-01 -2.0328e+00 -1.4822e+00 +2.0543e-01 -1.8570e+00 -8.0085e-01 -2.3742e+00 +7.3600e-01 +9.5378e-02 -1.1474e+00 +1.3978e+00 +1.9529e+00 +1.5296e+00 -6.9723e-01 -2.6165e+00 +2.0726e+00 -1.0552e+00
2 0 +2.883050992e+03 +2.998540992e+03 +2.998540992e+03 +2.8775e+00 +2.4234e+00 +1.5700e+00 +3.4912e-01 -6.2976e-01 +4.9268e-01 +1.2384e-01 +1.8027e+00 -9.1949e-01 -4.2104e-01 -1.7805e-01 +1.1410e+00 +1.1860e+00 -9.8147e-02 +1.6679e-01 -2.4754e+00 -1.7496e+00 -2.4493e+00 -7.8169e-02 -1.8834e+00
3 0 +2.025719261e+03 +2.141209261e+03 +2.141209261e+03 -4.3467e-01 -2.8560e+00 +1.6410e+00 -1.4006e+00 -1.9976e+00 -1.9292e+00 -1.7507e+00 -2.1986e+00 +1.7209e+00 +2.9463e-02 -1.8869e-01 -1.7481e+00 -2.9334e+00 +2.8989e+00 -1.7875e+00 -2.9108e+00 +2.0025e+00 +2.8367e+00 +1.1262e+00 -1.0085e+00
12 0 +1.748424595e+03 +1.863914595e+03 +1.863914595e+03 +1.4936e+00 +1.0457e+00 +1.8901e+00 -2.8247e+00 -6.0312e-02 +4.1549e-01 +1.3760e+00 -1.8693e+00 -2.5768e-01 +9.2666e-01 -1.6658e+00 +4.3697e-01 +1.2075e+00 -1.3299e+00 -2.3299e-01 +2.3858e+00 +1.9489e+00 +1.6636e+00 -1.1418e+00 -1.9789e+00
25 0 +1.591853508e+03 +1.707343508e+03 +1.707343508e+03 -1.8982e+00 +2.0283e+00 +2.3622e+00 +2.9739e+00 -1.6928e+00 +4.5848e-01 +7.4226e-01 -2.6154e+00 +2.6810e+00 -7.0237e-02 -2.6313e+00 -7.1565e-01 -1.6963e-01 +6.8507e-01 -1.4309e+00 -1.3062e+00 +2.3251e+00 +2.5384e+00 -1.8098e+00 -1.3175e+00
193 0 +1.519864356e+03 +1.635354356e+03 +1.635354356e+03 -7.8209e-01 +1.8152e+00 +1.5663e+00 +6.0918e-01 +7.0462e-01 +2.6608e+00 +2.5221e+00 -2.0164e+00 -8.0784e-01 +2.8562e+00 -1.2734e+00 -2.3719e+00 +2.3742e+00 -1.9421e-01 +1.0892e+00 -1.9379e+00 +4.7401e-01 -2.4598e+00 -2.8621e+00 -1.2287e+00
3327 0 +1.509892637e+03 +1.625382637e+03 +1.625382637e+03 -1.3150e+00 +1.1144e+00 -2.4163e-01 -2.8051e+00 +1.8044e+00 +5.6650e-01 +1.7536e+00 -2.0430e+00 +1.4738e+00 +2.7572e+00 -1.1412e+00 -1.7163e+00 -9.4777e-01 -2.7753e+00 +9.2480e-01 -2.6423e+00 -6.3202e-01 -2.9601e+00 -1.2659e-01 -5.2962e-01
4028 0 +1.241718684e+03 +1.357208684e+03 +1.357208684e+03 -2.7697e+00 +8.0335e-01 +2.0741e+00 -1.2788e+00 +1.1100e+00 -6.7895e-01 +2.4271e+00 -2.9297e+00 +8.9808e-01 -4.2612e-01 -2.8416e+00 -2.9922e+00 +5.5245e-01 +2.3064e+00 +1.3731e+00 -2.1350e+00 +2.7583e+00 -1.4498e+00 -6.2895e-02 +5.0819e-01
4338 0 +1.178296108e+03 +1.293786108e+03 +1.293786108e+03 -8.0256e-01 -3.6382e-01 +2.0384e+00 -9.7970e-01 +1.8618e+00 +2.2793e+00 +2.9307e+00 -2.9468e+00 +5.8320e-01 +3.0033e-01 -2.7303e+00 -1.9484e+00 -2.7191e-01 -1.6782e+00 -3.6064e-02 -2.5176e+00 +2.4615e+00 -1.6392e-01 -2.7810e+00 -2.3647e+00
68790 0 +1.135721077e+03 +1.251211077e+03 +1.251211077e+03 -1.8817e+00 -9.7937e-01 +1.7215e+00 -2.8041e+00 +1.7427e+00 -4.9912e-01 +2.8108e+00 -2.3928e+00 +4.3085e-01 +2.6970e+00 -2.0328e+00 -1.6275e+00 -2.7880e+00 +1.2491e+00 -3.3297e-01 -2.1104e+00 +1.4527e-01 +2.6038e+00 +2.2907e+00 -1.3442e+00
138688 0 +1.095188468e+03 +1.210678468e+03 +1.210678468e+03 -2.5238e+00 -7.2276e-01 +2.7923e+00 -2.8568e+00 +2.2206e+00 -4.1866e-01 +1.9359e+00 -2.3914e+00 +2.5386e+00 +1.7655e+00 -5.5022e-01 -2.8520e+00 -1.1965e+00 -2.6667e+00 -2.1898e+00 -2.1118e+00 +8.9386e-01 -6.5327e-01 -2.2262e+00 +9.1109e-01
595011 0 +1.042888970e+03 +1.158378970e+03 +1.158378970e+03 -2.4554e+00 +5.2662e-03 +2.2330e+00 -2.6179e+00 +1.6995e+00 +1.2313e+00 +4.0426e-01 -1.3267e+00 +1.7783e+00 +2.2870e+00 -1.1287e+00 -2.1068e+00 -2.9604e-04 -7.2831e-01 -1.2658e+00 -2.0155e+00 +1.4363e+00 +1.3461e+00 -2.8875e+00 -1.9280e+00
1541003 0 +9.572361362e+02 +1.072726136e+03 +1.072726136e+03 -8.9698e-01 -2.5919e+00 +2.3565e+00 -9.9538e-01 +2.1064e+00 +2.6502e+00 +3.6425e-01 -2.9854e+00 +2.9291e+00 +2.4459e+00 -2.1550e+00 -2.0778e+00 -1.7013e+00 -5.0286e-01 -1.9043e+00 -2.3683e+00 +4.0900e-01 +1.6639e+00 -1.0833e+00 -2.6360e+00
1750588 0 +9.390351229e+02 +1.054525123e+03 +1.054525123e+03 -2.4989e+00 +1.8664e+00 +2.0139e+00 +4.1129e-01 +2.1779e+00 +8.5321e-01 +1.0260e+00 -1.8493e+00 +2.6506e+00 +2.7162e+00 -1.7833e+00 -2.2998e+00 +1.0413e+00 -9.4262e-01 -1.0814e+00 +7.3736e-01 +7.0703e-01 -2.5467e+00 -1.8119e+00 -6.5839e-01
3956893 0 +8.861479578e+02 +1.001637958e+03 +1.001637958e+03 -9.7843e-01 -1.8457e+00 +2.6950e+00 -1.5340e+00 +7.4995e-01 +1.1462e+00 +2.3008e+00 -2.6896e+00 +2.6036e+00 +2.5318e+00 -2.1259e+00 -2.7994e+00 -1.9716e+00 -8.1291e-01 -3.0087e-01 -1.3619e+00 +2.0047e+00 +2.7066e-02 +1.4770e+00 -1.7788e+00
8086095 0 +8.467848971e+02 +9.622748971e+02 +9.622748971e+02 -2.4436e+00 -2.3056e+00 +1.6219e+00 -1.6640e+00 +2.7753e+00 +1.2075e+00 +2.6521e+00 -2.5654e+00 +2.7389e+00 +2.4213e+00 -2.0526e+00 -2.2521e+00 +1.0232e-01 -1.7877e+00 -1.7373e+00 -9.3405e-01 +1.8774e+00 +1.4748e+00 -4.9531e-01 -2.3625e+00
% f evaluations | g evaluations | best noise-free fitness - Fopt (1.950500000000e+02) + sum g_i+ | measured fitness | best measured fitness or single-digit g-values | x1 | x2...
1 0 +2.463629613e+03 +2.658679613e+03 +2.658679613e+03 +1.0094e+00 +3.8477e-01 -2.0360e+00 -3.4977e-01 -1.7744e+00 +1.9857e+00 +1.2085e+00 +1.7574e+00 +2.4101e+00 -1.6156e+00 -6.3356e-01 +2.6202e-01 +2.6240e+00 +2.9515e+00 -9.8965e-01 +4.5275e-01 +1.5149e+00 +1.1262e+00 +1.7819e+00 +1.3393e+00
14 0 +2.114830016e+03 +2.309880016e+03 +2.309880016e+03 -7.3934e-01 -1.6001e+00 -1.5958e+00 +2.6714e+00 +1.1648e+00 -2.3473e-01 -2.8591e+00 -1.0495e+00 -1.8986e+00 -2.6749e+00 +1.4460e+00 +1.4541e+00 +2.5880e+00 -1.5767e+00 -2.8670e+00 -2.7259e+00 -1.2106e+00 -3.0138e-01 +1.3942e+00 -1.7896e+00
204 0 +1.852190267e+03 +2.047240267e+03 +2.047240267e+03 -9.7284e-01 +2.3753e+00 -2.8357e+00 +2.6833e+00 -2.1861e+00 -1.7327e+00 -1.7205e+00 +6.2616e-01 +1.4269e+00 +2.8161e+00 +1.9953e+00 +2.2292e+00 +1.0582e+00 -1.1101e+00 -2.8790e+00 +1.9511e+00 +2.4522e+00 -2.6040e+00 +2.1378e+00 -1.3771e+00
300 0 +1.772901409e+03 +1.967951409e+03 +1.967951409e+03 +2.0067e+00 +3.1836e-01 +1.6337e+00 -1.2009e+00 -1.9771e+00 -2.2693e+00 -5.5594e-01 +1.9536e+00 +9.7787e-01 -2.6778e+00 +1.7452e+00 -4.2824e-01 +3.4538e-01 -2.4902e+00 -1.9325e+00 -2.7494e+00 +5.1605e-01 +1.5747e-01 +2.8242e+00 +1.0660e+00
3019 0 +1.620929931e+03 +1.815979931e+03 +1.815979931e+03 +3.5985e-01 +1.9540e+00 -2.2232e+00 -2.5758e+00 +2.2904e+00 -2.4528e+00 -5.6838e-01 +1.5654e+00 +1.2443e+00 +6.6165e-01 +2.9454e+00 +1.9584e+00 +2.8413e+00 -2.8543e+00 -2.6786e+00 +6.8389e-02 +1.2089e+00 -1.4557e-01 +2.7712e+00 +6.7749e-01
6339 0 +1.149891942e+03 +1.344941942e+03 +1.344941942e+03 +9.6511e-01 +1.4391e+00 -1.5622e+00 -2.5255e+00 -2.2014e+00 +1.8731e-01 -1.5216e+00 +2.8691e+00 +1.9424e-01 -2.9346e+00 +2.2237e+00 +1.7805e+00 +2.8421e+00 -2.3720e+00 -2.0881e+00 -2.5591e+00 +1.3748e+00 -2.5019e-01 +2.3218e+00 -2.4754e+00
1910810 0 +1.130674140e+03 +1.325724140e+03 +1.325724140e+03 +2.2895e+00 +1.2347e-01 -2.7526e+00 -1.9238e+00 -2.2239e+00 -1.3002e+00 -1.9639e+00 +2.4710e+00 +2.3749e-01 -1.9450e+00 +1.6310e+00 +1.7608e+00 +2.7934e+00 -2.5453e+00 -1.2339e+00 -2.7242e+00 +1.7661e+00 -1.4382e-01 +2.7437e+00 -8.7783e-01
10395458 0 +1.085477579e+03 +1.280527579e+03 +1.280527579e+03 +2.7882e+00 +2.2690e+00 -2.5043e+00 +3.4811e-01 -2.1751e+00 -2.4472e+00 -3.6171e-01 +2.7119e+00 -1.4276e-02 -2.5569e+00 +2.4199e+00 +2.1650e+00 +2.6105e+00 -2.9436e+00 -1.3410e+00 -2.3926e+00 +2.8553e+00 -4.8647e-01 +2.9870e+00 -4.7550e-01
% f evaluations | g evaluations | best noise-free fitness - Fopt (-2.144800000000e+02) + sum g_i+ | measured fitness | best measured fitness or single-digit g-values | x1 | x2...
1 0 +2.571542660e+03 +2.357062660e+03 +2.357062660e+03 -1.7905e+00 +2.3900e+00 -1.3128e+00 +2.8064e+00 +2.6275e+00 -1.0816e-01 -8.8403e-01 +2.9405e+00 -1.3458e+00 +1.3099e+00 -2.3214e+00 +6.0083e-01 +2.4669e+00 +1.2052e+00 +2.0075e-02 -2.8024e-01 -2.2652e+00 -2.9449e+00 +1.4116e+00 +2.8476e+00
2 0 +1.892627387e+03 +1.678147387e+03 +1.678147387e+03 +1.4523e+00 +1.0842e+00 +8.2244e-01 +1.3883e+00 +7.9419e-01 +1.8289e+00 -1.0457e+00 +2.0345e+00 -2.5355e+00 -1.0373e+00 +2.3599e+00 -1.8564e+00 -2.1111e+00 +3.8517e-01 -7.2663e-01 -1.6514e+00 -2.8034e+00 +3.3659e-01 +2.4338e+00 +2.8502e+00
6 0 +1.760192566e+03 +1.545712566e+03 +1.545712566e+03 -3.4877e-01 +5.9722e-01 -2.8915e+00 -6.1575e-01 -1.6054e+00 -1.6645e+00 -2.5659e+00 +2.6033e+00 -1.1551e+00 -2.3215e+00 +8.5974e-01 -2.9886e+00 -1.9282e+00 +1.4456e+00 +2.3619e+00 -2.2914e+00 +1.0640e+00 +1.7122e+00 -6.5300e-01 -2.3599e-01
11 0 +1.532971665e+03 +1.318491665e+03 +1.318491665e+03 -9.4131e-01 -5.6858e-01 -1.2029e+00 -1.5296e+00 +1.2867e-01 -2.8029e+00 +3.4694e-01 +1.8241e-01 -1.6529e+00 -1.7048e+00 +2.0752e+00 -1.5405e+00 -1.7545e+00 +2.3578e+00 +9.6533e-01 -2.2587e+00 +3.0527e-01 -1.4652e+00 +3.6476e-01 +5.7769e-01
99 0 +1.497448321e+03 +1.282968321e+03 +1.282968321e+03 +2.6072e+00 +2.0898e+00 -4.5408e-01 +3.1032e-01 -2.3838e+00 -1.1723e+00 +2.6343e+00 -3.0507e-01 -2.4681e+00 +1.0191e-01 -9.5698e-01 -1.8214e+00 -2.9962e+00 -1.7794e+00 +2.7595e+00 -2.3089e+00 +8.5504e-01 +2.6899e+00 +2.6998e+00 +2.8900e+00
122 0 +1.372769551e+03 +1.158289551e+03 +1.158289551e+03 -1.0380e+00 +1.3863e+00 -7.1411e-01 -1.6884e+00 -2.6904e+00 +4.9646e-01 +7.4009e-01 +1.9725e+00 +8.1045e-01 -2.7494e+00 -9.1343e-01 -1.4967e-01 -4.4951e-01 -5.6437e-01 -1.4845e+00 -7.3087e-01 +9.3065e-01 +2.5675e+00 +2.8047e-01 +2.7505e+00
292 0 +1.283856030e+03 +1.069376030e+03 +1.069376030e+03 -2.4863e-01 +1.5674e+00 +2.5916e+00 -2.4548e+00 -2.2738e+00 -2.2473e+00 +6.5210e-01 -1.3965e-01 +2.6222e+00 +2.2586e+00 +1.1173e+00 -1.8283e+00 -3.2678e-01 -1.0732e-01 -6.1893e-01 -2.9663e-02 -1.7822e+00 +2.6486e-01 -2.1498e+00 +2.0350e+00
414 0 +1.036673548e+03 +8.221935484e+02 +8.221935484e+02 -1.8451e+00 +6.9302e-01 +3.3103e-01 -7.7347e-01 -2.7337e+00 -3.4636e-01 +8.1194e-01 -7.6589e-01 +1.3499e+00 -1.2545e+00 +1.4974e+00 -2.5567e+00 -6.1180e-01 -7.8675e-01 +2.1905e+00 -2.9343e+00 -2.9525e-01 +2.0089e+00 -1.2769e+00 +1.6789e+00
12812 0 +8.551966599e+02 +6.407166599e+02 +6.407166599e+02 -1.2385e+00 +2.7344e+00 -2.5838e+00 -8.1345e-01 -2.9511e+00 -2.1324e-01 +6.7462e-01 +2.7964e+00 +2.1839e+00 +1.3228e+00 +1.1978e+00 -2.9581e+00 -2.1959e+00 -1.7626e+00 +2.2705e+00 -6.7710e-02 -1.2458e+00 +1.8784e+00 -1.8315e+00 +1.3461e+00
48811 0 +8.384489233e+02 +6.239689233e+02 +6.239689233e+02 -7.9956e-01 +1.2085e+00 +3.4853e-01 -2.6958e+00 -2.7579e+00 -6.8554e-01 +2.2776e+00 +1.8475e+00 -6.2124e-01 +1.4438e+00 +2.9216e+00 -1.7902e+00 -2.7257e+00 -1.5544e-01 +8.5054e-01 -2.5785e+00 -9.5091e-01 -2.6302e-01 -7.6713e-01 +1.2327e+00
197138 0 +8.250103492e+02 +6.105303492e+02 +6.105303492e+02 -1.1829e-01 +2.7942e+00 +3.9233e-01 -2.5323e+00 -1.6345e+00 -1.0241e+00 +1.4894e+00 +1.2191e+00 -9.1839e-01 +1.6876e+00 +1.9202e+00 -2.0828e+00 -3.9733e-01 +2.4485e+00 +1.2039e+00 -1.3442e+00 +3.7541e-01 +1.2939e+00 -7.0462e-01 +1.1324e+00
569525 0 +7.457513585e+02 +5.312713585e+02 +5.312713585e+02 -1.9039e+00 +2.3865e+00 +2.9309e-01 -9.6042e-01 -2.2279e+00 -1.5382e+00 +2.5543e+00 +2.0014e+00 -2.7989e-01 +1.5513e+00 +1.9435e+00 -1.2910e+00 -2.7733e+00 -1.2061e+00 +1.8771e+00 +1.2285e-01 +3.6523e-01 +6.2882e-01 -1.5087e+00 +1.1253e+00
6170047 0 +7.339987088e+02 +5.195187088e+02 +5.195187088e+02 -2.2800e+00 +1.9321e+00 -9.3077e-01 -1.3011e+00 -2.9125e+00 -7.4543e-01 +2.8662e+00 +1.2886e+00 +6.2819e-01 +1.9140e+00 +2.5984e+00 -4.8519e-01 -1.0470e+00 -7.8409e-01 +2.8972e+00 -1.2080e+00 -8.5784e-01 +1.4864e+00 -1.2866e+00 +8.8896e-01
16974144 0 +6.634099182e+02 +4.489299182e+02 +4.489299182e+02 -9.3503e-01 +1.4294e+00 -7.2703e-01 -2.2115e+00 -2.3823e+00 +3.4205e-01 +1.5844e+00 +2.2250e+00 -8.0069e-01 +1.6143e+00 +1.4288e+00 -2.4165e+00 -1.8014e+00 -9.7654e-01 +1.0308e+00 -5.0934e-01 -5.2289e-01 +2.2849e+00 -4.7304e-02 +2.2657e+00
% f evaluations | g evaluations | best noise-free fitness - Fopt (-4.590000000000e+01) + sum g_i+ | measured fitness | best measured fitness or single-digit g-values | x1 | x2...
1 0 +2.703630772e+03 +2.657730772e+03 +2.657730772e+03 -8.8862e-01 +1.3530e+00 +2.5967e+00 -6.8404e-01 -2.3071e+00 -8.3875e-02 +2.2917e+00 -8.7310e-01 +1.1945e+00 -7.3543e-01 +1.8150e+00 +2.6735e-01 +2.7586e+00 +9.2054e-01 -3.9072e-01 +2.5044e+00 +2.4203e-01 -2.9981e+00 -2.2539e+00 -1.8359e+00
2 0 +2.678241668e+03 +2.632341668e+03 +2.632341668e+03 -1.1936e+00 -1.8897e+00 -2.4862e+00 +5.5294e-01 +2.2765e+00 +2.8938e+00 +2.4509e+00 +1.4021e+00 -2.4483e+00 +1.0876e+00 -3.0629e-01 +1.5202e+00 +1.4315e+00 +9.0687e-01 -1.1837e+00 +1.8652e+00 -9.2069e-01 +2.4307e+00 +1.3518e+00 +1.8131e+00
3 0 +2.350530487e+03 +2.304630487e+03 +2.304630487e+03 +3.6429e-01 +1.1992e+00 -2.2215e+00 +2.5561e+00 -9.7592e-02 +3.1958e-01 -4.7851e-01 -7.4859e-01 +1.7598e+00 -9.5327e-02 -2.4707e+00 +2.1863e+00 +2.9085e+00 +1.1328e+00 +2.2557e+00 +1.2140e+00 +1.2272e-01 +1.7933e+00 -1.2069e-01 +1.7314e+00
8 0 +2.022699110e+03 +1.976799110e+03 +1.976799110e+03 +2.1313e+00 -8.4402e-02 +1.5976e+00 -6.0091e-01 -1.8627e+00 +6.5258e-01 -2.5967e+00 +2.4834e+00 -2.0892e+00 -2.9902e+00 -7.2856e-01 +1.3447e+00 +1.0151e-01 +7.4528e-01 -1.2397e+00 -6.0710e-01 +2.1648e+00 -2.9066e+00 -2.4053e+00 -8.7970e-01
15 0 +1.908728873e+03 +1.862828873e+03 +1.862828873e+03 +2.8612e+00 +2.4505e-01 -5.5854e-01 -6.5398e-01 -1.7206e+00 -1.0583e+00 -1.5296e+00 -2.2475e+00 +4.5046e-01 -3.8084e-01 +2.5279e+00 +2.0072e+00 +1.7175e-01 +2.1098e+00 +2.8642e+00 -2.5125e-01 +2.1072e+00 +2.1067e+00 +1.4698e+00 -2.8712e+00
35 0 +1.856463573e+03 +1.810563573e+03 +1.810563573e+03 +2.3056e-01 +4.3660e-01 -2.3608e+00 +1.8739e+00 -1.5697e+00 -2.9644e+00 +5.3963e-01 -1.7659e+00 -2.5130e+00 -1.6986e+00 -2.8279e+00 -6.5869e-01 -7.8856e-02 +3.3875e-01 +6.1922e-01 +6.9868e-01 +2.3642e+00 -1.1020e-01 +1.8235e-01 -1.3035e+00
78 0 +1.445282817e+03 +1.399382817e+03 +1.399382817e+03 +2.6092e+00 +5.5137e-01 +2.1082e+00 +2.1161e+00 -2.7599e+00 +5.0999e-01 +1.0843e+00 +1.1340e+00 -1.6740e+00 +5.2583e-01 -2.2422e+00 +2.6470e+00 -2.5090e+00 -4.6752e-01 +6.0127e-01 +3.0000e+00 +5.1352e-01 -1.2576e+00 +5.3691e-01 -2.8013e+00
79 0 +1.365717041e+03 +1.319817041e+03 +1.319817041e+03 -2.5549e+00 -2.3001e+00 -4.7688e-01 +1.3095e+00 -2.5714e+00 +1.0447e+00 +7.1977e-01 +9.6238e-02 -1.7050e+00 -2.9295e+00 +1.5162e+00 +2.5454e+00 -2.6974e+00 +2.1822e-01 -6.3940e-01 +2.1902e+00 +2.6871e+00 +1.9445e+00 +8.4236e-01 -1.9569e+00
7437 0 +1.340434234e+03 +1.294534234e+03 +1.294534234e+03 +2.7293e+00 -1.0971e+00 -2.8987e-01 +7.3291e-01 -2.2391e+00 +1.0907e+00 +2.3286e-02 -7.5057e-01 -1.3315e+00 -1.0758e+00 +4.4403e-01 +9.0033e-01 +6.0903e-02 +2.9334e+00 +1.9719e+00 +1.6282e-02 +2.7114e+00 +9.4796e-01 +1.7212e+00 -2.4837e+00
11241 0 +1.302097505e+03 +1.256197505e+03 +1.256197505e+03 +1.3060e-01 -1.3874e+00 +3.8325e-01 +9.7301e-01 -8.4002e-01 -1.1228e+00 +7.5074e-01 -2.1948e+00 -2.3907e+00 -8.1872e-01 -2.6887e-01 -8.1414e-01 +2.8196e-02 +2.4872e+00 +9.0729e-01 +2.8210e+00 +2.5015e+00 -8.2489e-02 +1.6348e+00 -2.6535e+00
41976 0 +1.152410447e+03 +1.106510447e+03 +1.106510447e+03 +2.1680e+00 -2.1005e+00 -1.1110e+00 +9.7197e-01 -1.2633e+00 +4.0107e-01 -1.6294e+00 -2.3211e+00 -2.4247e+00 -2.9567e+00 -3.6405e-01 +6.6367e-01 -2.6106e+00 +5.0002e-01 +1.0763e+00 +2.3276e+00 +6.0439e-01 +9.8361e-01 +1.3176e+00 -2.7418e+00
495870 0 +1.057350079e+03 +1.011450079e+03 +1.011450079e+03 -4.6666e-01 -2.7973e+00 +1.3699e-01 +8.7736e-01 -2.4319e-01 +1.4134e+00 +1.7078e+00 -1.0824e+00 -2.6648e+00 -1.0403e+00 -2.0817e+00 +2.2866e+00 -1.2127e+00 +2.8220e+00 +2.3484e+00 +2.0317e+00 +1.9213e+00 +2.4637e-01 -5.1874e-02 -2.9664e+00
1690020 0 +9.226158216e+02 +8.767158216e+02 +8.767158216e+02 +1.5297e+00 -2.6240e+00 +1.8483e-01 -8.9948e-01 -2.3124e+00 +4.5397e-01 -2.9077e-01 +1.6456e+00 -2.4628e+00 -2.7257e+00 -2.6905e+00 +1.5542e+00 -8.9136e-01 +1.3047e+00 -1.8187e-02 +2.5783e+00 +2.8870e+00 +1.0232e+00 +2.8756e+00 -2.9287e+00
