% f evaluations | g evaluations | best noise-free fitness - Fopt (2.997000000000e+01) + sum g_i+ | measured fitness | best measured fitness or single-digit g-values | x1 | x2...
1 0 +2.324834504e+03 +2.354804504e+03 +2.354804504e+03 -1.9399e+00 +1.3426e+00 -1.0874e+00 -1.1742e+00 -1.5360e+00 -2.9094e+00 +2.5147e+00 +1.3117e+00 -3.5690e-01 -2.7455e+00
2 0 +2.063870800e+03 +2.093840800e+03 +2.093840800e+03 +1.6960e+00 -1.6739e+00 +1.5056e+00 +2.3853e+00 -2.1489e+00 -1.8558e-01 -2.1665e+00 -1.6314e-01 -2.4465e+00 +1.2262e+00
4 0 +1.646725491e+03 +1.676695491e+03 +1.676695491e+03 +1.9324e+00 -2.9100e+00 +8.5328e-01 -2.2823e+00 -2.6943e+00 -2.9513e+00 -2.0980e+00 -2.7988e+00 +2.8274e-01 +1.8872e+00
5 0 +9.684219639e+02 +9.983919639e+02 +9.983919639e+02 +1.4353e+00 -1.9513e+00 -2.7171e+00 -1.0283e+00 +2.2815e+00 +1.8793e+00 +2.2285e-01 -2.0031e+00 -2.3019e+00 +1.4499e+00
203 0 +9.201049127e+02 +9.500749127e+02 +9.500749127e+02 +2.8065e-01 -1.2078e-02 -2.3268e+00 -1.9129e+00 +1.8728e+00 -1.7441e-01 -2.9877e+00 -2.2864e+00 +1.9066e+00 +1.7995e+00
470 0 +7.837597559e+02 +8.137297559e+02 +8.137297559e+02 +2.2263e+00 -2.5842e+00 -2.1493e+00 -9.2340e-02 +1.8069e+00 -1.6039e-01 -2.6083e+00 -2.6156e+00 -1.1556e+00 -1.3241e+00
2313 0 +7.696934266e+02 +7.996634266e+02 +7.996634266e+02 -8.0871e-01 -1.4656e+00 -2.8146e+00 -8.3467e-01 +1.0211e+00 +7.4397e-01 -2.5060e+00 -1.4943e+00 +9.6494e-01 -1.8133e+00
4202 0 +7.320265526e+02 +7.619965526e+02 +7.619965526e+02 +8.6700e-01 -1.6491e+00 -2.0465e+00 -1.0818e+00 +2.9805e+00 +2.6412e+00 -2.2958e+00 -2.9292e+00 -2.7317e+00 +1.7364e+00
4627 0 +5.922384732e+02 +6.222084732e+02 +6.222084732e+02 +7.2352e-01 -2.8431e+00 -1.8666e+00 -1.0775e+00 +2.3412e+00 +1.6385e+00 -1.1217e+00 -2.7598e+00 +1.8426e-01 -1.8261e+00
17371 0 +3.960075194e+02 +4.259775194e+02 +4.259775194e+02 +1.1567e-02 -1.9701e+00 -2.8628e+00 -2.8559e+00 +1.4077e+00 +2.7612e+00 -2.6682e+00 -2.6092e+00 +4.1661e-01 -2.7720e+00
5198673 0 +3.674634383e+02 +3.974334383e+02 +3.974334383e+02 +1.7465e+00 -1.9795e+00 -2.9226e+00 -1.9232e+00 +2.8421e+00 +2.4440e+00 -2.6247e+00 -2.4916e+00 +3.0461e-01 -2.7437e+00
% f evaluations | g evaluations | best noise-free fitness - Fopt (-5.171000000000e+01) + sum g_i+ | measured fitness | best measured fitness or single-digit g-values | x1 | x2...
1 0 +2.782974847e+03 +2.731264847e+03 +2.731264847e+03 +1.8615e+00 +2.6643e+00 +5.9133e-01 -7.4153e-01 -1.8706e+00 -1.3644e+00 +1.0303e+00 +2.8658e-01 +2.7685e+00 -2.8874e+00
2 0 +2.101592961e+03 +2.049882961e+03 +2.049882961e+03 -1.2986e+00 +3.1770e-01 -8.8640e-01 +1.8939e+00 +1.1979e-01 -1.3765e+00 -2.7129e-01 +2.1761e+00 +8.1264e-01 -6.1608e-01
7 0 +1.658977754e+03 +1.607267754e+03 +1.607267754e+03 +2.2066e+00 +2.8172e+00 -2.5365e+00 +3.2166e-01 +2.9755e+00 -2.7503e+00 +2.9059e+00 +1.3187e+00 -1.9064e+00 -1.9689e+00
23 0 +1.399704947e+03 +1.347994947e+03 +1.347994947e+03 -2.2534e-01 +3.3949e-01 -1.4592e+00 -2.3495e+00 +2.9322e+00 +7.3292e-01 -3.5190e-01 +5.4950e-01 -2.4246e+00 -3.0517e-01
48 0 +1.360300778e+03 +1.308590778e+03 +1.308590778e+03 +2.7885e+00 +2.8253e+00 -2.7200e+00 -2.3530e+00 +2.2197e+00 +2.6295e+00 -1.6311e+00 +1.5657e+00 +2.1644e+00 -1.1427e+00
80 0 +1.346309319e+03 +1.294599319e+03 +1.294599319e+03 +6.0919e-01 -3.0423e-02 -2.2739e+00 -4.3894e-01 +1.9403e+00 +2.3152e-01 +1.6049e+00 +7.5578e-03 -6.9632e-01 +2.6289e+00
111 0 +1.074843659e+03 +1.023133659e+03 +1.023133659e+03 +2.2186e+00 +7.2463e-02 -2.7035e+00 +1.5965e+00 +8.2822e-01 +2.0028e+00 -2.6567e+00 +2.4599e+00 -2.8718e+00 +9.4292e-01
200 0 +1.044361050e+03 +9.926510498e+02 +9.926510498e+02 +7.4864e-01 +8.2376e-01 -2.6759e+00 -1.5719e+00 +1.2702e+00 +5.4754e-01 -9.2149e-01 +1.9037e+00 +3.2265e-01 +2.6489e+00
341 0 +9.389594995e+02 +8.872494995e+02 +8.872494995e+02 +1.2768e-01 +8.0663e-01 -1.2942e+00 -2.7834e+00 +3.7586e-01 +5.5054e-01 -2.0525e+00 +7.1949e-01 -2.8050e+00 +2.8727e+00
1368 0 +7.459740845e+02 +6.942640845e+02 +6.942640845e+02 +2.1384e+00 +1.8127e+00 -2.6328e+00 +7.4120e-02 -5.0875e-02 -1.0031e-01 -2.7624e+00 +1.1495e+00 -2.1512e+00 +2.4677e+00
4866 0 +6.750523838e+02 +6.233423838e+02 +6.233423838e+02 +2.8603e+00 +2.7685e+00 -2.3854e+00 -8.1474e-01 +2.3317e+00 +8.1425e-01 -1.2570e+00 +2.5655e+00 -2.7957e+00 +1.0979e+00
10938 0 +6.061124966e+02 +5.544024966e+02 +5.544024966e+02 +2.6234e+00 +2.0608e+00 -2.9244e+00 -1.1713e+00 +3.2671e-01 -1.6929e+00 -2.8586e+00 +1.8318e+00 -1.9939e+00 +2.3435e+00
61851 0 +5.947958412e+02 +5.430858412e+02 +5.430858412e+02 +2.1978e+00 +2.8148e+00 -2.6277e+00 -2.9814e+00 +1.4232e+00 +1.1298e+00 -2.9826e+00 +2.7717e+00 -1.1289e+00 +1.2550e+00
125082 0 +5.341672885e+02 +4.824572885e+02 +4.824572885e+02 +1.8920e+00 +1.9149e+00 -2.4234e+00 -2.7227e+00 +8.9133e-01 -8.3233e-01 -1.9451e+00 +2.2160e+00 -2.8812e+00 +1.2859e+00
1375803 0 +5.235566102e+02 +4.718466102e+02 +4.718466102e+02 +2.8953e+00 +2.1073e+00 -2.6473e+00 -2.6326e+00 +2.0705e+00 +2.8999e+00 -2.9567e+00 +2.6324e+00 -2.7960e+00 -7.1930e-01
2525824 0 +5.005408243e+02 +4.488308243e+02 +4.488308243e+02 +2.6728e+00 +1.6452e+00 -2.4221e+00 -2.7077e+00 +6.8281e-01 +9.7328e-01 -2.2561e+00 +2.4255e+00 -1.9382e+00 +9.1167e-01
2746410 0 +4.180189055e+02 +3.663089055e+02 +3.663089055e+02 +2.7584e+00 +2.9418e+00 -2.8032e+00 -2.6025e+00 -6.7738e-02 +4.5904e-01 -2.4906e+00 +1.6502e+00 -2.8540e+00 +1.7944e+00
6463133 0 +4.103691384e+02 +3.586591384e+02 +3.586591384e+02 +2.7334e+00 +2.2223e+00 -2.7400e+00 -2.1479e+00 +1.0440e+00 -3.3402e-01 -2.4853e+00 +2.0251e+00 -2.5698e+00 +1.5060e+00
% f evaluations | g evaluations | best noise-free fitness - Fopt (-2.799500000000e+02) + sum g_i+ | measured fitness | best measured fitness or single-digit g-values | x1 | x2...
1 0 +1.998953666e+03 +1.719003666e+03 +1.719003666e+03 +2.7568e+00 +2.5895e+00 +7.6025e-01 +1.6892e+00 -2.4211e+00 +1.7723e+00 -2.4445e+00 -5.4716e-01 -2.3905e-01 +2.1872e+00
2 0 +1.402911823e+03 +1.122961823e+03 +1.122961823e+03 -1.5394e+00 +2.0161e+00 +2.4593e-02 -2.7186e+00 -2.5392e+00 +1.4664e-01 -1.8059e+00 -2.3539e+00 +7.4260e-01 +4.6863e-01
3 0 +1.314461075e+03 +1.034511075e+03 +1.034511075e+03 -2.4952e+00 -2.6551e+00 +2.4876e+00 +2.1006e+00 +2.2606e+00 +2.0575e+00 -1.4251e+00 -4.2453e-01 -5.0844e-01 -1.6528e+00
7 0 +1.160105303e+03 +8.801553027e+02 +8.801553027e+02 -1.1285e+00 -1.7563e+00 +3.9975e-01 +1.6475e+00 -1.1278e+00 -7.4712e-01 +1.6608e+00 +1.2910e+00 -6.8852e-01 -7.3938e-01
28 0 +1.092183991e+03 +8.122339914e+02 +8.122339914e+02 -7.7823e-01 +2.1832e-01 +3.8748e-01 -9.5532e-02 -2.1953e+00 +3.3682e-01 +1.0704e+00 -1.4406e-01 -1.0114e+00 -2.3222e+00
74 0 +7.218449135e+02 +4.418949135e+02 +4.418949135e+02 -2.2774e+00 -1.4385e+00 +2.5198e+00 -4.2873e-01 -1.6536e+00 +3.9617e-01 -4.1366e-01 +1.1946e+00 +2.2932e-01 -2.5511e+00
2552 0 +6.974967959e+02 +4.175467959e+02 +4.175467959e+02 -1.6471e+00 -1.7360e+00 +2.4965e+00 -1.0335e+00 -2.9677e+00 -1.4686e+00 +1.1312e+00 +4.3404e-01 -1.1757e+00 -5.9928e-01
3215 0 +6.809540208e+02 +4.010040208e+02 +4.010040208e+02 -2.0287e+00 -2.2995e+00 +2.4479e+00 +2.2937e-01 -2.4952e+00 -2.0636e+00 -6.1105e-01 -1.9659e+00 +1.3060e+00 -1.5977e+00
7760 0 +6.550299055e+02 +3.750799055e+02 +3.750799055e+02 -2.9135e+00 +2.6955e-01 +2.5071e+00 -8.8031e-01 -2.9257e+00 -1.1724e+00 -4.2826e-01 -1.3281e+00 +3.7008e-01 -2.7955e+00
19269 0 +6.354368408e+02 +3.554868408e+02 +3.554868408e+02 -2.8631e+00 -1.4206e+00 +6.4372e-01 -1.6039e+00 -2.2651e+00 -7.1097e-01 +1.1040e-02 +1.9511e+00 +3.8837e-01 -2.7612e+00
27186 0 +5.964206985e+02 +3.164706985e+02 +3.164706985e+02 -2.7008e+00 -6.5425e-01 +2.4150e+00 -1.5436e+00 -2.8589e+00 -6.6425e-01 -2.0859e+00 -5.9491e-01 +1.1866e+00 -2.5075e+00
50807 0 +5.365744634e+02 +2.566244634e+02 +2.566244634e+02 -2.5182e+00 -2.7833e+00 +2.7020e+00 -2.4746e+00 -2.0798e+00 -2.4164e+00 -8.7673e-01 -8.8204e-01 +1.1533e+00 -2.3416e+00
145183 0 +5.076128100e+02 +2.276628100e+02 +2.276628100e+02 -2.4228e+00 -2.7688e+00 +2.4623e+00 -7.5558e-01 -2.1092e+00 -2.1682e+00 -1.1499e+00 +8.2540e-02 -1.0397e+00 -2.8834e+00
230861 0 +3.680251061e+02 +8.807510608e+01 +8.807510608e+01 -2.9828e+00 -2.4550e+00 +2.1143e+00 -6.4437e-01 -2.8665e+00 -2.4547e+00 -8.3170e-01 -3.2432e-02 -2.9964e-01 -1.5715e+00
4669512 0 +3.557731297e+02 +7.582312973e+01 +7.582312973e+01 -2.3543e+00 -2.2944e+00 +2.9541e+00 -1.2957e+00 -2.9552e+00 -2.8816e+00 -1.6673e+00 +2.3377e-01 +8.7863e-01 -2.1191e+00
% f evaluations | g evaluations | best noise-free fitness - Fopt (9.319900000000e+02) + sum g_i+ | measured fitness | best measured fitness or single-digit g-values | x1 | x2...
1 0 +1.264101079e+03 +2.196091079e+03 +2.196091079e+03 +1.3933e+00 -1.9720e+00 +1.0470e+00 -2.9275e+00 -2.9702e+00 -7.8549e-01 +1.7068e+00 -2.6204e+00 +6.3399e-01 +4.7173e-01
2 0 +9.663953545e+02 +1.898385355e+03 +1.898385355e+03 +8.0850e-02 +7.0988e-01 +1.5014e+00 -1.1899e+00 -1.2518e+00 +1.5773e+00 +2.6009e+00 -2.7713e+00 -2.1704e+00 +2.2382e+00
17 0 +7.279349325e+02 +1.659924933e+03 +1.659924933e+03 +7.2312e-01 +1.1084e+00 +2.3373e+00 -6.4552e-01 +1.3075e+00 -1.4159e+00 +4.2946e-01 -1.1341e+00 -1.7854e+00 +5.7912e-01
427 0 +6.887355377e+02 +1.620725538e+03 +1.620725538e+03 +7.8625e-01 -6.9050e-01 +7.6337e-01 -2.4438e+00 -2.5852e-01 -1.3724e+00 +1.3948e+00 -2.6298e+00 -2.9672e+00 +1.2542e+00
1320 0 +5.877046934e+02 +1.519694693e+03 +1.519694693e+03 +5.3289e-01 +7.1294e-01 +1.9457e+00 +9.3660e-01 +2.5634e+00 -1.2180e+00 +2.7228e+00 -2.8989e+00 -2.8708e+00 +1.3099e+00
24385 0 +5.304597290e+02 +1.462449729e+03 +1.462449729e+03 -1.6874e+00 +2.5004e-01 +2.3491e+00 -1.6616e+00 +2.1242e-01 -1.2956e+00 +9.4074e-01 -2.9035e+00 -3.7748e-01 +2.8567e+00
31552 0 +4.193810198e+02 +1.351371020e+03 +1.351371020e+03 +8.3730e-01 +5.2816e-01 +2.1835e+00 -7.6612e-01 +2.3663e+00 -1.5880e+00 +1.3149e+00 -2.3756e+00 -2.2139e+00 +1.9281e+00
76616 0 +3.713181549e+02 +1.303308155e+03 +1.303308155e+03 +1.2538e+00 -4.1558e-01 +2.6588e+00 -6.2092e-01 +2.7090e+00 -2.8176e+00 +2.3210e+00 -2.8626e+00 -1.5155e-01 +4.4012e-01
2110889 0 +3.067776614e+02 +1.238767661e+03 +1.238767661e+03 +1.2753e+00 +9.7302e-01 +2.7650e+00 -1.5070e+00 +2.3759e+00 -2.9119e+00 +1.8226e+00 -2.8401e+00 -1.5719e+00 +2.9050e+00
3549863 0 +2.840171597e+02 +1.216007160e+03 +1.216007160e+03 +2.2584e-01 +6.4557e-01 +2.5242e+00 -1.4983e+00 +1.2372e+00 -2.7235e+00 +2.3212e+00 -2.8429e+00 -9.9109e-01 +2.7882e+00
8334643 0 +2.370483745e+02 +1.169038375e+03 +1.169038375e+03 +8.9995e-01 +1.2614e-01 +2.8692e+00 -1.0396e+00 +2.2863e+00 -2.6587e+00 +2.0061e+00 -2.9890e+00 -1.1921e+00 +2.1245e+00
% f evaluations | g evaluations | best noise-free fitness - Fopt (1.133100000000e+02) + sum g_i+ | measured fitness | best measured fitness or single-digit g-values | x1 | x2...
1 0 +7.616369137e+02 +8.749469137e+02 +8.749469137e+02 +1.5127e+00 +4.0232e-01 +7.8729e-01 +2.0117e+00 +2.4068e-01 -4.7182e-01 +7.2837e-01 -3.7580e-01 +1.4126e+00 -1.2517e+00
81 0 +7.403322288e+02 +8.536422288e+02 +8.536422288e+02 +1.6541e+00 +2.2035e+00 +1.5198e+00 -4.9375e-01 -1.3483e+00 +2.8007e+00 +2.2345e+00 -1.0723e+00 +2.0290e+00 +1.4585e+00
311 0 +7.156170775e+02 +8.289270775e+02 +8.289270775e+02 +3.7178e-01 +9.9072e-01 -5.0394e-01 -2.6330e+00 -5.5139e-01 +1.6479e+00 +1.5371e+00 -1.8070e+00 +2.2646e+00 -1.8417e+00
354 0 +6.569713083e+02 +7.702813083e+02 +7.702813083e+02 +2.6651e+00 +2.0834e+00 +9.7617e-01 +2.4597e+00 +2.5261e-01 +1.0149e+00 -1.0762e+00 -1.9611e-01 +2.1013e+00 +8.5853e-01
524 0 +5.802035853e+02 +6.935135853e+02 +6.935135853e+02 +2.0316e-01 +8.5447e-01 -4.1807e-01 +1.8649e-01 +2.7885e+00 -2.1254e-01 +1.0659e-01 -2.1979e+00 +1.2588e+00 -1.3119e+00
1198 0 +5.715217327e+02 +6.848317327e+02 +6.848317327e+02 +8.3992e-01 +2.3882e+00 -1.2619e-01 -1.5481e-01 -8.4065e-01 +8.7676e-01 +3.0477e-01 -1.2502e+00 +1.9927e+00 -2.6606e+00
1587 0 +5.552144204e+02 +6.685244204e+02 +6.685244204e+02 +1.5846e+00 +2.1099e+00 +2.9201e+00 -2.0006e+00 -3.2672e-01 +1.0621e+00 +9.0511e-01 -1.2171e+00 +1.5453e+00 -9.2446e-01
2193 0 +5.304858668e+02 +6.437958668e+02 +6.437958668e+02 +2.5349e+00 +2.6392e+00 +2.2453e+00 -2.1203e+00 -1.4274e+00 -4.7246e-02 -9.3504e-01 -2.6079e+00 +9.7480e-01 -1.8657e+00
2361 0 +5.200121129e+02 +6.333221129e+02 +6.333221129e+02 +1.7384e+00 +2.8656e+00 -1.8868e+00 +5.6013e-01 +1.5812e+00 +5.1310e-01 -7.0201e-01 -1.8749e+00 +1.5551e+00 +1.0130e+00
2430 0 +5.049965979e+02 +6.183065979e+02 +6.183065979e+02 +2.1036e+00 +2.8709e+00 -1.2043e+00 -1.2471e+00 +1.3016e+00 -1.0298e+00 +6.0892e-01 -1.1595e+00 +1.8883e+00 -1.1868e+00
3028 0 +4.384119352e+02 +5.517219352e+02 +5.517219352e+02 +1.1394e+00 +2.0765e-01 -1.7809e+00 +1.3533e+00 +2.7209e+00 -2.1950e+00 +7.4941e-01 -1.2470e+00 +2.0364e+00 -6.2595e-01
10520 0 +3.156352870e+02 +4.289452870e+02 +4.289452870e+02 +2.8375e+00 +2.3493e+00 +3.0982e-01 +4.5154e-01 +1.0538e+00 -9.9943e-02 -1.0887e+00 -2.2947e+00 +2.0110e+00 -6.0764e-01
21809 0 +2.795415162e+02 +3.928515162e+02 +3.928515162e+02 +2.3903e+00 +2.8269e+00 +9.7954e-01 +2.1714e-02 +2.5492e-01 +3.0482e-01 +2.9528e-01 -1.5561e+00 +2.1826e+00 -1.1476e+00
27579 0 +1.874262036e+02 +3.007362036e+02 +3.007362036e+02 +2.2067e+00 +2.6326e+00 -1.5850e-01 +6.1344e-01 +1.1215e+00 -1.4856e-01 -8.6678e-01 -1.9750e+00 +2.5332e+00 -6.2434e-01
% f evaluations | g evaluations | best noise-free fitness - Fopt (2.849000000000e+01) + sum g_i+ | measured fitness | best measured fitness or single-digit g-values | x1 | x2...
1 0 +1.637671287e+03 +1.666161287e+03 +1.666161287e+03 -1.6961e+00 -7.1614e-01 +2.6803e+00 +1.9231e-01 +2.8896e+00 +1.2045e+00 +5.6734e-01 -2.1695e-01 -1.2790e+00 -1.4596e+00
2 0 +1.442173497e+03 +1.470663497e+03 +1.470663497e+03 +1.3110e+00 +2.8758e+00 -1.2347e+00 -3.3021e-01 +1.6238e-01 +2.0786e+00 +1.3820e+00 +1.9609e+00 -1.0320e+00 -1.2356e+00
13 0 +1.335390477e+03 +1.363880477e+03 +1.363880477e+03 -1.7574e+00 -1.2772e+00 +2.8048e+00 -6.3458e-01 +1.5175e+00 +1.1351e+00 +6.7471e-01 -4.9649e-01 -1.5291e-01 +2.9108e+00
22 0 +1.200652953e+03 +1.229142953e+03 +1.229142953e+03 +3.7697e-01 -2.9900e+00 -1.9476e+00 -2.5324e+00 -2.6389e+00 +3.9082e-01 +1.5616e+00 +2.3232e+00 +4.3808e-01 +5.5577e-01
34 0 +1.110508192e+03 +1.138998192e+03 +1.138998192e+03 -2.0435e-01 -8.8649e-01 -2.1758e+00 -1.8920e+00 -9.0452e-01 -2.5821e-01 +1.7950e+00 +1.7698e+00 -4.2342e-01 +1.9249e+00
62 0 +1.059539626e+03 +1.088029626e+03 +1.088029626e+03 -1.0279e+00 -2.9443e+00 +1.5163e+00 -2.5653e+00 +2.7216e+00 +1.3589e+00 +6.2527e-01 +8.5738e-02 +9.2434e-01 +1.9275e+00
186 0 +7.923993561e+02 +8.208893561e+02 +8.208893561e+02 +2.5927e+00 -1.0068e+00 +2.3845e+00 -1.2790e+00 -1.1441e+00 -5.9249e-03 +1.9262e+00 +2.1904e+00 +1.0485e+00 +2.8180e+00
1480 0 +7.243309504e+02 +7.528209504e+02 +7.528209504e+02 +2.3545e+00 -1.5129e+00 +2.0700e+00 -1.4727e+00 +2.2641e-01 +2.5550e+00 +9.1776e-01 +2.6780e+00 -2.2297e+00 +1.4858e+00
1743 0 +6.754606694e+02 +7.039506694e+02 +7.039506694e+02 +1.1716e-01 -1.0516e-01 +8.9610e-01 -2.5084e+00 +1.8521e-01 +2.4388e+00 +1.0106e+00 +1.7531e+00 -5.7199e-01 +1.8024e+00
2184 0 +6.286104890e+02 +6.571004890e+02 +6.571004890e+02 +2.0249e+00 -2.2472e+00 +1.8040e+00 -1.6433e+00 -3.8693e-01 +2.7247e+00 +2.9020e+00 +9.3231e-01 -1.4118e+00 +2.6968e+00
5977 0 +5.375645057e+02 +5.660545057e+02 +5.660545057e+02 -3.7082e-01 -1.9104e+00 -1.0981e-01 -2.2208e+00 -8.9115e-01 +9.5949e-01 +2.6653e+00 +2.5966e+00 -6.3347e-01 +2.5639e+00
6475 0 +5.173426704e+02 +5.458326704e+02 +5.458326704e+02 +9.6530e-02 -7.0200e-01 +1.2265e+00 -2.0641e+00 -1.8349e+00 +2.5826e+00 +1.9778e+00 +2.7273e+00 -1.5686e-01 +1.8784e+00
36898 0 +5.060209157e+02 +5.345109157e+02 +5.345109157e+02 +2.0651e+00 -2.4384e+00 +2.3094e+00 -2.5964e+00 -9.0760e-01 +1.6487e+00 +2.5783e+00 +2.8555e+00 +2.1383e+00 +2.6113e+00
42847 0 +4.981155724e+02 +5.266055724e+02 +5.266055724e+02 -2.6163e-01 -2.9227e+00 +2.8782e+00 -2.2591e+00 -2.0252e+00 +2.4026e+00 +1.4216e+00 +2.8876e+00 -1.5659e+00 +2.6457e+00
85501 0 +4.264514717e+02 +4.549414717e+02 +4.549414717e+02 +3.1859e-01 -2.3159e+00 +8.3689e-01 -2.6855e+00 -1.4564e+00 +2.7272e+00 +1.6932e+00 +2.4717e+00 -3.9405e-01 +1.6838e+00
133426 0 +4.029178251e+02 +4.314078251e+02 +4.314078251e+02 +1.0154e+00 -8.8678e-01 -2.5578e-01 -2.5168e+00 -2.7201e+00 +2.7639e+00 +1.3992e+00 +2.9323e+00 -2.9191e+00 +2.6431e+00
905367 0 +3.848333278e+02 +4.133233278e+02 +4.133233278e+02 -1.6391e+00 -1.7304e+00 -4.1372e-01 -2.5607e+00 -1.8870e+00 +2.8702e+00 +1.1915e+00 +2.5221e+00 -1.6943e+00 +2.8778e+00
1227860 0 +3.746962015e+02 +4.031862015e+02 +4.031862015e+02 -1.1703e+00 -2.5129e+00 +1.1153e+00 -2.8229e+00 -5.0529e-02 +2.7129e+00 +9.0152e-01 +2.7541e+00 -1.5493e+00 +2.8655e+00
1497355 0 +3.566681336e+02 +3.851581336e+02 +3.851581336e+02 +5.2203e-01 -2.1522e+00 +4.5681e-01 -2.7244e+00 -1.5778e+00 +1.9128e+00 +2.3820e+00 +2.0850e+00 +6.2865e-01 +2.7149e+00
1629841 0 +3.109463733e+02 +3.394363733e+02 +3.394363733e+02 +3.9902e-01 -1.6117e+00 +1.4289e+00 -2.6097e+00 -1.9898e+00 +2.4427e+00 +2.9472e+00 +2.0120e+00 -3.2254e-01 +2.1066e+00
7382253 0 +2.801390139e+02 +3.086290139e+02 +3.086290139e+02 -1.1506e+00 -2.7336e+00 +1.6160e+00 -2.8640e+00 -2.2551e+00 +2.5669e+00 +2.8787e+00 +2.4685e+00 -2.9716e-01 +2.8041e+00
% f evaluations | g evaluations | best noise-free fitness - Fopt (-7.405800000000e+02) + sum g_i+ | measured fitness | best measured fitness or single-digit g-values | x1 | x2...
1 0 +1.637884193e+03 +8.973041932e+02 +8.973041932e+02 -1.8762e+00 +1.4160e-01 -2.6683e+00 +9.7241e-01 +2.7864e+00 -3.8247e-01 -6.2430e-02 +2.3181e+00 +2.1197e+00 +1.3798e+00
3 0 +7.624265799e+02 +2.184657990e+01 +2.184657990e+01 -1.6568e+00 +6.6404e-01 -1.0239e+00 -1.6012e-01 -6.4376e-01 +1.6919e+00 -2.1154e+00 +2.6932e+00 -2.4988e+00 -2.6482e+00
324 0 +7.076447328e+02 -3.293526722e+01 -3.293526722e+01 -1.2302e+00 +3.1270e-02 -1.2723e+00 -1.3613e+00 -6.8264e-01 +2.5630e+00 -2.9621e+00 +3.8138e-01 -4.3820e-01 -1.5789e+00
889 0 +6.580526432e+02 -8.252735677e+01 -8.252735677e+01 -2.8227e+00 -1.9987e+00 -2.0462e+00 +4.1232e-01 -1.0751e+00 +1.9715e+00 -2.7376e+00 +1.2541e+00 -1.6338e+00 -2.3096e+00
4411 0 +5.791497941e+02 -1.614302059e+02 -1.614302059e+02 +1.4022e+00 -8.5885e-01 -2.4974e+00 +1.9300e+00 -1.9853e+00 +2.5605e+00 -1.7547e+00 +2.5764e+00 -2.2091e+00 -2.0641e+00
23875 0 +4.969405494e+02 -2.436394506e+02 -2.436394506e+02 +1.2899e+00 -7.6535e-01 -1.9403e+00 +3.7013e-01 -9.7614e-01 +2.9807e+00 -2.1092e+00 +1.1342e+00 -2.4432e+00 -1.3800e+00
43355 0 +4.413890166e+02 -2.991909834e+02 -2.991909834e+02 +4.0804e-02 +3.4090e-01 -2.5030e+00 +1.4753e+00 -4.9729e-01 +2.2902e+00 -2.4625e+00 +2.1118e+00 -2.1083e+00 -5.9781e-01
440847 0 +4.176001198e+02 -3.229798802e+02 -3.229798802e+02 -2.5296e+00 -3.5310e-01 -1.3646e+00 +5.0786e-01 -1.1620e-03 +2.7419e+00 -2.7411e+00 +2.5184e+00 -2.4175e+00 +2.7155e-01
1642164 0 +3.881787451e+02 -3.524012549e+02 -3.524012549e+02 -6.5071e-01 -9.6685e-01 -2.8124e+00 +2.6334e-01 -3.9870e-01 +2.4745e+00 -2.9160e+00 +2.0554e+00 -1.7846e+00 -9.5295e-01
4048623 0 +3.622038361e+02 -3.783761639e+02 -3.783761639e+02 -7.7061e-01 +8.1057e-01 -1.4648e+00 +1.1356e+00 -6.2362e-01 +2.7325e+00 -2.9912e+00 +2.6509e+00 -2.6527e+00 -7.3602e-01
5272453 0 +3.458533086e+02 -3.947266914e+02 -3.947266914e+02 -2.7886e+00 -6.9294e-01 -2.4820e+00 +2.0970e-01 -5.8778e-01 +2.3809e+00 -2.7001e+00 +2.3951e+00 -2.8395e+00 -3.7647e-01
% f evaluations | g evaluations | best noise-free fitness - Fopt (-5.177000000000e+01) + sum g_i+ | measured fitness | best measured fitness or single-digit g-values | x1 | x2...
1 0 +1.599282800e+03 +1.547512800e+03 +1.547512800e+03 +2.1016e-01 +1.5512e+00 -2.1458e+00 -2.1292e+00 +5.4222e-01 -8.0984e-01 +1.7274e+00 +2.1758e+00 -1.0949e+00 -1.8234e+00
4 0 +1.585670321e+03 +1.533900321e+03 +1.533900321e+03 -2.3739e+00 -2.2071e+00 +4.8665e-01 +3.3813e-01 +1.7133e+00 +2.6479e+00 +7.7191e-01 +1.3722e+00 +2.9939e+00 +1.0914e+00
10 0 +1.480511985e+03 +1.428741985e+03 +1.428741985e+03 -2.1206e-02 -1.1888e+00 -4.5514e-01 +2.3023e-01 +2.6509e+00 +2.1347e-02 -1.0710e+00 -1.1849e+00 -1.1407e+00 -2.6795e+00
15 0 +1.274796607e+03 +1.223026607e+03 +1.223026607e+03 -2.4712e+00 +4.3751e-01 -6.2693e-01 -1.0090e+00 +2.2476e+00 +1.8155e-01 -2.2695e+00 +2.2611e+00 -2.0848e+00 -2.4994e+00
39 0 +1.210019353e+03 +1.158249353e+03 +1.158249353e+03 -1.5380e+00 +2.8608e+00 +1.6733e-01 -1.8514e+00 +2.8645e-02 +1.6513e+00 +2.8716e+00 +4.1801e-01 +1.2680e+00 -1.7622e+00
64 0 +8.496964632e+02 +7.979264632e+02 +7.979264632e+02 -2.3270e+00 +2.5211e+00 +2.9975e+00 +3.9843e-01 +2.3118e+00 -1.4757e+00 -1.3345e+00 -1.9210e+00 +2.7171e+00 -1.4699e+00
497 0 +7.263018121e+02 +6.745318121e+02 +6.745318121e+02 -2.7486e+00 +1.1072e+00 +1.5452e+00 -1.0031e+00 +2.1936e+00 +2.3378e-01 -2.5985e+00 +2.3660e+00 +1.3852e+00 -2.3410e+00
769 0 +7.086739802e+02 +6.569039802e+02 +6.569039802e+02 -1.2598e+00 +2.7784e+00 +2.1793e+00 -2.8877e+00 +2.5526e+00 +2.2409e+00 -2.5109e+00 -9.2018e-01 +6.6724e-01 -1.4612e+00
2253 0 +6.335902353e+02 +5.818202353e+02 +5.818202353e+02 -2.5185e+00 +4.6110e-01 -4.1784e-02 -1.4506e+00 +2.7134e+00 +2.3458e+00 -9.6046e-01 -1.4331e+00 +1.5724e+00 -1.8783e+00
6370 0 +5.522124698e+02 +5.004424698e+02 +5.004424698e+02 -2.3591e+00 +1.9016e+00 +1.3464e+00 -1.3746e+00 -5.8863e-01 +1.9106e+00 -2.4556e+00 -2.7998e+00 +9.9068e-01 -1.8104e+00
43773 0 +5.077561867e+02 +4.559861867e+02 +4.559861867e+02 -2.3589e+00 +1.3329e+00 +2.7700e+00 -1.9765e+00 -1.4331e-02 +2.2779e+00 -2.2605e+00 -2.2101e+00 +2.0553e+00 -2.0238e+00
80405 0 +4.802384479e+02 +4.284684479e+02 +4.284684479e+02 -1.7922e+00 +2.1942e+00 +1.3407e+00 -8.0923e-01 +1.8256e+00 +1.3064e+00 -1.2046e+00 -1.9961e+00 +2.4776e+00 -2.9735e+00
83249 0 +4.537989075e+02 +4.020289075e+02 +4.020289075e+02 -2.8080e+00 +1.6924e+00 +2.3556e+00 -1.7871e+00 +8.5049e-01 +2.4714e+00 -2.1676e+00 -7.2058e-01 +2.7073e+00 -2.9897e+00
193596 0 +4.351922094e+02 +3.834222094e+02 +3.834222094e+02 -2.4789e+00 +1.6970e+00 +2.0812e+00 -2.8140e+00 +2.2319e+00 +6.9774e-01 -2.3084e+00 -2.1656e+00 +2.8347e+00 -1.6262e+00
249289 0 +3.768282556e+02 +3.250582556e+02 +3.250582556e+02 -1.7205e+00 +2.2958e+00 +5.6340e-01 -1.9439e+00 +2.8455e+00 +2.6895e+00 -2.0835e+00 -1.8031e+00 +2.0570e+00 -2.9264e+00
380964 0 +3.355409735e+02 +2.837709735e+02 +2.837709735e+02 -2.3701e+00 +2.6017e+00 +2.3248e+00 -1.4865e+00 +2.8401e+00 +7.0801e-01 -2.2971e+00 -2.8047e-01 +1.9397e+00 -2.9576e+00
602512 0 +3.116251588e+02 +2.598551588e+02 +2.598551588e+02 -2.7124e+00 +1.2513e+00 +1.2142e+00 -2.5549e+00 +2.4736e+00 +2.3254e+00 -2.8307e+00 -1.7308e+00 +2.2962e+00 -2.5180e+00
2971637 0 +3.022641392e+02 +2.504941392e+02 +2.504941392e+02 -2.3898e+00 +1.8979e+00 +1.9147e+00 -1.8612e+00 +1.3742e+00 +1.3157e+00 -2.2930e+00 -1.0339e+00 +2.0412e+00 -2.4806e+00
3252299 0 +2.996052042e+02 +2.478352042e+02 +2.478352042e+02 -1.6484e+00 +1.2690e+00 +6.4416e-01 -2.6927e+00 +2.8955e+00 +1.4427e+00 -2.5149e+00 -9.9319e-01 +2.7372e+00 -2.7068e+00
6542059 0 +2.210284417e+02 +1.692584417e+02 +1.692584417e+02 -2.5588e+00 +2.2495e+00 +2.1472e+00 -2.7791e+00 +2.9330e+00 +1.5216e+00 -1.6805e+00 -8.9206e-01 +2.1646e+00 -2.9945e+00
% f evaluations | g evaluations | best noise-free fitness - Fopt (-2.229800000000e+02) + sum g_i+ | measured fitness | best measured fitness or single-digit g-values | x1 | x2...
1 0 +2.455213327e+03 +2.232233327e+03 +2.232233327e+03 -2.4580e+00 -1.9049e+00 +2.5795e-01 +2.5720e+00 -1.1145e+00 +3.1953e-01 -3.0682e-01 +9.2870e-01 +6.4835e-01 -1.1692e+00
2 0 +1.537659353e+03 +1.314679353e+03 +1.314679353e+03 +1.0597e+00 -2.2705e+00 -2.0045e+00 +2.7899e+00 -1.9924e+00 +1.2768e+00 -8.7561e-01 +3.9254e-01 -2.6875e+00 +2.4674e+00
15 0 +1.413058113e+03 +1.190078113e+03 +1.190078113e+03 +2.8699e+00 +2.5163e+00 +1.2314e+00 +2.8056e+00 -1.7246e+00 +1.8891e+00 +1.0027e+00 -1.2043e+00 -1.0154e+00 -5.0051e-01
27 0 +1.379500283e+03 +1.156520283e+03 +1.156520283e+03 +2.2925e+00 +1.4832e+00 -9.7187e-01 -1.7461e+00 -9.1885e-01 -3.3461e-01 +2.3639e+00 -1.6397e+00 -1.7157e+00 -1.2755e+00
95 0 +1.218444836e+03 +9.954648365e+02 +9.954648365e+02 +2.6362e+00 -5.3824e-02 -1.1190e+00 +2.2740e+00 -1.2988e+00 +2.0021e+00 +2.5036e+00 -1.5628e+00 +1.3685e+00 -2.9386e+00
102 0 +1.038737656e+03 +8.157576562e+02 +8.157576562e+02 +2.6970e+00 -6.6207e-01 -1.0074e+00 +1.8758e+00 -1.1924e+00 +2.9097e+00 +1.5026e+00 -2.6619e+00 -2.8752e+00 +2.0682e+00
1100 0 +1.017505954e+03 +7.945259536e+02 +7.945259536e+02 +2.8769e+00 +2.1609e+00 +1.0451e+00 +1.2992e+00 -2.9694e+00 +1.7429e+00 +2.4633e+00 -2.2543e+00 -2.8056e+00 -1.7747e-01
3042 0 +9.876098470e+02 +7.646298470e+02 +7.646298470e+02 +2.4456e+00 +3.4639e-01 -1.0311e+00 +1.7112e-01 -2.2695e+00 +2.4783e+00 +1.5504e+00 -2.9960e+00 -2.9509e+00 +1.1845e+00
5577 0 +9.186890241e+02 +6.957090241e+02 +6.957090241e+02 +2.2062e+00 +2.4395e+00 -2.7667e+00 +2.0371e+00 -2.3063e+00 +1.6409e+00 +1.5803e+00 -2.0798e+00 -1.0666e+00 -9.6341e-01
6618 0 +7.921967878e+02 +5.692167878e+02 +5.692167878e+02 +2.3382e+00 +1.5270e+00 -7.0054e-01 +2.8953e+00 -2.9749e+00 +1.7360e+00 +2.1427e+00 -2.7771e+00 -2.7566e+00 +1.3380e+00
36854 0 +7.528452508e+02 +5.298652508e+02 +5.298652508e+02 +2.2610e+00 +1.8798e+00 -2.8922e+00 +1.8431e+00 -2.7717e+00 +1.8554e+00 +1.5964e+00 -1.9699e+00 -2.4489e+00 -2.4860e-01
39129 0 +6.535967714e+02 +4.306167714e+02 +4.306167714e+02 +2.9112e+00 -3.4866e-01 -2.8105e+00 +1.3225e+00 -2.6719e+00 +1.7171e+00 +2.1556e+00 -2.0691e+00 -2.2516e+00 -4.6417e-01
249864 0 +6.449555870e+02 +4.219755870e+02 +4.219755870e+02 +2.5311e+00 +8.3127e-01 -2.5479e+00 +1.7895e+00 -2.5573e+00 +1.3756e-01 +2.1978e+00 -2.5082e+00 -1.6646e+00 +2.2067e+00
476973 0 +5.620586554e+02 +3.390786554e+02 +3.390786554e+02 +2.9275e+00 +4.7785e-02 -2.0677e+00 +2.8701e+00 -2.4429e+00 +3.3656e-01 +2.7074e+00 -1.4828e+00 -2.1147e+00 +1.4659e+00
4676771 0 +5.264181194e+02 +3.034381194e+02 +3.034381194e+02 +2.8684e+00 -2.1833e-01 -1.5610e+00 +2.4481e+00 -2.7655e+00 +2.3575e-01 +2.7628e+00 -2.1172e+00 -2.3472e+00 +1.6080e+00
6424631 0 +5.025451521e+02 +2.795651521e+02 +2.795651521e+02 +2.4213e+00 +4.2075e-01 -2.8831e+00 +2.6383e+00 -2.9947e+00 +7.6886e-01 +2.7777e+00 -2.3037e+00 -2.6280e+00 +1.1579e+00
9384362 0 +4.175112356e+02 +1.945312356e+02 +1.945312356e+02 +2.9037e+00 +4.9175e-01 -2.3967e+00 +2.3365e+00 -2.8271e+00 -2.5384e-01 +2.9061e+00 -2.8331e+00 -2.0702e+00 +2.4965e+00
% f evaluations | g evaluations | best noise-free fitness - Fopt (5.860000000000e+00) + sum g_i+ | measured fitness | best measured fitness or single-digit g-values | x1 | x2...
1 0 +1.526090854e+03 +1.531950854e+03 +1.531950854e+03 +4.8425e-01 -2.3308e+00 -2.8566e-02 +8.5486e-01 +9.9517e-01 -2.9987e+00 -5.4884e-01 -1.2038e+00 -1.0203e+00 +1.5000e-01
3 0 +1.047800773e+03 +1.053660773e+03 +1.053660773e+03 +1.5903e+00 -2.4864e+00 -1.3623e+00 +1.4806e+00 +2.9787e+00 +1.4950e+00 +1.7573e+00 -1.7875e-02 +1.9887e+00 +8.0279e-01
6 0 +1.024273496e+03 +1.030133496e+03 +1.030133496e+03 +4.2269e-01 +1.5533e+00 +2.1120e+00 -1.5096e+00 +1.1240e+00 -1.8217e+00 +2.0897e+00 +1.2622e+00 +2.4523e+00 +9.8575e-01
24 0 +8.531519902e+02 +8.590119902e+02 +8.590119902e+02 -2.2364e+00 +3.7358e-01 +3.9959e-01 +4.4210e-01 +1.8014e+00 +2.2149e+00 +4.0695e-01 -4.0810e-01 +2.7560e+00 -2.7390e+00
38 0 +7.278987410e+02 +7.337587410e+02 +7.337587410e+02 -1.5252e+00 +5.3153e-01 +2.1022e+00 +2.1982e+00 +2.6200e+00 -5.5401e-01 +2.6872e+00 +6.8132e-01 +2.5208e-01 -2.6540e-01
223 0 +5.729810996e+02 +5.788410996e+02 +5.788410996e+02 -2.8081e+00 +2.0541e+00 -1.8765e-01 +8.9103e-01 -4.3214e-01 +6.9227e-01 +1.7721e+00 +1.8946e+00 +1.2411e+00 +1.7716e+00
909 0 +5.591817778e+02 +5.650417778e+02 +5.650417778e+02 -2.9279e+00 +1.6211e+00 -2.3348e+00 +2.0739e+00 +8.3898e-01 +1.7336e+00 +2.9845e+00 -1.2103e+00 +1.8758e+00 +1.8654e+00
1907 0 +4.104618794e+02 +4.163218794e+02 +4.163218794e+02 -1.8867e+00 +2.0319e+00 -1.9996e+00 +1.2725e+00 +2.1811e+00 -4.9987e-01 +1.0954e+00 -2.4830e-01 +2.0041e+00 +2.8758e+00
3235 0 +4.014105423e+02 +4.072705423e+02 +4.072705423e+02 -2.5333e+00 +1.1454e+00 +5.4605e-01 +1.0867e+00 +2.8817e+00 +1.2541e+00 +1.4285e+00 +4.0862e-01 +1.8113e+00 +1.4139e+00
11691 0 +3.567445742e+02 +3.626045742e+02 +3.626045742e+02 -2.7720e+00 +2.0121e+00 +2.0754e-01 +1.4685e+00 +1.0301e+00 +9.4995e-01 +1.2965e+00 +1.9247e-01 +2.5706e+00 +2.7001e+00
123359 0 +3.441239819e+02 +3.499839819e+02 +3.499839819e+02 -2.4274e+00 +1.4691e+00 +3.8596e-02 +2.3193e+00 +2.2767e+00 +2.5391e+00 +1.8712e+00 +7.1811e-01 +6.3313e-01 +2.8350e-01
151313 0 +2.727165554e+02 +2.785765554e+02 +2.785765554e+02 -2.8331e+00 +2.7903e+00 -1.1304e+00 +2.0489e+00 +2.6387e+00 +1.5451e+00 +1.3066e+00 -1.0615e+00 +1.3054e+00 +1.8423e+00
372295 0 +2.489679645e+02 +2.548279645e+02 +2.548279645e+02 -2.9010e+00 +2.6955e+00 -5.8011e-01 +2.1230e+00 +2.5571e+00 +9.9345e-01 +1.1410e+00 -5.4750e-01 +9.1802e-01 +1.2668e+00
5325851 0 +2.105305412e+02 +2.163905412e+02 +2.163905412e+02 -2.8704e+00 +2.3168e+00 -6.2277e-01 +1.3987e+00 +2.0680e+00 +8.9953e-01 +1.3339e+00 -9.3461e-02 +8.7103e-01 +1.4170e+00
% f evaluations | g evaluations | best noise-free fitness - Fopt (2.048600000000e+02) + sum g_i+ | measured fitness | best measured fitness or single-digit g-values | x1 | x2...
1 0 +1.496232386e+03 +1.701092386e+03 +1.701092386e+03 +1.4102e+00 +4.7540e-02 -8.8481e-01 -1.1331e+00 +2.6178e-01 +4.4489e-01 -1.9211e+00 -2.5994e-01 -6.1567e-01 +2.3855e+00
5 0 +9.164802041e+02 +1.121340204e+03 +1.121340204e+03 -2.0673e+00 -9.4764e-01 -2.2390e+00 +1.2196e+00 -2.1721e+00 +1.6008e+00 -1.7429e-01 -1.3627e+00 +1.2186e+00 -1.6877e+00
164 0 +8.623577704e+02 +1.067217770e+03 +1.067217770e+03 +5.2807e-01 -1.6766e+00 -2.5093e+00 -8.2613e-01 -2.3573e+00 +2.6972e+00 -2.7590e+00 -9.7860e-01 +3.8578e-01 -6.6625e-01
602 0 +8.176043234e+02 +1.022464323e+03 +1.022464323e+03 -3.2734e-01 -1.1324e+00 -7.9345e-01 -1.0336e+00 -1.5057e+00 +2.3870e+00 -2.6187e+00 -9.4508e-01 +6.5893e-01 -4.0108e-01
1784 0 +8.098629400e+02 +1.014722940e+03 +1.014722940e+03 -1.0769e+00 -7.6081e-01 +1.2911e+00 +9.6189e-01 -1.3570e+00 +2.3485e+00 -9.7245e-01 +2.1743e-01 +2.8296e+00 -4.1282e-01
2460 0 +7.733950040e+02 +9.782550040e+02 +9.782550040e+02 -1.1482e+00 -1.9842e+00 -1.1978e+00 +1.2397e+00 -9.9428e-01 +2.9521e+00 -1.0011e+00 -2.9452e+00 +1.4834e+00 -4.1522e-01
2957 0 +7.211908803e+02 +9.260508803e+02 +9.260508803e+02 -1.6939e+00 +2.4863e-01 -2.8402e+00 +1.9236e+00 -9.6617e-01 +2.1325e+00 -2.4312e+00 -1.6847e+00 +3.3656e-01 -1.6456e+00
5138 0 +6.497232609e+02 +8.545832609e+02 +8.545832609e+02 +7.3454e-02 -2.3980e+00 -1.4891e+00 +1.7736e+00 -2.0092e+00 +2.4176e+00 -2.0989e+00 -1.8218e+00 +9.4276e-01 -4.7843e-01
10752 0 +6.371460736e+02 +8.420060736e+02 +8.420060736e+02 -1.1645e+00 -1.5889e+00 +4.1854e-01 +1.8619e+00 -8.4401e-01 +2.8486e+00 -1.4063e+00 +7.2486e-01 +2.3787e+00 -2.7538e+00
11659 0 +6.184917125e+02 +8.233517125e+02 +8.233517125e+02 +2.7537e-01 -1.5281e+00 -7.4472e-01 +2.7691e+00 -8.2370e-01 +2.0457e+00 -1.6403e+00 -3.9614e-01 +9.1544e-01 -7.8430e-01
12297 0 +6.059211995e+02 +8.107811995e+02 +8.107811995e+02 -2.2084e+00 -2.1030e+00 -5.7866e-02 +2.3636e+00 -1.5177e+00 +2.3060e+00 -2.5270e+00 +1.3965e-01 +1.6233e+00 +1.8764e-01
12890 0 +5.085518542e+02 +7.134118542e+02 +7.134118542e+02 -2.7075e+00 -2.1759e+00 -2.7785e+00 +2.7005e+00 -1.8469e+00 +2.7051e+00 -2.6108e+00 +4.4508e-01 +2.0737e+00 -6.4574e-01
12976 0 +4.994635781e+02 +7.043235781e+02 +7.043235781e+02 -1.9903e+00 -8.6336e-01 -1.6257e+00 +2.2727e+00 -1.3091e+00 +2.1788e+00 -2.2160e+00 -1.7833e+00 +1.8514e+00 -1.2411e+00
103322 0 +4.027686076e+02 +6.076286076e+02 +6.076286076e+02 -2.0256e+00 -1.2041e+00 -1.7755e+00 +2.3419e+00 -1.5390e+00 +2.4872e+00 -2.4567e+00 -1.3592e-01 +1.7461e+00 -1.8004e+00
279547 0 +3.785713944e+02 +5.834313944e+02 +5.834313944e+02 -1.3095e+00 -1.6316e+00 -2.3579e+00 +2.8409e+00 -2.2207e-01 +2.9548e+00 -2.5104e+00 -1.6433e+00 +9.8049e-01 -1.1810e+00
1356757 0 +3.339770822e+02 +5.388370822e+02 +5.388370822e+02 -2.1350e+00 -1.6996e+00 -1.8458e+00 +2.2750e+00 -1.4092e+00 +2.7361e+00 -2.6982e+00 -9.3194e-01 +2.1750e+00 -1.7498e+00
6726261 0 +3.276109232e+02 +5.324709232e+02 +5.324709232e+02 -1.5582e+00 -1.3064e+00 -1.8547e+00 +2.5730e+00 -3.7211e-01 +2.9812e+00 -2.6786e+00 -9.8329e-01 +1.6970e+00 -1.1330e+00
% f evaluations | g evaluations | best noise-free fitness - Fopt (1.154900000000e+02) + sum g_i+ | measured fitness | best measured fitness or single-digit g-values | x1 | x2...
1 0 +1.913613561e+03 +2.029103561e+03 +2.029103561e+03 +1.6806e+00 +2.2456e+00 +1.8386e+00 -2.4200e+00 -1.7678e+00 -2.9958e+00 +2.1655e+00 +2.3317e+00 -5.8717e-01 -1.2834e-01
5 0 +1.855848321e+03 +1.971338321e+03 +1.971338321e+03 +1.6829e+00 +2.3336e+00 +2.8101e+00 -2.9044e+00 +8.7107e-01 -1.4159e+00 -4.4778e-02 +1.6070e-01 -2.8203e-01 -1.4309e+00
13 0 +1.761023680e+03 +1.876513680e+03 +1.876513680e+03 -1.2252e+00 +2.5423e+00 +1.0194e+00 +4.5204e-01 -2.9237e+00 +1.4026e+00 +2.7248e+00 +8.3030e-01 +2.7986e+00 +3.5131e-01
14 0 +1.533617030e+03 +1.649107030e+03 +1.649107030e+03 -2.8379e+00 +2.6566e+00 -1.5516e-01 +2.5957e+00 +1.3520e+00 -1.6434e+00 +3.1854e-01 +2.5459e-01 +1.3929e+00 +1.8048e+00
25 0 +1.346869509e+03 +1.462359509e+03 +1.462359509e+03 +8.7532e-01 +9.4829e-01 +1.1365e+00 +1.7996e+00 +9.7681e-01 +1.3729e+00 +2.9926e+00 -2.5047e+00 +2.3527e+00 +1.6459e+00
85 0 +1.293999425e+03 +1.409489425e+03 +1.409489425e+03 +6.8227e-01 +2.2652e+00 +6.0182e-01 -2.2810e+00 +2.9121e+00 -6.4402e-01 +4.1100e-01 +1.0717e+00 -7.9111e-01 +2.9924e+00
86 0 +1.246904212e+03 +1.362394212e+03 +1.362394212e+03 -9.7174e-01 +1.9990e+00 +2.2436e+00 -1.6183e+00 +2.9444e+00 -1.1678e+00 +8.8289e-01 -1.1774e+00 -2.1190e+00 +1.5498e+00
137 0 +8.276283525e+02 +9.431183525e+02 +9.431183525e+02 -1.4015e+00 -7.1481e-01 +1.9483e+00 -2.6698e+00 +2.7947e+00 -2.4677e+00 +2.5327e+00 -1.9361e+00 +6.6759e-01 +2.4311e+00
2599 0 +7.687730964e+02 +8.842630964e+02 +8.842630964e+02 -1.4182e+00 +9.5638e-01 +1.3519e+00 -1.0470e+00 +1.4564e+00 +2.4686e+00 +1.7645e+00 -2.9137e+00 +6.3033e-01 +2.6560e+00
3351 0 +7.459188874e+02 +8.614088874e+02 +8.614088874e+02 -9.2630e-01 +1.1233e+00 -1.4963e+00 -2.8375e+00 +1.9397e+00 +1.1924e+00 +2.7430e+00 -9.0007e-01 +1.8003e+00 +7.4538e-01
4496 0 +6.603511619e+02 +7.758411619e+02 +7.758411619e+02 -1.1770e+00 +1.2178e+00 -2.6337e+00 -2.3886e+00 +1.1782e+00 +2.1665e+00 +2.2697e+00 -1.5656e+00 +1.1894e+00 +2.4939e+00
8252 0 +6.210613388e+02 +7.365513388e+02 +7.365513388e+02 -4.4557e-01 -9.6697e-01 -4.2947e-01 -2.6187e+00 +2.3996e+00 +3.7248e-01 +2.2013e+00 -2.3308e+00 +2.3106e+00 +1.6360e+00
13561 0 +5.426570983e+02 +6.581470983e+02 +6.581470983e+02 -2.3152e+00 +4.8205e-01 +1.9863e+00 -1.3534e+00 +2.2168e+00 +6.7580e-01 +2.8596e+00 -2.2854e+00 +2.2580e+00 +1.9112e+00
21060 0 +5.022388454e+02 +6.177288454e+02 +6.177288454e+02 -2.0042e+00 -5.4327e-01 +2.0726e+00 -2.1306e+00 +2.0134e+00 +1.0074e+00 +2.1918e+00 -2.5126e+00 +2.8189e+00 +2.1011e+00
50214 0 +5.001435494e+02 +6.156335494e+02 +6.156335494e+02 -1.3815e+00 -1.9447e+00 -2.3012e+00 -2.9473e+00 +2.4518e+00 +2.3849e+00 +2.5846e+00 -2.6387e+00 +2.8419e+00 +2.4905e+00
192072 0 +4.338945064e+02 +5.493845064e+02 +5.493845064e+02 -2.5881e+00 +2.5593e-02 +1.4717e+00 -2.8798e+00 +2.6221e+00 +2.1844e+00 +2.4738e+00 -1.9520e+00 +1.5501e+00 +2.3037e+00
2657530 0 +3.304304556e+02 +4.459204556e+02 +4.459204556e+02 -2.7442e+00 -1.0510e+00 +1.5244e+00 -2.9298e+00 +2.9651e+00 +1.4309e+00 +1.8843e+00 -2.9601e+00 +2.3299e+00 +2.7339e+00
% f evaluations | g evaluations | best noise-free fitness - Fopt (1.950500000000e+02) + sum g_i+ | measured fitness | best measured fitness or single-digit g-values | x1 | x2...
1 0 +2.726462356e+03 +2.921512356e+03 +2.921512356e+03 +2.4883e+00 -2.7685e+00 -2.9968e+00 +2.7779e+00 +8.9907e-01 +2.5046e+00 -9.4580e-02 -2.1046e+00 -1.6179e-01 -2.6688e+00
2 0 +1.898698935e+03 +2.093748935e+03 +2.093748935e+03 +2.5133e+00 -2.1699e+00 -5.4084e-01 -1.3148e+00 -2.8658e+00 -1.6132e+00 -1.7709e+00 -2.7111e+00 -3.9390e-01 -2.5558e+00
5 0 +1.659594919e+03 +1.854644919e+03 +1.854644919e+03 +2.6708e+00 -2.3948e+00 +1.4006e+00 -2.4724e+00 -2.8315e+00 +1.6258e+00 -2.8122e+00 +1.8710e+00 -2.8828e+00 -6.3423e-01
9 0 +1.525532920e+03 +1.720582920e+03 +1.720582920e+03 +2.5187e+00 -1.8200e+00 +6.4640e-01 +4.6507e-01 -7.0513e-01 +2.2258e+00 -1.7586e+00 +2.3303e+00 -4.9642e-02 +1.1913e+00
10 0 +1.363660056e+03 +1.558710056e+03 +1.558710056e+03 +2.0492e-01 -1.6507e+00 -2.4347e+00 -1.2394e+00 +2.9993e+00 +2.4811e+00 -1.7142e+00 +2.3521e+00 -6.6217e-01 -1.9028e+00
25 0 +8.779591752e+02 +1.073009175e+03 +1.073009175e+03 -1.6657e+00 -1.3421e+00 -1.1651e+00 -1.8638e+00 -2.4769e+00 -2.3640e+00 +3.5040e-01 +2.6100e+00 +8.9035e-01 -1.1226e+00
76 0 +7.281613807e+02 +9.232113807e+02 +9.232113807e+02 +4.9345e-01 +9.7314e-01 -8.9136e-01 +2.1201e-02 -2.6501e+00 -2.5610e+00 -1.3381e+00 +2.1547e+00 +1.3031e+00 -9.9219e-01
1296 0 +7.180027669e+02 +9.130527669e+02 +9.130527669e+02 -1.3017e+00 -1.4033e+00 -2.8287e+00 -1.1919e+00 +1.7930e+00 -1.2609e+00 -2.3381e+00 +2.9690e+00 -2.2361e+00 -1.3450e+00
1871 0 +6.830063005e+02 +8.780563005e+02 +8.780563005e+02 -2.7683e+00 -1.1972e-01 -2.2572e+00 +1.6166e+00 -1.9624e+00 -1.4285e+00 -2.0871e+00 +2.8382e+00 -6.1965e-02 +3.6576e-01
2026 0 +6.448041744e+02 +8.398541744e+02 +8.398541744e+02 +1.9190e+00 -5.7427e-01 -1.5366e+00 -2.1687e-01 +2.1769e-02 -1.7233e+00 -2.9702e+00 +2.7837e+00 -4.4360e-02 -1.8460e-01
6573 0 +6.176523996e+02 +8.127023996e+02 +8.127023996e+02 +2.8065e-01 -5.7225e-01 -7.1026e-01 -2.0355e-01 -1.8578e+00 -2.8878e+00 -2.1806e+00 +2.2692e+00 -1.0030e+00 -2.8713e+00
6693 0 +5.001539366e+02 +6.952039366e+02 +6.952039366e+02 -1.9552e+00 +4.7604e-01 -2.9249e+00 +3.1853e-01 -2.2693e+00 -2.2212e+00 -2.9563e+00 +2.9622e+00 +1.5058e+00 -2.5806e+00
55414 0 +4.631257513e+02 +6.581757513e+02 +6.581757513e+02 -2.7489e+00 -1.1681e+00 -1.8083e+00 -1.2083e+00 -2.1677e+00 -1.5151e+00 -2.4153e+00 +1.2840e+00 -1.1929e+00 -2.7671e+00
106373 0 +3.766482971e+02 +5.716982971e+02 +5.716982971e+02 -1.0423e+00 -5.1940e-01 -1.3084e+00 +2.4421e-01 -1.0540e+00 -2.7777e+00 -2.9335e+00 +2.7008e+00 -8.0452e-01 -2.2636e+00
817975 0 +3.273815675e+02 +5.224315675e+02 +5.224315675e+02 -1.9982e+00 -6.0604e-01 -2.7851e+00 -1.2976e+00 -1.9795e+00 -1.8218e+00 -2.9305e+00 +2.2245e+00 +1.9541e-01 -1.1512e+00
4614117 0 +3.218164396e+02 +5.168664396e+02 +5.168664396e+02 -1.9458e+00 -9.9279e-01 -2.5465e+00 -6.7022e-01 -2.4587e+00 -2.3918e+00 -2.6497e+00 +1.7354e+00 -9.9524e-01 -1.9183e+00
% f evaluations | g evaluations | best noise-free fitness - Fopt (-2.144800000000e+02) + sum g_i+ | measured fitness | best measured fitness or single-digit g-values | x1 | x2...
1 0 +1.051421697e+03 +8.369416972e+02 +8.369416972e+02 -7.0003e-01 +2.0936e+00 +2.9239e+00 -1.1877e+00 +2.4676e+00 -1.5384e+00 +1.7370e+00 +3.4401e-01 +2.5790e+00 -1.2965e+00
22 0 +1.044788824e+03 +8.303088239e+02 +8.303088239e+02 +9.8312e-01 -5.0268e-01 -2.0037e+00 -5.6593e-01 +1.6564e+00 -1.9395e+00 +2.9465e+00 +1.0558e+00 +1.3730e+00 +1.9922e+00
47 0 +8.744849484e+02 +6.600049484e+02 +6.600049484e+02 -2.5450e+00 +1.9017e+00 +3.7658e-01 -1.4901e+00 -2.4475e+00 -2.0922e+00 +2.1373e+00 -1.3199e+00 -2.7467e-01 -2.0676e+00
162 0 +6.514088360e+02 +4.369288360e+02 +4.369288360e+02 -2.8786e+00 +2.6162e+00 +3.5636e-01 -1.6676e+00 -1.9226e+00 -2.4985e+00 +1.9810e+00 +1.0072e-01 +2.4631e+00 +2.0568e+00
535 0 +6.275530491e+02 +4.130730491e+02 +4.130730491e+02 -2.8346e-01 +9.8490e-01 -1.5566e+00 -9.7613e-01 -2.9400e+00 -1.7427e+00 +2.7612e+00 +4.6957e-01 -1.5645e-01 +1.5291e+00
541 0 +6.035906781e+02 +3.891106781e+02 +3.891106781e+02 +1.7862e-01 +2.8621e+00 -1.6456e-01 -2.4842e+00 -1.2677e+00 +5.9764e-01 +2.3604e+00 +2.1610e+00 -1.6427e+00 +2.3546e+00
1699 0 +5.520655284e+02 +3.375855284e+02 +3.375855284e+02 +5.6216e-01 +2.4247e+00 -2.4993e+00 -1.6272e+00 -2.8295e+00 -8.6302e-01 +2.9119e+00 +1.1842e+00 -2.1864e+00 +1.4083e+00
1702 0 +4.906015678e+02 +2.761215678e+02 +2.761215678e+02 -1.1213e+00 +1.7258e+00 +2.3245e-01 -1.1489e+00 -2.8939e+00 -1.8956e+00 +2.3536e+00 +4.3682e-01 -1.3232e+00 +2.2112e+00
8542 0 +3.955117145e+02 +1.810317145e+02 +1.810317145e+02 -1.8908e+00 +2.3786e+00 +2.8713e-01 -1.7954e+00 -2.5138e+00 -3.0868e-01 +2.1579e+00 +2.1186e+00 -4.4901e-01 +1.2816e+00
17728 0 +3.809220293e+02 +1.664420293e+02 +1.664420293e+02 -1.4135e+00 +2.6328e+00 +1.5975e+00 -1.0470e+00 -9.9630e-01 -1.5422e+00 +2.2654e+00 +1.6516e+00 -1.1238e+00 +1.1233e+00
180410 0 +3.502297168e+02 +1.357497168e+02 +1.357497168e+02 -6.5331e-01 +2.9542e+00 +4.1474e-01 -2.5120e+00 -2.6228e+00 -1.4561e+00 +2.1043e+00 +1.8784e+00 -1.6517e+00 +1.4511e+00
323832 0 +3.005527809e+02 +8.607278094e+01 +8.607278094e+01 -1.5997e+00 +2.6849e+00 +6.2524e-01 -8.3673e-01 -7.5718e-01 -1.0542e+00 +2.9138e+00 +1.3973e+00 -5.4963e-01 +1.0671e+00
2046903 0 +2.569883470e+02 +4.250834696e+01 +4.250834696e+01 -2.3474e+00 +2.2720e+00 +1.2143e+00 -1.7333e+00 -6.7745e-01 -8.8158e-01 +2.8916e+00 +8.7002e-01 -7.0084e-01 +3.6646e-01
4669728 0 +2.487715775e+02 +3.429157751e+01 +3.429157751e+01 -2.5278e+00 +2.1511e+00 +1.0343e+00 -2.3330e+00 -1.8078e+00 -1.2721e+00 +2.9037e+00 +4.1598e-01 -7.3426e-01 +5.6280e-01
6505207 0 +2.180953651e+02 +3.615365146e+00 +3.615365146e+00 -2.7420e+00 +2.4340e+00 +1.4222e+00 -2.0342e+00 -4.5316e-02 -1.3416e+00 +2.8917e+00 +1.4696e+00 +2.5731e-01 +1.0050e+00
% f evaluations | g evaluations | best noise-free fitness - Fopt (-4.590000000000e+01) + sum g_i+ | measured fitness | best measured fitness or single-digit g-values | x1 | x2...
1 0 +1.753953756e+03 +1.708053756e+03 +1.708053756e+03 -1.7353e+00 +1.8398e+00 -2.6995e+00 +2.1723e+00 -1.0937e-01 +8.5278e-01 -2.2429e-01 +1.6552e+00 -2.0103e+00 +2.2227e+00
2 0 +1.628102956e+03 +1.582202956e+03 +1.582202956e+03 -2.8661e+00 +1.2696e+00 +5.7351e-01 +1.3535e+00 +1.1245e+00 -2.5770e-01 -2.0309e+00 -6.6172e-01 +2.7413e+00 -1.0105e+00
3 0 +1.363616338e+03 +1.317716338e+03 +1.317716338e+03 -2.6008e+00 -1.9805e+00 +2.6944e+00 +8.9274e-02 -3.9367e-01 -1.2258e+00 -2.2062e+00 -2.5688e+00 +1.2139e+00 +2.5958e-01
8 0 +1.323258788e+03 +1.277358788e+03 +1.277358788e+03 +1.3256e+00 -2.2001e+00 +5.7279e-01 -2.2310e+00 -2.0216e+00 +1.5246e+00 +1.5630e+00 +2.7153e-01 +2.8160e+00 +2.6506e-02
9 0 +1.250654980e+03 +1.204754980e+03 +1.204754980e+03 -1.8426e+00 -1.9100e+00 +1.6261e+00 -1.2615e+00 -2.1574e+00 -4.3913e-01 +1.7940e+00 -2.0553e+00 +2.7296e+00 -1.3279e+00
12 0 +1.144139679e+03 +1.098239679e+03 +1.098239679e+03 +9.3333e-01 -4.4110e-01 +2.2819e+00 -2.4094e+00 -1.4448e+00 -1.2594e+00 -8.2570e-01 -1.0867e+00 -1.2749e-01 +1.7248e+00
27 0 +9.705903762e+02 +9.246903762e+02 +9.246903762e+02 +2.6212e+00 -1.4620e+00 -8.0597e-01 +1.3209e+00 -1.3281e+00 -6.4576e-01 +1.7240e-01 +3.5771e-01 -1.4984e+00 -1.2827e+00
38 0 +9.133025007e+02 +8.674025007e+02 +8.674025007e+02 +6.8326e-01 -1.3660e+00 -1.4345e+00 +1.2845e+00 -2.6276e+00 -1.7034e+00 +5.4158e-01 +3.7061e-01 +1.4164e+00 -1.6871e-01
42 0 +8.269441033e+02 +7.810441033e+02 +7.810441033e+02 +1.0304e+00 -7.7263e-01 -2.1664e+00 -8.7539e-01 -6.0305e-01 +2.2075e+00 -9.9565e-01 +1.3604e+00 -1.3050e+00 -2.9178e+00
139 0 +7.889743803e+02 +7.430743803e+02 +7.430743803e+02 -4.1165e-01 -1.2137e+00 +1.9168e+00 -1.8410e-01 -1.8067e+00 +1.4430e+00 -2.4580e-01 +8.9814e-01 -2.4173e+00 -3.2734e-02
187 0 +7.327266945e+02 +6.868266945e+02 +6.868266945e+02 -1.2899e+00 -2.2303e+00 -7.3205e-01 -2.6230e+00 -1.7396e+00 +1.0562e+00 -1.1388e+00 +1.1057e-01 -1.8087e+00 -1.9931e+00
1901 0 +7.092466490e+02 +6.633466490e+02 +6.633466490e+02 -1.4526e-01 -1.9954e+00 -2.5476e-01 +1.5797e-01 -1.2829e+00 -9.4073e-01 -5.9996e-01 +3.5406e-01 -2.5225e+00 -2.7843e+00
2433 0 +6.099730735e+02 +5.640730735e+02 +5.640730735e+02 +5.7042e-01 -6.7682e-01 +1.4318e-01 -1.8724e-01 -2.5353e+00 +2.6972e+00 -1.9657e+00 +8.9305e-01 +1.9303e-01 -2.9984e+00
3823 0 +4.674526497e+02 +4.215526497e+02 +4.215526497e+02 +8.0875e-01 -6.8730e-01 -1.2231e+00 -1.1862e+00 -2.9211e+00 +1.8777e+00 -1.7426e+00 +2.8327e-02 -2.1392e+00 -2.9947e+00
16065 0 +4.364559933e+02 +3.905559933e+02 +3.905559933e+02 +4.7301e-01 -1.0720e+00 +3.4672e-01 -8.9000e-01 -2.4385e+00 +7.6854e-01 -1.4281e+00 +8.0862e-01 -1.5811e+00 -2.8314e+00
218074 0 +4.224450048e+02 +3.765450048e+02 +3.765450048e+02 -5.5485e-01 -1.7210e+00 +5.2500e-01 +1.0916e+00 -2.9467e+00 +1.3811e-01 -1.7672e+00 +3.2081e-01 -2.5597e+00 -2.5181e+00
319683 0 +3.981419677e+02 +3.522419677e+02 +3.522419677e+02 +4.4673e-01 -6.1329e-01 -1.4595e-01 -1.1573e-01 -2.7326e+00 +4.4179e-01 -1.3471e+00 -4.7967e-02 -2.4721e+00 -2.2804e+00
466663 0 +3.632247564e+02 +3.173247564e+02 +3.173247564e+02 +7.0896e-01 -2.0960e+00 +3.1163e-01 -4.3056e-02 -2.9961e+00 +1.4641e+00 -1.9291e+00 +7.2082e-01 -2.4685e+00 -2.2335e+00
877622 0 +3.619686076e+02 +3.160686076e+02 +3.160686076e+02 +6.1839e-01 -2.3667e+00 +2.5180e-01 +7.4463e-01 -2.5969e+00 +1.1730e+00 -1.5370e+00 +1.5638e+00 -1.6019e+00 -2.5739e+00
925301 0 +3.276617688e+02 +2.817617688e+02 +2.817617688e+02 -3.6028e-01 -2.4663e+00 +7.8753e-01 +9.6630e-01 -2.8781e+00 +7.3207e-01 -1.8163e+00 +1.1960e+00 -1.1768e+00 -2.4739e+00
