% f evaluations | g evaluations | best noise-free fitness - Fopt (3.590000000000e+01) + sum g_i+ | measured fitness | best measured fitness or single-digit g-values | x1 | x2...
1 0 +1.973841502e+03 +2.009741502e+03 +2.009741502e+03 +1.6667e+00 +1.6667e+00 +1.6667e+00
2 0 +1.922731000e+03 +1.958631000e+03 +1.958631000e+03 -1.6667e+00 -1.6667e+00 -1.6667e+00
4 0 +1.132238695e+02 +1.491238695e+02 +1.491238695e+02 +3.3333e+00 -1.6667e+00 -1.6667e+00
6 0 +1.044437203e+02 +1.403437203e+02 +1.403437203e+02 +3.3333e+00 +3.3333e+00 -1.6667e+00
15 0 +9.874695085e+01 +1.346469508e+02 +1.346469508e+02 +3.2792e+00 +3.3247e+00 -1.5677e+00
19 0 +6.659628459e+01 +1.024962846e+02 +1.024962846e+02 +2.9526e+00 +3.2713e+00 -9.6896e-01
24 0 +5.412192808e+01 +9.002192808e+01 +9.002192808e+01 +2.7666e+00 +3.2397e+00 -6.2692e-01
34 0 +4.761935607e+01 +8.351935607e+01 +8.351935607e+01 +2.6753e+00 +3.2198e+00 -4.5537e-01
46 0 +4.617546992e+01 +8.207546992e+01 +8.207546992e+01 +2.6509e+00 +3.2141e+00 -4.0915e-01
58 0 +4.559940507e+01 +8.149940507e+01 +8.149940507e+01 +2.6403e+00 +3.2116e+00 -3.8893e-01
66 0 +1.612896465e+01 +5.202896465e+01 +5.202896465e+01 +2.3309e+00 +2.1822e+00 +7.0678e-01
72 0 +2.785473773e+00 +3.868547377e+01 +3.868547377e+01 +2.0345e+00 +1.1748e+00 +1.7747e+00
76 0 +2.441114407e+00 +3.834111441e+01 +3.834111441e+01 +2.0021e+00 +1.0437e+00 +1.9200e+00
97 0 +2.345525379e+00 +3.824552538e+01 +3.824552538e+01 +2.0232e+00 +1.0437e+00 +1.9411e+00
108 0 +2.343584524e+00 +3.824358452e+01 +3.824358452e+01 +2.0376e+00 +1.0441e+00 +1.9554e+00
113 0 +2.260152163e+00 +3.816015216e+01 +3.816015216e+01 +2.0529e+00 +1.0460e+00 +1.9686e+00
120 0 +2.172596573e+00 +3.807259657e+01 +3.807259657e+01 +2.4195e+00 +1.0921e+00 +2.2841e+00
124 0 +7.544260232e-01 +3.665442602e+01 +3.665442602e+01 +2.3467e+00 +1.0769e+00 +2.2166e+00
128 0 +5.548784225e-01 +3.645487842e+01 +3.645487842e+01 +2.4337e+00 +1.0853e+00 +2.2906e+00
134 0 +1.425121847e-01 +3.604251218e+01 +3.604251218e+01 +2.7145e+00 +1.1116e+00 +2.5292e+00
138 0 +3.962428565e-02 +3.593962429e+01 +3.593962429e+01 +2.7288e+00 +1.1114e+00 +2.5408e+00
143 0 +2.673144646e-04 +3.590026731e+01 +3.590026731e+01 +2.7792e+00 +1.1139e+00 +2.5828e+00
147 0 +1.476017236e-04 +3.590014760e+01 +3.590014760e+01 +2.7808e+00 +1.1140e+00 +2.5842e+00
153 0 +9.196820980e-05 +3.590009197e+01 +3.590009197e+01 +2.7826e+00 +1.1141e+00 +2.5857e+00
160 0 +8.753115956e-05 +3.590008753e+01 +3.590008753e+01 +2.7830e+00 +1.1142e+00 +2.5861e+00
164 0 +8.663794932e-05 +3.590008664e+01 +3.590008664e+01 +2.7833e+00 +1.1142e+00 +2.5863e+00
208 0 +2.205256339e-05 +3.590002205e+01 +3.590002205e+01 +2.7823e+00 +1.1140e+00 +2.5868e+00
219 0 +1.295365364e-05 +3.590001295e+01 +3.590001295e+01 +2.7821e+00 +1.1140e+00 +2.5868e+00
225 0 +7.182738827e-06 +3.590000718e+01 +3.590000718e+01 +2.7818e+00 +1.1139e+00 +2.5870e+00
231 0 +6.700188443e-06 +3.590000670e+01 +3.590000670e+01 +2.7818e+00 +1.1139e+00 +2.5870e+00
239 0 +5.950119544e-06 +3.590000595e+01 +3.590000595e+01 +2.7819e+00 +1.1139e+00 +2.5869e+00
243 0 +1.048936419e-06 +3.590000105e+01 +3.590000105e+01 +2.7817e+00 +1.1137e+00 +2.5871e+00
249 0 +3.188179249e-07 +3.590000032e+01 +3.590000032e+01 +2.7817e+00 +1.1136e+00 +2.5872e+00
253 0 +5.465691544e-08 +3.590000005e+01 +3.590000005e+01 +2.7816e+00 +1.1136e+00 +2.5872e+00
270 0 +4.675605680e-08 +3.590000005e+01 +3.590000005e+01 +2.7816e+00 +1.1136e+00 +2.5872e+00
276 0 +1.670363048e-08 +3.590000002e+01 +3.590000002e+01 +2.7816e+00 +1.1136e+00 +2.5872e+00
280 0 +1.527367743e-08 +3.590000002e+01 +3.590000002e+01 +2.7816e+00 +1.1136e+00 +2.5872e+00
288 0 +1.499702762e-08 +3.590000001e+01 +3.590000001e+01 +2.7816e+00 +1.1136e+00 +2.5872e+00
292 0 +1.428692542e-08 +3.590000001e+01 +3.590000001e+01 +2.7816e+00 +1.1136e+00 +2.5872e+00
296 0 +1.295146035e-08 +3.590000001e+01 +3.590000001e+01 +2.7816e+00 +1.1136e+00 +2.5872e+00
301 0 +1.195157751e-08 +3.590000001e+01 +3.590000001e+01 +2.7816e+00 +1.1136e+00 +2.5872e+00
311 0 +1.174608855e-08 +3.590000001e+01 +3.590000001e+01 +2.7816e+00 +1.1136e+00 +2.5872e+00
359 0 +1.139218853e-08 +3.590000001e+01 +3.590000001e+01 +2.7816e+00 +1.1136e+00 +2.5872e+00
373 0 +1.113170356e-08 +3.590000001e+01 +3.590000001e+01 +2.7816e+00 +1.1136e+00 +2.5872e+00
381 0 +1.085993517e-08 +3.590000001e+01 +3.590000001e+01 +2.7816e+00 +1.1136e+00 +2.5872e+00
386 0 +1.017228612e-08 +3.590000001e+01 +3.590000001e+01 +2.7816e+00 +1.1136e+00 +2.5872e+00
397 0 +9.593790651e-09 +3.590000001e+01 +3.590000001e+01 +2.7816e+00 +1.1136e+00 +2.5872e+00
% f evaluations | g evaluations | best noise-free fitness - Fopt (3.137000000000e+01) + sum g_i+ | measured fitness | best measured fitness or single-digit g-values | x1 | x2...
1 0 +1.503634411e+02 +1.817334411e+02 +1.817334411e+02 +1.6667e+00 +1.6667e+00 +1.6667e+00
6 0 +1.025074997e+02 +1.338774997e+02 +1.338774997e+02 +3.3333e+00 +3.3333e+00 -1.6667e+00
9 0 +2.410924436e+01 +5.547924436e+01 +5.547924436e+01 +1.6667e+00 +1.6667e+00 -3.3333e+00
19 0 +2.384969405e+01 +5.521969405e+01 +5.521969405e+01 +1.6444e+00 +1.6719e+00 -3.3483e+00
23 0 +2.334364037e+01 +5.471364037e+01 +5.471364037e+01 +1.5785e+00 +1.6874e+00 -3.3924e+00
27 0 +1.842052431e+01 +4.979052431e+01 +4.979052431e+01 +1.3918e+00 +1.7314e+00 -3.5169e+00
34 0 +1.230165127e+01 +4.367165127e+01 +4.367165127e+01 +1.1150e+00 +1.7966e+00 -3.7013e+00
38 0 +1.116547590e+01 +4.253547590e+01 +4.253547590e+01 +1.0504e+00 +1.8118e+00 -3.7437e+00
45 0 +7.574175144e+00 +3.894417514e+01 +3.894417514e+01 +9.2443e-01 +1.8417e+00 -3.8264e+00
56 0 +7.316925605e+00 +3.868692560e+01 +3.868692560e+01 +8.9220e-01 +1.8497e+00 -3.8457e+00
60 0 +1.344046624e+00 +3.271404662e+01 +3.271404662e+01 +3.1656e-01 +2.1083e+00 -4.0738e+00
64 0 +7.238529787e-01 +3.209385298e+01 +3.209385298e+01 +2.0745e-01 +2.1553e+00 -4.1173e+00
69 0 +5.955726060e-01 +3.196557261e+01 +3.196557261e+01 +1.7068e-01 +2.1709e+00 -4.1318e+00
81 0 +5.690156375e-01 +3.193901564e+01 +3.193901564e+01 +1.6561e-01 +2.1711e+00 -4.1334e+00
93 0 +5.588620113e-01 +3.192886201e+01 +3.192886201e+01 +1.6338e-01 +2.1712e+00 -4.1340e+00
98 0 +5.209739177e-01 +3.189097392e+01 +3.189097392e+01 +1.5464e-01 +2.1575e+00 -4.1329e+00
107 0 +4.835987159e-01 +3.185359872e+01 +3.185359872e+01 +1.4343e-01 +2.1465e+00 -4.1286e+00
114 0 +4.657719123e-01 +3.183577191e+01 +3.183577191e+01 +1.3568e-01 +2.1370e+00 -4.1264e+00
118 0 +1.067522094e-01 +3.147675221e+01 +3.147675221e+01 -9.5250e-02 +2.0074e+00 -3.9859e+00
124 0 +2.725002888e-02 +3.139725003e+01 +3.139725003e+01 -1.8885e-01 +1.9533e+00 -3.9297e+00
128 0 +4.539915669e-03 +3.137453992e+01 +3.137453992e+01 -2.4503e-01 +1.9208e+00 -3.8961e+00
132 0 +1.614133475e-03 +3.137161413e+01 +3.137161413e+01 -2.5831e-01 +1.9131e+00 -3.8881e+00
139 0 +7.053703548e-04 +3.137070537e+01 +3.137070537e+01 -2.6824e-01 +1.9073e+00 -3.8821e+00
144 0 +6.815361783e-04 +3.137068154e+01 +3.137068154e+01 -2.7284e-01 +1.9046e+00 -3.8794e+00
149 0 +5.837693411e-04 +3.137058377e+01 +3.137058377e+01 -2.7057e-01 +1.9059e+00 -3.8808e+00
157 0 +5.661617525e-04 +3.137056616e+01 +3.137056616e+01 -2.7061e-01 +1.9058e+00 -3.8808e+00
161 0 +5.229893368e-04 +3.137052299e+01 +3.137052299e+01 -2.7079e-01 +1.9053e+00 -3.8809e+00
165 0 +5.083387568e-04 +3.137050834e+01 +3.137050834e+01 -2.7094e-01 +1.9049e+00 -3.8810e+00
169 0 +4.935492217e-04 +3.137049355e+01 +3.137049355e+01 -2.7108e-01 +1.9045e+00 -3.8810e+00
174 0 +2.718634970e-04 +3.137027186e+01 +3.137027186e+01 -2.7182e-01 +1.9023e+00 -3.8814e+00
178 0 +2.553641959e-04 +3.137025536e+01 +3.137025536e+01 -2.7203e-01 +1.9017e+00 -3.8815e+00
186 0 +1.559662252e-04 +3.137015597e+01 +3.137015597e+01 -2.7239e-01 +1.9006e+00 -3.8818e+00
193 0 +1.537857548e-04 +3.137015379e+01 +3.137015379e+01 -2.7235e-01 +1.9007e+00 -3.8818e+00
197 0 +1.465680116e-04 +3.137014657e+01 +3.137014657e+01 -2.7234e-01 +1.9005e+00 -3.8819e+00
201 0 +1.366336454e-04 +3.137013663e+01 +3.137013663e+01 -2.7232e-01 +1.9002e+00 -3.8820e+00
205 0 +7.114332770e-05 +3.137007114e+01 +3.137007114e+01 -2.7213e-01 +1.8978e+00 -3.8834e+00
210 0 +5.590053803e-06 +3.137000559e+01 +3.137000559e+01 -2.7205e-01 +1.8973e+00 -3.8837e+00
214 0 +2.734236482e-07 +3.137000027e+01 +3.137000027e+01 -2.7201e-01 +1.8969e+00 -3.8839e+00
221 0 +1.007065151e-07 +3.137000010e+01 +3.137000010e+01 -2.7201e-01 +1.8968e+00 -3.8840e+00
233 0 +9.947948243e-08 +3.137000010e+01 +3.137000010e+01 -2.7201e-01 +1.8969e+00 -3.8840e+00
237 0 +2.350404316e-09 +3.137000000e+01 +3.137000000e+01 -2.7200e-01 +1.8968e+00 -3.8840e+00
% f evaluations | g evaluations | best noise-free fitness - Fopt (-1.000000000000e+03) + sum g_i+ | measured fitness | best measured fitness or single-digit g-values | x1 | x2...
1 0 +2.782038243e+05 +2.772038243e+05 +2.772038243e+05 +1.6667e+00 +1.6667e+00 +1.6667e+00
2 0 +9.836616760e+04 +9.736616760e+04 +9.736616760e+04 -1.6667e+00 -1.6667e+00 -1.6667e+00
5 0 +3.475555565e+03 +2.475555565e+03 +2.475555565e+03 -3.3333e+00 -3.3333e+00 +1.6667e+00
17 0 +2.326699619e+01 -9.767330038e+02 -9.767330038e+02 -3.5060e+00 -2.8909e+00 +2.4958e+00
29 0 +1.811179836e+01 -9.818882016e+02 -9.818882016e+02 -3.1394e+00 -2.9940e+00 +2.6275e+00
35 0 +4.149996872e+00 -9.958500031e+02 -9.958500031e+02 -1.6697e+00 -3.4081e+00 +3.1555e+00
39 0 +2.253719313e+00 -9.977462807e+02 -9.977462807e+02 -1.2349e+00 -3.5301e+00 +3.3113e+00
45 0 +1.324851856e+00 -9.986751481e+02 -9.986751481e+02 -8.6115e-01 -3.6348e+00 +3.4449e+00
49 0 +1.236908574e+00 -9.987630914e+02 -9.987630914e+02 -7.6837e-01 -3.6605e+00 +3.4778e+00
56 0 +1.195694439e+00 -9.988043056e+02 -9.988043056e+02 -7.0501e-01 -3.6779e+00 +3.5000e+00
86 0 +1.156494614e+00 -9.988435054e+02 -9.988435054e+02 -6.7078e-01 -3.6786e+00 +3.5016e+00
95 0 +1.057612951e+00 -9.989423870e+02 -9.989423870e+02 -6.5638e-01 -3.6610e+00 +3.4789e+00
104 0 +7.782728421e-01 -9.992217272e+02 -9.992217272e+02 -6.0652e-01 -3.6003e+00 +3.3984e+00
111 0 +7.667953603e-01 -9.992332046e+02 -9.992332046e+02 -6.0123e-01 -3.5955e+00 +3.3919e+00
122 0 +7.340061061e-01 -9.992659939e+02 -9.992659939e+02 -6.1394e-01 -3.5648e+00 +3.3421e+00
130 0 +6.879260490e-01 -9.993120740e+02 -9.993120740e+02 -6.0997e-01 -3.5234e+00 +3.2693e+00
136 0 +3.753939663e-01 -9.996246060e+02 -9.996246060e+02 -5.6182e-01 -3.3501e+00 +2.9565e+00
140 0 +2.090228821e-01 -9.997909771e+02 -9.997909771e+02 -4.6137e-01 -3.3437e+00 +2.9180e+00
146 0 +1.268288982e-03 -9.999987317e+02 -9.999987317e+02 -2.0293e-01 -3.3336e+00 +2.8326e+00
151 0 +1.225517527e-04 -9.999998774e+02 -9.999998774e+02 -1.9096e-01 -3.3311e+00 +2.8251e+00
157 0 +2.681024887e-05 -9.999999732e+02 -9.999999732e+02 -1.8829e-01 -3.3316e+00 +2.8253e+00
163 0 +1.342059591e-05 -9.999999866e+02 -9.999999866e+02 -1.8748e-01 -3.3312e+00 +2.8244e+00
169 0 +9.956597182e-06 -9.999999900e+02 -9.999999900e+02 -1.8717e-01 -3.3312e+00 +2.8243e+00
173 0 +9.248726315e-06 -9.999999908e+02 -9.999999908e+02 -1.8698e-01 -3.3312e+00 +2.8243e+00
197 0 +9.072422699e-06 -9.999999909e+02 -9.999999909e+02 -1.8691e-01 -3.3312e+00 +2.8243e+00
219 0 +8.704920219e-06 -9.999999913e+02 -9.999999913e+02 -1.8688e-01 -3.3312e+00 +2.8244e+00
224 0 +6.409637649e-06 -9.999999936e+02 -9.999999936e+02 -1.8687e-01 -3.3311e+00 +2.8244e+00
232 0 +3.250914688e-06 -9.999999967e+02 -9.999999967e+02 -1.8685e-01 -3.3309e+00 +2.8245e+00
242 0 +2.541184017e-06 -9.999999975e+02 -9.999999975e+02 -1.8680e-01 -3.3309e+00 +2.8244e+00
252 0 +2.097130732e-06 -9.999999979e+02 -9.999999979e+02 -1.8672e-01 -3.3307e+00 +2.8244e+00
258 0 +1.800505970e-06 -9.999999982e+02 -9.999999982e+02 -1.8669e-01 -3.3306e+00 +2.8244e+00
264 0 +1.723574655e-06 -9.999999983e+02 -9.999999983e+02 -1.8661e-01 -3.3306e+00 +2.8243e+00
268 0 +1.637818059e-06 -9.999999984e+02 -9.999999984e+02 -1.8663e-01 -3.3306e+00 +2.8243e+00
276 0 +1.602063776e-06 -9.999999984e+02 -9.999999984e+02 -1.8669e-01 -3.3306e+00 +2.8244e+00
280 0 +1.028418524e-06 -9.999999990e+02 -9.999999990e+02 -1.8666e-01 -3.3306e+00 +2.8243e+00
284 0 +1.360582473e-07 -9.999999999e+02 -9.999999999e+02 -1.8645e-01 -3.3305e+00 +2.8240e+00
295 0 +5.389438229e-08 -9.999999999e+02 -9.999999999e+02 -1.8645e-01 -3.3305e+00 +2.8241e+00
299 0 +2.694366685e-08 -1.000000000e+03 -1.000000000e+03 -1.8643e-01 -3.3304e+00 +2.8240e+00
309 0 +1.533942395e-08 -1.000000000e+03 -1.000000000e+03 -1.8642e-01 -3.3304e+00 +2.8240e+00
321 0 +6.822915566e-09 -1.000000000e+03 -1.000000000e+03 -1.8642e-01 -3.3304e+00 +2.8240e+00
% f evaluations | g evaluations | best noise-free fitness - Fopt (1.319200000000e+02) + sum g_i+ | measured fitness | best measured fitness or single-digit g-values | x1 | x2...
1 0 +1.431253446e+05 +1.432572646e+05 +1.432572646e+05 +1.6667e+00 +1.6667e+00 +1.6667e+00
2 0 +4.147514681e+04 +4.160706681e+04 +4.160706681e+04 -1.6667e+00 -1.6667e+00 -1.6667e+00
4 0 +1.394429206e+04 +1.407621206e+04 +1.407621206e+04 +3.3333e+00 -1.6667e+00 -1.6667e+00
11 0 +2.486365585e+02 +3.805565585e+02 +3.805565585e+02 +4.2346e+00 -2.6459e-01 -4.9833e+00
15 0 +2.322059033e+02 +3.641259033e+02 +3.641259033e+02 +4.0588e+00 -1.3542e-01 -4.9810e+00
19 0 +2.162794867e+02 +3.481994867e+02 +3.481994867e+02 +3.6718e+00 +1.5192e-01 -4.9739e+00
27 0 +2.133660078e+02 +3.452860078e+02 +3.452860078e+02 +3.4139e+00 +3.5732e-01 -4.9611e+00
31 0 +1.124363560e+02 +2.443563560e+02 +2.443563560e+02 +1.9007e+00 +1.5553e+00 -4.8902e+00
36 0 +2.469702472e+01 +1.566170247e+02 +1.566170247e+02 -2.6296e-01 +3.2691e+00 -4.7881e+00
49 0 +2.454533911e+01 +1.564653391e+02 +1.564653391e+02 -2.6585e-01 +3.2303e+00 -4.8291e+00
53 0 +2.105798170e+01 +1.529779817e+02 +1.529779817e+02 -6.5923e-01 +3.3570e+00 -4.9673e+00
57 0 +1.899477460e+01 +1.509147746e+02 +1.509147746e+02 -7.5396e-01 +3.3874e+00 -4.9998e+00
61 0 +1.673081406e+01 +1.486508141e+02 +1.486508141e+02 -8.4542e-01 +3.4163e+00 -4.9960e+00
68 0 +1.542613879e+01 +1.473461388e+02 +1.473461388e+02 -9.0473e-01 +3.4349e+00 -4.9962e+00
83 0 +1.435560971e+01 +1.462756097e+02 +1.462756097e+02 -9.7243e-01 +3.4339e+00 -4.9966e+00
87 0 +1.285218963e+01 +1.447721896e+02 +1.447721896e+02 -1.1447e+00 +3.4218e+00 -4.9959e+00
95 0 +1.252680847e+01 +1.444468085e+02 +1.444468085e+02 -1.3015e+00 +3.2806e+00 -4.8767e+00
103 0 +6.890962327e+00 +1.388109623e+02 +1.388109623e+02 -2.2199e+00 +2.4688e+00 -4.1923e+00
109 0 +4.697573923e+00 +1.366175739e+02 +1.366175739e+02 -2.9114e+00 +1.9536e+00 -3.7645e+00
116 0 +4.182970854e+00 +1.361029709e+02 +1.361029709e+02 -3.1712e+00 +1.7644e+00 -3.6077e+00
121 0 +3.834797452e+00 +1.357547975e+02 +1.357547975e+02 -3.2538e+00 +1.7352e+00 -3.5861e+00
129 0 +2.359508239e+00 +1.342795082e+02 +1.342795082e+02 -3.3889e+00 +1.8198e+00 -3.6709e+00
133 0 +3.836857581e-02 +1.319583686e+02 +1.319583686e+02 -3.9360e+00 +1.9020e+00 -3.7775e+00
139 0 +2.280773162e-02 +1.319428077e+02 +1.319428077e+02 -3.9720e+00 +1.8814e+00 -3.7608e+00
143 0 +1.876188610e-02 +1.319387619e+02 +1.319387619e+02 -3.9894e+00 +1.8660e+00 -3.7478e+00
150 0 +1.681486395e-02 +1.319368149e+02 +1.319368149e+02 -4.0070e+00 +1.8542e+00 -3.7382e+00
180 0 +1.648172654e-02 +1.319364817e+02 +1.319364817e+02 -4.0145e+00 +1.8510e+00 -3.7352e+00
184 0 +1.022200738e-02 +1.319302220e+02 +1.319302220e+02 -4.0073e+00 +1.8641e+00 -3.7277e+00
191 0 +7.533420336e-03 +1.319275334e+02 +1.319275334e+02 -4.0029e+00 +1.8729e+00 -3.7213e+00
203 0 +6.981630343e-03 +1.319269816e+02 +1.319269816e+02 -4.0027e+00 +1.8738e+00 -3.7201e+00
208 0 +5.876991226e-03 +1.319258770e+02 +1.319258770e+02 -4.0015e+00 +1.8760e+00 -3.7188e+00
214 0 +7.299033993e-05 +1.319200730e+02 +1.319200730e+02 -3.9837e+00 +1.9076e+00 -3.7011e+00
218 0 +6.748890749e-05 +1.319200675e+02 +1.319200675e+02 -3.9820e+00 +1.9106e+00 -3.6994e+00
223 0 +2.042152903e-05 +1.319200204e+02 +1.319200204e+02 -3.9828e+00 +1.9091e+00 -3.7002e+00
227 0 +1.984026056e-05 +1.319200198e+02 +1.319200198e+02 -3.9828e+00 +1.9092e+00 -3.7002e+00
231 0 +1.757891556e-05 +1.319200176e+02 +1.319200176e+02 -3.9828e+00 +1.9092e+00 -3.7002e+00
235 0 +1.585285295e-05 +1.319200159e+02 +1.319200159e+02 -3.9827e+00 +1.9093e+00 -3.7001e+00
239 0 +1.577188132e-05 +1.319200158e+02 +1.319200158e+02 -3.9827e+00 +1.9094e+00 -3.7001e+00
243 0 +1.476651838e-05 +1.319200148e+02 +1.319200148e+02 -3.9827e+00 +1.9095e+00 -3.7000e+00
249 0 +3.426636596e-06 +1.319200034e+02 +1.319200034e+02 -3.9823e+00 +1.9101e+00 -3.6996e+00
253 0 +1.381502585e-06 +1.319200014e+02 +1.319200014e+02 -3.9821e+00 +1.9105e+00 -3.6994e+00
260 0 +1.240945437e-06 +1.319200012e+02 +1.319200012e+02 -3.9821e+00 +1.9106e+00 -3.6994e+00
265 0 +1.215591112e-06 +1.319200012e+02 +1.319200012e+02 -3.9821e+00 +1.9106e+00 -3.6994e+00
287 0 +1.193979443e-06 +1.319200012e+02 +1.319200012e+02 -3.9821e+00 +1.9106e+00 -3.6994e+00
309 0 +9.788083162e-07 +1.319200010e+02 +1.319200010e+02 -3.9821e+00 +1.9106e+00 -3.6994e+00
312 0 +9.764899005e-07 +1.319200010e+02 +1.319200010e+02 -3.9821e+00 +1.9106e+00 -3.6994e+00
313 0 +9.325930819e-07 +1.319200009e+02 +1.319200009e+02 -3.9821e+00 +1.9106e+00 -3.6994e+00
321 0 +8.938642679e-07 +1.319200009e+02 +1.319200009e+02 -3.9821e+00 +1.9106e+00 -3.6994e+00
327 0 +7.054516971e-07 +1.319200007e+02 +1.319200007e+02 -3.9822e+00 +1.9106e+00 -3.6994e+00
341 0 +6.841738980e-07 +1.319200007e+02 +1.319200007e+02 -3.9822e+00 +1.9106e+00 -3.6994e+00
373 0 +6.708411036e-07 +1.319200007e+02 +1.319200007e+02 -3.9822e+00 +1.9106e+00 -3.6994e+00
417 0 +5.936016692e-07 +1.319200006e+02 +1.319200006e+02 -3.9822e+00 +1.9106e+00 -3.6993e+00
420 0 +5.880683602e-07 +1.319200006e+02 +1.319200006e+02 -3.9822e+00 +1.9106e+00 -3.6993e+00
421 0 +5.434150125e-07 +1.319200005e+02 +1.319200005e+02 -3.9822e+00 +1.9105e+00 -3.6993e+00
424 0 +5.354483221e-07 +1.319200005e+02 +1.319200005e+02 -3.9822e+00 +1.9105e+00 -3.6993e+00
430 0 +5.221669994e-07 +1.319200005e+02 +1.319200005e+02 -3.9823e+00 +1.9105e+00 -3.6993e+00
434 0 +4.751713902e-07 +1.319200005e+02 +1.319200005e+02 -3.9823e+00 +1.9104e+00 -3.6992e+00
437 0 +4.631835111e-07 +1.319200005e+02 +1.319200005e+02 -3.9823e+00 +1.9104e+00 -3.6992e+00
438 0 +3.051391673e-07 +1.319200003e+02 +1.319200003e+02 -3.9823e+00 +1.9105e+00 -3.6993e+00
441 0 +2.970241724e-07 +1.319200003e+02 +1.319200003e+02 -3.9823e+00 +1.9105e+00 -3.6993e+00
442 0 +2.179508840e-07 +1.319200002e+02 +1.319200002e+02 -3.9823e+00 +1.9105e+00 -3.6993e+00
446 0 +1.954329605e-07 +1.319200002e+02 +1.319200002e+02 -3.9823e+00 +1.9105e+00 -3.6993e+00
450 0 +1.936227818e-07 +1.319200002e+02 +1.319200002e+02 -3.9823e+00 +1.9105e+00 -3.6993e+00
454 0 +1.884572214e-07 +1.319200002e+02 +1.319200002e+02 -3.9823e+00 +1.9105e+00 -3.6992e+00
458 0 +1.837776722e-07 +1.319200002e+02 +1.319200002e+02 -3.9823e+00 +1.9104e+00 -3.6992e+00
463 0 +1.797488096e-07 +1.319200002e+02 +1.319200002e+02 -3.9823e+00 +1.9104e+00 -3.6992e+00
495 0 +1.776860472e-07 +1.319200002e+02 +1.319200002e+02 -3.9823e+00 +1.9104e+00 -3.6992e+00
522 0 +1.713022471e-07 +1.319200002e+02 +1.319200002e+02 -3.9823e+00 +1.9104e+00 -3.6992e+00
530 0 +1.555138454e-07 +1.319200002e+02 +1.319200002e+02 -3.9823e+00 +1.9104e+00 -3.6992e+00
535 0 +9.104624610e-08 +1.319200001e+02 +1.319200001e+02 -3.9823e+00 +1.9104e+00 -3.6992e+00
539 0 +3.354787736e-08 +1.319200000e+02 +1.319200000e+02 -3.9824e+00 +1.9104e+00 -3.6992e+00
543 0 +2.974749691e-08 +1.319200000e+02 +1.319200000e+02 -3.9824e+00 +1.9104e+00 -3.6992e+00
563 0 +2.290525458e-08 +1.319200000e+02 +1.319200000e+02 -3.9824e+00 +1.9104e+00 -3.6992e+00
569 0 +1.683528694e-08 +1.319200000e+02 +1.319200000e+02 -3.9824e+00 +1.9104e+00 -3.6992e+00
603 0 +1.656096060e-08 +1.319200000e+02 +1.319200000e+02 -3.9824e+00 +1.9104e+00 -3.6992e+00
635 0 +1.613329914e-08 +1.319200000e+02 +1.319200000e+02 -3.9824e+00 +1.9104e+00 -3.6992e+00
668 0 +1.582262144e-08 +1.319200000e+02 +1.319200000e+02 -3.9824e+00 +1.9104e+00 -3.6992e+00
698 0 +1.547414286e-08 +1.319200000e+02 +1.319200000e+02 -3.9824e+00 +1.9104e+00 -3.6992e+00
721 0 +1.512844960e-08 +1.319200000e+02 +1.319200000e+02 -3.9824e+00 +1.9104e+00 -3.6992e+00
755 0 +1.461407351e-08 +1.319200000e+02 +1.319200000e+02 -3.9824e+00 +1.9104e+00 -3.6992e+00
774 0 +1.424749030e-08 +1.319200000e+02 +1.319200000e+02 -3.9824e+00 +1.9104e+00 -3.6992e+00
782 0 +1.366268521e-08 +1.319200000e+02 +1.319200000e+02 -3.9824e+00 +1.9104e+00 -3.6992e+00
797 0 +1.324454502e-08 +1.319200000e+02 +1.319200000e+02 -3.9824e+00 +1.9104e+00 -3.6992e+00
804 0 +1.316982434e-08 +1.319200000e+02 +1.319200000e+02 -3.9824e+00 +1.9104e+00 -3.6992e+00
820 0 +1.277931005e-08 +1.319200000e+02 +1.319200000e+02 -3.9824e+00 +1.9104e+00 -3.6992e+00
825 0 +1.252814741e-08 +1.319200000e+02 +1.319200000e+02 -3.9824e+00 +1.9104e+00 -3.6992e+00
830 0 +1.217267709e-08 +1.319200000e+02 +1.319200000e+02 -3.9824e+00 +1.9104e+00 -3.6992e+00
858 0 +1.196363542e-08 +1.319200000e+02 +1.319200000e+02 -3.9824e+00 +1.9104e+00 -3.6992e+00
889 0 +1.169257757e-08 +1.319200000e+02 +1.319200000e+02 -3.9824e+00 +1.9104e+00 -3.6992e+00
894 0 +1.142714723e-08 +1.319200000e+02 +1.319200000e+02 -3.9824e+00 +1.9104e+00 -3.6992e+00
934 0 +1.121489390e-08 +1.319200000e+02 +1.319200000e+02 -3.9824e+00 +1.9104e+00 -3.6992e+00
938 0 +1.096154278e-08 +1.319200000e+02 +1.319200000e+02 -3.9824e+00 +1.9104e+00 -3.6992e+00
967 0 +1.071123279e-08 +1.319200000e+02 +1.319200000e+02 -3.9824e+00 +1.9104e+00 -3.6992e+00
995 0 +1.023138907e-08 +1.319200000e+02 +1.319200000e+02 -3.9824e+00 +1.9104e+00 -3.6992e+00
1031 0 +9.961496517e-09 +1.319200000e+02 +1.319200000e+02 -3.9824e+00 +1.9104e+00 -3.6992e+00
% f evaluations | g evaluations | best noise-free fitness - Fopt (5.908400000000e+02) + sum g_i+ | measured fitness | best measured fitness or single-digit g-values | x1 | x2...
1 0 +4.467255646e+04 +4.526339646e+04 +4.526339646e+04 +1.6667e+00 +1.6667e+00 +1.6667e+00
4 0 +1.292255676e+03 +1.883095676e+03 +1.883095676e+03 +3.3333e+00 -1.6667e+00 -1.6667e+00
5 0 +1.096834548e+03 +1.687674548e+03 +1.687674548e+03 +1.6667e+00 -3.3333e+00 +1.6667e+00
9 0 +2.798108031e-01 +5.911198108e+02 +5.911198108e+02 +1.6667e+00 -3.3333e+00 -3.3333e+00
19 0 +2.695693934e-01 +5.911095694e+02 +5.911095694e+02 +1.6617e+00 -3.3330e+00 -3.3347e+00
23 0 +2.299981565e-01 +5.910699982e+02 +5.910699982e+02 +1.6391e+00 -3.3314e+00 -3.3413e+00
27 0 +8.409335258e-02 +5.909240934e+02 +5.909240934e+02 +1.5359e+00 -3.3237e+00 -3.3731e+00
31 0 +6.411835667e-02 +5.909041184e+02 +5.909041184e+02 +1.4832e+00 -3.3190e+00 -3.3915e+00
42 0 +5.124693034e-02 +5.908912469e+02 +5.908912469e+02 +1.4719e+00 -3.3170e+00 -3.3995e+00
46 0 +3.129403357e-02 +5.908712940e+02 +5.908712940e+02 +1.5041e+00 -3.3087e+00 -3.4330e+00
51 0 +1.564820451e-02 +5.908556482e+02 +5.908556482e+02 +1.4829e+00 -3.3043e+00 -3.4511e+00
55 0 +8.825659391e-03 +5.908488257e+02 +5.908488257e+02 +1.4700e+00 -3.3019e+00 -3.4617e+00
60 0 +8.207108963e-03 +5.908482071e+02 +5.908482071e+02 +1.4667e+00 -3.3013e+00 -3.4644e+00
70 0 +7.445414605e-03 +5.908474454e+02 +5.908474454e+02 +1.4650e+00 -3.3018e+00 -3.4656e+00
82 0 +7.176806119e-03 +5.908471768e+02 +5.908471768e+02 +1.4643e+00 -3.3020e+00 -3.4662e+00
87 0 +6.355846578e-03 +5.908463558e+02 +5.908463558e+02 +1.4636e+00 -3.3033e+00 -3.4674e+00
95 0 +5.023519511e-03 +5.908450235e+02 +5.908450235e+02 +1.4627e+00 -3.3055e+00 -3.4703e+00
100 0 +4.274672883e-03 +5.908442747e+02 +5.908442747e+02 +1.4596e+00 -3.3108e+00 -3.4748e+00
110 0 +3.550692315e-03 +5.908435507e+02 +5.908435507e+02 +1.4582e+00 -3.3129e+00 -3.4775e+00
115 0 +2.685794021e-03 +5.908426858e+02 +5.908426858e+02 +1.4550e+00 -3.3192e+00 -3.4801e+00
119 0 +2.198252757e-03 +5.908421983e+02 +5.908421983e+02 +1.4553e+00 -3.3183e+00 -3.4821e+00
126 0 +1.866042986e-03 +5.908418660e+02 +5.908418660e+02 +1.4549e+00 -3.3189e+00 -3.4835e+00
134 0 +1.432437769e-03 +5.908414324e+02 +5.908414324e+02 +1.4538e+00 -3.3211e+00 -3.4851e+00
144 0 +1.286012216e-03 +5.908412860e+02 +5.908412860e+02 +1.4533e+00 -3.3221e+00 -3.4861e+00
153 0 +7.796514216e-04 +5.908407797e+02 +5.908407797e+02 +1.4514e+00 -3.3255e+00 -3.4895e+00
160 0 +1.777164441e-04 +5.908401777e+02 +5.908401777e+02 +1.4478e+00 -3.3328e+00 -3.4937e+00
172 0 +1.305315384e-04 +5.908401305e+02 +5.908401305e+02 +1.4477e+00 -3.3328e+00 -3.4948e+00
176 0 +6.722989349e-05 +5.908400672e+02 +5.908400672e+02 +1.4456e+00 -3.3371e+00 -3.4969e+00
180 0 +6.357431175e-06 +5.908400064e+02 +5.908400064e+02 +1.4459e+00 -3.3363e+00 -3.4979e+00
185 0 +1.675743420e-06 +5.908400017e+02 +5.908400017e+02 +1.4458e+00 -3.3363e+00 -3.4983e+00
189 0 +1.306534500e-06 +5.908400013e+02 +5.908400013e+02 +1.4458e+00 -3.3363e+00 -3.4984e+00
199 0 +1.192567652e-06 +5.908400012e+02 +5.908400012e+02 +1.4458e+00 -3.3363e+00 -3.4984e+00
205 0 +1.164077389e-06 +5.908400012e+02 +5.908400012e+02 +1.4458e+00 -3.3363e+00 -3.4984e+00
252 0 +1.138275366e-06 +5.908400011e+02 +5.908400011e+02 +1.4458e+00 -3.3363e+00 -3.4984e+00
257 0 +1.079542244e-06 +5.908400011e+02 +5.908400011e+02 +1.4458e+00 -3.3363e+00 -3.4984e+00
263 0 +1.003071930e-06 +5.908400010e+02 +5.908400010e+02 +1.4458e+00 -3.3363e+00 -3.4985e+00
275 0 +9.973352917e-07 +5.908400010e+02 +5.908400010e+02 +1.4458e+00 -3.3363e+00 -3.4985e+00
287 0 +9.745558600e-07 +5.908400010e+02 +5.908400010e+02 +1.4458e+00 -3.3363e+00 -3.4985e+00
308 0 +7.981254839e-07 +5.908400008e+02 +5.908400008e+02 +1.4457e+00 -3.3363e+00 -3.4984e+00
310 0 +7.918002893e-07 +5.908400008e+02 +5.908400008e+02 +1.4457e+00 -3.3363e+00 -3.4984e+00
312 0 +5.282707889e-07 +5.908400005e+02 +5.908400005e+02 +1.4457e+00 -3.3362e+00 -3.4984e+00
316 0 +4.882971325e-07 +5.908400005e+02 +5.908400005e+02 +1.4457e+00 -3.3362e+00 -3.4984e+00
320 0 +2.530065331e-07 +5.908400003e+02 +5.908400003e+02 +1.4457e+00 -3.3361e+00 -3.4984e+00
326 0 +4.530602382e-08 +5.908400000e+02 +5.908400000e+02 +1.4456e+00 -3.3360e+00 -3.4984e+00
331 0 +3.577304142e-08 +5.908400000e+02 +5.908400000e+02 +1.4456e+00 -3.3360e+00 -3.4984e+00
335 0 +3.448440111e-08 +5.908400000e+02 +5.908400000e+02 +1.4456e+00 -3.3360e+00 -3.4984e+00
344 0 +3.360776191e-08 +5.908400000e+02 +5.908400000e+02 +1.4456e+00 -3.3360e+00 -3.4984e+00
360 0 +3.236743851e-08 +5.908400000e+02 +5.908400000e+02 +1.4456e+00 -3.3360e+00 -3.4984e+00
362 0 +3.234936230e-08 +5.908400000e+02 +5.908400000e+02 +1.4456e+00 -3.3360e+00 -3.4984e+00
375 0 +3.033426310e-08 +5.908400000e+02 +5.908400000e+02 +1.4456e+00 -3.3360e+00 -3.4984e+00
381 0 +2.903016139e-08 +5.908400000e+02 +5.908400000e+02 +1.4456e+00 -3.3360e+00 -3.4984e+00
391 0 +2.832712198e-08 +5.908400000e+02 +5.908400000e+02 +1.4456e+00 -3.3360e+00 -3.4984e+00
% f evaluations | g evaluations | best noise-free fitness - Fopt (2.156100000000e+02) + sum g_i+ | measured fitness | best measured fitness or single-digit g-values | x1 | x2...
1 0 +1.272871380e+02 +3.428971380e+02 +3.428971380e+02 +1.6667e+00 +1.6667e+00 +1.6667e+00
4 0 +1.094174232e+02 +3.250274232e+02 +3.250274232e+02 +3.3333e+00 -1.6667e+00 -1.6667e+00
15 0 +9.686452022e+01 +3.124745202e+02 +3.124745202e+02 +3.0202e+00 -1.6164e+00 -1.8857e+00
20 0 +6.188483895e+01 +2.774948389e+02 +2.774948389e+02 +2.0112e+00 -1.4427e+00 -2.5925e+00
25 0 +5.219040209e+01 +2.678004021e+02 +2.678004021e+02 +1.5969e+00 -1.3608e+00 -2.8834e+00
34 0 +4.433635140e+01 +2.599463514e+02 +2.599463514e+02 +1.2114e+00 -1.1671e+00 -3.1606e+00
41 0 +4.343637396e+01 +2.590463740e+02 +2.590463740e+02 +1.1527e+00 -1.1272e+00 -3.2033e+00
49 0 +4.179400847e+01 +2.574040085e+02 +2.574040085e+02 +1.0599e+00 -1.0083e+00 -3.2715e+00
54 0 +2.431721096e+01 +2.399272110e+02 +2.399272110e+02 +4.5936e-01 -1.2414e-01 -3.7205e+00
59 0 +1.937100397e+01 +2.349810040e+02 +2.349810040e+02 -4.9431e-03 +5.4784e-01 -4.0636e+00
65 0 +1.464721241e+01 +2.302572124e+02 +2.302572124e+02 -3.2036e-01 +1.0060e+00 -4.2966e+00
71 0 +1.321511265e+01 +2.288251127e+02 +2.288251127e+02 -3.9088e-01 +1.1104e+00 -4.3476e+00
77 0 +1.301956395e+01 +2.286295639e+02 +2.286295639e+02 -4.0794e-01 +1.1354e+00 -4.3592e+00
85 0 +1.271270195e+01 +2.283227019e+02 +2.283227019e+02 -4.0704e-01 +1.1362e+00 -4.3590e+00
99 0 +1.257938692e+01 +2.281893869e+02 +2.281893869e+02 -4.1127e-01 +1.1443e+00 -4.3622e+00
122 0 +1.060537066e+01 +2.262153707e+02 +2.262153707e+02 -6.0859e-01 +1.4183e+00 -4.1845e+00
129 0 +8.626021174e+00 +2.242360212e+02 +2.242360212e+02 -9.4426e-01 +1.8637e+00 -3.8867e+00
134 0 +2.560340514e+00 +2.181703405e+02 +2.181703405e+02 -1.6213e+00 +2.7647e+00 -3.2642e+00
138 0 +1.576810249e+00 +2.171868102e+02 +2.171868102e+02 -1.7710e+00 +2.9636e+00 -3.1264e+00
144 0 +7.293378944e-01 +2.163393379e+02 +2.163393379e+02 -2.0786e+00 +3.3721e+00 -2.8433e+00
152 0 +7.193741195e-01 +2.163293741e+02 +2.163293741e+02 -2.1317e+00 +3.4419e+00 -2.7945e+00
177 0 +6.968883101e-01 +2.163068883e+02 +2.163068883e+02 -2.0848e+00 +3.3387e+00 -2.8413e+00
181 0 +6.571228833e-01 +2.162671229e+02 +2.162671229e+02 -2.0684e+00 +3.2592e+00 -2.8618e+00
186 0 +6.439632490e-01 +2.162539632e+02 +2.162539632e+02 -2.0782e+00 +3.0862e+00 -2.8704e+00
190 0 +4.578350233e-01 +2.160678350e+02 +2.160678350e+02 -2.1187e+00 +3.1902e+00 -2.8284e+00
194 0 +3.166181893e-01 +2.159266182e+02 +2.159266182e+02 -2.2171e+00 +3.2899e+00 -2.7410e+00
199 0 +9.616184099e-02 +2.157061618e+02 +2.157061618e+02 -2.3985e+00 +3.4153e+00 -2.5853e+00
205 0 +3.505252187e-02 +2.156450525e+02 +2.156450525e+02 -2.4945e+00 +3.4564e+00 -2.5054e+00
211 0 +1.805272856e-02 +2.156280527e+02 +2.156280527e+02 -2.5193e+00 +3.4566e+00 -2.4857e+00
215 0 +6.599230222e-03 +2.156165992e+02 +2.156165992e+02 -2.5417e+00 +3.4506e+00 -2.4684e+00
222 0 +2.836307714e-03 +2.156128363e+02 +2.156128363e+02 -2.5549e+00 +3.4475e+00 -2.4583e+00
226 0 +2.430243105e-03 +2.156124302e+02 +2.156124302e+02 -2.5609e+00 +3.4462e+00 -2.4537e+00
235 0 +2.361432685e-03 +2.156123614e+02 +2.156123614e+02 -2.5642e+00 +3.4452e+00 -2.4512e+00
264 0 +2.317942357e-03 +2.156123179e+02 +2.156123179e+02 -2.5653e+00 +3.4457e+00 -2.4505e+00
274 0 +2.256260754e-03 +2.156122563e+02 +2.156122563e+02 -2.5655e+00 +3.4458e+00 -2.4506e+00
294 0 +2.233191514e-03 +2.156122332e+02 +2.156122332e+02 -2.5655e+00 +3.4458e+00 -2.4507e+00
302 0 +2.187070772e-03 +2.156121871e+02 +2.156121871e+02 -2.5655e+00 +3.4459e+00 -2.4509e+00
318 0 +2.089912822e-03 +2.156120899e+02 +2.156120899e+02 -2.5655e+00 +3.4461e+00 -2.4513e+00
330 0 +2.052932407e-03 +2.156120529e+02 +2.156120529e+02 -2.5655e+00 +3.4460e+00 -2.4514e+00
335 0 +2.030201694e-03 +2.156120302e+02 +2.156120302e+02 -2.5655e+00 +3.4460e+00 -2.4514e+00
360 0 +1.976359718e-03 +2.156119764e+02 +2.156119764e+02 -2.5656e+00 +3.4461e+00 -2.4516e+00
365 0 +1.894023562e-03 +2.156118940e+02 +2.156118940e+02 -2.5656e+00 +3.4462e+00 -2.4519e+00
370 0 +3.856489841e-04 +2.156103856e+02 +2.156103856e+02 -2.5660e+00 +3.4492e+00 -2.4614e+00
376 0 +7.563776171e-05 +2.156100756e+02 +2.156100756e+02 -2.5662e+00 +3.4504e+00 -2.4654e+00
380 0 +1.646819479e-05 +2.156100165e+02 +2.156100165e+02 -2.5663e+00 +3.4508e+00 -2.4668e+00
384 0 +4.021622800e-06 +2.156100040e+02 +2.156100040e+02 -2.5663e+00 +3.4511e+00 -2.4675e+00
391 0 +3.872348202e-07 +2.156100004e+02 +2.156100004e+02 -2.5663e+00 +3.4512e+00 -2.4680e+00
396 0 +2.407637112e-07 +2.156100002e+02 +2.156100002e+02 -2.5663e+00 +3.4512e+00 -2.4680e+00
401 0 +2.085100164e-07 +2.156100002e+02 +2.156100002e+02 -2.5663e+00 +3.4512e+00 -2.4681e+00
433 0 +2.038180185e-07 +2.156100002e+02 +2.156100002e+02 -2.5663e+00 +3.4512e+00 -2.4681e+00
437 0 +1.046679756e-07 +2.156100001e+02 +2.156100001e+02 -2.5663e+00 +3.4512e+00 -2.4680e+00
442 0 +2.074028771e-08 +2.156100000e+02 +2.156100000e+02 -2.5664e+00 +3.4512e+00 -2.4680e+00
449 0 +2.484028983e-09 +2.156100000e+02 +2.156100000e+02 -2.5664e+00 +3.4512e+00 -2.4680e+00
% f evaluations | g evaluations | best noise-free fitness - Fopt (1.936900000000e+02) + sum g_i+ | measured fitness | best measured fitness or single-digit g-values | x1 | x2...
1 0 +7.735823831e+04 +7.755192831e+04 +7.755192831e+04 +1.6667e+00 +1.6667e+00 +1.6667e+00
4 0 +6.200542725e+04 +6.219911725e+04 +6.219911725e+04 +3.3333e+00 -1.6667e+00 -1.6667e+00
6 0 +2.896440155e+01 +2.226544015e+02 +2.226544015e+02 +3.3333e+00 +3.3333e+00 -1.6667e+00
17 0 +2.530023266e+01 +2.189902327e+02 +2.189902327e+02 +3.5136e+00 +2.2495e+00 -2.4958e+00
21 0 +2.510822562e+01 +2.187982256e+02 +2.187982256e+02 +3.5000e+00 +2.2602e+00 -2.5008e+00
25 0 +2.438012741e+01 +2.180701274e+02 +2.180701274e+02 +3.4359e+00 +2.3103e+00 -2.5241e+00
29 0 +2.354673961e+01 +2.172367396e+02 +2.172367396e+02 +3.2954e+00 +2.4194e+00 -2.5745e+00
33 0 +2.313536500e+01 +2.168253650e+02 +2.168253650e+02 +3.1966e+00 +2.4957e+00 -2.6097e+00
37 0 +1.267695241e+01 +2.063669524e+02 +2.063669524e+02 +2.5020e+00 +3.0314e+00 -2.8563e+00
41 0 +6.940728062e+00 +2.006307281e+02 +2.006307281e+02 +1.6759e+00 +3.6661e+00 -3.1478e+00
47 0 +6.316228164e+00 +2.000062282e+02 +2.000062282e+02 +1.2407e+00 +3.9979e+00 -3.2993e+00
51 0 +6.247422626e+00 +1.999374226e+02 +1.999374226e+02 +1.0397e+00 +4.1400e+00 -3.3608e+00
59 0 +5.872545169e+00 +1.995625452e+02 +1.995625452e+02 +1.2087e+00 +3.9030e+00 -3.2191e+00
63 0 +5.278578605e+00 +1.989685786e+02 +1.989685786e+02 +1.2037e+00 +3.7069e+00 -3.0680e+00
67 0 +3.844765249e+00 +1.975347652e+02 +1.975347652e+02 +8.1367e-01 +3.2298e+00 -2.6127e+00
71 0 +2.785646420e+00 +1.964756464e+02 +1.964756464e+02 +5.4483e-01 +3.2693e+00 -2.5813e+00
76 0 +1.367641732e+00 +1.950576417e+02 +1.950576417e+02 -3.7529e-02 +3.3147e+00 -2.4841e+00
80 0 +1.310171166e+00 +1.950001712e+02 +1.950001712e+02 -1.1822e-01 +3.3176e+00 -2.4684e+00
90 0 +1.226427199e+00 +1.949164272e+02 +1.949164272e+02 -1.5642e-01 +3.3317e+00 -2.4741e+00
102 0 +1.163753690e+00 +1.948537537e+02 +1.948537537e+02 -1.7268e-01 +3.3321e+00 -2.4818e+00
107 0 +7.700478426e-01 +1.944600478e+02 +1.944600478e+02 -2.9490e-01 +3.3279e+00 -2.5119e+00
111 0 +7.177615250e-01 +1.944077615e+02 +1.944077615e+02 -3.9166e-01 +3.3013e+00 -2.5044e+00
115 0 +5.801971333e-01 +1.942701971e+02 +1.942701971e+02 -4.7121e-01 +3.2899e+00 -2.5122e+00
121 0 +1.322652842e-01 +1.938222653e+02 +1.938222653e+02 -8.5321e-01 +3.2442e+00 -2.5619e+00
125 0 +2.523760241e-02 +1.937152376e+02 +1.937152376e+02 -1.0659e+00 +3.2104e+00 -2.5780e+00
129 0 +2.115037872e-02 +1.937111504e+02 +1.937111504e+02 -1.1046e+00 +3.2137e+00 -2.5934e+00
134 0 +2.070392348e-02 +1.937107039e+02 +1.937107039e+02 -1.1166e+00 +3.2089e+00 -2.5902e+00
145 0 +2.027265696e-02 +1.937102727e+02 +1.937102727e+02 -1.1249e+00 +3.2072e+00 -2.5896e+00
154 0 +1.852953872e-02 +1.937085295e+02 +1.937085295e+02 -1.1257e+00 +3.2084e+00 -2.5885e+00
163 0 +1.349918493e-02 +1.937034992e+02 +1.937034992e+02 -1.1266e+00 +3.2132e+00 -2.5850e+00
170 0 +9.159466302e-03 +1.936991595e+02 +1.936991595e+02 -1.1323e+00 +3.2162e+00 -2.5825e+00
174 0 +6.091763208e-03 +1.936960918e+02 +1.936960918e+02 -1.1355e+00 +3.2199e+00 -2.5795e+00
180 0 +5.293049668e-04 +1.936905293e+02 +1.936905293e+02 -1.1474e+00 +3.2303e+00 -2.5724e+00
185 0 +3.980851438e-04 +1.936903981e+02 +1.936903981e+02 -1.1484e+00 +3.2307e+00 -2.5717e+00
193 0 +7.651377433e-05 +1.936900765e+02 +1.936900765e+02 -1.1488e+00 +3.2328e+00 -2.5702e+00
199 0 +4.963089424e-05 +1.936900496e+02 +1.936900496e+02 -1.1505e+00 +3.2328e+00 -2.5702e+00
204 0 +1.516693419e-05 +1.936900152e+02 +1.936900152e+02 -1.1514e+00 +3.2331e+00 -2.5699e+00
210 0 +9.653748521e-06 +1.936900097e+02 +1.936900097e+02 -1.1515e+00 +3.2332e+00 -2.5699e+00
217 0 +1.637435645e-06 +1.936900016e+02 +1.936900016e+02 -1.1518e+00 +3.2335e+00 -2.5697e+00
224 0 +1.084958086e-06 +1.936900011e+02 +1.936900011e+02 -1.1519e+00 +3.2335e+00 -2.5697e+00
233 0 +8.035224823e-07 +1.936900008e+02 +1.936900008e+02 -1.1519e+00 +3.2335e+00 -2.5697e+00
250 0 +1.343631197e-07 +1.936900001e+02 +1.936900001e+02 -1.1519e+00 +3.2336e+00 -2.5696e+00
252 0 +1.318102534e-07 +1.936900001e+02 +1.936900001e+02 -1.1519e+00 +3.2336e+00 -2.5696e+00
261 0 +9.813092561e-08 +1.936900001e+02 +1.936900001e+02 -1.1519e+00 +3.2336e+00 -2.5696e+00
273 0 +5.336465847e-08 +1.936900001e+02 +1.936900001e+02 -1.1519e+00 +3.2336e+00 -2.5696e+00
283 0 +2.587984227e-08 +1.936900000e+02 +1.936900000e+02 -1.1520e+00 +3.2336e+00 -2.5696e+00
296 0 +1.210182177e-08 +1.936900000e+02 +1.936900000e+02 -1.1520e+00 +3.2336e+00 -2.5696e+00
308 0 +1.092425350e-08 +1.936900000e+02 +1.936900000e+02 -1.1520e+00 +3.2336e+00 -2.5696e+00
317 0 +1.020555374e-08 +1.936900000e+02 +1.936900000e+02 -1.1520e+00 +3.2336e+00 -2.5696e+00
327 0 +9.406761592e-09 +1.936900000e+02 +1.936900000e+02 -1.1520e+00 +3.2336e+00 -2.5696e+00
% f evaluations | g evaluations | best noise-free fitness - Fopt (3.513000000000e+01) + sum g_i+ | measured fitness | best measured fitness or single-digit g-values | x1 | x2...
1 0 +1.409283644e+04 +1.412796644e+04 +1.412796644e+04 +1.6667e+00 +1.6667e+00 +1.6667e+00
6 0 +2.368687986e+03 +2.403817986e+03 +2.403817986e+03 +3.3333e+00 +3.3333e+00 -1.6667e+00
9 0 +6.681285863e+01 +1.019428586e+02 +1.019428586e+02 +1.6667e+00 +1.6667e+00 -3.3333e+00
11 0 +4.637762549e+01 +8.150762549e+01 +8.150762549e+01 -3.3333e+00 +1.6667e+00 -3.3333e+00
14 0 +3.133211401e+01 +6.646211401e+01 +6.646211401e+01 +8.3333e-01 +3.3333e+00 -1.6667e+00
20 0 +2.152289674e+01 +5.665289674e+01 +5.665289674e+01 +8.3333e-01 +8.3333e-01 -1.6667e+00
25 0 +1.379132516e+01 +4.892132516e+01 +4.892132516e+01 +1.6667e+00 +1.6667e+00 -8.3333e-01
33 0 +1.181953477e+01 +4.694953477e+01 +4.694953477e+01 +4.1667e-01 +1.6667e+00 -8.3333e-01
41 0 +8.683280275e+00 +4.381328028e+01 +4.381328028e+01 +4.1667e-01 +4.1667e-01 -8.3333e-01
52 0 +6.326873054e+00 +4.145687305e+01 +4.145687305e+01 +8.3333e-01 +8.3333e-01 -4.1667e-01
69 0 +6.259872479e+00 +4.138987248e+01 +4.138987248e+01 +8.3217e-01 +8.3274e-01 -4.0400e-01
73 0 +5.841245702e+00 +4.097124570e+01 +4.097124570e+01 +8.2677e-01 +8.2947e-01 -3.3636e-01
78 0 +4.578405999e+00 +3.970840600e+01 +3.970840600e+01 +8.1311e-01 +8.1897e-01 -1.2603e-01
84 0 +4.266296372e+00 +3.939629637e+01 +3.939629637e+01 +8.1003e-01 +8.1423e-01 -3.7081e-02
90 0 +4.144939030e+00 +3.927493903e+01 +3.927493903e+01 +8.1009e-01 +8.1163e-01 +8.4199e-03
107 0 +2.415142835e+00 +3.754514283e+01 +3.754514283e+01 +1.5840e+00 +7.2916e-01 +4.0772e-01
111 0 +2.218975708e+00 +3.734897571e+01 +3.734897571e+01 +1.7859e+00 +7.1956e-01 +5.2745e-01
118 0 +2.067135908e+00 +3.719713591e+01 +3.719713591e+01 +2.0977e+00 +7.1426e-01 +7.2488e-01
122 0 +1.849799574e+00 +3.697979957e+01 +3.697979957e+01 +2.0879e+00 +7.3044e-01 +7.3792e-01
126 0 +7.808356091e-01 +3.591083561e+01 +3.591083561e+01 +2.0337e+00 +8.8352e-01 +8.9664e-01
130 0 +3.956864035e-01 +3.552568640e+01 +3.552568640e+01 +2.2033e+00 +9.6554e-01 +1.1105e+00
134 0 +1.497049791e-01 +3.527970498e+01 +3.527970498e+01 +2.2992e+00 +1.0372e+00 +1.2634e+00
139 0 +5.581341467e-02 +3.518581341e+01 +3.518581341e+01 +2.3462e+00 +1.0781e+00 +1.3458e+00
149 0 +1.962802067e-02 +3.514962802e+01 +3.514962802e+01 +2.3271e+00 +1.1135e+00 +1.3783e+00
155 0 +8.532153757e-03 +3.513853215e+01 +3.513853215e+01 +2.3673e+00 +1.1183e+00 +1.4104e+00
159 0 +5.034023176e-03 +3.513503402e+01 +3.513503402e+01 +2.3744e+00 +1.1219e+00 +1.4195e+00
165 0 +1.281807933e-03 +3.513128181e+01 +3.513128181e+01 +2.3902e+00 +1.1303e+00 +1.4406e+00
170 0 +4.918677863e-04 +3.513049187e+01 +3.513049187e+01 +2.3960e+00 +1.1341e+00 +1.4490e+00
174 0 +3.130077225e-04 +3.513031301e+01 +3.513031301e+01 +2.3980e+00 +1.1354e+00 +1.4520e+00
181 0 +2.837485518e-04 +3.513028375e+01 +3.513028375e+01 +2.3994e+00 +1.1362e+00 +1.4540e+00
236 0 +2.757569614e-04 +3.513027576e+01 +3.513027576e+01 +2.3995e+00 +1.1362e+00 +1.4543e+00
240 0 +2.721798801e-04 +3.513027218e+01 +3.513027218e+01 +2.3992e+00 +1.1360e+00 +1.4541e+00
249 0 +2.594179864e-04 +3.513025942e+01 +3.513025942e+01 +2.3993e+00 +1.1354e+00 +1.4545e+00
257 0 +2.451009420e-04 +3.513024510e+01 +3.513024510e+01 +2.3992e+00 +1.1354e+00 +1.4544e+00
262 0 +1.488765698e-04 +3.513014888e+01 +3.513014888e+01 +2.3988e+00 +1.1345e+00 +1.4545e+00
266 0 +1.326176567e-04 +3.513013262e+01 +3.513013262e+01 +2.3987e+00 +1.1340e+00 +1.4545e+00
271 0 +3.006047819e-05 +3.513003006e+01 +3.513003006e+01 +2.3979e+00 +1.1321e+00 +1.4548e+00
275 0 +1.692716065e-05 +3.513001693e+01 +3.513001693e+01 +2.3978e+00 +1.1316e+00 +1.4548e+00
281 0 +8.838851002e-07 +3.513000088e+01 +3.513000088e+01 +2.3973e+00 +1.1305e+00 +1.4550e+00
286 0 +8.241345881e-07 +3.513000082e+01 +3.513000082e+01 +2.3973e+00 +1.1304e+00 +1.4550e+00
293 0 +8.001378191e-07 +3.513000080e+01 +3.513000080e+01 +2.3973e+00 +1.1304e+00 +1.4550e+00
304 0 +7.930956016e-07 +3.513000079e+01 +3.513000079e+01 +2.3973e+00 +1.1304e+00 +1.4550e+00
308 0 +7.173315453e-07 +3.513000072e+01 +3.513000072e+01 +2.3973e+00 +1.1304e+00 +1.4550e+00
312 0 +5.384387336e-07 +3.513000054e+01 +3.513000054e+01 +2.3974e+00 +1.1304e+00 +1.4550e+00
316 0 +4.655155621e-07 +3.513000047e+01 +3.513000047e+01 +2.3974e+00 +1.1304e+00 +1.4550e+00
320 0 +1.013485544e-07 +3.513000010e+01 +3.513000010e+01 +2.3975e+00 +1.1304e+00 +1.4551e+00
324 0 +9.020666170e-08 +3.513000009e+01 +3.513000009e+01 +2.3975e+00 +1.1304e+00 +1.4551e+00
331 0 +4.159651468e-08 +3.513000004e+01 +3.513000004e+01 +2.3976e+00 +1.1304e+00 +1.4552e+00
335 0 +3.982232499e-08 +3.513000004e+01 +3.513000004e+01 +2.3976e+00 +1.1304e+00 +1.4552e+00
338 0 +3.975943486e-08 +3.513000004e+01 +3.513000004e+01 +2.3976e+00 +1.1304e+00 +1.4552e+00
346 0 +3.887610234e-08 +3.513000004e+01 +3.513000004e+01 +2.3976e+00 +1.1304e+00 +1.4552e+00
347 0 +3.748726130e-08 +3.513000004e+01 +3.513000004e+01 +2.3976e+00 +1.1304e+00 +1.4552e+00
351 0 +3.432896278e-08 +3.513000003e+01 +3.513000003e+01 +2.3976e+00 +1.1304e+00 +1.4552e+00
355 0 +3.066528365e-08 +3.513000003e+01 +3.513000003e+01 +2.3976e+00 +1.1304e+00 +1.4552e+00
359 0 +2.545511535e-08 +3.513000003e+01 +3.513000003e+01 +2.3976e+00 +1.1304e+00 +1.4552e+00
364 0 +1.226938906e-08 +3.513000001e+01 +3.513000001e+01 +2.3976e+00 +1.1304e+00 +1.4552e+00
370 0 +1.115619597e-08 +3.513000001e+01 +3.513000001e+01 +2.3976e+00 +1.1304e+00 +1.4552e+00
379 0 +1.083005685e-08 +3.513000001e+01 +3.513000001e+01 +2.3976e+00 +1.1304e+00 +1.4552e+00
395 0 +1.068109157e-08 +3.513000001e+01 +3.513000001e+01 +2.3976e+00 +1.1304e+00 +1.4552e+00
411 0 +1.002095473e-08 +3.513000001e+01 +3.513000001e+01 +2.3976e+00 +1.1304e+00 +1.4552e+00
414 0 +9.993826211e-09 +3.513000001e+01 +3.513000001e+01 +2.3976e+00 +1.1304e+00 +1.4552e+00
% f evaluations | g evaluations | best noise-free fitness - Fopt (-2.279900000000e+02) + sum g_i+ | measured fitness | best measured fitness or single-digit g-values | x1 | x2...
1 0 +5.771150319e+04 +5.748351319e+04 +5.748351319e+04 +1.6667e+00 +1.6667e+00 +1.6667e+00
3 0 +4.959859595e+01 -1.783914040e+02 -1.783914040e+02 -3.3333e+00 +1.6667e+00 +1.6667e+00
11 0 +4.846486753e+01 -1.795251325e+02 -1.795251325e+02 -3.3053e+00 +1.6293e+00 +1.6937e+00
15 0 +4.411800198e+01 -1.838719980e+02 -1.838719980e+02 -3.1709e+00 +1.4550e+00 +1.8220e+00
19 0 +3.484997033e+01 -1.931400297e+02 -1.931400297e+02 -2.8634e+00 +1.0654e+00 +2.1126e+00
29 0 +2.898389477e+01 -1.990061052e+02 -1.990061052e+02 -2.6747e+00 +9.1158e-01 +2.2659e+00
33 0 +3.277919845e+00 -2.247120802e+02 -2.247120802e+02 -6.0534e-01 +1.8674e-01 +3.7149e+00
38 0 +1.361129033e+00 -2.266288710e+02 -2.266288710e+02 -2.0780e-01 +3.3671e-02 +3.9943e+00
42 0 +1.277866267e+00 -2.267121337e+02 -2.267121337e+02 -1.6276e-01 +1.6430e-02 +4.0253e+00
48 0 +7.229530805e-01 -2.272670469e+02 -2.272670469e+02 +7.4045e-02 -7.4137e-02 +4.1876e+00
68 0 +7.033983252e-01 -2.272866017e+02 -2.272866017e+02 +1.3317e-01 -9.5670e-02 +4.2208e+00
79 0 +6.850912472e-01 -2.273049088e+02 -2.273049088e+02 +1.4267e-01 -9.6670e-02 +4.2104e+00
87 0 +4.697219466e-01 -2.275202781e+02 -2.275202781e+02 +2.0947e-01 -1.0417e-01 +4.1375e+00
96 0 +1.481901421e-01 -2.278418099e+02 -2.278418099e+02 +4.4714e-01 -1.3153e-01 +3.8859e+00
102 0 +1.433093338e-01 -2.278466907e+02 -2.278466907e+02 +4.6467e-01 -1.3559e-01 +3.8805e+00
109 0 +8.036619055e-02 -2.279096338e+02 -2.279096338e+02 +5.8248e-01 -1.4866e-01 +3.7511e+00
168 0 +7.346127662e-02 -2.279165387e+02 -2.279165387e+02 +6.0492e-01 -1.6068e-01 +3.7213e+00
173 0 +2.308112497e-02 -2.279669189e+02 -2.279669189e+02 +6.0587e-01 -1.9272e-01 +3.6720e+00
177 0 +9.521868647e-03 -2.279804781e+02 -2.279804781e+02 +6.0614e-01 -2.0908e-01 +3.6471e+00
183 0 +4.646618495e-03 -2.279853534e+02 -2.279853534e+02 +6.0610e-01 -2.2312e-01 +3.6259e+00
201 0 +4.560794906e-03 -2.279854392e+02 -2.279854392e+02 +6.0612e-01 -2.2624e-01 +3.6212e+00
224 0 +4.310574070e-03 -2.279856894e+02 -2.279856894e+02 +6.0636e-01 -2.2796e-01 +3.6201e+00
228 0 +2.399313021e-03 -2.279876007e+02 -2.279876007e+02 +6.0852e-01 -2.3020e-01 +3.6264e+00
232 0 +1.497617599e-03 -2.279885024e+02 -2.279885024e+02 +6.0985e-01 -2.3179e-01 +3.6301e+00
237 0 +5.376585496e-04 -2.279894623e+02 -2.279894623e+02 +6.1367e-01 -2.3584e-01 +3.6410e+00
241 0 +5.353285471e-04 -2.279894647e+02 -2.279894647e+02 +6.1361e-01 -2.3582e-01 +3.6406e+00
249 0 +5.185803466e-04 -2.279894814e+02 -2.279894814e+02 +6.1372e-01 -2.3572e-01 +3.6392e+00
253 0 +5.089918797e-04 -2.279894910e+02 -2.279894910e+02 +6.1403e-01 -2.3575e-01 +3.6385e+00
257 0 +4.946245942e-04 -2.279895054e+02 -2.279895054e+02 +6.1453e-01 -2.3585e-01 +3.6377e+00
261 0 +1.888203293e-04 -2.279898112e+02 -2.279898112e+02 +6.1951e-01 -2.3676e-01 +3.6318e+00
272 0 +9.893759906e-05 -2.279899011e+02 -2.279899011e+02 +6.2144e-01 -2.3678e-01 +3.6320e+00
278 0 +7.819263399e-05 -2.279899218e+02 -2.279899218e+02 +6.2247e-01 -2.3751e-01 +3.6305e+00
293 0 +7.660036704e-05 -2.279899234e+02 -2.279899234e+02 +6.2249e-01 -2.3753e-01 +3.6305e+00
318 0 +7.388113684e-05 -2.279899261e+02 -2.279899261e+02 +6.2253e-01 -2.3754e-01 +3.6306e+00
323 0 +7.106659007e-05 -2.279899289e+02 -2.279899289e+02 +6.2256e-01 -2.3756e-01 +3.6306e+00
331 0 +6.539496712e-05 -2.279899346e+02 -2.279899346e+02 +6.2264e-01 -2.3759e-01 +3.6307e+00
337 0 +5.845885624e-05 -2.279899415e+02 -2.279899415e+02 +6.2299e-01 -2.3769e-01 +3.6306e+00
345 0 +2.948600712e-05 -2.279899705e+02 -2.279899705e+02 +6.2354e-01 -2.3789e-01 +3.6311e+00
351 0 +2.816546009e-05 -2.279899718e+02 -2.279899718e+02 +6.2367e-01 -2.3793e-01 +3.6311e+00
359 0 +1.646450909e-05 -2.279899835e+02 -2.279899835e+02 +6.2387e-01 -2.3802e-01 +3.6312e+00
365 0 +1.576722747e-05 -2.279899842e+02 -2.279899842e+02 +6.2400e-01 -2.3806e-01 +3.6313e+00
373 0 +8.926612537e-06 -2.279899911e+02 -2.279899911e+02 +6.2410e-01 -2.3813e-01 +3.6315e+00
380 0 +4.162026471e-06 -2.279899958e+02 -2.279899958e+02 +6.2440e-01 -2.3827e-01 +3.6319e+00
386 0 +1.005938486e-06 -2.279899990e+02 -2.279899990e+02 +6.2458e-01 -2.3835e-01 +3.6321e+00
392 0 +8.495851489e-07 -2.279899992e+02 -2.279899992e+02 +6.2453e-01 -2.3832e-01 +3.6320e+00
396 0 +5.127824636e-07 -2.279899995e+02 -2.279899995e+02 +6.2457e-01 -2.3834e-01 +3.6321e+00
400 0 +3.849212362e-07 -2.279899996e+02 -2.279899996e+02 +6.2460e-01 -2.3836e-01 +3.6321e+00
406 0 +3.216982236e-07 -2.279899997e+02 -2.279899997e+02 +6.2465e-01 -2.3837e-01 +3.6322e+00
410 0 +3.141139189e-07 -2.279899997e+02 -2.279899997e+02 +6.2465e-01 -2.3837e-01 +3.6322e+00
414 0 +2.659757001e-07 -2.279899997e+02 -2.279899997e+02 +6.2466e-01 -2.3838e-01 +3.6321e+00
418 0 +4.868672931e-08 -2.279900000e+02 -2.279900000e+02 +6.2475e-01 -2.3839e-01 +3.6321e+00
423 0 +1.168493213e-08 -2.279900000e+02 -2.279900000e+02 +6.2477e-01 -2.3839e-01 +3.6320e+00
427 0 +1.607759259e-09 -2.279900000e+02 -2.279900000e+02 +6.2479e-01 -2.3840e-01 +3.6320e+00
% f evaluations | g evaluations | best noise-free fitness - Fopt (-2.186000000000e+01) + sum g_i+ | measured fitness | best measured fitness or single-digit g-values | x1 | x2...
1 0 +1.455580266e+05 +1.455361666e+05 +1.455361666e+05 +1.6667e+00 +1.6667e+00 +1.6667e+00
2 0 +6.916811603e+03 +6.894951603e+03 +6.894951603e+03 -1.6667e+00 -1.6667e+00 -1.6667e+00
4 0 +6.703118952e+01 +4.517118952e+01 +4.517118952e+01 +3.3333e+00 -1.6667e+00 -1.6667e+00
11 0 +6.534155677e+01 +4.348155677e+01 +4.348155677e+01 +3.3184e+00 -1.6177e+00 -1.6258e+00
15 0 +5.649692823e+01 +3.463692823e+01 +3.463692823e+01 +3.2442e+00 -1.3789e+00 -1.4266e+00
20 0 +3.446867274e+01 +1.260867274e+01 +1.260867274e+01 +3.0186e+00 -6.6636e-01 -8.3310e-01
31 0 +2.802709278e+01 +6.167092779e+00 +6.167092779e+00 +2.9305e+00 -4.9227e-01 -6.9574e-01
38 0 +2.540367243e+01 +3.543672435e+00 +3.543672435e+00 +2.8725e+00 -3.9054e-01 -6.1710e-01
44 0 +2.472942134e+01 +2.869421337e+00 +2.869421337e+00 +2.8476e+00 -3.5136e-01 -5.8746e-01
59 0 +2.419470463e+01 +2.334704633e+00 +2.334704633e+00 +2.7529e+00 -3.2608e-01 -5.7816e-01
63 0 +2.395287774e+01 +2.092877735e+00 +2.092877735e+00 +2.6848e+00 -2.8137e-01 -6.3966e-01
71 0 +2.322320347e+01 +1.363203473e+00 +1.363203473e+00 +2.4048e+00 -1.6358e-01 -7.0479e-01
75 0 +1.281240574e+01 -9.047594259e+00 -9.047594259e+00 +1.3332e+00 +2.8715e-01 -9.5390e-01
80 0 +8.355666165e-01 -2.102443338e+01 -2.102443338e+01 -1.5588e+00 +1.5035e+00 -1.6257e+00
87 0 +5.632138131e-01 -2.129678619e+01 -2.129678619e+01 -1.9868e+00 +1.6834e+00 -1.7245e+00
91 0 +5.343530506e-01 -2.132564695e+01 -2.132564695e+01 -2.0747e+00 +1.7196e+00 -1.7405e+00
95 0 +5.069618154e-01 -2.135303818e+01 -2.135303818e+01 -2.0815e+00 +1.7213e+00 -1.7351e+00
99 0 +4.172136357e-01 -2.144278636e+01 -2.144278636e+01 -2.0658e+00 +1.7092e+00 -1.6992e+00
103 0 +3.864084585e-01 -2.147359154e+01 -2.147359154e+01 -2.0516e+00 +1.6993e+00 -1.6732e+00
107 0 +2.177254725e-01 -2.164227453e+01 -2.164227453e+01 -1.9937e+00 +1.6592e+00 -1.5672e+00
114 0 +1.407926087e-01 -2.171920739e+01 -2.171920739e+01 -1.9502e+00 +1.6289e+00 -1.4858e+00
148 0 +1.339055820e-01 -2.172609442e+01 -2.172609442e+01 -1.9494e+00 +1.6321e+00 -1.4828e+00
155 0 +1.238069808e-01 -2.173619302e+01 -2.173619302e+01 -1.9485e+00 +1.6369e+00 -1.4807e+00
165 0 +1.098411798e-01 -2.175015882e+01 -2.175015882e+01 -1.9475e+00 +1.6393e+00 -1.4804e+00
172 0 +1.058224262e-01 -2.175417757e+01 -2.175417757e+01 -1.9473e+00 +1.6405e+00 -1.4800e+00
176 0 +2.332383554e-02 -2.183667616e+01 -2.183667616e+01 -1.8645e+00 +1.6667e+00 -1.4441e+00
180 0 +1.099373708e-02 -2.184900626e+01 -2.184900626e+01 -1.8431e+00 +1.6733e+00 -1.4349e+00
186 0 +1.441027089e-04 -2.185985590e+01 -2.185985590e+01 -1.8059e+00 +1.6858e+00 -1.4186e+00
190 0 +5.324562721e-05 -2.185994675e+01 -2.185994675e+01 -1.8044e+00 +1.6865e+00 -1.4179e+00
196 0 +1.908734523e-05 -2.185998091e+01 -2.185998091e+01 -1.8032e+00 +1.6872e+00 -1.4173e+00
202 0 +1.875557231e-05 -2.185998124e+01 -2.185998124e+01 -1.8033e+00 +1.6872e+00 -1.4173e+00
224 0 +1.861948304e-05 -2.185998138e+01 -2.185998138e+01 -1.8033e+00 +1.6873e+00 -1.4173e+00
239 0 +1.787928795e-05 -2.185998212e+01 -2.185998212e+01 -1.8033e+00 +1.6872e+00 -1.4172e+00
243 0 +9.031252006e-06 -2.185999097e+01 -2.185999097e+01 -1.8034e+00 +1.6869e+00 -1.4169e+00
247 0 +5.777697062e-06 -2.185999422e+01 -2.185999422e+01 -1.8034e+00 +1.6868e+00 -1.4167e+00
252 0 +1.300891199e-07 -2.185999987e+01 -2.185999987e+01 -1.8032e+00 +1.6864e+00 -1.4161e+00
258 0 +1.949387496e-08 -2.185999998e+01 -2.185999998e+01 -1.8032e+00 +1.6864e+00 -1.4160e+00
262 0 +1.318996823e-08 -2.185999999e+01 -2.185999999e+01 -1.8032e+00 +1.6864e+00 -1.4160e+00
263 0 +1.317171794e-08 -2.185999999e+01 -2.185999999e+01 -1.8032e+00 +1.6864e+00 -1.4160e+00
269 0 +1.224589141e-08 -2.185999999e+01 -2.185999999e+01 -1.8032e+00 +1.6864e+00 -1.4160e+00
273 0 +1.182821663e-08 -2.185999999e+01 -2.185999999e+01 -1.8032e+00 +1.6864e+00 -1.4160e+00
% f evaluations | g evaluations | best noise-free fitness - Fopt (-5.762300000000e+02) + sum g_i+ | measured fitness | best measured fitness or single-digit g-values | x1 | x2...
1 0 +1.068618495e+05 +1.062856195e+05 +1.062856195e+05 +1.6667e+00 +1.6667e+00 +1.6667e+00
2 0 +3.111003538e+04 +3.053380538e+04 +3.053380538e+04 -1.6667e+00 -1.6667e+00 -1.6667e+00
3 0 +4.734310645e+02 -1.027989355e+02 -1.027989355e+02 -3.3333e+00 +1.6667e+00 +1.6667e+00
5 0 +4.233881118e+01 -5.338911888e+02 -5.338911888e+02 -3.3333e+00 -3.3333e+00 +1.6667e+00
15 0 +4.141331964e+01 -5.348166804e+02 -5.348166804e+02 -3.3200e+00 -3.3637e+00 +1.6324e+00
19 0 +3.472686704e+01 -5.415031330e+02 -5.415031330e+02 -3.2504e+00 -3.5214e+00 +1.4537e+00
24 0 +1.263351937e+01 -5.635964806e+02 -5.635964806e+02 -2.9431e+00 -4.2093e+00 +6.6646e-01
28 0 +1.239513703e+01 -5.638348630e+02 -5.638348630e+02 -2.9130e+00 -4.2728e+00 +5.9060e-01
32 0 +6.684140335e+00 -5.695458597e+02 -5.695458597e+02 -2.7415e+00 -4.6315e+00 +1.5927e-01
38 0 +6.289961085e+00 -5.699400389e+02 -5.699400389e+02 -2.6961e+00 -4.7231e+00 +4.6000e-02
59 0 +5.742501302e+00 -5.704874987e+02 -5.704874987e+02 -2.6554e+00 -4.6899e+00 -2.1070e-02
65 0 +5.258909890e+00 -5.709710901e+02 -5.709710901e+02 -2.5470e+00 -4.5707e+00 -1.9034e-01
70 0 +1.119575636e+00 -5.751104244e+02 -5.751104244e+02 -2.0770e+00 -4.0438e+00 -9.1168e-01
76 0 +7.212007915e-01 -5.755087992e+02 -5.755087992e+02 -2.0253e+00 -3.9832e+00 -9.9367e-01
88 0 +6.457138677e-01 -5.755842861e+02 -5.755842861e+02 -2.0250e+00 -3.9753e+00 -1.0052e+00
96 0 +5.563230796e-01 -5.756736769e+02 -5.756736769e+02 -2.0560e+00 -3.9653e+00 -1.0257e+00
103 0 +5.439515117e-01 -5.756860485e+02 -5.756860485e+02 -2.0548e+00 -3.9594e+00 -1.0344e+00
107 0 +3.896041151e-01 -5.758403959e+02 -5.758403959e+02 -2.1489e+00 -3.9288e+00 -1.0997e+00
111 0 +3.412939922e-01 -5.758887060e+02 -5.758887060e+02 -2.1882e+00 -3.9136e+00 -1.1308e+00
115 0 +3.935427518e-02 -5.761906457e+02 -5.761906457e+02 -2.5298e+00 -3.7810e+00 -1.4009e+00
119 0 +3.132887785e-02 -5.761986711e+02 -5.761986711e+02 -2.5899e+00 -3.7577e+00 -1.4484e+00
127 0 +3.089898872e-02 -5.761991010e+02 -5.761991010e+02 -2.5792e+00 -3.7618e+00 -1.4401e+00
139 0 +2.983011047e-02 -5.762001699e+02 -5.762001699e+02 -2.5892e+00 -3.7560e+00 -1.4522e+00
145 0 +2.940589485e-02 -5.762005941e+02 -5.762005941e+02 -2.5900e+00 -3.7549e+00 -1.4546e+00
172 0 +2.743144924e-02 -5.762025686e+02 -5.762025686e+02 -2.5888e+00 -3.7563e+00 -1.4552e+00
176 0 +2.231078123e-02 -5.762076892e+02 -5.762076892e+02 -2.5852e+00 -3.7621e+00 -1.4559e+00
180 0 +1.493553528e-02 -5.762150645e+02 -5.762150645e+02 -2.5813e+00 -3.7695e+00 -1.4572e+00
185 0 +2.209982722e-03 -5.762277900e+02 -5.762277900e+02 -2.5714e+00 -3.7898e+00 -1.4620e+00
191 0 +5.341712961e-04 -5.762294658e+02 -5.762294658e+02 -2.5699e+00 -3.7951e+00 -1.4645e+00
195 0 +2.728135613e-04 -5.762297272e+02 -5.762297272e+02 -2.5710e+00 -3.7962e+00 -1.4665e+00
199 0 +2.569764690e-04 -5.762297430e+02 -5.762297430e+02 -2.5715e+00 -3.7962e+00 -1.4670e+00
206 0 +1.322151332e-04 -5.762298678e+02 -5.762298678e+02 -2.5728e+00 -3.7964e+00 -1.4686e+00
213 0 +8.133420022e-05 -5.762299187e+02 -5.762299187e+02 -2.5738e+00 -3.7963e+00 -1.4695e+00
218 0 +2.918369410e-05 -5.762299708e+02 -5.762299708e+02 -2.5755e+00 -3.7958e+00 -1.4710e+00
222 0 +1.584504207e-05 -5.762299842e+02 -5.762299842e+02 -2.5760e+00 -3.7957e+00 -1.4714e+00
226 0 +9.985571296e-06 -5.762299900e+02 -5.762299900e+02 -2.5764e+00 -3.7956e+00 -1.4717e+00
233 0 +6.640334504e-09 -5.762300000e+02 -5.762300000e+02 -2.5776e+00 -3.7952e+00 -1.4728e+00
% f evaluations | g evaluations | best noise-free fitness - Fopt (7.936000000000e+01) + sum g_i+ | measured fitness | best measured fitness or single-digit g-values | x1 | x2...
1 0 +1.168368209e+05 +1.169161809e+05 +1.169161809e+05 +1.6667e+00 +1.6667e+00 +1.6667e+00
3 0 +1.900133827e+04 +1.908069827e+04 +1.908069827e+04 -3.3333e+00 +1.6667e+00 +1.6667e+00
6 0 +7.830389639e+03 +7.909749639e+03 +7.909749639e+03 -1.6667e+00 +3.3333e+00 -1.6667e+00
10 0 +8.562377164e+02 +9.355977164e+02 +9.355977164e+02 -1.6667e+00 +3.3333e+00 +3.3333e+00
14 0 +1.080700946e+02 +1.874300946e+02 +1.874300946e+02 -4.1667e+00 +3.3333e+00 +3.3333e+00
19 0 +2.338533324e+01 +1.027453332e+02 +1.027453332e+02 -3.3333e+00 +4.1667e+00 +1.6667e+00
31 0 +2.180222995e+01 +1.011622299e+02 +1.011622299e+02 -3.8525e+00 +3.7085e+00 +8.2754e-01
39 0 +1.827485699e+01 +9.763485699e+01 +9.763485699e+01 -3.7077e+00 +3.5643e+00 +8.4373e-01
43 0 +6.700738824e+00 +8.606073882e+01 +8.606073882e+01 -2.8267e+00 +2.6823e+00 +9.4004e-01
47 0 +5.568588855e+00 +8.492858885e+01 +8.492858885e+01 -2.6735e+00 +2.5271e+00 +9.5575e-01
53 0 +2.528154347e+00 +8.188815435e+01 +8.188815435e+01 -2.2091e+00 +2.0547e+00 +1.0024e+00
57 0 +2.048414437e+00 +8.140841444e+01 +8.140841444e+01 -2.0695e+00 +1.9096e+00 +1.0145e+00
64 0 +1.530996632e+00 +8.089099663e+01 +8.089099663e+01 -1.9132e+00 +1.7445e+00 +1.0265e+00
70 0 +1.499294100e+00 +8.085929410e+01 +8.085929410e+01 -1.8947e+00 +1.7231e+00 +1.0267e+00
81 0 +1.454488473e+00 +8.081448847e+01 +8.081448847e+01 -1.8965e+00 +1.7086e+00 +1.0172e+00
85 0 +1.417659394e+00 +8.077765939e+01 +8.077765939e+01 -1.9007e+00 +1.6935e+00 +1.0053e+00
89 0 +1.380326801e+00 +8.074032680e+01 +8.074032680e+01 -1.9086e+00 +1.6641e+00 +9.8137e-01
97 0 +1.342624424e+00 +8.070262442e+01 +8.070262442e+01 -1.9234e+00 +1.6075e+00 +9.3391e-01
104 0 +1.269839725e+00 +8.062983972e+01 +8.062983972e+01 -1.9359e+00 +1.5589e+00 +8.9267e-01
115 0 +1.234843297e+00 +8.059484330e+01 +8.059484330e+01 -1.9366e+00 +1.5533e+00 +8.7746e-01
125 0 +1.152294681e+00 +8.051229468e+01 +8.051229468e+01 -1.9315e+00 +1.5517e+00 +8.4955e-01
133 0 +7.322130816e-01 +8.009221308e+01 +8.009221308e+01 -1.8993e+00 +1.5418e+00 +6.5357e-01
144 0 +7.203232087e-01 +8.008032321e+01 +8.008032321e+01 -1.9045e+00 +1.5142e+00 +6.1891e-01
149 0 +5.419576388e-01 +7.990195764e+01 +7.990195764e+01 -1.8857e+00 +1.4940e+00 +4.7285e-01
157 0 +4.678148332e-01 +7.982781483e+01 +7.982781483e+01 -1.8851e+00 +1.4947e+00 +4.7283e-01
162 0 +2.177642327e-01 +7.957776423e+01 +7.957776423e+01 -1.8459e+00 +1.4572e+00 +1.8055e-01
166 0 +8.080549229e-02 +7.944080549e+01 +7.944080549e+01 -1.8127e+00 +1.4266e+00 -5.9896e-02
174 0 +7.687137478e-02 +7.943687137e+01 +7.943687137e+01 -1.8076e+00 +1.4221e+00 -9.3886e-02
180 0 +6.610397018e-02 +7.942610397e+01 +7.942610397e+01 -1.7975e+00 +1.4131e+00 -1.5955e-01
184 0 +6.326579089e-02 +7.942326579e+01 +7.942326579e+01 -1.7982e+00 +1.4140e+00 -1.4628e-01
188 0 +4.507751105e-02 +7.940507751e+01 +7.940507751e+01 -1.7910e+00 +1.4100e+00 -8.4565e-02
192 0 +4.292784758e-02 +7.940292785e+01 +7.940292785e+01 -1.7865e+00 +1.4065e+00 -9.1216e-02
196 0 +4.237229099e-02 +7.940237229e+01 +7.940237229e+01 -1.7842e+00 +1.4047e+00 -9.3795e-02
200 0 +3.291938724e-02 +7.939291939e+01 +7.939291939e+01 -1.7732e+00 +1.3961e+00 -1.0528e-01
207 0 +8.676829108e-03 +7.936867683e+01 +7.936867683e+01 -1.7362e+00 +1.3674e+00 -1.4099e-01
211 0 +6.426557047e-03 +7.936642656e+01 +7.936642656e+01 -1.7314e+00 +1.3637e+00 -1.4166e-01
217 0 +3.387637221e-04 +7.936033876e+01 +7.936033876e+01 -1.7043e+00 +1.3432e+00 -1.4551e-01
230 0 +3.288737727e-04 +7.936032887e+01 +7.936032887e+01 -1.7049e+00 +1.3436e+00 -1.4570e-01
255 0 +2.912820028e-04 +7.936029128e+01 +7.936029128e+01 -1.7048e+00 +1.3433e+00 -1.4615e-01
259 0 +2.726186205e-04 +7.936027262e+01 +7.936027262e+01 -1.7049e+00 +1.3430e+00 -1.4618e-01
267 0 +2.676807882e-04 +7.936026768e+01 +7.936026768e+01 -1.7049e+00 +1.3428e+00 -1.4619e-01
271 0 +8.618190699e-05 +7.936008618e+01 +7.936008618e+01 -1.7052e+00 +1.3412e+00 -1.4627e-01
278 0 +9.214500523e-07 +7.936000092e+01 +7.936000092e+01 -1.7056e+00 +1.3394e+00 -1.4638e-01
282 0 +3.671604958e-07 +7.936000037e+01 +7.936000037e+01 -1.7056e+00 +1.3393e+00 -1.4638e-01
294 0 +9.974556292e-08 +7.936000010e+01 +7.936000010e+01 -1.7056e+00 +1.3393e+00 -1.4639e-01
298 0 +8.677582741e-08 +7.936000009e+01 +7.936000009e+01 -1.7056e+00 +1.3393e+00 -1.4639e-01
305 0 +5.049268736e-08 +7.936000005e+01 +7.936000005e+01 -1.7056e+00 +1.3392e+00 -1.4639e-01
309 0 +3.284318950e-08 +7.936000003e+01 +7.936000003e+01 -1.7056e+00 +1.3392e+00 -1.4638e-01
314 0 +1.122013771e-08 +7.936000001e+01 +7.936000001e+01 -1.7056e+00 +1.3392e+00 -1.4638e-01
318 0 +7.734968221e-09 +7.936000001e+01 +7.936000001e+01 -1.7056e+00 +1.3392e+00 -1.4638e-01
% f evaluations | g evaluations | best noise-free fitness - Fopt (-2.234600000000e+02) + sum g_i+ | measured fitness | best measured fitness or single-digit g-values | x1 | x2...
1 0 +1.353531013e+05 +1.351296413e+05 +1.351296413e+05 +1.6667e+00 +1.6667e+00 +1.6667e+00
6 0 +2.661614324e+04 +2.639268324e+04 +2.639268324e+04 +3.3333e+00 +3.3333e+00 -1.6667e+00
16 0 +2.090247888e+04 +2.067901888e+04 +2.067901888e+04 +2.8925e-01 +3.6592e+00 -3.3250e+00
20 0 +1.280830201e+03 +1.057370201e+03 +1.057370201e+03 +1.0749e-01 +4.9933e+00 -3.7812e+00
24 0 +1.187594678e+03 +9.641346778e+02 +9.641346778e+02 +1.1703e-01 +5.0000e+00 -3.8035e+00
28 0 +1.019369661e+03 +7.959096613e+02 +7.959096613e+02 +1.7205e-01 +4.9999e+00 -3.9087e+00
32 0 +3.154939024e+02 +9.203390244e+01 +9.203390244e+01 +4.0759e-01 +4.9989e+00 -4.3578e+00
36 0 +3.293179049e+01 -1.905282095e+02 -1.905282095e+02 +7.4375e-01 +4.9984e+00 -4.9968e+00
48 0 +3.023474310e+01 -1.932252569e+02 -1.932252569e+02 +7.0523e-01 +4.9793e+00 -4.7895e+00
52 0 +2.585775876e+01 -1.976022412e+02 -1.976022412e+02 +6.0246e-01 +4.9170e+00 -4.1925e+00
57 0 +2.570375821e+01 -1.977562418e+02 -1.977562418e+02 +6.3328e-01 +4.9332e+00 -4.3566e+00
66 0 +2.472795999e+01 -1.987320400e+02 -1.987320400e+02 +6.1032e-01 +4.9076e+00 -4.1591e+00
70 0 +2.451470414e+01 -1.989452959e+02 -1.989452959e+02 +6.1452e-01 +4.9063e+00 -4.1618e+00
78 0 +2.349973235e+01 -1.999602676e+02 -1.999602676e+02 +6.2437e-01 +4.8570e+00 -3.9163e+00
82 0 +2.281076413e+01 -2.006492359e+02 -2.006492359e+02 +6.2999e-01 +4.8144e+00 -3.6976e+00
86 0 +1.041192303e+01 -2.130480770e+02 -2.130480770e+02 +6.8176e-01 +4.4080e+00 -1.6078e+00
101 0 +1.004392144e+01 -2.134160786e+02 -2.134160786e+02 +6.9831e-01 +4.3909e+00 -1.5845e+00
113 0 +9.917801252e+00 -2.135421987e+02 -2.135421987e+02 +7.0984e-01 +4.3821e+00 -1.5834e+00
118 0 +9.542179453e+00 -2.139178205e+02 -2.139178205e+02 +7.3187e-01 +4.3678e+00 -1.5961e+00
124 0 +1.750424985e+00 -2.217095750e+02 -2.217095750e+02 +1.7936e+00 +3.6813e+00 -2.2123e+00
129 0 +5.057737312e-01 -2.229542263e+02 -2.229542263e+02 +2.1790e+00 +3.4316e+00 -2.4335e+00
134 0 +2.497299142e-01 -2.232102701e+02 -2.232102701e+02 +2.3497e+00 +3.3210e+00 -2.5314e+00
138 0 +2.096307372e-01 -2.232503693e+02 -2.232503693e+02 +2.4059e+00 +3.2846e+00 -2.5637e+00
143 0 +1.927978410e-01 -2.232672022e+02 -2.232672022e+02 +2.4692e+00 +3.2435e+00 -2.6000e+00
159 0 +1.862951761e-01 -2.232737048e+02 -2.232737048e+02 +2.4565e+00 +3.2487e+00 -2.5938e+00
163 0 +1.641426178e-01 -2.232958574e+02 -2.232958574e+02 +2.4544e+00 +3.2376e+00 -2.5968e+00
169 0 +1.591587571e-01 -2.233008412e+02 -2.233008412e+02 +2.4554e+00 +3.2299e+00 -2.5997e+00
173 0 +1.450179306e-01 -2.233149821e+02 -2.233149821e+02 +2.4598e+00 +3.2127e+00 -2.6084e+00
177 0 +9.376625890e-02 -2.233662337e+02 -2.233662337e+02 +2.4683e+00 +3.1787e+00 -2.6251e+00
183 0 +2.172674386e-02 -2.234382733e+02 -2.234382733e+02 +2.4938e+00 +3.0809e+00 -2.6732e+00
187 0 +4.267405905e-03 -2.234557326e+02 -2.234557326e+02 +2.5070e+00 +3.0352e+00 -2.6960e+00
193 0 +2.626809236e-04 -2.234597373e+02 -2.234597373e+02 +2.5142e+00 +3.0121e+00 -2.7077e+00
197 0 +3.184056493e-05 -2.234599682e+02 -2.234599682e+02 +2.5157e+00 +3.0079e+00 -2.7099e+00
203 0 +3.973781304e-06 -2.234599960e+02 -2.234599960e+02 +2.5164e+00 +3.0063e+00 -2.7108e+00
209 0 +4.868684869e-07 -2.234599995e+02 -2.234599995e+02 +2.5167e+00 +3.0058e+00 -2.7111e+00
214 0 +2.430439849e-07 -2.234599998e+02 -2.234599998e+02 +2.5167e+00 +3.0057e+00 -2.7111e+00
223 0 +6.394020602e-08 -2.234599999e+02 -2.234599999e+02 +2.5167e+00 +3.0057e+00 -2.7112e+00
230 0 +5.063756703e-08 -2.234599999e+02 -2.234599999e+02 +2.5168e+00 +3.0056e+00 -2.7112e+00
235 0 +2.999860271e-08 -2.234600000e+02 -2.234600000e+02 +2.5168e+00 +3.0056e+00 -2.7112e+00
239 0 +1.174674935e-08 -2.234600000e+02 -2.234600000e+02 +2.5168e+00 +3.0056e+00 -2.7112e+00
244 0 +5.375454748e-09 -2.234600000e+02 -2.234600000e+02 +2.5168e+00 +3.0056e+00 -2.7112e+00
% f evaluations | g evaluations | best noise-free fitness - Fopt (-6.793500000000e+02) + sum g_i+ | measured fitness | best measured fitness or single-digit g-values | x1 | x2...
1 0 +3.966276323e+05 +3.959482823e+05 +3.959482823e+05 +1.6667e+00 +1.6667e+00 +1.6667e+00
2 0 +3.629854571e+05 +3.623061071e+05 +3.623061071e+05 -1.6667e+00 -1.6667e+00 -1.6667e+00
4 0 +3.157839844e+05 +3.151046344e+05 +3.151046344e+05 +3.3333e+00 -1.6667e+00 -1.6667e+00
5 0 +4.639130174e+04 +4.571195174e+04 +4.571195174e+04 +1.6667e+00 -3.3333e+00 +1.6667e+00
15 0 +4.067546823e+01 -6.386745318e+02 -6.386745318e+02 +2.3811e-01 -4.9917e+00 +4.7644e+00
23 0 +3.725541884e+01 -6.420945812e+02 -6.420945812e+02 +5.8224e-02 -4.9256e+00 +4.7129e+00
30 0 +3.520884583e+01 -6.441411542e+02 -6.441411542e+02 -2.8845e-02 -4.8968e+00 +4.6861e+00
38 0 +2.995040611e+01 -6.493995939e+02 -6.493995939e+02 -1.6832e-01 -4.7741e+00 +4.6825e+00
46 0 +1.187409169e+01 -6.674759083e+02 -6.674759083e+02 -1.1389e+00 -3.8363e+00 +4.7026e+00
50 0 +4.746148092e+00 -6.746038519e+02 -6.746038519e+02 -1.6818e+00 -3.3386e+00 +4.6999e+00
56 0 +2.717839498e+00 -6.766321605e+02 -6.766321605e+02 -2.0424e+00 -3.0149e+00 +4.6943e+00
60 0 +2.551515873e+00 -6.767984841e+02 -6.767984841e+02 -2.1709e+00 -2.9140e+00 +4.6847e+00
120 0 +4.408880737e-01 -6.789091119e+02 -6.789091119e+02 -1.7424e+00 -3.0750e+00 +3.9247e+00
126 0 +1.827152539e-01 -6.791672847e+02 -6.791672847e+02 -1.4873e+00 -3.1839e+00 +3.5331e+00
130 0 +1.801821719e-01 -6.791698178e+02 -6.791698178e+02 -1.5116e+00 -3.1736e+00 +3.5702e+00
146 0 +1.752318171e-01 -6.791747682e+02 -6.791747682e+02 -1.4878e+00 -3.1874e+00 +3.5262e+00
150 0 +1.677214591e-01 -6.791822785e+02 -6.791822785e+02 -1.4770e+00 -3.1988e+00 +3.4955e+00
156 0 +1.646767284e-01 -6.791853233e+02 -6.791853233e+02 -1.4754e+00 -3.2027e+00 +3.4865e+00
166 0 +1.603832105e-01 -6.791896168e+02 -6.791896168e+02 -1.4793e+00 -3.2029e+00 +3.4896e+00
171 0 +1.556241095e-01 -6.791943759e+02 -6.791943759e+02 -1.4827e+00 -3.2053e+00 +3.4870e+00
175 0 +1.467555318e-01 -6.792032445e+02 -6.792032445e+02 -1.4908e+00 -3.2126e+00 +3.4799e+00
179 0 +9.638806648e-02 -6.792536119e+02 -6.792536119e+02 -1.5138e+00 -3.2320e+00 +3.4602e+00
186 0 +4.848396766e-03 -6.793451516e+02 -6.793451516e+02 -1.6064e+00 -3.3120e+00 +3.3804e+00
190 0 +1.535648889e-03 -6.793484644e+02 -6.793484644e+02 -1.6095e+00 -3.3154e+00 +3.3772e+00
195 0 +9.131801022e-04 -6.793490868e+02 -6.793490868e+02 -1.6137e+00 -3.3191e+00 +3.3735e+00
199 0 +7.264948237e-04 -6.793492735e+02 -6.793492735e+02 -1.6163e+00 -3.3214e+00 +3.3712e+00
205 0 +6.911984830e-04 -6.793493088e+02 -6.793493088e+02 -1.6175e+00 -3.3225e+00 +3.3700e+00
213 0 +6.120977843e-04 -6.793493879e+02 -6.793493879e+02 -1.6172e+00 -3.3227e+00 +3.3694e+00
217 0 +4.924579235e-04 -6.793495075e+02 -6.793495075e+02 -1.6161e+00 -3.3235e+00 +3.3672e+00
221 0 +3.690639668e-04 -6.793496309e+02 -6.793496309e+02 -1.6155e+00 -3.3240e+00 +3.3659e+00
226 0 +5.263497201e-06 -6.793499947e+02 -6.793499947e+02 -1.6111e+00 -3.3273e+00 +3.3565e+00
230 0 +3.575661935e-06 -6.793499964e+02 -6.793499964e+02 -1.6109e+00 -3.3274e+00 +3.3561e+00
235 0 +3.524409294e-06 -6.793499965e+02 -6.793499965e+02 -1.6109e+00 -3.3275e+00 +3.3560e+00
280 0 +3.446580649e-06 -6.793499966e+02 -6.793499966e+02 -1.6109e+00 -3.3275e+00 +3.3560e+00
288 0 +3.383170792e-06 -6.793499966e+02 -6.793499966e+02 -1.6109e+00 -3.3275e+00 +3.3560e+00
292 0 +3.069598847e-06 -6.793499969e+02 -6.793499969e+02 -1.6109e+00 -3.3274e+00 +3.3560e+00
297 0 +9.334096376e-07 -6.793499991e+02 -6.793499991e+02 -1.6110e+00 -3.3272e+00 +3.3561e+00
298 0 +9.327918633e-07 -6.793499991e+02 -6.793499991e+02 -1.6110e+00 -3.3272e+00 +3.3561e+00
301 0 +8.562990388e-07 -6.793499991e+02 -6.793499991e+02 -1.6110e+00 -3.3272e+00 +3.3561e+00
304 0 +8.478135669e-07 -6.793499992e+02 -6.793499992e+02 -1.6110e+00 -3.3272e+00 +3.3561e+00
308 0 +1.032091177e-07 -6.793499999e+02 -6.793499999e+02 -1.6112e+00 -3.3272e+00 +3.3560e+00
311 0 +1.018053126e-07 -6.793499999e+02 -6.793499999e+02 -1.6112e+00 -3.3272e+00 +3.3560e+00
321 0 +9.633981790e-08 -6.793499999e+02 -6.793499999e+02 -1.6112e+00 -3.3272e+00 +3.3560e+00
323 0 +9.491031960e-08 -6.793499999e+02 -6.793499999e+02 -1.6112e+00 -3.3272e+00 +3.3560e+00
326 0 +5.364154276e-08 -6.793499999e+02 -6.793499999e+02 -1.6112e+00 -3.3272e+00 +3.3560e+00
330 0 +2.873935045e-08 -6.793500000e+02 -6.793500000e+02 -1.6112e+00 -3.3272e+00 +3.3560e+00
332 0 +2.783497166e-08 -6.793500000e+02 -6.793500000e+02 -1.6112e+00 -3.3272e+00 +3.3560e+00
333 0 +2.702722668e-08 -6.793500000e+02 -6.793500000e+02 -1.6112e+00 -3.3272e+00 +3.3560e+00
337 0 +3.171066965e-09 -6.793500000e+02 -6.793500000e+02 -1.6112e+00 -3.3272e+00 +3.3560e+00
% f evaluations | g evaluations | best noise-free fitness - Fopt (-1.293700000000e+02) + sum g_i+ | measured fitness | best measured fitness or single-digit g-values | x1 | x2...
1 0 +2.031068850e+04 +2.018131850e+04 +2.018131850e+04 +1.6667e+00 +1.6667e+00 +1.6667e+00
2 0 +1.346625698e+04 +1.333688698e+04 +1.333688698e+04 -1.6667e+00 -1.6667e+00 -1.6667e+00
3 0 +4.297984068e+03 +4.168614068e+03 +4.168614068e+03 -3.3333e+00 +1.6667e+00 +1.6667e+00
5 0 +2.006373171e+02 +7.126731706e+01 +7.126731706e+01 -3.3333e+00 -3.3333e+00 +1.6667e+00
10 0 +9.189685251e+01 -3.747314749e+01 -3.747314749e+01 -1.6667e+00 -1.6667e+00 +3.3333e+00
14 0 +8.334365631e+01 -4.602634369e+01 -4.602634369e+01 -4.1667e+00 -1.6667e+00 +3.3333e+00
19 0 +7.281338474e+01 -5.655661526e+01 -5.655661526e+01 -3.3333e+00 -8.3333e-01 +1.6667e+00
27 0 +5.032788453e+01 -7.904211547e+01 -7.904211547e+01 -3.3333e+00 -8.3333e-01 +4.1667e+00
39 0 +4.809361212e+01 -8.127638788e+01 -8.127638788e+01 -3.3315e+00 -7.5749e-01 +4.1771e+00
43 0 +4.089047389e+01 -8.847952611e+01 -8.847952611e+01 -3.3219e+00 -4.1717e-01 +4.2219e+00
47 0 +2.295463637e+01 -1.064153636e+02 -1.064153636e+02 -3.2936e+00 +4.3123e-01 +4.3284e+00
52 0 +1.716634492e+01 -1.122036551e+02 -1.122036551e+02 -3.2822e+00 +7.1867e-01 +4.3621e+00
62 0 +1.395078391e+01 -1.154192161e+02 -1.154192161e+02 -3.2507e+00 +8.5910e-01 +4.3462e+00
67 0 +1.287198578e+01 -1.164980142e+02 -1.164980142e+02 -3.2094e+00 +9.5303e-01 +4.3106e+00
71 0 +3.507154549e+00 -1.258628455e+02 -1.258628455e+02 -2.2912e+00 +1.7998e+00 +3.3255e+00
77 0 +2.829783912e+00 -1.265402161e+02 -1.265402161e+02 -2.1754e+00 +1.9131e+00 +3.2048e+00
83 0 +2.657551423e+00 -1.267124486e+02 -1.267124486e+02 -2.1255e+00 +1.9620e+00 +3.1546e+00
88 0 +2.561789306e+00 -1.268082107e+02 -1.268082107e+02 -2.0841e+00 +2.0025e+00 +3.1145e+00
109 0 +2.429301926e+00 -1.269406981e+02 -1.269406981e+02 -2.0588e+00 +2.0264e+00 +3.1328e+00
128 0 +2.386958810e+00 -1.269830412e+02 -1.269830412e+02 -2.0599e+00 +2.0345e+00 +3.1386e+00
136 0 +2.294759154e+00 -1.270752408e+02 -1.270752408e+02 -2.0604e+00 +2.0438e+00 +3.1483e+00
141 0 +1.504502957e+00 -1.278654970e+02 -1.278654970e+02 -2.0672e+00 +2.1109e+00 +3.2144e+00
147 0 +1.266294291e+00 -1.281037057e+02 -1.281037057e+02 -2.0628e+00 +2.1802e+00 +3.2854e+00
157 0 +1.193832221e+00 -1.281761678e+02 -1.281761678e+02 -2.0559e+00 +2.2141e+00 +3.3211e+00
161 0 +8.817595388e-01 -1.284882405e+02 -1.284882405e+02 -1.9740e+00 +2.2038e+00 +3.3304e+00
165 0 +7.145556682e-01 -1.286554443e+02 -1.286554443e+02 -1.8599e+00 +2.2328e+00 +3.3871e+00
169 0 +6.429909561e-01 -1.287270090e+02 -1.287270090e+02 -1.8214e+00 +2.2426e+00 +3.4063e+00
174 0 +1.678849854e-01 -1.292021150e+02 -1.292021150e+02 -1.5441e+00 +2.3132e+00 +3.5441e+00
178 0 +3.612254207e-02 -1.293338775e+02 -1.293338775e+02 -1.3559e+00 +2.3611e+00 +3.6376e+00
184 0 +2.279438052e-02 -1.293472056e+02 -1.293472056e+02 -1.3129e+00 +2.3721e+00 +3.6591e+00
188 0 +2.161107464e-02 -1.293483889e+02 -1.293483889e+02 -1.3019e+00 +2.3750e+00 +3.6646e+00
205 0 +2.101777189e-02 -1.293489822e+02 -1.293489822e+02 -1.3015e+00 +2.3756e+00 +3.6653e+00
209 0 +1.861766211e-02 -1.293513823e+02 -1.293513823e+02 -1.3002e+00 +2.3781e+00 +3.6680e+00
214 0 +1.424280761e-02 -1.293557572e+02 -1.293557572e+02 -1.2970e+00 +2.3843e+00 +3.6747e+00
227 0 +1.401207330e-02 -1.293559879e+02 -1.293559879e+02 -1.2972e+00 +2.3846e+00 +3.6750e+00
256 0 +8.034820088e-03 -1.293619652e+02 -1.293619652e+02 -1.3081e+00 +2.3943e+00 +3.6613e+00
261 0 +3.451048370e-03 -1.293665490e+02 -1.293665490e+02 -1.3211e+00 +2.4054e+00 +3.6458e+00
270 0 +2.890895981e-03 -1.293671091e+02 -1.293671091e+02 -1.3224e+00 +2.4013e+00 +3.6551e+00
274 0 +2.481384472e-03 -1.293675186e+02 -1.293675186e+02 -1.3252e+00 +2.4021e+00 +3.6550e+00
278 0 +2.422026415e-03 -1.293675780e+02 -1.293675780e+02 -1.3260e+00 +2.4023e+00 +3.6550e+00
282 0 +1.388622658e-03 -1.293686114e+02 -1.293686114e+02 -1.3318e+00 +2.4041e+00 +3.6550e+00
288 0 +6.145220092e-04 -1.293693855e+02 -1.293693855e+02 -1.3400e+00 +2.4065e+00 +3.6548e+00
294 0 +5.226257558e-04 -1.293694774e+02 -1.293694774e+02 -1.3432e+00 +2.4075e+00 +3.6547e+00
313 0 +5.117490845e-04 -1.293694883e+02 -1.293694883e+02 -1.3435e+00 +2.4077e+00 +3.6545e+00
317 0 +4.983793848e-04 -1.293695016e+02 -1.293695016e+02 -1.3435e+00 +2.4079e+00 +3.6541e+00
321 0 +2.256830389e-04 -1.293697743e+02 -1.293697743e+02 -1.3436e+00 +2.4092e+00 +3.6513e+00
328 0 +4.335909239e-06 -1.293699957e+02 -1.293699957e+02 -1.3443e+00 +2.4118e+00 +3.6464e+00
340 0 +4.105331300e-06 -1.293699959e+02 -1.293699959e+02 -1.3443e+00 +2.4117e+00 +3.6465e+00
345 0 +2.014929294e-06 -1.293699980e+02 -1.293699980e+02 -1.3445e+00 +2.4118e+00 +3.6465e+00
350 0 +6.769866445e-07 -1.293699993e+02 -1.293699993e+02 -1.3448e+00 +2.4119e+00 +3.6465e+00
355 0 +6.012096208e-07 -1.293699994e+02 -1.293699994e+02 -1.3448e+00 +2.4119e+00 +3.6465e+00
360 0 +5.655361974e-07 -1.293699994e+02 -1.293699994e+02 -1.3449e+00 +2.4119e+00 +3.6465e+00
367 0 +5.543151929e-07 -1.293699994e+02 -1.293699994e+02 -1.3449e+00 +2.4119e+00 +3.6465e+00
380 0 +9.780438859e-08 -1.293699999e+02 -1.293699999e+02 -1.3449e+00 +2.4120e+00 +3.6464e+00
384 0 +4.048672508e-08 -1.293700000e+02 -1.293700000e+02 -1.3449e+00 +2.4120e+00 +3.6464e+00
396 0 +3.855734576e-08 -1.293700000e+02 -1.293700000e+02 -1.3449e+00 +2.4120e+00 +3.6464e+00
403 0 +3.723539521e-08 -1.293700000e+02 -1.293700000e+02 -1.3449e+00 +2.4120e+00 +3.6464e+00
414 0 +3.679488714e-08 -1.293700000e+02 -1.293700000e+02 -1.3449e+00 +2.4120e+00 +3.6464e+00
418 0 +2.787808739e-08 -1.293700000e+02 -1.293700000e+02 -1.3448e+00 +2.4120e+00 +3.6464e+00
422 0 +2.639743002e-08 -1.293700000e+02 -1.293700000e+02 -1.3448e+00 +2.4120e+00 +3.6464e+00
431 0 +2.405977284e-08 -1.293700000e+02 -1.293700000e+02 -1.3448e+00 +2.4120e+00 +3.6464e+00
437 0 +2.073738870e-08 -1.293700000e+02 -1.293700000e+02 -1.3448e+00 +2.4120e+00 +3.6464e+00
443 0 +1.953816309e-08 -1.293700000e+02 -1.293700000e+02 -1.3448e+00 +2.4120e+00 +3.6464e+00
446 0 +1.947182682e-08 -1.293700000e+02 -1.293700000e+02 -1.3448e+00 +2.4120e+00 +3.6464e+00
447 0 +1.633605962e-08 -1.293700000e+02 -1.293700000e+02 -1.3448e+00 +2.4120e+00 +3.6464e+00
451 0 +1.289365059e-08 -1.293700000e+02 -1.293700000e+02 -1.3448e+00 +2.4120e+00 +3.6464e+00
453 0 +1.284908535e-08 -1.293700000e+02 -1.293700000e+02 -1.3448e+00 +2.4120e+00 +3.6464e+00
455 0 +9.924718825e-09 -1.293700000e+02 -1.293700000e+02 -1.3448e+00 +2.4120e+00 +3.6464e+00
