% f evaluations | g evaluations | best noise-free fitness - Fopt (-5.465000000000e+02) + sum g_i+ | measured fitness | best measured fitness or single-digit g-values | x1 | x2...
1 0 +8.462791722e+03 +7.916291722e+03 +7.916291722e+03 +1.6667e+00 +1.6667e+00 +1.6667e+00 +1.6667e+00 +1.6667e+00
13 0 +2.044707955e+03 +1.498207955e+03 +1.498207955e+03 +1.6667e+00 +1.6667e+00 +1.6667e+00 -3.3333e+00 +1.6667e+00
27 0 +3.686568806e+00 -5.428134312e+02 -5.428134312e+02 +1.6651e+00 +1.6669e+00 +1.1456e+00 -1.2604e+00 +1.6714e+00
33 0 +3.610390145e+00 -5.428896099e+02 -5.428896099e+02 +1.6572e+00 +1.6722e+00 +1.1509e+00 -1.2566e+00 +1.6648e+00
39 0 +3.345959074e+00 -5.431540409e+02 -5.431540409e+02 +1.6149e+00 +1.6994e+00 +1.1810e+00 -1.2360e+00 +1.6416e+00
46 0 +3.194287163e+00 -5.433057128e+02 -5.433057128e+02 +1.5592e+00 +1.7317e+00 +1.2204e+00 -1.2075e+00 +1.6077e+00
52 0 +3.159977253e+00 -5.433400227e+02 -5.433400227e+02 +1.5710e+00 +1.7205e+00 +1.2083e+00 -1.2135e+00 +1.6200e+00
64 0 +3.071165883e+00 -5.434288341e+02 -5.434288341e+02 +1.5381e+00 +1.7050e+00 +1.2049e+00 -1.1953e+00 +1.6252e+00
354 0 +2.684696932e+00 -5.438153031e+02 -5.438153031e+02 -2.0833e+00 +4.1667e-01 +4.1667e-01 -2.0833e+00 +1.6667e+00
547 0 +1.953747423e+00 -5.445462526e+02 -5.445462526e+02 -2.2917e+00 +2.0833e+00 +2.0833e+00 -1.6667e+00 +2.0833e+00
659 0 +1.761631854e+00 -5.447383681e+02 -5.447383681e+02 -2.2917e+00 +2.0833e+00 +2.0833e+00 -1.6667e+00 +1.4583e+00
713 0 +1.618829341e+00 -5.448811707e+02 -5.448811707e+02 -1.9792e+00 +2.0833e+00 +2.0833e+00 -1.6667e+00 +1.4583e+00
1059 0 +1.419945838e+00 -5.450800542e+02 -5.450800542e+02 -2.1354e+00 +2.0833e+00 +2.0833e+00 -1.3542e+00 +1.4583e+00
1648 0 +1.134140538e+00 -5.453658595e+02 -5.453658595e+02 -2.0833e+00 +2.1354e+00 +2.1354e+00 -1.6146e+00 +1.3542e+00
2768 0 +1.118980535e+00 -5.453810195e+02 -5.453810195e+02 -2.1224e+00 +2.0573e+00 +2.1354e+00 -1.6146e+00 +1.3542e+00
3047 0 +1.092725555e+00 -5.454072744e+02 -5.454072744e+02 -2.1354e+00 +2.0833e+00 +2.1224e+00 -1.6276e+00 +1.3802e+00
4317 0 +9.184999734e-01 -5.455815000e+02 -5.455815000e+02 -2.1354e+00 +2.0833e+00 +2.0833e+00 -8.8542e-01 +2.3958e+00
4609 0 +8.664140596e-01 -5.456335859e+02 -5.456335859e+02 -2.1354e+00 +2.0833e+00 +2.1615e+00 -8.8542e-01 +2.3958e+00
4783 0 +7.893764019e-01 -5.457106236e+02 -5.457106236e+02 -1.9792e+00 +2.0833e+00 +1.4583e+00 -2.2917e+00 +2.0833e+00
5069 0 +5.999138934e-01 -5.459000861e+02 -5.459000861e+02 -2.1354e+00 +2.0833e+00 +1.4583e+00 -2.2917e+00 +2.0833e+00
6117 0 +5.558919571e-01 -5.459441080e+02 -5.459441080e+02 -2.1354e+00 +2.0833e+00 +1.5365e+00 -2.2135e+00 +2.0833e+00
6208 0 +5.171651692e-01 -5.459828348e+02 -5.459828348e+02 -2.1615e+00 +2.0573e+00 +1.5104e+00 -2.2396e+00 +2.0573e+00
6288 0 +5.011864582e-01 -5.459988135e+02 -5.459988135e+02 -2.1224e+00 +2.0573e+00 +1.5104e+00 -2.2396e+00 +2.0573e+00
6370 0 +4.741786348e-01 -5.460258214e+02 -5.460258214e+02 -2.1224e+00 +2.0964e+00 +1.5104e+00 -2.2396e+00 +2.0573e+00
6827 0 +4.669278545e-01 -5.460330721e+02 -5.460330721e+02 -2.1159e+00 +2.0833e+00 +1.4974e+00 -2.2526e+00 +2.0833e+00
8258 0 +4.499363431e-01 -5.460500637e+02 -5.460500637e+02 -2.1224e+00 +2.0964e+00 +1.4909e+00 -2.2591e+00 +2.0768e+00
15398 0 +4.448934490e-01 -5.460551066e+02 -5.460551066e+02 -2.1029e+00 +2.0964e+00 +1.4909e+00 -2.2591e+00 +2.0573e+00
33427 0 +9.098790191e-02 -5.464090121e+02 -5.464090121e+02 -2.1354e+00 +2.0833e+00 +2.0833e+00 -2.1354e+00 +2.0833e+00
34589 0 +6.953915678e-02 -5.464304608e+02 -5.464304608e+02 -2.0964e+00 +2.1224e+00 +2.0833e+00 -2.1354e+00 +2.0833e+00
34934 0 +3.129324163e-02 -5.464687068e+02 -5.464687068e+02 -2.0833e+00 +2.1354e+00 +2.0964e+00 -2.1224e+00 +2.0964e+00
35128 0 +2.149411604e-02 -5.464785059e+02 -5.464785059e+02 -2.0833e+00 +2.1159e+00 +2.0964e+00 -2.1224e+00 +2.0964e+00
35326 0 +1.829698382e-02 -5.464817030e+02 -5.464817030e+02 -2.1029e+00 +2.1159e+00 +2.0964e+00 -2.1224e+00 +2.0964e+00
36087 0 +1.156954065e-02 -5.464884305e+02 -5.464884305e+02 -2.0964e+00 +2.1224e+00 +2.1029e+00 -2.1159e+00 +2.1029e+00
38205 0 +7.604516932e-03 -5.464923955e+02 -5.464923955e+02 -2.0964e+00 +2.1029e+00 +2.1029e+00 -2.1159e+00 +2.1029e+00
39565 0 +6.641610449e-03 -5.464933584e+02 -5.464933584e+02 -2.1061e+00 +2.1029e+00 +2.1029e+00 -2.1159e+00 +2.1029e+00
75965 0 +5.886312205e-03 -5.464941137e+02 -5.464941137e+02 -2.1061e+00 +2.1029e+00 +2.1126e+00 -2.0964e+00 +2.1029e+00
76165 0 +2.632208841e-03 -5.464973678e+02 -5.464973678e+02 -2.1061e+00 +2.1029e+00 +2.1126e+00 -2.1061e+00 +2.1029e+00
147205 0 +1.509290735e-03 -5.464984907e+02 -5.464984907e+02 -2.1061e+00 +2.1126e+00 +2.1029e+00 -2.1061e+00 +2.1029e+00
194569 0 +5.739460220e-04 -5.464994261e+02 -5.464994261e+02 -2.1061e+00 +2.1029e+00 +2.1029e+00 -2.1061e+00 +2.1029e+00
195158 0 +3.497541647e-04 -5.464996502e+02 -5.464996502e+02 -2.1029e+00 +2.1061e+00 +2.1061e+00 -2.1029e+00 +2.1061e+00
% f evaluations | g evaluations | best noise-free fitness - Fopt (1.000000000000e+03) + sum g_i+ | measured fitness | best measured fitness or single-digit g-values | x1 | x2...
1 0 +6.186560862e+04 +6.286560862e+04 +6.286560862e+04 +1.6667e+00 +1.6667e+00 +1.6667e+00 +1.6667e+00 +1.6667e+00
2 0 +1.343586874e+02 +1.134358687e+03 +1.134358687e+03 -1.6667e+00 -1.6667e+00 -1.6667e+00 -1.6667e+00 -1.6667e+00
40 0 +3.267944684e+01 +1.032679447e+03 +1.032679447e+03 +8.3333e-01 +3.3333e+00 -1.6667e+00 -1.6667e+00 -1.6667e+00
48 0 +4.008256600e+00 +1.004008257e+03 +1.004008257e+03 +8.3333e-01 +8.3333e-01 -1.6667e+00 -1.6667e+00 -1.6667e+00
63 0 +3.822990103e+00 +1.003822990e+03 +1.003822990e+03 +8.2778e-01 +8.3240e-01 -1.6807e+00 -1.6800e+00 -1.6593e+00
69 0 +3.178592749e+00 +1.003178593e+03 +1.003178593e+03 +7.9876e-01 +8.2838e-01 -1.7573e+00 -1.7506e+00 -1.6308e+00
75 0 +3.127316308e+00 +1.003127316e+03 +1.003127316e+03 +7.8694e-01 +8.2557e-01 -1.7797e+00 -1.7583e+00 -1.6257e+00
81 0 +3.043288473e+00 +1.003043288e+03 +1.003043288e+03 +7.6731e-01 +8.1886e-01 -1.8049e+00 -1.7510e+00 -1.6245e+00
87 0 +2.913812836e+00 +1.002913813e+03 +1.002913813e+03 +7.2134e-01 +7.9980e-01 -1.8481e+00 -1.7185e+00 -1.6311e+00
93 0 +2.876501046e+00 +1.002876501e+03 +1.002876501e+03 +7.0607e-01 +7.9045e-01 -1.8515e+00 -1.7050e+00 -1.6385e+00
105 0 +2.811420434e+00 +1.002811420e+03 +1.002811420e+03 +6.6818e-01 +7.6177e-01 -1.8446e+00 -1.6967e+00 -1.6522e+00
373 0 +2.030352298e+00 +1.002030352e+03 +1.002030352e+03 -2.0833e+00 -8.3333e-01 -2.0833e+00 -2.0833e+00 -2.0833e+00
409 0 +1.785886864e+00 +1.001785887e+03 +1.001785887e+03 -2.0833e+00 -2.0833e-01 -2.0833e+00 -2.0833e+00 -2.0833e+00
507 0 +1.037181131e+00 +1.001037181e+03 +1.001037181e+03 -2.0833e+00 -5.2083e-01 -2.0833e+00 -2.0833e+00 -2.0833e+00
545 0 +6.738242889e-01 +1.000673824e+03 +1.000673824e+03 -2.0833e+00 +2.2917e+00 -2.0833e+00 -2.0833e+00 -2.0833e+00
753 0 +4.891515485e-01 +1.000489152e+03 +1.000489152e+03 -2.0833e+00 +1.9792e+00 -2.0833e+00 -2.0833e+00 -2.0833e+00
1045 0 +1.341184036e-01 +1.000134118e+03 +1.000134118e+03 -2.0833e+00 +2.1354e+00 -2.0833e+00 -2.0833e+00 -2.0833e+00
4550 0 +2.322546173e-02 +1.000023225e+03 +1.000023225e+03 -2.0964e+00 +2.1224e+00 -2.0964e+00 -2.0964e+00 -2.0964e+00
18152 0 +2.172045258e-02 +1.000021720e+03 +1.000021720e+03 -2.1159e+00 +2.0833e+00 -2.1159e+00 -2.0964e+00 -2.0964e+00
18382 0 +1.796940571e-02 +1.000017969e+03 +1.000017969e+03 -2.1159e+00 +2.1029e+00 -2.1159e+00 -2.0964e+00 -2.0964e+00
21172 0 +1.775578257e-02 +1.000017756e+03 +1.000017756e+03 -2.0964e+00 +2.1029e+00 -2.1159e+00 -2.0964e+00 -2.0964e+00
22537 0 +1.003815801e-02 +1.000010038e+03 +1.000010038e+03 -2.1029e+00 +2.0964e+00 -2.1224e+00 -2.1029e+00 -2.1029e+00
33959 0 +4.915339247e-03 +1.000004915e+03 +1.000004915e+03 -2.1224e+00 +2.0964e+00 -2.1029e+00 -2.1029e+00 -2.1029e+00
42901 0 +2.988062214e-03 +1.000002988e+03 +1.000002988e+03 -2.1029e+00 +2.0964e+00 -2.1029e+00 -2.1029e+00 -2.1029e+00
70703 0 +2.881472545e-03 +1.000002881e+03 +1.000002881e+03 -2.1126e+00 +2.0964e+00 -2.1029e+00 -2.1029e+00 -2.1029e+00
91955 0 +1.851405029e-03 +1.000001851e+03 +1.000001851e+03 -2.1126e+00 +2.1061e+00 -2.1029e+00 -2.1029e+00 -2.1029e+00
98899 0 +1.103083586e-03 +1.000001103e+03 +1.000001103e+03 -2.1029e+00 +2.1061e+00 -2.1029e+00 -2.1029e+00 -2.1029e+00
% f evaluations | g evaluations | best noise-free fitness - Fopt (2.083800000000e+02) + sum g_i+ | measured fitness | best measured fitness or single-digit g-values | x1 | x2...
1 0 +3.302500798e+00 +2.116825008e+02 +2.116825008e+02 +1.6667e+00 +1.6667e+00 +1.6667e+00 +1.6667e+00 +1.6667e+00
141 0 +2.798009186e+00 +2.111780092e+02 +2.111780092e+02 -2.0833e+00 +4.1667e-01 +4.1667e-01 +1.6667e+00 +1.6667e+00
257 0 +2.612571589e+00 +2.109925716e+02 +2.109925716e+02 -2.0833e+00 +4.1667e-01 +4.1667e-01 +1.6667e+00 +2.2917e+00
419 0 +1.836407537e+00 +2.102164075e+02 +2.102164075e+02 -2.0833e+00 +4.1667e-01 +4.1667e-01 +1.3542e+00 +2.2917e+00
532 0 +1.630250238e+00 +2.100102502e+02 +2.100102502e+02 -1.6667e+00 +2.0833e+00 +2.0833e+00 +2.0833e+00 +2.0833e+00
580 0 +4.799781157e-01 +2.088599781e+02 +2.088599781e+02 -2.2917e+00 +2.0833e+00 +2.0833e+00 +2.0833e+00 +2.0833e+00
599 0 +3.518483051e-01 +2.087318483e+02 +2.087318483e+02 -2.2827e+00 +2.0821e+00 +2.0894e+00 +2.0940e+00 +2.0963e+00
605 0 +2.492506731e-01 +2.086292507e+02 +2.086292507e+02 -2.2595e+00 +2.0790e+00 +2.1014e+00 +2.1099e+00 +2.1130e+00
611 0 +2.075006632e-01 +2.085875007e+02 +2.085875007e+02 -2.2433e+00 +2.0770e+00 +2.1069e+00 +2.1132e+00 +2.1142e+00
617 0 +7.542870770e-02 +2.084554287e+02 +2.084554287e+02 -2.1634e+00 +2.0688e+00 +2.1286e+00 +2.1177e+00 +2.1091e+00
623 0 +4.512146856e-02 +2.084251215e+02 +2.084251215e+02 -2.1408e+00 +2.0681e+00 +2.1299e+00 +2.1120e+00 +2.1038e+00
629 0 +2.724522328e-02 +2.084072452e+02 +2.084072452e+02 -2.1284e+00 +2.0706e+00 +2.1252e+00 +2.1036e+00 +2.1007e+00
635 0 +1.945666911e-02 +2.083994567e+02 +2.083994567e+02 -2.1230e+00 +2.0743e+00 +2.1205e+00 +2.0993e+00 +2.1020e+00
641 0 +1.179427528e-02 +2.083917943e+02 +2.083917943e+02 -2.1163e+00 +2.0811e+00 +2.1140e+00 +2.0963e+00 +2.1059e+00
647 0 +7.894395772e-03 +2.083878944e+02 +2.083878944e+02 -2.1123e+00 +2.0868e+00 +2.1105e+00 +2.0970e+00 +2.1084e+00
653 0 +4.108500383e-03 +2.083841085e+02 +2.083841085e+02 -2.1084e+00 +2.0942e+00 +2.1074e+00 +2.0997e+00 +2.1095e+00
659 0 +1.303544779e-03 +2.083813035e+02 +2.083813035e+02 -2.1055e+00 +2.1014e+00 +2.1053e+00 +2.1031e+00 +2.1084e+00
665 0 +1.612587664e-04 +2.083801613e+02 +2.083801613e+02 -2.1044e+00 +2.1050e+00 +2.1047e+00 +2.1050e+00 +2.1061e+00
671 0 +6.555412341e-06 +2.083800066e+02 +2.083800066e+02 -2.1047e+00 +2.1052e+00 +2.1048e+00 +2.1050e+00 +2.1050e+00
677 0 +1.309369679e-07 +2.083800001e+02 +2.083800001e+02 -2.1048e+00 +2.1049e+00 +2.1049e+00 +2.1049e+00 +2.1048e+00
683 0 +2.921575515e-08 +2.083800000e+02 +2.083800000e+02 -2.1048e+00 +2.1049e+00 +2.1049e+00 +2.1048e+00 +2.1048e+00
689 0 +1.899289259e-08 +2.083800000e+02 +2.083800000e+02 -2.1048e+00 +2.1049e+00 +2.1049e+00 +2.1048e+00 +2.1048e+00
695 0 +3.873367405e-09 +2.083800000e+02 +2.083800000e+02 -2.1048e+00 +2.1048e+00 +2.1048e+00 +2.1048e+00 +2.1048e+00
% f evaluations | g evaluations | best noise-free fitness - Fopt (-1.449600000000e+02) + sum g_i+ | measured fitness | best measured fitness or single-digit g-values | x1 | x2...
1 0 +6.659634280e+04 +6.645138280e+04 +6.645138280e+04 +1.6667e+00 +1.6667e+00 +1.6667e+00 +1.6667e+00 +1.6667e+00
2 0 +4.554483340e+00 -1.404055167e+02 -1.404055167e+02 -1.6667e+00 -1.6667e+00 -1.6667e+00 -1.6667e+00 -1.6667e+00
34 0 +4.053189483e+00 -1.409068105e+02 -1.409068105e+02 +8.3333e-01 -1.6667e+00 -1.6667e+00 -1.6667e+00 -1.6667e+00
86 0 +3.346619974e+00 -1.416133800e+02 -1.416133800e+02 -4.1667e-01 -1.6667e+00 -1.6667e+00 -1.6667e+00 -1.6667e+00
127 0 +2.109510831e+00 -1.428504892e+02 -1.428504892e+02 -8.3333e-01 -2.0833e+00 -2.0833e+00 -2.0833e+00 -2.0833e+00
153 0 +1.946082109e+00 -1.430139179e+02 -1.430139179e+02 -8.4188e-01 -2.0930e+00 -2.0894e+00 -2.0940e+00 -2.0963e+00
159 0 +1.691451362e+00 -1.432685486e+02 -1.432685486e+02 -8.7404e-01 -2.1302e+00 -2.1053e+00 -2.1178e+00 -2.1219e+00
165 0 +1.493980593e+00 -1.434660194e+02 -1.434660194e+02 -9.0639e-01 -2.1690e+00 -2.1143e+00 -2.1284e+00 -2.1301e+00
171 0 +1.376586087e+00 -1.435834139e+02 -1.435834139e+02 -1.0762e+00 -2.3775e+00 -2.1443e+00 -2.1614e+00 -2.1479e+00
177 0 +8.783185248e-01 -1.440816815e+02 -1.440816815e+02 -9.9594e-01 -2.2783e+00 -2.1214e+00 -2.1340e+00 -2.1257e+00
183 0 +6.918300909e-01 -1.442681699e+02 -1.442681699e+02 -1.0089e+00 -2.2949e+00 -2.1112e+00 -2.1237e+00 -2.1139e+00
189 0 +5.115371506e-01 -1.444484628e+02 -1.444484628e+02 -1.0488e+00 -2.3473e+00 -2.0841e+00 -2.1057e+00 -2.0955e+00
195 0 +4.898882649e-01 -1.444701117e+02 -1.444701117e+02 -1.0481e+00 -2.3485e+00 -2.0757e+00 -2.1057e+00 -2.0976e+00
201 0 +4.508076674e-01 -1.445091923e+02 -1.445091923e+02 -1.0476e+00 -2.3573e+00 -2.0458e+00 -2.1110e+00 -2.1064e+00
213 0 +4.395698470e-01 -1.445204302e+02 -1.445204302e+02 -1.0389e+00 -2.3645e+00 -2.0372e+00 -2.1236e+00 -2.1001e+00
225 0 +4.359669466e-01 -1.445240331e+02 -1.445240331e+02 -1.0271e+00 -2.3718e+00 -2.0368e+00 -2.1248e+00 -2.0980e+00
543 0 +1.523956239e-01 -1.448076044e+02 -1.448076044e+02 -2.0833e+00 -2.0833e+00 -2.0833e+00 -2.0833e+00 -2.0833e+00
1014 0 +2.401753025e-02 -1.449359825e+02 -1.449359825e+02 -2.0964e+00 -2.0964e+00 -2.0964e+00 -2.0964e+00 -2.0964e+00
1411 0 +1.309306867e-03 -1.449586907e+02 -1.449586907e+02 -2.1029e+00 -2.1029e+00 -2.1029e+00 -2.1029e+00 -2.1029e+00
2074 0 +5.447423551e-04 -1.449594553e+02 -1.449594553e+02 -2.1061e+00 -2.1061e+00 -2.1061e+00 -2.1061e+00 -2.1061e+00
198546 0 +5.137399929e-04 -1.449594863e+02 -1.449594863e+02 -2.1037e+00 -2.1061e+00 -2.1061e+00 -2.1061e+00 -2.1061e+00
% f evaluations | g evaluations | best noise-free fitness - Fopt (-6.300000000000e+00) + sum g_i+ | measured fitness | best measured fitness or single-digit g-values | x1 | x2...
1 0 +2.936766085e+04 +2.936136085e+04 +2.936136085e+04 +1.6667e+00 +1.6667e+00 +1.6667e+00 +1.6667e+00 +1.6667e+00
2 0 +8.462791722e+03 +8.456491722e+03 +8.456491722e+03 -1.6667e+00 -1.6667e+00 -1.6667e+00 -1.6667e+00 -1.6667e+00
14 0 +2.044707955e+03 +2.038407955e+03 +2.038407955e+03 -1.6667e+00 -1.6667e+00 -1.6667e+00 +3.3333e+00 -1.6667e+00
27 0 +3.686568862e+00 -2.613431138e+00 -2.613431138e+00 -1.6651e+00 -1.6669e+00 -1.1456e+00 +1.2604e+00 -1.6714e+00
33 0 +3.610390193e+00 -2.689609807e+00 -2.689609807e+00 -1.6572e+00 -1.6722e+00 -1.1509e+00 +1.2566e+00 -1.6648e+00
39 0 +3.345959081e+00 -2.954040919e+00 -2.954040919e+00 -1.6149e+00 -1.6994e+00 -1.1810e+00 +1.2360e+00 -1.6416e+00
46 0 +3.194286677e+00 -3.105713323e+00 -3.105713323e+00 -1.5592e+00 -1.7317e+00 -1.2204e+00 +1.2075e+00 -1.6077e+00
52 0 +3.159977028e+00 -3.140022972e+00 -3.140022972e+00 -1.5710e+00 -1.7205e+00 -1.2083e+00 +1.2135e+00 -1.6200e+00
64 0 +3.071165654e+00 -3.228834346e+00 -3.228834346e+00 -1.5381e+00 -1.7050e+00 -1.2049e+00 +1.1953e+00 -1.6252e+00
355 0 +2.684696932e+00 -3.615303068e+00 -3.615303068e+00 +2.0833e+00 -4.1667e-01 -4.1667e-01 +2.0833e+00 -1.6667e+00
378 0 +2.568307500e+00 -3.731692500e+00 -3.731692500e+00 +2.0848e+00 -4.2128e-01 -4.2686e-01 +2.0822e+00 -1.6787e+00
384 0 +1.944757106e+00 -4.355242894e+00 -4.355242894e+00 +2.0931e+00 -4.4589e-01 -4.8281e-01 +2.0786e+00 -1.7754e+00
402 0 +1.899093023e+00 -4.400906977e+00 -4.400906977e+00 +2.0945e+00 -4.4174e-01 -4.8156e-01 +2.0531e+00 -1.7756e+00
744 0 +1.761631854e+00 -4.538368146e+00 -4.538368146e+00 +2.2917e+00 -2.0833e+00 -2.0833e+00 +1.6667e+00 -1.4583e+00
764 0 +1.618829341e+00 -4.681170659e+00 -4.681170659e+00 +1.9792e+00 -2.0833e+00 -2.0833e+00 +1.6667e+00 -1.4583e+00
792 0 +1.563032160e+00 -4.736967840e+00 -4.736967840e+00 +1.9861e+00 -2.0889e+00 -2.0865e+00 +1.6642e+00 -1.4647e+00
798 0 +1.290608767e+00 -5.009391233e+00 -5.009391233e+00 +2.0256e+00 -2.1187e+00 -2.1025e+00 +1.6542e+00 -1.5141e+00
804 0 +1.279057194e+00 -5.020942806e+00 -5.020942806e+00 +2.0353e+00 -2.1230e+00 -2.1037e+00 +1.6505e+00 -1.5192e+00
810 0 +1.255842342e+00 -5.044157658e+00 -5.044157658e+00 +2.0550e+00 -2.1278e+00 -2.1033e+00 +1.6420e+00 -1.5189e+00
834 0 +1.227646676e+00 -5.072353324e+00 -5.072353324e+00 +2.1016e+00 -2.1185e+00 -2.1015e+00 +1.6491e+00 -1.5104e+00
1215 0 +1.134140538e+00 -5.165859462e+00 -5.165859462e+00 +2.0833e+00 -2.1354e+00 -2.1354e+00 +1.6146e+00 -1.3542e+00
1238 0 +1.092516539e+00 -5.207483461e+00 -5.207483461e+00 +2.0838e+00 -2.1316e+00 -2.1310e+00 +1.6226e+00 -1.3594e+00
1244 0 +1.048765141e+00 -5.251234859e+00 -5.251234859e+00 +2.0854e+00 -2.1211e+00 -2.1183e+00 +1.6403e+00 -1.3655e+00
1250 0 +1.038582388e+00 -5.261417612e+00 -5.261417612e+00 +2.0866e+00 -2.1166e+00 -2.1123e+00 +1.6450e+00 -1.3634e+00
3488 0 +9.184999734e-01 -5.381500027e+00 -5.381500027e+00 +2.1354e+00 -2.0833e+00 -2.0833e+00 +8.8542e-01 -2.3958e+00
3520 0 +7.779345083e-01 -5.522065492e+00 -5.522065492e+00 +2.1341e+00 -2.0856e+00 -2.0913e+00 +9.0223e-01 -2.4027e+00
3526 0 +6.582332627e-01 -5.641766737e+00 -5.641766737e+00 +2.1286e+00 -2.0934e+00 -2.1191e+00 +9.6342e-01 -2.4116e+00
3532 0 +6.101273232e-01 -5.689872677e+00 -5.689872677e+00 +2.1293e+00 -2.0916e+00 -2.1107e+00 +9.4463e-01 -2.4033e+00
3544 0 +5.975595586e-01 -5.702440441e+00 -5.702440441e+00 +2.1248e+00 -2.0940e+00 -2.1122e+00 +9.5190e-01 -2.3924e+00
4230 0 +5.702734166e-01 -5.729726583e+00 -5.729726583e+00 +2.0964e+00 -2.1224e+00 -1.4583e+00 +2.2917e+00 -2.0833e+00
4233 0 +4.728062159e-01 -5.827193784e+00 -5.827193784e+00 +2.1224e+00 -2.0964e+00 -1.4714e+00 +2.2786e+00 -2.0573e+00
4264 0 +4.619928517e-01 -5.838007148e+00 -5.838007148e+00 +2.1216e+00 -2.0977e+00 -1.4742e+00 +2.2748e+00 -2.0594e+00
4270 0 +4.377592257e-01 -5.862240774e+00 -5.862240774e+00 +2.1176e+00 -2.1035e+00 -1.4873e+00 +2.2589e+00 -2.0671e+00
4276 0 +4.364108483e-01 -5.863589152e+00 -5.863589152e+00 +2.1162e+00 -2.1046e+00 -1.4909e+00 +2.2562e+00 -2.0680e+00
17200 0 +9.098790191e-02 -6.209012098e+00 -6.209012098e+00 +2.1354e+00 -2.0833e+00 -2.0833e+00 +2.1354e+00 -2.0833e+00
17244 0 +6.000122207e-02 -6.239998778e+00 -6.239998778e+00 +2.1341e+00 -2.0856e+00 -2.0857e+00 +2.1300e+00 -2.0902e+00
17250 0 +1.384246436e-02 -6.286157536e+00 -6.286157536e+00 +2.1289e+00 -2.0939e+00 -2.0953e+00 +2.1100e+00 -2.1083e+00
17256 0 +9.169688049e-03 -6.290830312e+00 -6.290830312e+00 +2.1272e+00 -2.0958e+00 -2.0982e+00 +2.1064e+00 -2.1081e+00
17262 0 +4.142000455e-03 -6.295858000e+00 -6.295858000e+00 +2.1231e+00 -2.0992e+00 -2.1042e+00 +2.1017e+00 -2.1055e+00
17268 0 +3.216239787e-03 -6.296783760e+00 -6.296783760e+00 +2.1214e+00 -2.1000e+00 -2.1059e+00 +2.1020e+00 -2.1048e+00
17274 0 +1.887480141e-03 -6.298112520e+00 -6.298112520e+00 +2.1172e+00 -2.1014e+00 -2.1088e+00 +2.1037e+00 -2.1044e+00
17280 0 +1.474462505e-03 -6.298525537e+00 -6.298525537e+00 +2.1151e+00 -2.1017e+00 -2.1091e+00 +2.1045e+00 -2.1047e+00
17286 0 +8.719801019e-04 -6.299128020e+00 -6.299128020e+00 +2.1113e+00 -2.1020e+00 -2.1085e+00 +2.1053e+00 -2.1052e+00
17292 0 +3.965651704e-04 -6.299603435e+00 -6.299603435e+00 +2.1076e+00 -2.1023e+00 -2.1073e+00 +2.1055e+00 -2.1054e+00
17298 0 +1.338558682e-04 -6.299866144e+00 -6.299866144e+00 +2.1051e+00 -2.1026e+00 -2.1061e+00 +2.1050e+00 -2.1053e+00
17304 0 +7.641954901e-05 -6.299923580e+00 -6.299923580e+00 +2.1048e+00 -2.1028e+00 -2.1056e+00 +2.1046e+00 -2.1050e+00
17310 0 +5.699559323e-05 -6.299943004e+00 -6.299943004e+00 +2.1050e+00 -2.1031e+00 -2.1055e+00 +2.1045e+00 -2.1049e+00
17316 0 +3.320961088e-05 -6.299966790e+00 -6.299966790e+00 +2.1051e+00 -2.1036e+00 -2.1053e+00 +2.1044e+00 -2.1048e+00
17322 0 +1.073898332e-05 -6.299989261e+00 -6.299989261e+00 +2.1051e+00 -2.1044e+00 -2.1050e+00 +2.1046e+00 -2.1047e+00
17328 0 +1.369541247e-06 -6.299998630e+00 -6.299998630e+00 +2.1050e+00 -2.1048e+00 -2.1049e+00 +2.1048e+00 -2.1048e+00
17334 0 +5.311485918e-08 -6.299999947e+00 -6.299999947e+00 +2.1049e+00 -2.1049e+00 -2.1048e+00 +2.1048e+00 -2.1048e+00
17340 0 +6.223146443e-10 -6.299999999e+00 -6.299999999e+00 +2.1048e+00 -2.1048e+00 -2.1048e+00 +2.1048e+00 -2.1048e+00
% f evaluations | g evaluations | best noise-free fitness - Fopt (9.479000000000e+01) + sum g_i+ | measured fitness | best measured fitness or single-digit g-values | x1 | x2...
1 0 +6.559641024e+04 +6.569120024e+04 +6.569120024e+04 +1.6667e+00 +1.6667e+00 +1.6667e+00 +1.6667e+00 +1.6667e+00
2 0 +3.302500798e+00 +9.809250080e+01 +9.809250080e+01 -1.6667e+00 -1.6667e+00 -1.6667e+00 -1.6667e+00 -1.6667e+00
122 0 +2.814367919e+00 +9.760436792e+01 +9.760436792e+01 -1.6667e+00 -4.1667e-01 -4.1667e-01 -1.6667e+00 -1.6667e+00
229 0 +9.937461893e-01 +9.578374619e+01 +9.578374619e+01 -1.4583e+00 -2.0833e+00 -2.0833e+00 -2.0833e+00 -2.0833e+00
257 0 +8.710334880e-01 +9.566103349e+01 +9.566103349e+01 -1.4591e+00 -2.0917e+00 -2.0894e+00 -2.0940e+00 -2.0963e+00
263 0 +7.916201618e-01 +9.558162016e+01 +9.558162016e+01 -1.4613e+00 -2.1105e+00 -2.0994e+00 -2.1083e+00 -2.1112e+00
269 0 +7.687237561e-01 +9.555872376e+01 +9.555872376e+01 -1.4629e+00 -2.1212e+00 -2.1023e+00 -2.1103e+00 -2.1112e+00
275 0 +7.103469176e-01 +9.550034692e+01 +9.550034692e+01 -1.4712e+00 -2.1675e+00 -2.1092e+00 -2.1118e+00 -2.1045e+00
281 0 +7.008101927e-01 +9.549081019e+01 +9.549081019e+01 -1.4739e+00 -2.1739e+00 -2.1061e+00 -2.1091e+00 -2.1024e+00
287 0 +6.871435054e-01 +9.547714351e+01 +9.547714351e+01 -1.4812e+00 -2.1842e+00 -2.0959e+00 -2.1040e+00 -2.1012e+00
305 0 +6.749512976e-01 +9.546495130e+01 +9.546495130e+01 -1.4973e+00 -2.1952e+00 -2.0807e+00 -2.1074e+00 -2.1061e+00
499 0 +4.799781157e-01 +9.526997812e+01 +9.526997812e+01 +2.2917e+00 -2.0833e+00 -2.0833e+00 -2.0833e+00 -2.0833e+00
595 0 +3.371756029e-01 +9.512717560e+01 +9.512717560e+01 +1.9792e+00 -2.0833e+00 -2.0833e+00 -2.0833e+00 -2.0833e+00
695 0 +1.477130945e-01 +9.493771309e+01 +9.493771309e+01 +2.1354e+00 -2.0833e+00 -2.0833e+00 -2.0833e+00 -2.0833e+00
1306 0 +2.468608093e-02 +9.481468608e+01 +9.481468608e+01 +2.1224e+00 -2.0964e+00 -2.0964e+00 -2.0964e+00 -2.0964e+00
1409 0 +2.402368713e-03 +9.479240237e+01 +9.479240237e+01 +2.1159e+00 -2.1029e+00 -2.1029e+00 -2.1029e+00 -2.1029e+00
1538 0 +1.281438057e-03 +9.479128144e+01 +9.479128144e+01 +2.1126e+00 -2.1061e+00 -2.1061e+00 -2.1061e+00 -2.1061e+00
1692 0 +1.067653268e-03 +9.479106765e+01 +9.479106765e+01 +2.1126e+00 -2.1012e+00 -2.1061e+00 -2.1061e+00 -2.1061e+00
17510 0 +1.016938320e-03 +9.479101694e+01 +9.479101694e+01 +2.1029e+00 -2.1110e+00 -2.1012e+00 -2.1061e+00 -2.1061e+00
26832 0 +5.331166136e-04 +9.479053312e+01 +9.479053312e+01 +2.1029e+00 -2.1061e+00 -2.1061e+00 -2.1061e+00 -2.1061e+00
81550 0 +5.195501815e-04 +9.479051955e+01 +9.479051955e+01 +2.1053e+00 -2.1061e+00 -2.1061e+00 -2.1061e+00 -2.1061e+00
114260 0 +4.542850414e-04 +9.479045429e+01 +9.479045429e+01 +2.1053e+00 -2.1037e+00 -2.1061e+00 -2.1061e+00 -2.1061e+00
175106 0 +3.717653588e-04 +9.479037177e+01 +9.479037177e+01 +2.1053e+00 -2.1061e+00 -2.1037e+00 -2.1061e+00 -2.1061e+00
% f evaluations | g evaluations | best noise-free fitness - Fopt (2.636400000000e+02) + sum g_i+ | measured fitness | best measured fitness or single-digit g-values | x1 | x2...
1 0 +2.465812571e+04 +2.492176571e+04 +2.492176571e+04 +1.6667e+00 +1.6667e+00 +1.6667e+00 +1.6667e+00 +1.6667e+00
2 0 +1.940206874e+04 +1.966570874e+04 +1.966570874e+04 -1.6667e+00 -1.6667e+00 -1.6667e+00 -1.6667e+00 -1.6667e+00
10 0 +6.236654329e+03 +6.500294329e+03 +6.500294329e+03 -1.6667e+00 -1.6667e+00 +3.3333e+00 -1.6667e+00 -1.6667e+00
14 0 +5.237108577e+03 +5.500748577e+03 +5.500748577e+03 -1.6667e+00 -1.6667e+00 +3.3333e+00 +3.3333e+00 -1.6667e+00
28 0 +3.868210233e+03 +4.131850233e+03 +4.131850233e+03 -1.6680e+00 -1.2811e+00 +7.6511e-01 -8.1250e-01 -1.6733e+00
34 0 +1.260242863e+02 +3.896642863e+02 +3.896642863e+02 -1.6747e+00 -7.9391e-01 -4.6720e-01 +2.0901e+00 -1.6864e+00
40 0 +4.964057668e+00 +2.686040577e+02 +2.686040577e+02 -1.6829e+00 -1.2087e+00 +1.0871e+00 +1.7415e+00 -1.7051e+00
46 0 +4.852977261e+00 +2.684929773e+02 +2.684929773e+02 -1.6924e+00 -1.2160e+00 +1.0855e+00 +1.7417e+00 -1.6946e+00
52 0 +4.235123546e+00 +2.678751235e+02 +2.678751235e+02 -1.7449e+00 -1.2567e+00 +1.0776e+00 +1.7417e+00 -1.6223e+00
58 0 +4.070288578e+00 +2.677102886e+02 +2.677102886e+02 -1.7857e+00 -1.2870e+00 +1.0701e+00 +1.7431e+00 -1.5934e+00
64 0 +3.544209829e+00 +2.671842098e+02 +2.671842098e+02 -1.8989e+00 -1.3652e+00 +1.0482e+00 +1.7483e+00 -1.5422e+00
73 0 +3.428792965e+00 +2.670687930e+02 +2.670687930e+02 -1.9798e+00 -1.4178e+00 +1.0329e+00 +1.7517e+00 -1.4989e+00
85 0 +3.341347837e+00 +2.669813478e+02 +2.669813478e+02 -2.0084e+00 -1.4085e+00 +1.0259e+00 +1.7536e+00 -1.4859e+00
91 0 +3.171504457e+00 +2.668115045e+02 +2.668115045e+02 -2.0403e+00 -1.3057e+00 +1.0172e+00 +1.7578e+00 -1.4883e+00
97 0 +3.151536050e+00 +2.667915361e+02 +2.667915361e+02 -2.0540e+00 -1.3118e+00 +1.0181e+00 +1.7579e+00 -1.4830e+00
121 0 +3.087856719e+00 +2.667278567e+02 +2.667278567e+02 -2.1142e+00 -1.2884e+00 +1.0546e+00 +1.7566e+00 -1.4853e+00
147 0 +2.857417820e+00 +2.664974178e+02 +2.664974178e+02 -2.0225e+00 -1.2154e+00 +1.1157e+00 +1.8522e+00 -1.5175e+00
153 0 +2.792176313e+00 +2.664321763e+02 +2.664321763e+02 -2.0326e+00 -1.2336e+00 +1.1198e+00 +1.8515e+00 -1.5172e+00
160 0 +2.715283211e+00 +2.663552832e+02 +2.663552832e+02 -2.0609e+00 -1.3127e+00 +1.2059e+00 +1.9067e+00 -1.5387e+00
166 0 +2.645389031e+00 +2.662853890e+02 +2.662853890e+02 -2.1144e+00 -1.3156e+00 +1.2041e+00 +1.8746e+00 -1.5315e+00
178 0 +2.617456442e+00 +2.662574564e+02 +2.662574564e+02 -2.1143e+00 -1.2624e+00 +1.1796e+00 +1.8546e+00 -1.5176e+00
190 0 +2.569404676e+00 +2.662094047e+02 +2.662094047e+02 -2.0651e+00 -1.2803e+00 +1.1540e+00 +1.8756e+00 -1.5112e+00
700 0 +1.631037567e+00 +2.652710376e+02 +2.652710376e+02 -1.0417e+00 -2.2917e+00 +2.0833e+00 +2.0833e+00 -1.6667e+00
826 0 +1.556356991e+00 +2.651963570e+02 +2.651963570e+02 -1.0417e+00 -2.2917e+00 +2.0833e+00 +2.0833e+00 -1.3542e+00
928 0 +1.432829031e+00 +2.650728290e+02 +2.650728290e+02 -1.0417e+00 -2.2917e+00 +2.0833e+00 +2.0833e+00 -1.5104e+00
1103 0 +1.383258401e+00 +2.650232584e+02 +2.650232584e+02 -1.0677e+00 -2.3177e+00 +2.0573e+00 +2.1354e+00 -1.4583e+00
1259 0 +1.228224961e+00 +2.648682250e+02 +2.648682250e+02 -1.0677e+00 -2.3177e+00 +2.0573e+00 +2.1354e+00 -1.5365e+00
1682 0 +1.192150384e+00 +2.648321504e+02 +2.648321504e+02 -1.0417e+00 -2.3307e+00 +2.0443e+00 +2.1224e+00 -1.5495e+00
3505 0 +1.082263153e+00 +2.647222632e+02 +2.647222632e+02 -2.0833e+00 -2.0833e+00 +1.1979e+00 +2.2917e+00 -2.0833e+00
3905 0 +9.849851166e-01 +2.646249851e+02 +2.646249851e+02 -2.0833e+00 -2.0833e+00 +1.1198e+00 +2.2917e+00 -2.0833e+00
4068 0 +8.660798994e-01 +2.645060799e+02 +2.645060799e+02 -2.0573e+00 -2.0573e+00 +1.1458e+00 +2.3177e+00 -2.0573e+00
4154 0 +8.256130434e-01 +2.644656130e+02 +2.644656130e+02 -2.0964e+00 -2.0573e+00 +1.1458e+00 +2.3177e+00 -2.0573e+00
4242 0 +8.045892944e-01 +2.644445893e+02 +2.644445893e+02 -2.0964e+00 -2.0964e+00 +1.1458e+00 +2.3177e+00 -2.0573e+00
4334 0 +7.912995916e-01 +2.644312996e+02 +2.644312996e+02 -2.0964e+00 -2.0964e+00 +1.1068e+00 +2.3177e+00 -2.0573e+00
4501 0 +7.560010987e-01 +2.643960011e+02 +2.643960011e+02 -2.0833e+00 -2.0833e+00 +1.1198e+00 +2.3307e+00 -2.0443e+00
5607 0 +6.013935300e-01 +2.642413935e+02 +2.642413935e+02 -2.0833e+00 -2.0833e+00 +1.5104e+00 +2.2917e+00 -2.0833e+00
5753 0 +5.469539458e-01 +2.641869539e+02 +2.641869539e+02 -2.0833e+00 -2.0833e+00 +1.5104e+00 +2.2135e+00 -2.0833e+00
5810 0 +5.305106402e-01 +2.641705106e+02 +2.641705106e+02 -2.0964e+00 -2.0573e+00 +1.5365e+00 +2.2396e+00 -2.0573e+00
5832 0 +5.238569558e-01 +2.641638570e+02 +2.641638570e+02 -2.1354e+00 -2.0573e+00 +1.5365e+00 +2.2396e+00 -2.0573e+00
5834 0 +5.106019114e-01 +2.641506019e+02 +2.641506019e+02 -2.0964e+00 -2.0964e+00 +1.5365e+00 +2.2396e+00 -2.0573e+00
5862 0 +4.728636676e-01 +2.641128637e+02 +2.641128637e+02 -2.0964e+00 -2.0964e+00 +1.4974e+00 +2.2396e+00 -2.0573e+00
6085 0 +4.638495870e-01 +2.641038496e+02 +2.641038496e+02 -2.1224e+00 -2.1029e+00 +1.4909e+00 +2.2526e+00 -2.0833e+00
6416 0 +4.486197190e-01 +2.640886197e+02 +2.640886197e+02 -2.0964e+00 -2.0964e+00 +1.4974e+00 +2.2591e+00 -2.0768e+00
6646 0 +4.462869050e-01 +2.640862869e+02 +2.640862869e+02 -2.1061e+00 -2.1061e+00 +1.4974e+00 +2.2591e+00 -2.0768e+00
10861 0 +4.361165328e-01 +2.640761165e+02 +2.640761165e+02 -2.1029e+00 -2.1029e+00 +1.4909e+00 +2.2624e+00 -2.0638e+00
44815 0 +3.910097481e-01 +2.640310097e+02 +2.640310097e+02 -2.0833e+00 -2.0833e+00 +2.1354e+00 +2.0573e+00 -9.8958e-01
44896 0 +3.890207900e-01 +2.640290208e+02 +2.640290208e+02 -2.0573e+00 -2.0573e+00 +2.1615e+00 +2.0833e+00 -9.6354e-01
44980 0 +3.485539339e-01 +2.639885539e+02 +2.639885539e+02 -2.0964e+00 -2.0573e+00 +2.1615e+00 +2.0833e+00 -9.6354e-01
45068 0 +3.371833580e-01 +2.639771834e+02 +2.639771834e+02 -2.0964e+00 -2.0964e+00 +2.1615e+00 +2.0833e+00 -9.6354e-01
45158 0 +2.645206634e-01 +2.639045207e+02 +2.639045207e+02 -2.0964e+00 -2.0964e+00 +2.1224e+00 +2.0833e+00 -9.6354e-01
45633 0 +2.582712636e-01 +2.638982713e+02 +2.638982713e+02 -2.1029e+00 -2.1029e+00 +2.1159e+00 +2.0964e+00 -9.5052e-01
45902 0 +2.480228445e-01 +2.638880228e+02 +2.638880228e+02 -2.0964e+00 -2.0964e+00 +2.1224e+00 +2.1029e+00 -9.6354e-01
48442 0 +2.398660353e-01 +2.638798660e+02 +2.638798660e+02 -2.0964e+00 -2.1159e+00 +2.1029e+00 +2.1029e+00 -9.6354e-01
% f evaluations | g evaluations | best noise-free fitness - Fopt (-7.366000000000e+01) + sum g_i+ | measured fitness | best measured fitness or single-digit g-values | x1 | x2...
1 0 +9.593780463e+03 +9.520120463e+03 +9.520120463e+03 +1.6667e+00 +1.6667e+00 +1.6667e+00 +1.6667e+00 +1.6667e+00
3 0 +8.740249433e+03 +8.666589433e+03 +8.666589433e+03 -3.3333e+00 +1.6667e+00 +1.6667e+00 +1.6667e+00 +1.6667e+00
14 0 +1.430309609e+02 +6.937096092e+01 +6.937096092e+01 -3.0832e+00 +1.6628e+00 +2.4957e+00 -1.6500e+00 +1.6631e+00
20 0 +1.079314254e+01 -6.286685746e+01 -6.286685746e+01 -1.9873e+00 +1.4280e+00 +2.4835e+00 -1.6365e+00 +1.6596e+00
26 0 +4.596785173e+00 -6.906321483e+01 -6.906321483e+01 -1.9585e+00 +1.0323e+00 +2.4701e+00 -1.6396e+00 +1.6593e+00
32 0 +4.487663788e+00 -6.917233621e+01 -6.917233621e+01 -1.9654e+00 +1.0387e+00 +2.4585e+00 -1.6392e+00 +1.6592e+00
38 0 +3.863749432e+00 -6.979625057e+01 -6.979625057e+01 -1.9993e+00 +1.0741e+00 +2.3949e+00 -1.6385e+00 +1.6592e+00
44 0 +3.250759590e+00 -7.040924041e+01 -7.040924041e+01 -2.1700e+00 +1.2684e+00 +2.0633e+00 -1.6369e+00 +1.6596e+00
51 0 +2.925259411e+00 -7.073474059e+01 -7.073474059e+01 -2.2522e+00 +1.3767e+00 +1.8961e+00 -1.6380e+00 +1.6599e+00
57 0 +2.732639130e+00 -7.092736087e+01 -7.092736087e+01 -2.2254e+00 +1.3599e+00 +1.9438e+00 -1.6390e+00 +1.6597e+00
64 0 +2.685454915e+00 -7.097454508e+01 -7.097454508e+01 -2.1714e+00 +1.3419e+00 +2.0381e+00 -1.6414e+00 +1.6591e+00
76 0 +2.544932062e+00 -7.111506794e+01 -7.111506794e+01 -2.1850e+00 +1.3557e+00 +1.9981e+00 -1.6438e+00 +1.6589e+00
82 0 +2.484785900e+00 -7.117521410e+01 -7.117521410e+01 -2.1807e+00 +1.3617e+00 +1.9946e+00 -1.6460e+00 +1.6584e+00
95 0 +2.408141887e+00 -7.125185811e+01 -7.125185811e+01 -2.1676e+00 +1.3663e+00 +1.9935e+00 -1.6510e+00 +1.6571e+00
101 0 +2.389818503e+00 -7.127018150e+01 -7.127018150e+01 -2.1612e+00 +1.3668e+00 +1.9913e+00 -1.6538e+00 +1.6564e+00
113 0 +2.329023720e+00 -7.133097628e+01 -7.133097628e+01 -2.1131e+00 +1.3572e+00 +1.9740e+00 -1.6749e+00 +1.6505e+00
543 0 +1.955403784e+00 -7.170459622e+01 -7.170459622e+01 -2.0833e+00 -2.0833e+00 +2.2917e+00 -2.0833e+00 +1.6667e+00
641 0 +1.672083123e+00 -7.198791688e+01 -7.198791688e+01 -2.0833e+00 -2.0833e+00 +1.9792e+00 -2.0833e+00 +1.6667e+00
681 0 +1.597402547e+00 -7.206259745e+01 -7.206259745e+01 -2.0833e+00 -2.0833e+00 +1.9792e+00 -2.0833e+00 +1.3542e+00
689 0 +1.336182907e+00 -7.232381709e+01 -7.232381709e+01 -2.0850e+00 -2.0896e+00 +1.9985e+00 -2.0987e+00 +1.3606e+00
695 0 +1.050805570e+00 -7.260919443e+01 -7.260919443e+01 -2.0932e+00 -2.1213e+00 +2.0965e+00 -2.1671e+00 +1.4147e+00
701 0 +8.762270279e-01 -7.278377297e+01 -7.278377297e+01 -2.0913e+00 -2.1127e+00 +2.0699e+00 -2.1395e+00 +1.4003e+00
708 0 +8.497361457e-01 -7.281026385e+01 -7.281026385e+01 -2.0909e+00 -2.1103e+00 +2.0631e+00 -2.1256e+00 +1.3908e+00
714 0 +8.262326758e-01 -7.283376732e+01 -7.283376732e+01 -2.0920e+00 -2.1129e+00 +2.0724e+00 -2.1223e+00 +1.3930e+00
720 0 +7.935620118e-01 -7.286643799e+01 -7.286643799e+01 -2.0955e+00 -2.1196e+00 +2.1012e+00 -2.1067e+00 +1.3972e+00
2839 0 +5.948429091e-01 -7.306515709e+01 -7.306515709e+01 -2.1354e+00 -2.1354e+00 +1.4583e+00 -2.2917e+00 +2.0833e+00
2927 0 +5.881286319e-01 -7.307187137e+01 -7.307187137e+01 -2.0573e+00 -2.1354e+00 +1.4583e+00 -2.2917e+00 +2.0833e+00
3045 0 +5.744765895e-01 -7.308552341e+01 -7.308552341e+01 -2.0964e+00 -2.1354e+00 +1.4583e+00 -2.2917e+00 +2.0833e+00
3116 0 +4.677716916e-01 -7.319222831e+01 -7.319222831e+01 -2.0833e+00 -2.1224e+00 +1.4714e+00 -2.2786e+00 +2.0573e+00
3302 0 +4.657165693e-01 -7.319428343e+01 -7.319428343e+01 -2.1029e+00 -2.1224e+00 +1.4714e+00 -2.2786e+00 +2.0573e+00
4210 0 +4.492475329e-01 -7.321075247e+01 -7.321075247e+01 -2.1224e+00 -2.1029e+00 +1.4909e+00 -2.2591e+00 +2.0768e+00
4316 0 +4.466434789e-01 -7.321335652e+01 -7.321335652e+01 -2.1126e+00 -2.1029e+00 +1.4909e+00 -2.2591e+00 +2.0768e+00
8820 0 +4.354722815e-01 -7.322452772e+01 -7.322452772e+01 -2.1126e+00 -2.1029e+00 +1.4909e+00 -2.2591e+00 +2.0671e+00
35353 0 +4.212954621e-01 -7.323870454e+01 -7.323870454e+01 -2.0964e+00 -2.1354e+00 +2.0833e+00 -2.1354e+00 +9.8958e-01
35440 0 +3.865545647e-01 -7.327344544e+01 -7.327344544e+01 -2.0833e+00 -2.1615e+00 +2.0573e+00 -2.0833e+00 +9.6354e-01
35614 0 +3.655068464e-01 -7.329449315e+01 -7.329449315e+01 -2.0833e+00 -2.1224e+00 +2.0573e+00 -2.0833e+00 +9.6354e-01
35706 0 +2.768603595e-01 -7.338313964e+01 -7.338313964e+01 -2.0833e+00 -2.1224e+00 +2.0964e+00 -2.0833e+00 +9.6354e-01
35782 0 +2.748052372e-01 -7.338519476e+01 -7.338519476e+01 -2.1029e+00 -2.1224e+00 +2.0964e+00 -2.0833e+00 +9.6354e-01
35837 0 +2.594535848e-01 -7.340054642e+01 -7.340054642e+01 -2.0964e+00 -2.1159e+00 +2.1029e+00 -2.0964e+00 +9.5052e-01
35864 0 +2.441002478e-01 -7.341589975e+01 -7.341589975e+01 -2.1029e+00 -2.1224e+00 +2.0964e+00 -2.1029e+00 +9.6354e-01
35984 0 +2.396446913e-01 -7.342035531e+01 -7.342035531e+01 -2.0931e+00 -2.1126e+00 +2.1061e+00 -2.1029e+00 +9.6354e-01
64621 0 +9.695945179e-02 -7.356304055e+01 -7.356304055e+01 -2.1354e+00 -2.1354e+00 +2.0833e+00 -2.1354e+00 +2.0833e+00
64761 0 +9.024517454e-02 -7.356975483e+01 -7.356975483e+01 -2.0573e+00 -2.1354e+00 +2.0833e+00 -2.1354e+00 +2.0833e+00
65139 0 +7.659313215e-02 -7.358340687e+01 -7.358340687e+01 -2.0964e+00 -2.1354e+00 +2.0833e+00 -2.1354e+00 +2.0833e+00
65492 0 +2.307046313e-02 -7.363692954e+01 -7.363692954e+01 -2.0833e+00 -2.1224e+00 +2.0964e+00 -2.1224e+00 +2.0964e+00
65500 0 +1.578131487e-02 -7.364421869e+01 -7.364421869e+01 -2.0841e+00 -2.1215e+00 +2.0959e+00 -2.1185e+00 +2.0984e+00
65506 0 +5.601413077e-03 -7.365439859e+01 -7.365439859e+01 -2.0874e+00 -2.1180e+00 +2.0957e+00 -2.1066e+00 +2.1047e+00
65512 0 +4.897009880e-03 -7.365510299e+01 -7.365510299e+01 -2.0882e+00 -2.1172e+00 +2.0966e+00 -2.1060e+00 +2.1049e+00
65518 0 +2.227660654e-03 -7.365777234e+01 -7.365777234e+01 -2.0925e+00 -2.1136e+00 +2.1014e+00 -2.1046e+00 +2.1052e+00
65524 0 +8.996502065e-04 -7.365910035e+01 -7.365910035e+01 -2.0980e+00 -2.1087e+00 +2.1070e+00 -2.1036e+00 +2.1053e+00
65530 0 +7.187897712e-04 -7.365928121e+01 -7.365928121e+01 -2.0990e+00 -2.1078e+00 +2.1072e+00 -2.1037e+00 +2.1052e+00
65536 0 +1.292428117e-04 -7.365987076e+01 -7.365987076e+01 -2.1027e+00 -2.1043e+00 +2.1064e+00 -2.1045e+00 +2.1049e+00
65542 0 +5.832089907e-05 -7.365994168e+01 -7.365994168e+01 -2.1035e+00 -2.1038e+00 +2.1054e+00 -2.1048e+00 +2.1048e+00
65548 0 +4.359094744e-05 -7.365995641e+01 -7.365995641e+01 -2.1036e+00 -2.1039e+00 +2.1050e+00 -2.1048e+00 +2.1048e+00
65554 0 +2.460324900e-05 -7.365997540e+01 -7.365997540e+01 -2.1038e+00 -2.1043e+00 +2.1046e+00 -2.1049e+00 +2.1049e+00
65560 0 +8.395571612e-06 -7.365999160e+01 -7.365999160e+01 -2.1043e+00 -2.1047e+00 +2.1045e+00 -2.1049e+00 +2.1049e+00
65566 0 +1.073103618e-06 -7.365999893e+01 -7.365999893e+01 -2.1047e+00 -2.1049e+00 +2.1047e+00 -2.1049e+00 +2.1049e+00
65572 0 +4.349277560e-08 -7.365999996e+01 -7.365999996e+01 -2.1048e+00 -2.1049e+00 +2.1048e+00 -2.1048e+00 +2.1048e+00
65578 0 +5.180567086e-10 -7.366000000e+01 -7.366000000e+01 -2.1048e+00 -2.1048e+00 +2.1048e+00 -2.1048e+00 +2.1048e+00
% f evaluations | g evaluations | best noise-free fitness - Fopt (-6.786600000000e+02) + sum g_i+ | measured fitness | best measured fitness or single-digit g-values | x1 | x2...
1 0 +3.302500798e+00 -6.753574992e+02 -6.753574992e+02 +1.6667e+00 +1.6667e+00 +1.6667e+00 +1.6667e+00 +1.6667e+00
191 0 +2.798009186e+00 -6.758619908e+02 -6.758619908e+02 -2.0833e+00 +4.1667e-01 +4.1667e-01 +1.6667e+00 +1.6667e+00
463 0 +2.612571589e+00 -6.760474284e+02 -6.760474284e+02 -2.0833e+00 +4.1667e-01 +4.1667e-01 +1.6667e+00 +2.2917e+00
616 0 +1.630250238e+00 -6.770297498e+02 -6.770297498e+02 -1.6667e+00 +2.0833e+00 +2.0833e+00 +2.0833e+00 +2.0833e+00
670 0 +4.799781157e-01 -6.781800219e+02 -6.781800219e+02 -2.2917e+00 +2.0833e+00 +2.0833e+00 +2.0833e+00 +2.0833e+00
906 0 +3.371756029e-01 -6.783228244e+02 -6.783228244e+02 -1.9792e+00 +2.0833e+00 +2.0833e+00 +2.0833e+00 +2.0833e+00
1176 0 +1.477130945e-01 -6.785122869e+02 -6.785122869e+02 -2.1354e+00 +2.0833e+00 +2.0833e+00 +2.0833e+00 +2.0833e+00
2980 0 +1.262643493e-01 -6.785337357e+02 -6.785337357e+02 -2.0964e+00 +2.1224e+00 +2.0833e+00 +2.0833e+00 +2.0833e+00
3365 0 +3.376569802e-02 -6.786262343e+02 -6.786262343e+02 -2.0833e+00 +2.1354e+00 +2.0964e+00 +2.0964e+00 +2.0964e+00
3761 0 +2.396657243e-02 -6.786360334e+02 -6.786360334e+02 -2.0833e+00 +2.1159e+00 +2.0964e+00 +2.0964e+00 +2.0964e+00
3961 0 +2.076944020e-02 -6.786392306e+02 -6.786392306e+02 -2.1029e+00 +2.1159e+00 +2.0964e+00 +2.0964e+00 +2.0964e+00
5908 0 +6.153769287e-03 -6.786538462e+02 -6.786538462e+02 -2.0964e+00 +2.1224e+00 +2.1029e+00 +2.1029e+00 +2.1029e+00
21972 0 +2.267812926e-03 -6.786577322e+02 -6.786577322e+02 -2.0964e+00 +2.1126e+00 +2.1029e+00 +2.1029e+00 +2.1029e+00
26050 0 +2.161183799e-03 -6.786578388e+02 -6.786578388e+02 -2.1061e+00 +2.1126e+00 +2.1029e+00 +2.1029e+00 +2.1029e+00
35170 0 +1.225839086e-03 -6.786587742e+02 -6.786587742e+02 -2.1061e+00 +2.1029e+00 +2.1029e+00 +2.1029e+00 +2.1029e+00
150147 0 +5.331166136e-04 -6.786594669e+02 -6.786594669e+02 -2.1029e+00 +2.1061e+00 +2.1061e+00 +2.1061e+00 +2.1061e+00
% f evaluations | g evaluations | best noise-free fitness - Fopt (-1.195300000000e+02) + sum g_i+ | measured fitness | best measured fitness or single-digit g-values | x1 | x2...
1 0 +3.036759341e+04 +3.024806341e+04 +3.024806341e+04 +1.6667e+00 +1.6667e+00 +1.6667e+00 +1.6667e+00 +1.6667e+00
2 0 +8.464043704e+03 +8.344513704e+03 +8.344513704e+03 -1.6667e+00 -1.6667e+00 -1.6667e+00 -1.6667e+00 -1.6667e+00
14 0 +2.045959937e+03 +1.926429937e+03 +1.926429937e+03 -1.6667e+00 -1.6667e+00 -1.6667e+00 +3.3333e+00 -1.6667e+00
27 0 +4.936669656e+00 -1.145933303e+02 -1.145933303e+02 -1.6676e+00 -1.6646e+00 -1.1456e+00 +1.2604e+00 -1.6714e+00
33 0 +4.867072042e+00 -1.146629280e+02 -1.146629280e+02 -1.6726e+00 -1.6578e+00 -1.1509e+00 +1.2566e+00 -1.6648e+00
39 0 +4.545283330e+00 -1.149847167e+02 -1.149847167e+02 -1.7015e+00 -1.6174e+00 -1.1813e+00 +1.2355e+00 -1.6404e+00
45 0 +3.030117909e+00 -1.164998821e+02 -1.164998821e+02 -1.8636e+00 -1.3866e+00 -1.3493e+00 +1.1189e+00 -1.4992e+00
53 0 +2.989743886e+00 -1.165402561e+02 -1.165402561e+02 -1.8845e+00 -1.3592e+00 -1.3654e+00 +1.1069e+00 -1.4819e+00
59 0 +2.911168260e+00 -1.166188317e+02 -1.166188317e+02 -1.8933e+00 -1.3558e+00 -1.3558e+00 +1.1111e+00 -1.4846e+00
65 0 +2.587498560e+00 -1.169425014e+02 -1.169425014e+02 -1.9550e+00 -1.3210e+00 -1.3154e+00 +1.1261e+00 -1.4864e+00
71 0 +2.457314033e+00 -1.170726860e+02 -1.170726860e+02 -2.0494e+00 -1.2693e+00 -1.2729e+00 +1.1417e+00 -1.4826e+00
77 0 +2.431080029e+00 -1.170989200e+02 -1.170989200e+02 -2.0461e+00 -1.2766e+00 -1.2813e+00 +1.1404e+00 -1.4826e+00
83 0 +2.358967244e+00 -1.171710328e+02 -1.171710328e+02 -2.0648e+00 -1.3008e+00 -1.3178e+00 +1.1386e+00 -1.4810e+00
89 0 +2.336228065e+00 -1.171937719e+02 -1.171937719e+02 -2.0887e+00 -1.2965e+00 -1.3108e+00 +1.1445e+00 -1.4819e+00
261 0 +1.920770652e+00 -1.176092293e+02 -1.176092293e+02 -2.0833e+00 -2.0833e+00 -2.0833e+00 +1.6667e+00 -8.3333e-01
293 0 +1.626164931e+00 -1.179038351e+02 -1.179038351e+02 -2.0833e+00 -2.0833e+00 -2.0833e+00 +1.6667e+00 -2.0833e+00
379 0 +1.434049362e+00 -1.180959506e+02 -1.180959506e+02 -2.0833e+00 -2.0833e+00 -2.0833e+00 +1.6667e+00 -1.4583e+00
578 0 +1.153706779e+00 -1.183762932e+02 -1.183762932e+02 -2.1354e+00 -2.1354e+00 -2.1354e+00 +1.6146e+00 -1.3542e+00
614 0 +1.146992502e+00 -1.183830075e+02 -1.183830075e+02 -2.0573e+00 -2.1354e+00 -2.1354e+00 +1.6146e+00 -1.3542e+00
654 0 +1.120545316e+00 -1.184094547e+02 -1.184094547e+02 -2.1354e+00 -2.0573e+00 -2.1354e+00 +1.6146e+00 -1.3542e+00
663 0 +1.088067452e+00 -1.184419325e+02 -1.184419325e+02 -2.1347e+00 -2.0600e+00 -2.1341e+00 +1.6226e+00 -1.3594e+00
669 0 +1.063111481e+00 -1.184668885e+02 -1.184668885e+02 -2.1328e+00 -2.0666e+00 -2.1297e+00 +1.6367e+00 -1.3643e+00
681 0 +1.038864663e+00 -1.184911353e+02 -1.184911353e+02 -2.1268e+00 -2.0848e+00 -2.1138e+00 +1.6520e+00 -1.3566e+00
2225 0 +9.843415121e-01 -1.185456585e+02 -1.185456585e+02 -2.0833e+00 -2.0833e+00 -1.1458e+00 +2.2917e+00 -2.0833e+00
2549 0 +6.045964228e-01 -1.189254036e+02 -1.189254036e+02 -2.0833e+00 -2.0833e+00 -1.4583e+00 +2.2917e+00 -2.0833e+00
3417 0 +6.005922795e-01 -1.189294077e+02 -1.189294077e+02 -2.0833e+00 -2.1615e+00 -1.4583e+00 +2.2917e+00 -2.0833e+00
3857 0 +5.725908743e-01 -1.189574091e+02 -1.189574091e+02 -2.0833e+00 -2.1224e+00 -1.4583e+00 +2.2917e+00 -2.0833e+00
4051 0 +5.605744866e-01 -1.189694255e+02 -1.189694255e+02 -2.0833e+00 -2.0833e+00 -1.5365e+00 +2.2135e+00 -2.0833e+00
4054 0 +4.722134366e-01 -1.190577866e+02 -1.190577866e+02 -2.0964e+00 -2.1354e+00 -1.4714e+00 +2.2786e+00 -2.0573e+00
4322 0 +4.645994257e-01 -1.190654006e+02 -1.190654006e+02 -2.0964e+00 -2.1159e+00 -1.4714e+00 +2.2786e+00 -2.0573e+00
4797 0 +4.505566691e-01 -1.190794433e+02 -1.190794433e+02 -2.1029e+00 -2.1224e+00 -1.4779e+00 +2.2721e+00 -2.0638e+00
5546 0 +4.459114189e-01 -1.190840886e+02 -1.190840886e+02 -2.1061e+00 -2.1061e+00 -1.4909e+00 +2.2591e+00 -2.0768e+00
10626 0 +4.362021645e-01 -1.190937978e+02 -1.190937978e+02 -2.1159e+00 -2.1061e+00 -1.4909e+00 +2.2591e+00 -2.0671e+00
18063 0 +9.567043137e-02 -1.194343296e+02 -1.194343296e+02 -2.0833e+00 -2.0833e+00 -2.0833e+00 +2.1354e+00 -2.0833e+00
18922 0 +2.154507387e-02 -1.195084549e+02 -1.195084549e+02 -2.0964e+00 -2.0964e+00 -2.0964e+00 +2.1224e+00 -2.0964e+00
19411 0 +6.725078230e-03 -1.195232749e+02 -1.195232749e+02 -2.1029e+00 -2.1029e+00 -2.1029e+00 +2.1159e+00 -2.1029e+00
21738 0 +4.924613545e-03 -1.195250754e+02 -1.195250754e+02 -2.1061e+00 -2.1061e+00 -2.1061e+00 +2.1126e+00 -2.1061e+00
30688 0 +4.148689893e-03 -1.195258513e+02 -1.195258513e+02 -2.1061e+00 -2.1061e+00 -2.1012e+00 +2.1126e+00 -2.1061e+00
35319 0 +2.213709384e-03 -1.195277863e+02 -1.195277863e+02 -2.1077e+00 -2.1077e+00 -2.1029e+00 +2.1110e+00 -2.1029e+00
39819 0 +2.035741362e-03 -1.195279643e+02 -1.195279643e+02 -2.1029e+00 -2.1077e+00 -2.1029e+00 +2.1110e+00 -2.1029e+00
61610 0 +1.842276175e-03 -1.195281577e+02 -1.195281577e+02 -2.1110e+00 -2.0964e+00 -2.1110e+00 +2.1029e+00 -2.1061e+00
61858 0 +1.415075152e-03 -1.195285849e+02 -1.195285849e+02 -2.1110e+00 -2.1012e+00 -2.1110e+00 +2.1029e+00 -2.1061e+00
72006 0 +1.165737162e-03 -1.195288343e+02 -1.195288343e+02 -2.1061e+00 -2.1012e+00 -2.1110e+00 +2.1029e+00 -2.1061e+00
136024 0 +1.098840820e-03 -1.195289012e+02 -1.195289012e+02 -2.1012e+00 -2.1110e+00 -2.1061e+00 +2.1029e+00 -2.1061e+00
158936 0 +8.246869696e-04 -1.195291753e+02 -1.195291753e+02 -2.1110e+00 -2.1061e+00 -2.1061e+00 +2.1029e+00 -2.1061e+00
159064 0 +6.822428221e-04 -1.195293178e+02 -1.195293178e+02 -2.1110e+00 -2.1012e+00 -2.1061e+00 +2.1029e+00 -2.1061e+00
168723 0 +6.574138031e-04 -1.195293426e+02 -1.195293426e+02 -2.1029e+00 -2.1029e+00 -2.1029e+00 +2.1061e+00 -2.1029e+00
168828 0 +3.613799062e-04 -1.195296386e+02 -1.195296386e+02 -2.1061e+00 -2.1061e+00 -2.1061e+00 +2.1029e+00 -2.1061e+00
182786 0 +3.303775441e-04 -1.195296696e+02 -1.195296696e+02 -2.1037e+00 -2.1061e+00 -2.1061e+00 +2.1029e+00 -2.1061e+00
193632 0 +2.782806080e-04 -1.195297217e+02 -1.195297217e+02 -2.1061e+00 -2.1037e+00 -2.1061e+00 +2.1029e+00 -2.1061e+00
% f evaluations | g evaluations | best noise-free fitness - Fopt (-1.493100000000e+02) + sum g_i+ | measured fitness | best measured fitness or single-digit g-values | x1 | x2...
1 0 +2.413155093e+04 +2.398224093e+04 +2.398224093e+04 +1.6667e+00 +1.6667e+00 +1.6667e+00 +1.6667e+00 +1.6667e+00
2 0 +2.352838895e+04 +2.337907895e+04 +2.337907895e+04 -1.6667e+00 -1.6667e+00 -1.6667e+00 -1.6667e+00 -1.6667e+00
3 0 +2.327801990e+04 +2.312870990e+04 +2.312870990e+04 -3.3333e+00 +1.6667e+00 +1.6667e+00 +1.6667e+00 +1.6667e+00
5 0 +1.963018998e+04 +1.948087998e+04 +1.948087998e+04 -3.3333e+00 -3.3333e+00 +1.6667e+00 +1.6667e+00 +1.6667e+00
7 0 +1.825986978e+04 +1.811055978e+04 +1.811055978e+04 +1.6667e+00 -3.3333e+00 +1.6667e+00 +1.6667e+00 +1.6667e+00
9 0 +8.771003883e+03 +8.621693883e+03 +8.621693883e+03 -3.3333e+00 -3.3333e+00 -3.3333e+00 +1.6667e+00 +1.6667e+00
11 0 +7.400683676e+03 +7.251373676e+03 +7.251373676e+03 +1.6667e+00 -3.3333e+00 -3.3333e+00 +1.6667e+00 +1.6667e+00
15 0 +5.500637437e+03 +5.351327437e+03 +5.351327437e+03 -3.3333e+00 +1.6667e+00 -3.3333e+00 +1.6667e+00 +1.6667e+00
21 0 +4.501091685e+03 +4.351781685e+03 +4.351781685e+03 -3.3333e+00 +1.6667e+00 -3.3333e+00 -3.3333e+00 +1.6667e+00
34 0 +2.131934713e+03 +1.982624713e+03 +1.982624713e+03 -2.8898e+00 +1.6877e+00 -2.1847e+00 +8.1250e-01 +1.6733e+00
40 0 +8.340692322e+00 -1.409693077e+02 -1.409693077e+02 -2.0091e+00 +1.4140e+00 -2.4950e+00 -9.4511e-01 +1.6857e+00
46 0 +4.471622468e+00 -1.448383775e+02 -1.448383775e+02 -2.0865e+00 +1.1082e+00 -2.4809e+00 -9.4743e-01 +1.6872e+00
52 0 +4.375733050e+00 -1.449342669e+02 -1.449342669e+02 -2.0864e+00 +1.1161e+00 -2.4692e+00 -9.4840e-01 +1.6874e+00
58 0 +3.789647601e+00 -1.455203524e+02 -1.455203524e+02 -2.0855e+00 +1.1593e+00 -2.4061e+00 -9.5383e-01 +1.6872e+00
65 0 +3.044484181e+00 -1.462655158e+02 -1.462655158e+02 -2.0813e+00 +1.2855e+00 -2.2355e+00 -9.6771e-01 +1.6850e+00
71 0 +2.934559968e+00 -1.463754400e+02 -1.463754400e+02 -2.0789e+00 +1.3003e+00 -2.2414e+00 -9.6400e-01 +1.6836e+00
78 0 +2.659186301e+00 -1.466508137e+02 -1.466508137e+02 -2.0732e+00 +1.3393e+00 -2.2556e+00 -9.5484e-01 +1.6834e+00
97 0 +2.542342808e+00 -1.467676572e+02 -1.467676572e+02 -2.0697e+00 +1.3524e+00 -2.2842e+00 -9.3180e-01 +1.6871e+00
103 0 +2.419489558e+00 -1.468905104e+02 -1.468905104e+02 -2.0647e+00 +1.3413e+00 -2.4145e+00 -8.6280e-01 +1.7046e+00
109 0 +2.296085484e+00 -1.470139145e+02 -1.470139145e+02 -2.0696e+00 +1.3428e+00 -2.3510e+00 -8.9541e-01 +1.6989e+00
127 0 +2.287335804e+00 -1.470226642e+02 -1.470226642e+02 -2.0834e+00 +1.3472e+00 -2.3594e+00 -8.8776e-01 +1.7048e+00
393 0 +2.228857761e+00 -1.470811422e+02 -1.470811422e+02 -2.0833e+00 -2.0833e+00 -8.3333e-01 -8.3333e-01 +1.6667e+00
409 0 +2.140898981e+00 -1.471691010e+02 -1.471691010e+02 -2.0833e+00 -2.0833e+00 -2.0833e+00 -8.3333e-01 +1.6667e+00
425 0 +1.103205149e+00 -1.482067949e+02 -1.482067949e+02 -2.0833e+00 -2.0833e+00 -2.0833e+00 -2.0833e+00 +1.6667e+00
601 0 +1.028524573e+00 -1.482814754e+02 -1.482814754e+02 -2.0833e+00 -2.0833e+00 -2.0833e+00 -2.0833e+00 +1.3542e+00
695 0 +9.049966132e-01 -1.484050034e+02 -1.484050034e+02 -2.0833e+00 -2.0833e+00 -2.0833e+00 -2.0833e+00 +1.5104e+00
848 0 +8.848489737e-01 -1.484251510e+02 -1.484251510e+02 -2.0964e+00 -2.0964e+00 -2.0964e+00 -2.0573e+00 +1.5365e+00
870 0 +7.309573778e-01 -1.485790426e+02 -1.485790426e+02 -2.0964e+00 -2.0964e+00 -2.0964e+00 -2.0964e+00 +1.5365e+00
877 0 +7.178078405e-01 -1.485921922e+02 -1.485921922e+02 -2.0970e+00 -2.0977e+00 -2.0988e+00 -2.1004e+00 +1.5408e+00
2028 0 +6.277751979e-01 -1.486822248e+02 -1.486822248e+02 -2.1354e+00 -2.1354e+00 -2.1354e+00 -2.1354e+00 +1.7708e+00
2332 0 +5.946137351e-01 -1.487153863e+02 -1.487153863e+02 -2.1354e+00 -2.0573e+00 -2.1354e+00 -2.1354e+00 +1.7708e+00
2334 0 +5.623456239e-01 -1.487476544e+02 -1.487476544e+02 -2.0573e+00 -2.1354e+00 -2.0573e+00 -2.1354e+00 +1.7708e+00
2582 0 +5.486935815e-01 -1.487613064e+02 -1.487613064e+02 -2.0964e+00 -2.1354e+00 -2.0573e+00 -2.1354e+00 +1.7708e+00
2758 0 +5.246303685e-01 -1.487853696e+02 -1.487853696e+02 -2.0964e+00 -2.1354e+00 -2.0964e+00 -2.1354e+00 +1.7708e+00
2843 0 +4.746016449e-01 -1.488353984e+02 -1.488353984e+02 -2.0833e+00 -2.1224e+00 -2.0833e+00 -2.1224e+00 +1.7448e+00
3630 0 +4.475955477e-01 -1.488624045e+02 -1.488624045e+02 -2.0964e+00 -2.1159e+00 -2.0964e+00 -2.1159e+00 +1.7513e+00
5024 0 +4.458210085e-01 -1.488641790e+02 -1.488641790e+02 -2.1159e+00 -2.0964e+00 -2.1159e+00 -2.0964e+00 +1.7708e+00
13430 0 +4.358238953e-01 -1.488741761e+02 -1.488741761e+02 -2.1061e+00 -2.1012e+00 -2.1110e+00 -2.1061e+00 +1.7611e+00
46840 0 +4.020889354e-01 -1.489079111e+02 -1.489079111e+02 -2.1354e+00 -2.0573e+00 -2.1354e+00 -2.0573e+00 +9.8958e-01
46923 0 +3.569747019e-01 -1.489530253e+02 -1.489530253e+02 -2.1615e+00 -2.0833e+00 -2.1615e+00 -2.0833e+00 +9.6354e-01
47011 0 +3.320747129e-01 -1.489779253e+02 -1.489779253e+02 -2.1224e+00 -2.0833e+00 -2.1615e+00 -2.0833e+00 +9.6354e-01
47183 0 +2.672658513e-01 -1.490427341e+02 -1.490427341e+02 -2.1224e+00 -2.0833e+00 -2.1224e+00 -2.0833e+00 +9.6354e-01
47648 0 +2.589299648e-01 -1.490510700e+02 -1.490510700e+02 -2.1159e+00 -2.0964e+00 -2.1159e+00 -2.0964e+00 +9.5052e-01
47751 0 +2.501816396e-01 -1.490598184e+02 -1.490598184e+02 -2.1224e+00 -2.1029e+00 -2.1224e+00 -2.1029e+00 +9.6354e-01
48179 0 +2.404281463e-01 -1.490695719e+02 -1.490695719e+02 -2.1126e+00 -2.0931e+00 -2.1126e+00 -2.1029e+00 +9.6354e-01
49751 0 +2.391911576e-01 -1.490708088e+02 -1.490708088e+02 -2.1029e+00 -2.1029e+00 -2.1126e+00 -2.1029e+00 +9.6354e-01
% f evaluations | g evaluations | best noise-free fitness - Fopt (-2.813900000000e+02) + sum g_i+ | measured fitness | best measured fitness or single-digit g-values | x1 | x2...
1 0 +5.843826384e+03 +5.562436384e+03 +5.562436384e+03 +1.6667e+00 +1.6667e+00 +1.6667e+00 +1.6667e+00 +1.6667e+00
5 0 +1.452441285e+03 +1.171051285e+03 +1.171051285e+03 +1.6667e+00 -3.3333e+00 +1.6667e+00 +1.6667e+00 +1.6667e+00
7 0 +1.250221731e+03 +9.688317306e+02 +9.688317306e+02 -3.3333e+00 -3.3333e+00 +1.6667e+00 +1.6667e+00 +1.6667e+00
20 0 +1.626379358e+02 -1.187520642e+02 -1.187520642e+02 -2.4964e+00 -4.0244e+00 -1.0793e+00 +1.6579e+00 +1.6630e+00
26 0 +2.162413575e+01 -2.597658642e+02 -2.597658642e+02 -2.7118e+00 -2.6448e+00 -1.6462e+00 +1.6450e+00 +1.6581e+00
32 0 +4.750968090e+00 -2.766390319e+02 -2.766390319e+02 -2.3464e+00 -2.5032e+00 -1.6296e+00 +1.6563e+00 +1.6576e+00
38 0 +4.628387943e+00 -2.767616121e+02 -2.767616121e+02 -2.3528e+00 -2.4980e+00 -1.6312e+00 +1.6694e+00 +1.6562e+00
44 0 +4.043867076e+00 -2.773461329e+02 -2.773461329e+02 -2.3865e+00 -2.4730e+00 -1.6396e+00 +1.7416e+00 +1.6441e+00
56 0 +3.813808620e+00 -2.775761914e+02 -2.775761914e+02 -2.4329e+00 -2.4525e+00 -1.6418e+00 +1.7973e+00 +1.6217e+00
62 0 +3.685366728e+00 -2.777046333e+02 -2.777046333e+02 -2.4441e+00 -2.4608e+00 -1.6322e+00 +1.7684e+00 +1.6213e+00
68 0 +3.449454830e+00 -2.779405452e+02 -2.779405452e+02 -2.4909e+00 -2.4645e+00 -1.6158e+00 +1.7547e+00 +1.6148e+00
80 0 +3.334706610e+00 -2.780552934e+02 -2.780552934e+02 -2.5120e+00 -2.4593e+00 -1.6051e+00 +1.7611e+00 +1.6216e+00
88 0 +3.285371328e+00 -2.781046287e+02 -2.781046287e+02 -2.5065e+00 -2.4456e+00 -1.5967e+00 +1.7807e+00 +1.6422e+00
94 0 +3.211496217e+00 -2.781785038e+02 -2.781785038e+02 -2.5074e+00 -2.4453e+00 -1.5853e+00 +1.7775e+00 +1.6383e+00
100 0 +2.668047937e+00 -2.787219521e+02 -2.787219521e+02 -2.5122e+00 -2.4251e+00 -1.4801e+00 +1.7824e+00 +1.6299e+00
113 0 +2.513797283e+00 -2.788762027e+02 -2.788762027e+02 -2.5038e+00 -2.4120e+00 -1.4254e+00 +1.8010e+00 +1.6160e+00
119 0 +2.502604054e+00 -2.788873959e+02 -2.788873959e+02 -2.5067e+00 -2.4117e+00 -1.4259e+00 +1.8097e+00 +1.6168e+00
310 0 +1.674542027e+00 -2.797154580e+02 -2.797154580e+02 +2.0833e+00 +8.3333e-01 -2.2917e+00 +2.0833e+00 +2.0833e+00
446 0 +1.183455826e+00 -2.802065442e+02 -2.802065442e+02 +2.0833e+00 +6.7708e-01 -2.2917e+00 +2.0833e+00 +2.0833e+00
514 0 +1.166745330e+00 -2.802232547e+02 -2.802232547e+02 +2.1615e+00 +6.7708e-01 -2.2917e+00 +2.0833e+00 +2.0833e+00
554 0 +8.491554846e-01 -2.805408445e+02 -2.805408445e+02 +2.1615e+00 +6.7708e-01 -2.2135e+00 +2.0833e+00 +2.0833e+00
652 0 +7.955876640e-01 -2.805944123e+02 -2.805944123e+02 +2.1224e+00 +6.3802e-01 -2.2135e+00 +2.0833e+00 +2.0833e+00
691 0 +7.491531374e-01 -2.806408469e+02 -2.806408469e+02 +2.1354e+00 -2.0833e+00 -2.0833e+00 +1.3542e+00 +2.2917e+00
1045 0 +7.277043923e-01 -2.806622956e+02 -2.806622956e+02 +2.0964e+00 -2.1224e+00 -2.0833e+00 +1.3542e+00 +2.2917e+00
1555 0 +7.161442098e-01 -2.806738558e+02 -2.806738558e+02 +2.0964e+00 -2.1224e+00 -2.1029e+00 +1.3542e+00 +2.2917e+00
5872 0 +6.068840643e-01 -2.807831159e+02 -2.807831159e+02 +2.0833e+00 -1.3542e+00 -2.2917e+00 +2.0833e+00 +2.0833e+00
6580 0 +5.666804576e-01 -2.808233195e+02 -2.808233195e+02 +2.0833e+00 -1.2760e+00 -2.2917e+00 +2.0833e+00 +2.0833e+00
6745 0 +4.986364751e-01 -2.808913635e+02 -2.808913635e+02 +2.0573e+00 -1.3021e+00 -2.3177e+00 +2.0573e+00 +2.1354e+00
6927 0 +4.783023322e-01 -2.809116977e+02 -2.809116977e+02 +2.0964e+00 -1.3021e+00 -2.3177e+00 +2.0573e+00 +2.1354e+00
7502 0 +4.539437531e-01 -2.809360562e+02 -2.809360562e+02 +2.1029e+00 -1.2956e+00 -2.3307e+00 +2.0443e+00 +2.1224e+00
7610 0 +4.403547714e-01 -2.809496452e+02 -2.809496452e+02 +2.1029e+00 -1.2956e+00 -2.3112e+00 +2.0443e+00 +2.1224e+00
14452 0 +1.447982837e-01 -2.812452017e+02 -2.812452017e+02 +2.0833e+00 -2.1354e+00 -2.1354e+00 +2.0833e+00 +2.0833e+00
15570 0 +1.296382805e-01 -2.812603617e+02 -2.812603617e+02 +2.1224e+00 -2.0573e+00 -2.1354e+00 +2.0833e+00 +2.0833e+00
15660 0 +1.115251195e-01 -2.812784749e+02 -2.812784749e+02 +2.1224e+00 -2.0964e+00 -2.1354e+00 +2.0833e+00 +2.0833e+00
15933 0 +2.988652290e-02 -2.813601135e+02 -2.813601135e+02 +2.1354e+00 -2.0833e+00 -2.1224e+00 +2.0964e+00 +2.0964e+00
16021 0 +2.452408872e-02 -2.813654759e+02 -2.813654759e+02 +2.1159e+00 -2.0833e+00 -2.1224e+00 +2.0964e+00 +2.0964e+00
16119 0 +2.280168782e-02 -2.813671983e+02 -2.813671983e+02 +2.1159e+00 -2.1029e+00 -2.1224e+00 +2.0964e+00 +2.0964e+00
16618 0 +6.607434700e-03 -2.813833926e+02 -2.813833926e+02 +2.1224e+00 -2.0964e+00 -2.1159e+00 +2.1029e+00 +2.1029e+00
16716 0 +4.573567998e-03 -2.813854264e+02 -2.813854264e+02 +2.1126e+00 -2.0964e+00 -2.1159e+00 +2.1029e+00 +2.1029e+00
21209 0 +4.276835006e-03 -2.813857232e+02 -2.813857232e+02 +2.1159e+00 -2.0931e+00 -2.1126e+00 +2.1061e+00 +2.1061e+00
21515 0 +3.954204468e-03 -2.813860458e+02 -2.813860458e+02 +2.1061e+00 -2.0931e+00 -2.1126e+00 +2.1061e+00 +2.1061e+00
22035 0 +2.611044734e-03 -2.813873890e+02 -2.813873890e+02 +2.1061e+00 -2.1029e+00 -2.1126e+00 +2.1061e+00 +2.1061e+00
28829 0 +1.488126628e-03 -2.813885119e+02 -2.813885119e+02 +2.1061e+00 -2.1126e+00 -2.1029e+00 +2.1061e+00 +2.1061e+00
50251 0 +1.274236284e-03 -2.813887258e+02 -2.813887258e+02 +2.1012e+00 -2.1126e+00 -2.1029e+00 +2.1061e+00 +2.1061e+00
61167 0 +8.734046545e-04 -2.813891266e+02 -2.813891266e+02 +2.1110e+00 -2.1029e+00 -2.1029e+00 +2.1061e+00 +2.1061e+00
76629 0 +5.527819145e-04 -2.813894472e+02 -2.813894472e+02 +2.1061e+00 -2.1029e+00 -2.1029e+00 +2.1061e+00 +2.1061e+00
79521 0 +5.446322524e-04 -2.813894554e+02 -2.813894554e+02 +2.1061e+00 -2.1077e+00 -2.1029e+00 +2.1061e+00 +2.1061e+00
% f evaluations | g evaluations | best noise-free fitness - Fopt (-2.724800000000e+02) + sum g_i+ | measured fitness | best measured fitness or single-digit g-values | x1 | x2...
1 0 +2.352713697e+04 +2.325465697e+04 +2.325465697e+04 +1.6667e+00 +1.6667e+00 +1.6667e+00 +1.6667e+00 +1.6667e+00
2 0 +2.313161838e+04 +2.285913838e+04 +2.285913838e+04 -1.6667e+00 -1.6667e+00 -1.6667e+00 -1.6667e+00 -1.6667e+00
6 0 +1.874023328e+04 +1.846775328e+04 +1.846775328e+04 -1.6667e+00 +3.3333e+00 -1.6667e+00 -1.6667e+00 -1.6667e+00
8 0 +1.853801373e+04 +1.826553373e+04 +1.826553373e+04 +3.3333e+00 +3.3333e+00 -1.6667e+00 -1.6667e+00 -1.6667e+00
10 0 +7.881047181e+03 +7.608567181e+03 +7.608567181e+03 -1.6667e+00 +3.3333e+00 +3.3333e+00 -1.6667e+00 -1.6667e+00
12 0 +7.678827626e+03 +7.406347626e+03 +7.406347626e+03 +3.3333e+00 +3.3333e+00 +3.3333e+00 -1.6667e+00 -1.6667e+00
14 0 +6.881501430e+03 +6.609021430e+03 +6.609021430e+03 -1.6667e+00 +3.3333e+00 +3.3333e+00 +3.3333e+00 -1.6667e+00
16 0 +5.354235912e+03 +5.081755912e+03 +5.081755912e+03 -1.6667e+00 -1.6667e+00 +3.3333e+00 -1.6667e+00 -1.6667e+00
19 0 +4.230427264e+03 +3.957947264e+03 +3.957947264e+03 -3.3333e+00 +1.6667e+00 +1.6667e+00 +1.6667e+00 -3.3333e+00
25 0 +3.953592434e+03 +3.681112434e+03 +3.681112434e+03 -8.3333e-01 +1.6667e+00 +1.6667e+00 +1.6667e+00 -3.3333e+00
41 0 +3.215295298e+00 -2.692647047e+02 -2.692647047e+02 -8.3387e-01 +1.6659e+00 +1.6661e+00 +1.1493e+00 -1.2604e+00
47 0 +3.061126637e+00 -2.694188734e+02 -2.694188734e+02 -8.3899e-01 +1.6585e+00 +1.6543e+00 +1.1392e+00 -1.2600e+00
53 0 +2.530833325e+00 -2.699491667e+02 -2.699491667e+02 -8.6636e-01 +1.6243e+00 +1.5994e+00 +1.0793e+00 -1.2599e+00
59 0 +2.485758525e+00 -2.699942415e+02 -2.699942415e+02 -8.7889e-01 +1.6149e+00 +1.5903e+00 +1.0660e+00 -1.2574e+00
65 0 +2.405097634e+00 -2.700749024e+02 -2.700749024e+02 -8.9971e-01 +1.6048e+00 +1.5901e+00 +1.0596e+00 -1.2505e+00
71 0 +2.196329598e+00 -2.702836704e+02 -2.702836704e+02 -9.8912e-01 +1.5685e+00 +1.6080e+00 +1.0524e+00 -1.2180e+00
77 0 +2.152404904e+00 -2.703275951e+02 -2.703275951e+02 -9.9482e-01 +1.5701e+00 +1.6201e+00 +1.0637e+00 -1.2144e+00
95 0 +2.136081345e+00 -2.703439187e+02 -2.703439187e+02 -1.0043e+00 +1.5690e+00 +1.6283e+00 +1.0740e+00 -1.2145e+00
486 0 +1.430787641e+00 -2.710492124e+02 -2.710492124e+02 -2.2917e+00 +2.0833e+00 +2.0833e+00 +2.0833e+00 -1.6667e+00
568 0 +1.287985128e+00 -2.711920149e+02 -2.711920149e+02 -1.9792e+00 +2.0833e+00 +2.0833e+00 +2.0833e+00 -1.6667e+00
632 0 +1.213304552e+00 -2.712666954e+02 -2.712666954e+02 -1.9792e+00 +2.0833e+00 +2.0833e+00 +2.0833e+00 -1.3542e+00
644 0 +1.023842044e+00 -2.714561580e+02 -2.714561580e+02 -2.1354e+00 +2.0833e+00 +2.0833e+00 +2.0833e+00 -1.3542e+00
693 0 +1.010519294e+00 -2.714694807e+02 -2.714694807e+02 -2.0833e+00 +2.1354e+00 +2.1354e+00 +2.1354e+00 -1.4583e+00
710 0 +9.003140837e-01 -2.715796859e+02 -2.715796859e+02 -2.1354e+00 +2.0833e+00 +2.0833e+00 +2.0833e+00 -1.5104e+00
867 0 +8.855175244e-01 -2.715944825e+02 -2.715944825e+02 -2.1224e+00 +2.0964e+00 +2.0964e+00 +2.0573e+00 -1.5365e+00
891 0 +7.316259284e-01 -2.717483741e+02 -2.717483741e+02 -2.1224e+00 +2.0964e+00 +2.0964e+00 +2.0964e+00 -1.5365e+00
929 0 +6.082089572e-01 -2.718717910e+02 -2.718717910e+02 -2.0833e+00 +2.1354e+00 +2.1354e+00 +2.1354e+00 -1.7708e+00
1151 0 +5.494936604e-01 -2.719305063e+02 -2.719305063e+02 -2.0833e+00 +2.1354e+00 +2.0573e+00 +2.1354e+00 -1.7708e+00
1525 0 +5.254304474e-01 -2.719545696e+02 -2.719545696e+02 -2.0833e+00 +2.1354e+00 +2.0964e+00 +2.1354e+00 -1.7708e+00
1612 0 +4.722841871e-01 -2.720077158e+02 -2.720077158e+02 -2.0964e+00 +2.1224e+00 +2.0833e+00 +2.1224e+00 -1.7448e+00
2285 0 +4.474773303e-01 -2.720325227e+02 -2.720325227e+02 -2.1029e+00 +2.1159e+00 +2.0964e+00 +2.1159e+00 -1.7513e+00
4440 0 +4.457004034e-01 -2.720342996e+02 -2.720342996e+02 -2.1159e+00 +2.1029e+00 +2.1224e+00 +2.1029e+00 -1.7643e+00
14484 0 +4.364865007e-01 -2.720435135e+02 -2.720435135e+02 -2.0964e+00 +2.1126e+00 +2.1029e+00 +2.1029e+00 -1.7643e+00
49421 0 +4.156841575e-01 -2.720643158e+02 -2.720643158e+02 -2.0833e+00 +2.1354e+00 +2.1354e+00 +2.0573e+00 -9.8958e-01
49658 0 +3.627331531e-01 -2.721172668e+02 -2.721172668e+02 -2.0964e+00 +2.1224e+00 +2.1615e+00 +2.0833e+00 -9.6354e-01
49744 0 +3.365991914e-01 -2.721434008e+02 -2.721434008e+02 -2.1354e+00 +2.0833e+00 +2.1615e+00 +2.0833e+00 -9.6354e-01
49746 0 +2.745402073e-01 -2.722054598e+02 -2.722054598e+02 -2.0964e+00 +2.1224e+00 +2.1224e+00 +2.0833e+00 -9.6354e-01
50222 0 +2.664278956e-01 -2.722135721e+02 -2.722135721e+02 -2.1159e+00 +2.0833e+00 +2.1224e+00 +2.0833e+00 -9.6354e-01
50399 0 +2.605237415e-01 -2.722194763e+02 -2.722194763e+02 -2.1224e+00 +2.0964e+00 +2.1159e+00 +2.0964e+00 -9.5052e-01
50498 0 +2.482076757e-01 -2.722317923e+02 -2.722317923e+02 -2.1159e+00 +2.1029e+00 +2.1224e+00 +2.1029e+00 -9.6354e-01
53554 0 +2.428797294e-01 -2.722371203e+02 -2.722371203e+02 -2.0964e+00 +2.1224e+00 +2.1029e+00 +2.1029e+00 -9.6354e-01
53944 0 +2.389937731e-01 -2.722410062e+02 -2.722410062e+02 -2.0964e+00 +2.1126e+00 +2.1029e+00 +2.1029e+00 -9.6354e-01
% f evaluations | g evaluations | best noise-free fitness - Fopt (-4.172000000000e+01) + sum g_i+ | measured fitness | best measured fitness or single-digit g-values | x1 | x2...
1 0 +8.593847908e+03 +8.552127908e+03 +8.552127908e+03 +1.6667e+00 +1.6667e+00 +1.6667e+00 +1.6667e+00 +1.6667e+00
13 0 +2.175764141e+03 +2.134044141e+03 +2.134044141e+03 +1.6667e+00 +1.6667e+00 +1.6667e+00 -3.3333e+00 +1.6667e+00
27 0 +1.226935225e+01 -2.945064775e+01 -2.945064775e+01 +1.7427e+00 +1.3679e+00 +1.1470e+00 -1.2604e+00 +1.6714e+00
33 0 +5.243902750e+00 -3.647609725e+01 -3.647609725e+01 +1.8462e+00 +9.9240e-01 +1.1446e+00 -1.2899e+00 +1.6647e+00
45 0 +4.927118311e+00 -3.679288169e+01 -3.679288169e+01 +1.9062e+00 +9.9022e-01 +1.1679e+00 -1.2735e+00 +1.6319e+00
51 0 +3.484822634e+00 -3.823517737e+01 -3.823517737e+01 +2.1873e+00 +9.6881e-01 +1.2934e+00 -1.1917e+00 +1.4833e+00
60 0 +3.432232387e+00 -3.828776761e+01 -3.828776761e+01 +2.2177e+00 +9.6451e-01 +1.3084e+00 -1.1822e+00 +1.4656e+00
66 0 +3.376796450e+00 -3.834320355e+01 -3.834320355e+01 +2.2150e+00 +9.5478e-01 +1.3126e+00 -1.1805e+00 +1.4677e+00
72 0 +3.107035311e+00 -3.861296469e+01 -3.861296469e+01 +2.2065e+00 +9.0166e-01 +1.3321e+00 -1.1713e+00 +1.4739e+00
78 0 +2.447792162e+00 -3.927220784e+01 -3.927220784e+01 +2.1527e+00 +6.0870e-01 +1.4105e+00 -1.1297e+00 +1.5048e+00
90 0 +2.394658496e+00 -3.932534150e+01 -3.932534150e+01 +2.1504e+00 +6.5170e-01 +1.3939e+00 -1.1357e+00 +1.4878e+00
102 0 +2.299881616e+00 -3.942011838e+01 -3.942011838e+01 +2.0955e+00 +6.6103e-01 +1.3544e+00 -1.1476e+00 +1.4706e+00
108 0 +2.248718643e+00 -3.947128136e+01 -3.947128136e+01 +2.0706e+00 +6.4733e-01 +1.3381e+00 -1.1519e+00 +1.4711e+00
114 0 +2.185323085e+00 -3.953467692e+01 -3.953467692e+01 +1.9864e+00 +6.2001e-01 +1.2553e+00 -1.1743e+00 +1.4732e+00
120 0 +2.119157013e+00 -3.960084299e+01 -3.960084299e+01 +2.0271e+00 +6.0662e-01 +1.2833e+00 -1.1637e+00 +1.4783e+00
126 0 +2.078636883e+00 -3.964136312e+01 -3.964136312e+01 +2.0480e+00 +6.0678e-01 +1.2787e+00 -1.1628e+00 +1.4784e+00
132 0 +2.014662609e+00 -3.970533739e+01 -3.970533739e+01 +2.1077e+00 +6.0882e-01 +1.2476e+00 -1.1642e+00 +1.4774e+00
1023 0 +1.993376585e+00 -3.972662342e+01 -3.972662342e+01 +9.8958e-01 -2.2917e+00 +2.0833e+00 -1.3542e+00 +1.4583e+00
1123 0 +1.770805287e+00 -3.994919471e+01 -3.994919471e+01 +2.0833e+00 -1.9792e+00 +2.0833e+00 -1.6667e+00 +1.4583e+00
1224 0 +1.687299099e+00 -4.003270090e+01 -4.003270090e+01 +1.9792e+00 -2.0833e+00 +1.9792e+00 -1.4583e+00 +2.2917e+00
1229 0 +1.406351147e+00 -4.031364885e+01 -4.031364885e+01 +2.0833e+00 -2.1354e+00 +2.0833e+00 -1.3542e+00 +1.4583e+00
1258 0 +1.349958035e+00 -4.037004196e+01 -4.037004196e+01 +2.0838e+00 -2.1337e+00 +2.0860e+00 -1.3529e+00 +1.4457e+00
1264 0 +1.319804667e+00 -4.040019533e+01 -4.040019533e+01 +2.0851e+00 -2.1290e+00 +2.0924e+00 -1.3532e+00 +1.4241e+00
1270 0 +1.314873548e+00 -4.040512645e+01 -4.040512645e+01 +2.0855e+00 -2.1282e+00 +2.0930e+00 -1.3550e+00 +1.4281e+00
1512 0 +1.168590011e+00 -4.055140999e+01 -4.055140999e+01 +2.1354e+00 -2.0833e+00 +2.1354e+00 -1.4583e+00 +2.2917e+00
1532 0 +8.611292253e-01 -4.085887077e+01 -4.085887077e+01 +2.1354e+00 -2.0833e+00 +2.1354e+00 -1.3021e+00 +2.2917e+00
1558 0 +8.096787315e-01 -4.091032127e+01 -4.091032127e+01 +2.1341e+00 -2.0835e+00 +2.1334e+00 -1.3120e+00 +2.2985e+00
1564 0 +7.548510752e-01 -4.096514892e+01 -4.096514892e+01 +2.1293e+00 -2.0845e+00 +2.1263e+00 -1.3461e+00 +2.3103e+00
1570 0 +7.391036456e-01 -4.098089635e+01 -4.098089635e+01 +2.1291e+00 -2.0848e+00 +2.1252e+00 -1.3421e+00 +2.3041e+00
1576 0 +7.236382916e-01 -4.099636171e+01 -4.099636171e+01 +2.1265e+00 -2.0862e+00 +2.1199e+00 -1.3467e+00 +2.2954e+00
3067 0 +5.752766684e-01 -4.114472333e+01 -4.114472333e+01 +2.0833e+00 -2.1354e+00 +1.4583e+00 -2.2917e+00 +2.0833e+00
4060 0 +4.654542338e-01 -4.125454577e+01 -4.125454577e+01 +2.0964e+00 -2.1224e+00 +1.4714e+00 -2.2786e+00 +2.0573e+00
4659 0 +4.486615911e-01 -4.127133841e+01 -4.127133841e+01 +2.1029e+00 -2.1159e+00 +1.4779e+00 -2.2721e+00 +2.0638e+00
5142 0 +4.442837992e-01 -4.127571620e+01 -4.127571620e+01 +2.1061e+00 -2.1126e+00 +1.4811e+00 -2.2689e+00 +2.0671e+00
9694 0 +4.361153855e-01 -4.128388461e+01 -4.128388461e+01 +2.1061e+00 -2.1029e+00 +1.5007e+00 -2.2591e+00 +2.0671e+00
35789 0 +7.739321110e-02 -4.164260679e+01 -4.164260679e+01 +2.0833e+00 -2.1354e+00 +2.0833e+00 -2.1354e+00 +2.0833e+00
35816 0 +5.007261909e-02 -4.166992738e+01 -4.166992738e+01 +2.0838e+00 -2.1337e+00 +2.0837e+00 -2.1300e+00 +2.0902e+00
35822 0 +1.643737233e-02 -4.170356263e+01 -4.170356263e+01 +2.0856e+00 -2.1277e+00 +2.0865e+00 -2.1128e+00 +2.1061e+00
35828 0 +1.292026410e-02 -4.170707974e+01 -4.170707974e+01 +2.0864e+00 -2.1260e+00 +2.0885e+00 -2.1096e+00 +2.1063e+00
35834 0 +6.487750803e-03 -4.171351225e+01 -4.171351225e+01 +2.0892e+00 -2.1200e+00 +2.0964e+00 -2.1027e+00 +2.1047e+00
35840 0 +4.593189056e-03 -4.171540681e+01 -4.171540681e+01 +2.0907e+00 -2.1172e+00 +2.1002e+00 -2.1020e+00 +2.1043e+00
35846 0 +2.146473776e-03 -4.171785353e+01 -4.171785353e+01 +2.0938e+00 -2.1118e+00 +2.1064e+00 -2.1027e+00 +2.1044e+00
35852 0 +1.540425909e-03 -4.171845957e+01 -4.171845957e+01 +2.0951e+00 -2.1100e+00 +2.1073e+00 -2.1039e+00 +2.1049e+00
35858 0 +1.049852974e-03 -4.171895015e+01 -4.171895015e+01 +2.0966e+00 -2.1082e+00 +2.1070e+00 -2.1050e+00 +2.1053e+00
35864 0 +6.049795910e-04 -4.171939502e+01 -4.171939502e+01 +2.0986e+00 -2.1061e+00 +2.1061e+00 -2.1057e+00 +2.1054e+00
35870 0 +2.783225571e-04 -4.171972168e+01 -4.171972168e+01 +2.1008e+00 -2.1043e+00 +2.1050e+00 -2.1056e+00 +2.1052e+00
35876 0 +1.636128813e-04 -4.171983639e+01 -4.171983639e+01 +2.1019e+00 -2.1037e+00 +2.1046e+00 -2.1051e+00 +2.1049e+00
35882 0 +1.137732582e-04 -4.171988623e+01 -4.171988623e+01 +2.1025e+00 -2.1038e+00 +2.1046e+00 -2.1048e+00 +2.1047e+00
35888 0 +6.311487108e-05 -4.171993689e+01 -4.171993689e+01 +2.1033e+00 -2.1041e+00 +2.1047e+00 -2.1046e+00 +2.1046e+00
35894 0 +1.889593030e-05 -4.171998110e+01 -4.171998110e+01 +2.1043e+00 -2.1046e+00 +2.1048e+00 -2.1045e+00 +2.1047e+00
35900 0 +2.229650299e-06 -4.171999777e+01 -4.171999777e+01 +2.1048e+00 -2.1049e+00 +2.1049e+00 -2.1047e+00 +2.1048e+00
35906 0 +7.380795353e-08 -4.171999993e+01 -4.171999993e+01 +2.1049e+00 -2.1049e+00 +2.1049e+00 -2.1048e+00 +2.1048e+00
35912 0 +3.538502824e-10 -4.172000000e+01 -4.172000000e+01 +2.1048e+00 -2.1048e+00 +2.1048e+00 -2.1048e+00 +2.1048e+00
% f evaluations | g evaluations | best noise-free fitness - Fopt (4.390000000000e+00) + sum g_i+ | measured fitness | best measured fitness or single-digit g-values | x1 | x2...
1 0 +2.352838895e+04 +2.353277895e+04 +2.353277895e+04 +1.6667e+00 +1.6667e+00 +1.6667e+00 +1.6667e+00 +1.6667e+00
4 0 +2.327801990e+04 +2.328240990e+04 +2.328240990e+04 +3.3333e+00 -1.6667e+00 -1.6667e+00 -1.6667e+00 -1.6667e+00
6 0 +1.963018998e+04 +1.963457998e+04 +1.963457998e+04 +3.3333e+00 +3.3333e+00 -1.6667e+00 -1.6667e+00 -1.6667e+00
8 0 +1.825986978e+04 +1.826425978e+04 +1.826425978e+04 -1.6667e+00 +3.3333e+00 -1.6667e+00 -1.6667e+00 -1.6667e+00
10 0 +8.771003883e+03 +8.775393883e+03 +8.775393883e+03 +3.3333e+00 +3.3333e+00 +3.3333e+00 -1.6667e+00 -1.6667e+00
12 0 +7.400683676e+03 +7.405073676e+03 +7.405073676e+03 -1.6667e+00 +3.3333e+00 +3.3333e+00 -1.6667e+00 -1.6667e+00
16 0 +5.500637437e+03 +5.505027437e+03 +5.505027437e+03 +3.3333e+00 -1.6667e+00 +3.3333e+00 -1.6667e+00 -1.6667e+00
22 0 +4.501091685e+03 +4.505481685e+03 +4.505481685e+03 +3.3333e+00 -1.6667e+00 +3.3333e+00 +3.3333e+00 -1.6667e+00
34 0 +2.131934666e+03 +2.136324666e+03 +2.136324666e+03 +2.8898e+00 -1.6877e+00 +2.1847e+00 -8.1250e-01 -1.6733e+00
40 0 +8.340689822e+00 +1.273068982e+01 +1.273068982e+01 +2.0091e+00 -1.4140e+00 +2.4950e+00 +9.4511e-01 -1.6857e+00
46 0 +4.471622878e+00 +8.861622878e+00 +8.861622878e+00 +2.0865e+00 -1.1082e+00 +2.4809e+00 +9.4743e-01 -1.6872e+00
52 0 +4.375733521e+00 +8.765733521e+00 +8.765733521e+00 +2.0864e+00 -1.1161e+00 +2.4692e+00 +9.4840e-01 -1.6874e+00
58 0 +3.789647928e+00 +8.179647928e+00 +8.179647928e+00 +2.0855e+00 -1.1593e+00 +2.4061e+00 +9.5383e-01 -1.6872e+00
65 0 +3.044482031e+00 +7.434482031e+00 +7.434482031e+00 +2.0813e+00 -1.2855e+00 +2.2355e+00 +9.6771e-01 -1.6850e+00
71 0 +2.934557697e+00 +7.324557697e+00 +7.324557697e+00 +2.0789e+00 -1.3003e+00 +2.2414e+00 +9.6400e-01 -1.6836e+00
78 0 +2.659183797e+00 +7.049183797e+00 +7.049183797e+00 +2.0732e+00 -1.3393e+00 +2.2556e+00 +9.5484e-01 -1.6834e+00
97 0 +2.542350016e+00 +6.932350016e+00 +6.932350016e+00 +2.0697e+00 -1.3524e+00 +2.2842e+00 +9.3180e-01 -1.6871e+00
103 0 +2.419491639e+00 +6.809491639e+00 +6.809491639e+00 +2.0647e+00 -1.3413e+00 +2.4145e+00 +8.6280e-01 -1.7046e+00
109 0 +2.296085381e+00 +6.686085381e+00 +6.686085381e+00 +2.0696e+00 -1.3428e+00 +2.3510e+00 +8.9541e-01 -1.6989e+00
127 0 +2.287335866e+00 +6.677335866e+00 +6.677335866e+00 +2.0834e+00 -1.3472e+00 +2.3594e+00 +8.8776e-01 -1.7048e+00
394 0 +2.228857761e+00 +6.618857761e+00 +6.618857761e+00 +2.0833e+00 +2.0833e+00 +8.3333e-01 +8.3333e-01 -1.6667e+00
410 0 +2.140898981e+00 +6.530898981e+00 +6.530898981e+00 +2.0833e+00 +2.0833e+00 +2.0833e+00 +8.3333e-01 -1.6667e+00
426 0 +1.103205149e+00 +5.493205149e+00 +5.493205149e+00 +2.0833e+00 +2.0833e+00 +2.0833e+00 +2.0833e+00 -1.6667e+00
453 0 +9.745269403e-01 +5.364526940e+00 +5.364526940e+00 +2.0850e+00 +2.0867e+00 +2.0894e+00 +2.0937e+00 -1.6787e+00
459 0 +7.660024101e-01 +5.156002410e+00 +5.156002410e+00 +2.0954e+00 +2.1072e+00 +2.1218e+00 +2.1561e+00 -1.7879e+00
465 0 +5.364999459e-01 +4.926499946e+00 +4.926499946e+00 +2.0906e+00 +2.0971e+00 +2.1035e+00 +2.1179e+00 -1.7280e+00
471 0 +4.653211666e-01 +4.855321167e+00 +4.855321167e+00 +2.0930e+00 +2.1011e+00 +2.1075e+00 +2.1242e+00 -1.7490e+00
477 0 +4.511514702e-01 +4.841151470e+00 +4.841151470e+00 +2.0943e+00 +2.1026e+00 +2.1069e+00 +2.1205e+00 -1.7555e+00
483 0 +4.362702556e-01 +4.826270256e+00 +4.826270256e+00 +2.0969e+00 +2.1050e+00 +2.1041e+00 +2.1090e+00 -1.7624e+00
50543 0 +4.020889354e-01 +4.792088935e+00 +4.792088935e+00 +2.1354e+00 +2.0573e+00 +2.1354e+00 +2.0573e+00 -9.8958e-01
50632 0 +3.569747019e-01 +4.746974702e+00 +4.746974702e+00 +2.1615e+00 +2.0833e+00 +2.1615e+00 +2.0833e+00 -9.6354e-01
50656 0 +3.320747129e-01 +4.722074713e+00 +4.722074713e+00 +2.1224e+00 +2.0833e+00 +2.1615e+00 +2.0833e+00 -9.6354e-01
50663 0 +3.084935315e-01 +4.698493532e+00 +4.698493532e+00 +2.1218e+00 +2.0828e+00 +2.1539e+00 +2.0857e+00 -9.6491e-01
50669 0 +2.514943090e-01 +4.641494309e+00 +4.641494309e+00 +2.1191e+00 +2.0818e+00 +2.1199e+00 +2.0963e+00 -9.6711e-01
50675 0 +2.464202510e-01 +4.636420251e+00 +4.636420251e+00 +2.1182e+00 +2.0832e+00 +2.1112e+00 +2.0996e+00 -9.6525e-01
50681 0 +2.434141155e-01 +4.633414116e+00 +4.633414116e+00 +2.1174e+00 +2.0860e+00 +2.1070e+00 +2.1021e+00 -9.6248e-01
50693 0 +2.395469037e-01 +4.629546904e+00 +4.629546904e+00 +2.1153e+00 +2.0950e+00 +2.1056e+00 +2.1063e+00 -9.5855e-01
