% f evaluations | g evaluations | best noise-free fitness - Fopt (-1.000000000000e+03) + sum g_i+ | measured fitness | best measured fitness or single-digit g-values | x1 | x2...
1 0 +6.871120347e+01 -9.312887965e+02 -9.312887965e+02 -2.4405e+00 -8.5818e-01 -2.7150e+00 -2.4247e+00 +1.8859e+00
5 0 +3.764825853e+01 -9.623517415e+02 -9.623517415e+02 +8.7842e-01 -1.2712e+00 +1.0820e+00 +8.9151e-01 -4.6198e-01
20 0 +4.508436030e+00 -9.954915640e+02 -9.954915640e+02 +2.3336e+00 +1.4061e+00 +1.7796e+00 +6.7226e-01 -1.0195e+00
536 0 +2.845594121e+00 -9.971544059e+02 -9.971544059e+02 +4.1011e-01 +4.7528e-01 +2.8606e+00 +3.7198e-02 -1.6897e+00
1174 0 +2.012063385e+00 -9.979879366e+02 -9.979879366e+02 +2.5184e+00 +1.6426e+00 +1.7138e+00 +2.5944e+00 +2.4450e-01
2548 0 +6.212096346e-01 -9.993787904e+02 -9.993787904e+02 +9.1567e-01 -1.9380e-01 +2.2547e+00 -1.4377e+00 -2.2770e+00
5246 0 +5.794792973e-01 -9.994205207e+02 -9.994205207e+02 +1.3895e+00 -7.6743e-02 +2.4787e+00 -1.1969e+00 -1.8518e+00
7640 0 +4.982485272e-01 -9.995017515e+02 -9.995017515e+02 +1.8709e+00 +1.9831e+00 +2.8875e+00 +2.5882e+00 -6.1672e-01
16663 0 +1.866482461e-01 -9.998133518e+02 -9.998133518e+02 +1.5751e+00 +2.7470e-01 +2.5374e+00 -1.0646e+00 -1.9249e+00
19750 0 +1.196488018e-01 -9.998803512e+02 -9.998803512e+02 +1.2443e+00 +1.9155e-02 +2.1108e+00 -1.2995e+00 -2.0352e+00
29464 0 +6.899861700e-02 -9.999310014e+02 -9.999310014e+02 +2.1892e+00 +1.2904e+00 +2.1612e+00 +1.7682e+00 -4.2359e-01
48257 0 +3.396085880e-02 -9.999660391e+02 -9.999660391e+02 +1.4698e+00 +1.1500e+00 +2.6593e+00 +1.1976e+00 -1.0499e+00
364713 0 +1.419652499e-02 -9.999858035e+02 -9.999858035e+02 +1.0917e+00 +5.5282e-01 +2.5973e+00 -1.4177e-01 -1.6813e+00
945952 0 +1.375242451e-02 -9.999862476e+02 -9.999862476e+02 +1.5078e+00 +4.4864e-01 +2.4208e+00 -8.0858e-01 -1.7835e+00
994530 0 +6.319163974e-03 -9.999936808e+02 -9.999936808e+02 +1.5962e+00 +6.4077e-01 +2.5436e+00 -3.9943e-01 -1.6736e+00
1307692 0 +3.805258569e-03 -9.999961947e+02 -9.999961947e+02 +1.1422e+00 +9.1676e-01 +2.8947e+00 -1.8427e-02 -1.8854e+00
1383975 0 +3.589493595e-03 -9.999964105e+02 -9.999964105e+02 +1.3770e+00 +4.1492e-01 +2.3629e+00 -6.8054e-01 -1.7910e+00
3613093 0 +2.931040805e-03 -9.999970690e+02 -9.999970690e+02 +1.1961e+00 +5.7055e-01 +2.6687e+00 -2.7536e-01 -1.7442e+00
3799114 0 +1.123908390e-03 -9.999988761e+02 -9.999988761e+02 +1.3189e+00 +8.5969e-01 +2.7956e+00 +3.7355e-02 -1.7356e+00
% f evaluations | g evaluations | best noise-free fitness - Fopt (1.000000000000e+03) + sum g_i+ | measured fitness | best measured fitness or single-digit g-values | x1 | x2...
1 0 +7.097940163e+01 +1.070979402e+03 +1.070979402e+03 -6.8210e-01 -1.1318e-02 -7.3840e-01 +7.1244e-01 -2.1258e+00
2 0 +6.220995478e+01 +1.062209955e+03 +1.062209955e+03 +2.6038e+00 -1.4499e+00 +2.5235e-01 -2.3651e+00 -2.9089e+00
6 0 +5.546950725e+01 +1.055469507e+03 +1.055469507e+03 -1.6560e+00 +1.7176e+00 -1.3685e-02 -1.8739e-01 -1.7693e+00
9 0 +4.721808338e+01 +1.047218083e+03 +1.047218083e+03 -1.8903e+00 -2.2986e-01 +9.1458e-01 -1.8409e+00 -2.5370e+00
16 0 +4.349443313e+01 +1.043494433e+03 +1.043494433e+03 -2.7309e+00 +1.6582e+00 +5.5174e-01 -1.8915e+00 -2.2134e+00
25 0 +3.661312629e+01 +1.036613126e+03 +1.036613126e+03 -8.2128e-01 +2.4281e+00 -2.1135e+00 +2.4454e+00 +2.4127e+00
37 0 +2.231023538e+01 +1.022310235e+03 +1.022310235e+03 +1.9754e+00 +1.9531e+00 +2.1894e+00 -1.1606e+00 +2.7981e+00
132 0 +2.091780003e+01 +1.020917800e+03 +1.020917800e+03 -1.5935e+00 -1.6499e+00 -2.0318e+00 +2.9657e+00 -1.9272e+00
168 0 +7.981958066e+00 +1.007981958e+03 +1.007981958e+03 -2.8174e+00 -9.0275e-01 +2.7321e-01 -2.8255e+00 -2.0071e+00
1263 0 +7.608997488e+00 +1.007608997e+03 +1.007608997e+03 -1.4680e+00 -1.3898e+00 -2.8608e+00 +2.8142e+00 +8.4489e-01
1436 0 +7.193603287e+00 +1.007193603e+03 +1.007193603e+03 -1.1118e+00 -1.9241e+00 -1.5673e+00 +2.6401e+00 -1.0911e+00
1643 0 +6.594705456e+00 +1.006594705e+03 +1.006594705e+03 -4.9181e-01 -2.2240e+00 -2.2512e+00 +2.2137e+00 -2.4848e+00
2212 0 +4.500553758e+00 +1.004500554e+03 +1.004500554e+03 -9.7198e-01 -2.3552e+00 -1.3963e+00 +2.2486e+00 -2.9213e+00
7921 0 +2.742584807e-01 +1.000274258e+03 +1.000274258e+03 -1.0390e+00 -1.5003e+00 -2.7951e+00 +2.3579e+00 -1.4974e+00
12417 0 +1.224880263e-01 +1.000122488e+03 +1.000122488e+03 -1.1724e+00 -1.8306e+00 -2.7767e+00 +2.1700e+00 -2.0402e+00
25001 0 +3.275572906e-02 +1.000032756e+03 +1.000032756e+03 -7.2139e-01 -1.6358e+00 -2.1707e+00 +2.4781e+00 -2.3622e+00
357772 0 +1.294114636e-02 +1.000012941e+03 +1.000012941e+03 -8.5522e-01 -1.5537e+00 -2.3640e+00 +2.5069e+00 -2.0233e+00
568181 0 +7.560131372e-03 +1.000007560e+03 +1.000007560e+03 -9.0098e-01 -1.2942e+00 -2.3487e+00 +2.6517e+00 -2.0536e+00
2363576 0 +3.847241226e-03 +1.000003847e+03 +1.000003847e+03 -7.2506e-01 -1.2202e+00 -2.1941e+00 +2.7254e+00 -2.0218e+00
2568771 0 +3.038190276e-03 +1.000003038e+03 +1.000003038e+03 -9.6221e-01 -1.7545e+00 -2.3259e+00 +2.1253e+00 -2.7703e+00
% f evaluations | g evaluations | best noise-free fitness - Fopt (-4.913000000000e+01) + sum g_i+ | measured fitness | best measured fitness or single-digit g-values | x1 | x2...
1 0 +7.815578162e+01 +2.902578162e+01 +2.902578162e+01 +2.2230e+00 -5.0043e-02 -7.8089e-02 -1.2842e+00 -2.7571e+00
2 0 +7.201607893e+01 +2.288607893e+01 +2.288607893e+01 +2.6746e+00 -5.4144e-01 +2.5156e+00 -2.3617e+00 +1.2039e+00
3 0 +6.905846450e+01 +1.992846450e+01 +1.992846450e+01 -2.2648e+00 +1.9847e+00 +1.5803e+00 +1.0610e+00 -1.5294e+00
8 0 +6.155584731e+01 +1.242584731e+01 +1.242584731e+01 +4.6003e-01 +1.6149e+00 -4.8063e-01 +7.0447e-01 +2.2550e+00
13 0 +5.221860721e+01 +3.088607213e+00 +3.088607213e+00 +7.9283e-01 -1.3660e-01 +1.4010e+00 +1.8980e+00 +1.1100e+00
36 0 +1.257905353e+01 -3.655094647e+01 -3.655094647e+01 +2.1143e+00 -1.2379e+00 +1.7312e+00 -6.7646e-01 +6.5718e-01
71 0 +1.093417240e+01 -3.819582760e+01 -3.819582760e+01 +1.1782e+00 -6.5795e-01 +6.0714e-01 -9.7196e-01 +8.1278e-01
131 0 +7.693627605e+00 -4.143637240e+01 -4.143637240e+01 +1.4490e+00 -2.6297e+00 +1.9259e+00 +1.7620e+00 +1.1500e+00
321 0 +4.640016577e+00 -4.448998342e+01 -4.448998342e+01 -1.8173e+00 +1.7542e+00 -1.9578e+00 +1.0787e+00 +1.0996e+00
1383 0 +2.704191633e+00 -4.642580837e+01 -4.642580837e+01 -1.3173e+00 +1.6661e+00 -2.4340e+00 +1.4685e-01 +1.4391e+00
1577 0 +2.137234671e+00 -4.699276533e+01 -4.699276533e+01 +1.5877e+00 -6.9242e-01 +1.5427e+00 -2.9759e-01 +6.6587e-01
11458 0 +2.079806937e+00 -4.705019306e+01 -4.705019306e+01 +1.8963e+00 -3.6650e-01 +2.2033e+00 +8.3486e-01 +8.7008e-01
13191 0 +8.185907560e-01 -4.831140924e+01 -4.831140924e+01 +2.9425e+00 -4.1362e-01 +1.7492e+00 -6.8705e-01 +1.2943e+00
13230 0 +4.719240686e-01 -4.865807593e+01 -4.865807593e+01 +2.8170e+00 +6.3239e-01 +2.6005e+00 +1.3093e-01 +7.7819e-01
99183 0 +2.993668178e-01 -4.883063318e+01 -4.883063318e+01 +2.9620e+00 +8.9402e-01 +2.9556e+00 +1.9759e-01 +9.3721e-01
279973 0 +1.689446119e-01 -4.896105539e+01 -4.896105539e+01 +2.8443e+00 -1.5847e-01 +2.3369e+00 +3.5186e-01 +1.1072e+00
520173 0 +7.329848617e-02 -4.905670151e+01 -4.905670151e+01 +2.9082e+00 +1.2350e+00 +2.6560e+00 -1.6915e-01 +8.7591e-01
1520969 0 +7.117438401e-02 -4.905882562e+01 -4.905882562e+01 +2.9916e+00 +6.8042e-01 +2.6039e+00 +3.0108e-01 +1.0920e+00
1745497 0 +6.960621123e-02 -4.906039379e+01 -4.906039379e+01 +2.8735e+00 +1.4154e+00 +2.9244e+00 +3.9312e-01 +7.9886e-01
% f evaluations | g evaluations | best noise-free fitness - Fopt (2.977300000000e+02) + sum g_i+ | measured fitness | best measured fitness or single-digit g-values | x1 | x2...
1 0 +7.546183145e+01 +3.731918315e+02 +3.731918315e+02 -1.8091e+00 +1.5312e+00 -8.6329e-01 -1.5082e+00 +1.2555e+00
3 0 +6.282151578e+01 +3.605515158e+02 +3.605515158e+02 +2.0755e+00 +2.6660e+00 -5.8403e-01 -4.0099e-01 -2.0960e+00
7 0 +4.479195426e+01 +3.425219543e+02 +3.425219543e+02 +2.0933e+00 -2.3960e+00 +1.6595e-01 +1.0095e+00 -2.7869e-01
12 0 +3.617203449e+01 +3.339020345e+02 +3.339020345e+02 -1.9900e+00 -5.4312e-01 +7.0335e-01 -1.6142e+00 +1.9277e+00
32 0 +2.964793744e+01 +3.273779374e+02 +3.273779374e+02 +5.9448e-01 +1.2077e+00 +2.5501e+00 -2.5263e+00 -2.7236e-01
34 0 +1.744736946e+01 +3.151773695e+02 +3.151773695e+02 +2.2762e+00 +1.1452e+00 -9.9094e-01 -1.6371e+00 -2.9142e+00
106 0 +1.370976040e+01 +3.114397604e+02 +3.114397604e+02 -1.5192e+00 -1.3562e+00 +1.8075e+00 +2.4576e-01 +9.5841e-01
204 0 +1.237010478e+01 +3.101001048e+02 +3.101001048e+02 +1.7488e+00 +1.3993e+00 +2.1229e+00 +2.5967e+00 -8.0555e-01
282 0 +8.786676866e+00 +3.065166769e+02 +3.065166769e+02 +2.9663e+00 +1.4497e+00 +2.4894e+00 +2.3839e+00 +3.1522e-01
1438 0 +6.482104204e+00 +3.042121042e+02 +3.042121042e+02 +1.2423e+00 +8.6820e-01 +2.2452e+00 +2.8385e+00 +7.9255e-01
2926 0 +2.094492462e+00 +2.998244925e+02 +2.998244925e+02 -1.6474e+00 -2.1499e-02 +2.9485e+00 +2.8381e+00 +2.1046e+00
21126 0 +2.003038787e+00 +2.997330388e+02 +2.997330388e+02 +1.4529e-01 +1.2516e-01 +2.8596e+00 +2.5485e+00 +1.5556e+00
22720 0 +1.799465912e+00 +2.995294659e+02 +2.995294659e+02 +2.3973e+00 +1.2117e+00 +2.9643e+00 +2.2837e+00 +3.6081e-01
23000 0 +1.184856722e+00 +2.989148567e+02 +2.989148567e+02 -1.4277e+00 +1.2424e+00 +2.8651e+00 +2.5439e+00 +1.6596e-01
24356 0 +8.845927181e-01 +2.986145927e+02 +2.986145927e+02 +1.1593e+00 +5.7495e-01 +2.9327e+00 +2.7769e+00 +1.1855e+00
105646 0 +6.491481963e-01 +2.983791482e+02 +2.983791482e+02 -1.9545e+00 +5.3192e-01 +2.8029e+00 +2.6116e+00 +8.7857e-01
205454 0 +5.614865224e-01 +2.982914865e+02 +2.982914865e+02 -1.9611e+00 +1.2960e+00 +2.9541e+00 +2.4549e+00 -6.1637e-02
225870 0 +5.142702391e-01 +2.982442702e+02 +2.982442702e+02 -1.0484e+00 +6.2020e-01 +2.9357e+00 +2.7544e+00 +7.9445e-01
230125 0 +4.685387336e-01 +2.981985387e+02 +2.981985387e+02 -1.9520e+00 +4.6609e-01 +2.9224e+00 +2.8556e+00 +1.0666e+00
720260 0 +4.580267707e-01 +2.981880268e+02 +2.981880268e+02 -1.2301e+00 +1.0298e+00 +2.9152e+00 +2.5186e+00 +4.1295e-01
1314769 0 +4.089114895e-01 +2.981389115e+02 +2.981389115e+02 -1.2249e+00 +5.7543e-01 +2.9382e+00 +2.8142e+00 +9.7644e-01
1900434 0 +3.369011934e-01 +2.980669012e+02 +2.980669012e+02 -4.1546e-01 +9.4941e-01 +2.9487e+00 +2.4892e+00 +4.8378e-01
% f evaluations | g evaluations | best noise-free fitness - Fopt (5.157000000000e+01) + sum g_i+ | measured fitness | best measured fitness or single-digit g-values | x1 | x2...
1 0 +8.176128263e+01 +1.333312826e+02 +1.333312826e+02 +2.4434e+00 +5.0992e-01 +2.7240e+00 +2.3705e+00 +2.4650e+00
2 0 +7.161145496e+01 +1.231814550e+02 +1.231814550e+02 -8.4402e-01 -4.4880e-01 -9.0782e-01 -1.7262e+00 -1.1522e+00
3 0 +6.035407406e+01 +1.119240741e+02 +1.119240741e+02 -9.7759e-01 -1.9778e+00 +1.2255e+00 -2.1241e+00 -6.1682e-01
15 0 +5.184858073e+01 +1.034185807e+02 +1.034185807e+02 +2.4064e+00 -5.8919e-01 +2.3491e+00 -9.2045e-02 -1.9301e+00
73 0 +3.528757415e+01 +8.685757415e+01 +8.685757415e+01 -7.6752e-01 +1.1806e+00 -1.6570e+00 +2.4406e+00 -2.4200e+00
186 0 +3.144276271e+01 +8.301276271e+01 +8.301276271e+01 +1.2221e+00 +2.9259e+00 -2.1564e-01 -1.1391e+00 +2.1585e+00
224 0 +2.257441602e+01 +7.414441602e+01 +7.414441602e+01 -2.4721e+00 -2.0513e+00 -1.3246e+00 -2.1513e+00 -4.4139e-01
232 0 +6.748920262e+00 +5.831892026e+01 +5.831892026e+01 +1.4502e+00 +9.3889e-01 -1.7956e+00 -1.9676e+00 +9.1857e-01
1483 0 +1.926093271e+00 +5.349609327e+01 +5.349609327e+01 +1.9916e+00 +2.4845e+00 -2.1052e+00 -9.8144e-01 +7.5205e-01
2546 0 +5.152962542e-01 +5.208529625e+01 +5.208529625e+01 +1.6563e+00 +9.6625e-01 -2.1265e+00 -2.5507e+00 +1.1742e+00
5632 0 +4.157323206e-01 +5.198573232e+01 +5.198573232e+01 +1.3503e+00 +1.2806e+00 -1.5965e+00 -2.1195e+00 +1.4398e+00
15445 0 +3.507851914e-01 +5.192078519e+01 +5.192078519e+01 +2.0024e+00 +1.0764e+00 -2.1424e+00 -1.6836e+00 +1.1677e+00
32870 0 +2.416829393e-01 +5.181168294e+01 +5.181168294e+01 +1.6386e+00 +1.5994e+00 -1.6291e+00 -1.8863e+00 +1.6158e+00
33286 0 +3.579073485e-02 +5.160579073e+01 +5.160579073e+01 +1.8377e+00 +1.9149e+00 -1.9259e+00 -1.4436e+00 +1.2473e+00
144113 0 +3.572827599e-03 +5.157357283e+01 +5.157357283e+01 +1.8480e+00 +1.3074e+00 -2.1073e+00 -1.9318e+00 +1.2932e+00
349739 0 +2.514380042e-03 +5.157251438e+01 +5.157251438e+01 +2.0085e+00 +1.6355e+00 -2.3724e+00 -1.7886e+00 +1.2329e+00
1386637 0 +3.222057877e-04 +5.157032221e+01 +5.157032221e+01 +2.0609e+00 +1.2534e+00 -2.1998e+00 -1.7806e+00 +1.3372e+00
% f evaluations | g evaluations | best noise-free fitness - Fopt (1.527100000000e+02) + sum g_i+ | measured fitness | best measured fitness or single-digit g-values | x1 | x2...
1 0 +7.261840329e+01 +2.253284033e+02 +2.253284033e+02 +1.6379e+00 -1.4423e+00 -1.6213e+00 +1.3274e+00 -3.8107e-02
4 0 +6.021611110e+01 +2.129261111e+02 +2.129261111e+02 -2.0208e+00 -2.6139e+00 -2.3450e+00 -8.1753e-01 +3.5482e-01
8 0 +4.299977684e+01 +1.957097768e+02 +1.957097768e+02 +1.0549e+00 +1.6257e+00 +1.6739e+00 -2.0971e+00 +2.0383e+00
20 0 +3.435529753e+01 +1.870652975e+02 +1.870652975e+02 +2.6845e-01 -2.9444e+00 -8.5121e-01 +2.0732e+00 +2.7631e+00
30 0 +3.150010609e+01 +1.842101061e+02 +1.842101061e+02 -2.7736e+00 +2.9009e+00 +1.3315e+00 -2.1595e+00 +2.5447e+00
33 0 +2.789408695e+01 +1.806040869e+02 +1.806040869e+02 -2.4372e+00 +2.2511e+00 -2.5229e+00 +1.8354e+00 -2.2198e+00
120 0 +1.323158939e+01 +1.659415894e+02 +1.659415894e+02 +2.8620e+00 +2.2152e+00 +1.0246e+00 -1.5363e+00 +2.8029e+00
403 0 +1.208148081e+01 +1.647914808e+02 +1.647914808e+02 +2.5646e+00 -1.2625e+00 +2.9308e+00 +2.5581e+00 +1.6855e+00
696 0 +8.882129298e+00 +1.615921293e+02 +1.615921293e+02 -1.6107e+00 -2.8302e+00 +1.3795e+00 +2.7047e+00 +1.0091e+00
981 0 +8.201593776e+00 +1.609115938e+02 +1.609115938e+02 +2.3819e+00 +1.6450e+00 +2.3355e+00 -2.3683e+00 +2.7637e+00
1066 0 +6.635916535e+00 +1.593459165e+02 +1.593459165e+02 -2.6064e+00 -1.4454e+00 +2.3790e+00 +2.8429e+00 +1.1737e+00
2229 0 +2.874037955e+00 +1.555840380e+02 +1.555840380e+02 -9.3170e-01 -2.4273e+00 +2.5385e+00 +2.5803e+00 +2.2528e+00
7152 0 +2.423933241e+00 +1.551339332e+02 +1.551339332e+02 -8.9064e-02 -1.5278e+00 +2.3811e+00 +2.7831e+00 +1.2855e+00
11386 0 +1.992526534e+00 +1.547025265e+02 +1.547025265e+02 -2.9074e+00 -2.4960e+00 +2.4375e+00 +2.6884e+00 +2.0249e+00
75480 0 +1.562280825e+00 +1.542722808e+02 +1.542722808e+02 -8.2245e-02 -2.1369e+00 +2.2701e+00 +2.8358e+00 +1.1563e+00
96762 0 +1.529751481e+00 +1.542397515e+02 +1.542397515e+02 +1.3367e+00 -9.9584e-01 +2.4727e+00 +2.9846e+00 +1.4738e-01
274374 0 +6.280836172e-01 +1.533380836e+02 +1.533380836e+02 -1.0858e+00 -2.3533e+00 +2.0737e+00 +2.9341e+00 +9.7589e-01
395278 0 +5.896917065e-01 +1.532996917e+02 +1.532996917e+02 -1.5254e+00 -2.4409e+00 +2.2072e+00 +2.9905e+00 +1.4462e+00
909994 0 +4.990101067e-01 +1.532090101e+02 +1.532090101e+02 -8.0509e-01 -2.1508e+00 +2.1457e+00 +2.9767e+00 +8.8711e-01
2667722 0 +4.738445861e-01 +1.531838446e+02 +1.531838446e+02 -2.1028e+00 -1.9339e+00 +2.3696e+00 +2.9687e+00 +1.1653e+00
% f evaluations | g evaluations | best noise-free fitness - Fopt (9.980000000000e+01) + sum g_i+ | measured fitness | best measured fitness or single-digit g-values | x1 | x2...
1 0 +6.464413612e+01 +1.644441361e+02 +1.644441361e+02 +2.7535e+00 +3.9579e-01 +6.1482e-01 +3.6652e-01 +1.5069e+00
5 0 +2.829679867e+01 +1.280967987e+02 +1.280967987e+02 +2.1342e+00 +2.1527e+00 +1.0572e+00 +1.0775e+00 -1.4130e+00
47 0 +9.490309857e+00 +1.092903099e+02 +1.092903099e+02 -2.9813e+00 -2.4487e-01 +1.2025e+00 +1.2774e+00 +2.6072e-03
70 0 +7.080598798e+00 +1.068805988e+02 +1.068805988e+02 +2.6859e+00 +1.9023e+00 -8.9799e-02 +1.0746e+00 -2.2556e+00
309 0 +6.711927301e+00 +1.065119273e+02 +1.065119273e+02 -2.8828e+00 +1.3557e+00 +3.9960e-01 +7.1752e-01 +1.7643e-01
1193 0 +2.135303554e+00 +1.019353036e+02 +1.019353036e+02 -2.2745e+00 +4.6461e-01 +2.1089e+00 +1.5815e+00 +5.7655e-01
2638 0 +4.897577255e-01 +1.002897577e+02 +1.002897577e+02 -2.6619e+00 -2.2624e-01 +2.8705e+00 +2.2300e+00 +3.7720e-01
3152 0 +4.438267823e-01 +1.002438268e+02 +1.002438268e+02 -2.0997e+00 -9.7692e-01 +9.9743e-01 +2.0375e+00 +4.7902e-01
4709 0 +2.630982347e-01 +1.000630982e+02 +1.000630982e+02 -6.8543e-02 +2.7008e+00 +2.9925e+00 +2.9499e+00 +3.0985e-01
8597 0 +5.254010179e-02 +9.985254010e+01 +9.985254010e+01 -1.4970e+00 +1.2210e+00 +2.4937e+00 +2.4164e+00 +2.5581e-01
50084 0 +3.960405420e-03 +9.980396041e+01 +9.980396041e+01 -2.0077e+00 +7.4128e-01 +2.7370e+00 +2.2000e+00 +3.8085e-01
1766384 0 +3.620370086e-03 +9.980362037e+01 +9.980362037e+01 -1.7601e+00 +7.4342e-01 +2.3843e+00 +2.2933e+00 +3.8006e-01
4363638 0 +3.149831521e-03 +9.980314983e+01 +9.980314983e+01 -2.0801e+00 +5.3066e-01 +2.6200e+00 +2.3595e+00 +3.9677e-01
4944431 0 +6.471071607e-04 +9.980064711e+01 +9.980064711e+01 -2.2298e+00 +6.6695e-02 +2.1489e+00 +2.1759e+00 +3.9585e-01
% f evaluations | g evaluations | best noise-free fitness - Fopt (-1.194100000000e+02) + sum g_i+ | measured fitness | best measured fitness or single-digit g-values | x1 | x2...
1 0 +7.465769159e+01 -4.475230841e+01 -4.475230841e+01 +6.1035e-01 -1.7421e+00 +2.0666e+00 +6.9044e-01 +1.7698e+00
3 0 +6.884724570e+01 -5.056275430e+01 -5.056275430e+01 +1.9777e+00 +1.4567e-01 +2.6691e+00 -6.0419e-01 +2.4140e+00
5 0 +6.181804312e+01 -5.759195688e+01 -5.759195688e+01 -2.2665e+00 -2.0967e+00 -2.7043e+00 -8.6451e-01 -1.8562e+00
9 0 +4.936446983e+01 -7.004553017e+01 -7.004553017e+01 +2.1546e+00 +1.9926e+00 -8.4732e-02 +2.8346e+00 +2.1060e+00
19 0 +4.077944453e+00 -1.153320555e+02 -1.153320555e+02 -1.7124e+00 +2.2010e+00 +2.7503e+00 +1.9180e+00 +7.9514e-01
143 0 +3.620342914e+00 -1.157896571e+02 -1.157896571e+02 -2.8483e+00 +1.3188e+00 +2.0247e+00 +9.3208e-01 -2.2551e+00
600 0 +5.027781640e-01 -1.189072218e+02 -1.189072218e+02 -1.6682e+00 +6.4691e-01 +2.5951e+00 +2.8526e+00 -1.8521e+00
6591 0 +6.923891851e-02 -1.193407611e+02 -1.193407611e+02 -2.1044e+00 +1.6046e+00 +2.1909e+00 +2.5328e+00 -3.3926e-01
210414 0 +2.623456948e-03 -1.194073765e+02 -1.194073765e+02 -1.7454e+00 +9.9831e-01 +2.8382e+00 +2.9114e+00 -8.4299e-01
% f evaluations | g evaluations | best noise-free fitness - Fopt (1.077000000000e+01) + sum g_i+ | measured fitness | best measured fitness or single-digit g-values | x1 | x2...
1 0 +1.918248536e+01 +2.995248536e+01 +2.995248536e+01 -2.7551e+00 -2.6043e+00 -1.3866e+00 -1.4858e+00 -2.2503e+00
3 0 +1.112105524e+01 +2.189105524e+01 +2.189105524e+01 -2.5496e+00 -8.1372e-01 +2.2370e+00 +6.4416e-01 -1.4776e+00
152 0 +9.266832869e+00 +2.003683287e+01 +2.003683287e+01 +6.8200e-01 -1.6024e+00 +1.7243e+00 +2.1711e+00 -6.0573e-03
164 0 +7.431993376e+00 +1.820199338e+01 +1.820199338e+01 +1.7307e+00 -8.1181e-01 -9.8965e-01 +2.0502e+00 -1.5056e-01
312 0 +2.022656520e+00 +1.279265652e+01 +1.279265652e+01 +9.6862e-01 -5.9325e-01 -8.9161e-01 +9.7496e-01 +4.2378e-01
1216 0 +1.339606573e+00 +1.210960657e+01 +1.210960657e+01 +1.3991e+00 -2.6156e-01 +5.7719e-02 +2.3091e+00 +1.9999e-01
4641 0 +5.593452625e-01 +1.132934526e+01 +1.132934526e+01 +1.2533e+00 -1.2027e-01 +9.0164e-01 +2.6210e+00 +1.0007e-03
8082 0 +2.833665791e-01 +1.105336658e+01 +1.105336658e+01 +1.3061e+00 -8.2564e-01 -7.6304e-01 +2.1283e+00 +3.3699e-01
15731 0 +2.682287772e-01 +1.103822878e+01 +1.103822878e+01 +1.4046e+00 -1.3450e+00 -7.1366e-01 +2.1634e+00 +2.6078e-01
18084 0 +9.143351656e-02 +1.086143352e+01 +1.086143352e+01 +1.6376e+00 -1.9590e-01 +3.9355e-01 +2.9339e+00 -7.4517e-02
185067 0 +3.141573314e-02 +1.080141573e+01 +1.080141573e+01 +1.6648e+00 -2.0256e+00 -9.3292e-01 +2.5347e+00 +5.2274e-01
280917 0 +1.501048179e-02 +1.078501048e+01 +1.078501048e+01 +1.8019e+00 -1.9415e+00 -1.2555e+00 +2.8532e+00 +6.8894e-01
1699796 0 +8.987502189e-03 +1.077898750e+01 +1.077898750e+01 +1.4627e+00 -8.2954e-01 +3.6411e-02 +2.5003e+00 +9.7822e-02
1899600 0 +2.421118680e-03 +1.077242112e+01 +1.077242112e+01 +1.6382e+00 -1.2649e+00 -4.1733e-01 +2.8750e+00 +2.9612e-01
4131312 0 +1.335389724e-03 +1.077133539e+01 +1.077133539e+01 +1.6093e+00 -1.2080e+00 -3.0402e-01 +2.8796e+00 +2.9985e-01
4164747 0 +5.938476121e-04 +1.077059385e+01 +1.077059385e+01 +1.7348e+00 -1.2597e+00 -1.7503e-01 +2.9857e+00 +2.0591e-01
% f evaluations | g evaluations | best noise-free fitness - Fopt (2.137000000000e+01) + sum g_i+ | measured fitness | best measured fitness or single-digit g-values | x1 | x2...
1 0 +7.165788054e+01 +9.302788054e+01 +9.302788054e+01 +2.0345e+00 -1.2335e+00 -1.2422e+00 -2.3410e-01 -1.5296e+00
8 0 +6.840696000e+01 +8.977696000e+01 +8.977696000e+01 +1.9923e-01 -1.4268e+00 -1.8690e+00 -5.7408e-01 +6.1290e-01
12 0 +1.638895485e+00 +2.300889549e+01 +2.300889549e+01 +2.4641e+00 +1.4849e+00 -6.6413e-01 -1.5304e+00 +1.3212e+00
2188 0 +1.477642848e+00 +2.284764285e+01 +2.284764285e+01 +2.4852e+00 +1.0320e+00 -9.3512e-01 -5.9824e-01 +1.1622e+00
6842 0 +1.031216821e+00 +2.240121682e+01 +2.240121682e+01 +2.4407e+00 +2.5459e+00 +2.6354e-01 -2.5187e+00 +1.2821e-01
7451 0 +4.849302403e-01 +2.185493024e+01 +2.185493024e+01 +2.3765e+00 +2.3303e+00 -7.1843e-01 -1.7375e+00 +1.2126e+00
12161 0 +3.761205547e-01 +2.174612055e+01 +2.174612055e+01 +2.7579e+00 +2.7460e+00 -2.6373e+00 -4.1473e-01 +1.1322e+00
21172 0 +2.238479054e-02 +2.139238479e+01 +2.139238479e+01 +2.6298e+00 +2.5581e+00 -1.3996e+00 -9.2932e-01 +1.1527e+00
160655 0 +2.087014857e-03 +2.137208701e+01 +2.137208701e+01 +2.7611e+00 +2.6260e+00 -1.6390e+00 -5.7826e-01 +1.4763e+00
1768465 0 +1.601109915e-04 +2.137016011e+01 +2.137016011e+01 +2.6384e+00 +2.8065e+00 -1.0417e+00 -1.2908e+00 +1.2591e+00
2521788 0 +1.310250710e-04 +2.137013103e+01 +2.137013103e+01 +2.6936e+00 +2.6152e+00 -1.4692e+00 -9.0805e-01 +1.3223e+00
% f evaluations | g evaluations | best noise-free fitness - Fopt (1.673000000000e+01) + sum g_i+ | measured fitness | best measured fitness or single-digit g-values | x1 | x2...
1 0 +7.445455778e+01 +9.118455778e+01 +9.118455778e+01 -1.1935e+00 +2.3191e+00 -2.6141e+00 +2.7211e+00 -1.8859e+00
2 0 +7.181638157e+01 +8.854638157e+01 +8.854638157e+01 +2.9393e+00 +9.4034e-01 +2.5713e+00 -1.9192e+00 -1.9399e+00
4 0 +3.963506889e+01 +5.636506889e+01 +5.636506889e+01 -2.4570e+00 +1.2434e+00 -2.4066e+00 -1.8304e+00 -4.5112e-01
26 0 +2.107867793e+01 +3.780867793e+01 +3.780867793e+01 -1.4524e+00 -2.3500e+00 +1.2282e+00 +2.4244e+00 +1.7931e-01
62 0 +1.218506585e+01 +2.891506585e+01 +2.891506585e+01 -1.5039e+00 -2.5589e-01 +1.7292e+00 +1.7406e+00 +1.4936e+00
344 0 +8.683181707e+00 +2.541318171e+01 +2.541318171e+01 -1.3755e+00 +1.5326e+00 -2.8417e+00 -1.2360e+00 -2.2445e+00
725 0 +7.817738324e+00 +2.454773832e+01 +2.454773832e+01 +6.0446e-01 +2.4930e+00 -1.8483e+00 +2.2532e-01 -2.5906e+00
843 0 +6.808857028e+00 +2.353885703e+01 +2.353885703e+01 -1.8034e+00 -2.9713e+00 -1.4095e+00 +2.6355e+00 -2.4465e+00
1130 0 +4.237266022e+00 +2.096726602e+01 +2.096726602e+01 +7.2816e-01 +1.9376e-01 +2.8815e+00 +8.3871e-01 +2.9493e+00
2724 0 +2.498037767e+00 +1.922803777e+01 +1.922803777e+01 +1.2282e+00 +2.1507e+00 -1.5908e+00 -5.9852e-01 -2.4487e+00
6840 0 +2.415389299e+00 +1.914538930e+01 +1.914538930e+01 +9.7361e-01 +1.7437e+00 -1.2088e+00 -1.6312e-01 -2.6816e+00
7177 0 +2.106321259e+00 +1.883632126e+01 +1.883632126e+01 -1.8192e-01 +2.2395e+00 -2.6793e+00 -1.4546e+00 -2.1862e+00
13924 0 +1.535772310e+00 +1.826577231e+01 +1.826577231e+01 +7.1463e-01 +2.1839e+00 -1.8197e+00 -7.1346e-01 -2.5743e+00
19152 0 +1.228741608e+00 +1.795874161e+01 +1.795874161e+01 -1.3959e-01 +2.4186e+00 -2.1379e+00 -9.6045e-01 -2.3731e+00
30289 0 +4.988525135e-01 +1.722885251e+01 +1.722885251e+01 -1.7724e+00 -2.6160e+00 -2.9547e+00 +1.9832e+00 -2.0313e+00
34484 0 +4.357984648e-01 +1.716579846e+01 +1.716579846e+01 -1.1517e+00 -2.6564e+00 -2.9676e+00 +2.5190e+00 -2.7498e+00
78828 0 +1.322060841e-01 +1.686220608e+01 +1.686220608e+01 -7.7312e-01 -2.9821e+00 -2.3291e+00 +2.7032e+00 -2.5192e+00
117748 0 +1.042645470e-01 +1.683426455e+01 +1.683426455e+01 -1.1059e+00 -2.5553e+00 -2.4361e+00 +2.2464e+00 -2.6155e+00
238782 0 +8.323995251e-02 +1.681323995e+01 +1.681323995e+01 -1.4457e+00 -2.4322e+00 -2.8836e+00 +2.0447e+00 -2.4396e+00
995142 0 +8.154444695e-02 +1.681154445e+01 +1.681154445e+01 -1.3146e+00 -2.4471e+00 -2.5957e+00 +2.2344e+00 -2.8202e+00
1000606 0 +1.593463519e-02 +1.674593464e+01 +1.674593464e+01 -7.6231e-01 -2.4816e+00 -2.4761e+00 +2.5503e+00 -2.9687e+00
% f evaluations | g evaluations | best noise-free fitness - Fopt (1.000000000000e+03) + sum g_i+ | measured fitness | best measured fitness or single-digit g-values | x1 | x2...
1 0 +2.844701619e+01 +1.028447016e+03 +1.028447016e+03 +1.9715e+00 -1.4978e+00 -4.7892e-01 +2.1208e+00 +1.9912e+00
25 0 +1.528899169e+01 +1.015288992e+03 +1.015288992e+03 +1.5126e+00 +2.2978e+00 -1.5979e+00 -2.3374e+00 -2.2731e+00
38 0 +8.250301083e+00 +1.008250301e+03 +1.008250301e+03 +1.3832e+00 +1.9623e+00 +1.9824e+00 -5.1165e-01 +1.8341e+00
576 0 +7.889957442e+00 +1.007889957e+03 +1.007889957e+03 +9.3769e-01 +1.8393e+00 +2.2865e+00 +1.6118e+00 +2.6696e+00
1760 0 +7.295754945e+00 +1.007295755e+03 +1.007295755e+03 +8.7771e-01 +2.1521e+00 +2.0973e+00 +1.0492e+00 +2.4392e+00
1863 0 +4.276178059e+00 +1.004276178e+03 +1.004276178e+03 +3.4593e-01 +2.6706e+00 +4.6962e-01 +4.7979e-01 +2.5633e+00
2845 0 +3.806988812e+00 +1.003806989e+03 +1.003806989e+03 -1.7441e+00 -2.4195e+00 +2.4015e-01 +2.7570e+00 +2.9777e+00
7256 0 +2.427375410e+00 +1.002427375e+03 +1.002427375e+03 +3.9849e-01 +2.3347e+00 +1.2038e+00 +1.4813e+00 +2.9924e+00
23094 0 +1.299576884e+00 +1.001299577e+03 +1.001299577e+03 -1.8679e+00 -2.6240e+00 +9.9325e-01 +2.4758e+00 +2.6645e+00
62864 0 +5.532068276e-02 +1.000055321e+03 +1.000055321e+03 -2.2437e+00 -2.9955e+00 +1.3256e+00 +2.1253e+00 +2.8517e+00
3627963 0 +2.330875234e-02 +1.000023309e+03 +1.000023309e+03 -1.5148e+00 -2.9860e+00 +1.0919e+00 +2.6425e+00 +2.2176e+00
% f evaluations | g evaluations | best noise-free fitness - Fopt (-1.079600000000e+02) + sum g_i+ | measured fitness | best measured fitness or single-digit g-values | x1 | x2...
1 0 +2.149293835e+01 -8.646706165e+01 -8.646706165e+01 +1.9694e+00 -1.7013e+00 +2.1043e+00 -2.0263e+00 +2.0418e+00
11 0 +1.153998540e+01 -9.642001460e+01 -9.642001460e+01 -2.8914e+00 +6.7700e-01 +1.8101e+00 -2.1796e+00 -4.9083e-02
70 0 +8.758485315e+00 -9.920151468e+01 -9.920151468e+01 -2.9361e+00 +7.2096e-01 -2.1493e+00 -4.8050e-01 -1.9516e-01
281 0 +7.541003326e+00 -1.004189967e+02 -1.004189967e+02 -2.9966e+00 +1.9799e+00 +5.0546e-01 -1.4734e+00 +4.1230e-01
713 0 +6.349350249e+00 -1.016106498e+02 -1.016106498e+02 -2.7722e+00 +7.0224e-01 -1.4297e+00 -5.2564e-01 +1.9019e-01
1364 0 +2.205541733e+00 -1.057544583e+02 -1.057544583e+02 -2.6045e+00 +1.9752e+00 -9.9392e-01 -1.7157e+00 -3.3898e-01
7469 0 +1.134063372e+00 -1.068259366e+02 -1.068259366e+02 +6.7175e-01 +5.1664e-01 -1.6250e+00 +1.2271e+00 -2.7836e+00
70860 0 +1.048880253e+00 -1.069111197e+02 -1.069111197e+02 -4.5417e-01 +6.8067e-01 -2.6620e+00 +1.4566e+00 -2.6209e+00
74585 0 +6.263295017e-01 -1.073336705e+02 -1.073336705e+02 +2.5338e-02 +5.9080e-01 -2.0507e+00 +1.2711e+00 -2.8178e+00
212620 0 +4.948387474e-01 -1.074651613e+02 -1.074651613e+02 -1.4933e-01 +5.6785e-01 -2.6449e+00 +1.8109e+00 -2.7478e+00
1142896 0 +2.271751364e-01 -1.077328249e+02 -1.077328249e+02 -5.3378e-01 +9.6246e-01 -2.7741e+00 +2.0943e+00 -2.9695e+00
4880107 0 +1.753771080e-01 -1.077846229e+02 -1.077846229e+02 -5.2851e-01 +8.4838e-01 -2.4234e+00 +1.7848e+00 -2.9595e+00
% f evaluations | g evaluations | best noise-free fitness - Fopt (-3.025900000000e+02) + sum g_i+ | measured fitness | best measured fitness or single-digit g-values | x1 | x2...
1 0 +9.022450906e+00 -2.935675491e+02 -2.935675491e+02 +1.3883e+00 -2.0077e+00 -4.1816e-01 -6.8652e-01 -1.6586e+00
2 0 +1.566311579e+00 -3.010236884e+02 -3.010236884e+02 -1.3603e+00 +1.2732e+00 +2.2853e-01 -1.8926e-01 +5.0710e-02
512 0 +1.211632401e+00 -3.013783676e+02 -3.013783676e+02 -1.1165e+00 +6.6038e-01 +8.1956e-01 +1.7493e-01 -3.7758e-01
958 0 +3.180531950e-01 -3.022719468e+02 -3.022719468e+02 -1.4196e-01 -1.4902e-01 -5.0685e-01 -6.8568e-01 -9.7060e-02
9858 0 +2.801473989e-01 -3.023098526e+02 -3.023098526e+02 +6.0240e-01 -5.6109e-01 -4.7156e-02 -3.8849e-01 -8.6504e-01
14800 0 +2.102939681e-01 -3.023797060e+02 -3.023797060e+02 -4.4217e-01 +1.6446e-01 +3.9589e-01 -6.1585e-01 -2.5794e-01
82538 0 +7.376580647e-02 -3.025162342e+02 -3.025162342e+02 -4.7565e-01 +6.5723e-01 -7.0315e-01 -2.9340e-01 +1.5421e-01
84019 0 +6.515055762e-02 -3.025248494e+02 -3.025248494e+02 +1.5856e-01 -1.0672e-01 +8.2503e-02 -3.2306e-01 -6.8269e-01
92983 0 +4.590264099e-02 -3.025440974e+02 -3.025440974e+02 +1.3066e+00 -7.8423e-01 -2.2909e+00 -2.2256e-01 -6.0800e-01
271792 0 +1.634308697e-02 -3.025736569e+02 -3.025736569e+02 +5.7055e-01 -1.0354e-01 -1.1412e+00 -2.6854e-01 -5.1105e-01
366621 0 +1.329213125e-02 -3.025767079e+02 -3.025767079e+02 +4.9930e-01 +6.2258e-03 -1.9579e+00 -1.9511e-01 -1.1567e-01
1023981 0 +1.127780417e-02 -3.025787222e+02 -3.025787222e+02 -6.4213e-02 +3.2890e-01 -8.8034e-01 -2.6901e-01 -1.9801e-01
1261794 0 +2.447102756e-03 -3.025875529e+02 -3.025875529e+02 -1.4770e-01 +2.6561e-01 -6.9528e-01 -1.8953e-01 -2.5103e-01
% f evaluations | g evaluations | best noise-free fitness - Fopt (-3.065500000000e+02) + sum g_i+ | measured fitness | best measured fitness or single-digit g-values | x1 | x2...
1 0 +6.867608478e+01 -2.378739152e+02 -2.378739152e+02 -2.3571e-02 +2.4579e+00 -5.4012e-01 +1.7638e+00 +8.9502e-01
2 0 +6.688518204e+01 -2.396648180e+02 -2.396648180e+02 +2.1530e+00 +2.0918e+00 -2.9835e+00 +2.2268e+00 -6.7219e-02
6 0 +5.619500507e+01 -2.503549949e+02 -2.503549949e+02 +4.0132e-01 -1.2110e+00 +3.8243e-01 -9.1224e-02 +1.0901e+00
24 0 +1.907413156e+01 -2.874758684e+02 -2.874758684e+02 +1.0952e+00 -2.9082e-01 +2.8647e+00 -1.6720e+00 +1.0030e+00
68 0 +1.616187991e+01 -2.903881201e+02 -2.903881201e+02 -1.5425e+00 +4.7907e-01 +1.3804e+00 -2.3056e+00 +1.4778e+00
294 0 +1.050995170e+01 -2.960400483e+02 -2.960400483e+02 -1.9012e+00 +9.8314e-01 +2.4133e+00 -2.4181e+00 +7.3444e-01
689 0 +8.603788490e+00 -2.979462115e+02 -2.979462115e+02 -2.8629e+00 +1.1490e-01 +2.5724e+00 -1.4047e+00 +8.4624e-01
1105 0 +8.069581335e+00 -2.984804187e+02 -2.984804187e+02 -5.1194e-01 -2.1421e+00 +1.8791e+00 +1.3973e+00 -2.6200e+00
2379 0 +7.219145733e+00 -2.993308543e+02 -2.993308543e+02 -5.8665e-01 -3.7064e-01 +2.9260e+00 -8.0026e-01 +1.4570e+00
2691 0 +2.024844769e+00 -3.045251552e+02 -3.045251552e+02 -2.5351e+00 -7.1408e-01 +2.5991e+00 +2.6562e+00 -2.8499e+00
4436 0 +5.965871342e-01 -3.059534129e+02 -3.059534129e+02 -2.8702e+00 -2.9235e+00 +2.8425e+00 +1.1604e+00 -2.3357e+00
224930 0 +2.978315361e-01 -3.062521685e+02 -3.062521685e+02 -2.1472e+00 -2.6453e+00 +2.9822e+00 +1.0622e+00 -2.2366e+00
892277 0 +2.035862181e-01 -3.063464138e+02 -3.063464138e+02 -2.6571e+00 -2.6533e+00 +2.9853e+00 +1.0456e+00 -2.2419e+00
