% f evaluations | g evaluations | best noise-free fitness - Fopt (-1.000000000000e+03) + sum g_i+ | measured fitness | best measured fitness or single-digit g-values | x1 | x2...
1 0 +7.956851777e+01 -9.204314822e+02 -9.204314822e+02 +7.5851e-02 -1.7679e+00 +2.9159e+00 +2.8621e+00 -1.0992e-01 -1.4834e+00 +1.4802e-02 +6.3672e-02 -5.0843e-01 -2.1621e+00
2 0 +7.551061717e+01 -9.244893828e+02 -9.244893828e+02 +8.9339e-01 -2.1496e+00 +1.9744e+00 -1.8820e+00 -2.0184e+00 -2.7140e+00 +4.3489e-01 -2.7315e+00 -8.7234e-01 +2.6104e+00
6 0 +6.171510974e+01 -9.382848903e+02 -9.382848903e+02 +6.6043e-01 +1.3005e+00 +3.5117e-01 -7.7659e-01 +2.7030e+00 +5.1089e-01 +1.7311e+00 -2.3826e+00 +2.7864e+00 +2.5094e+00
20 0 +5.715266985e+01 -9.428473302e+02 -9.428473302e+02 +1.2116e-01 -6.8154e-02 +1.9141e+00 -1.1753e+00 +3.7664e-01 +1.4329e+00 +2.5203e+00 +1.4472e+00 +1.6175e-02 +2.6292e+00
66 0 +1.626632698e+01 -9.837336730e+02 -9.837336730e+02 +1.6376e+00 -1.8392e+00 +7.2304e-01 +2.0823e+00 -1.6474e+00 -5.5671e-01 -3.7474e-01 +1.6293e+00 +1.1241e+00 +1.2370e+00
3847 0 +1.568683914e+01 -9.843131609e+02 -9.843131609e+02 +1.3981e-01 +1.2541e+00 +2.9005e+00 -1.7982e+00 +1.2432e+00 -9.1758e-01 -1.5236e+00 +1.4560e+00 +2.8630e+00 +2.3697e+00
19426 0 +6.500918568e+00 -9.934990814e+02 -9.934990814e+02 +2.8211e+00 +5.5274e-01 +2.1576e+00 +9.0489e-01 -1.8546e+00 -1.6722e+00 -1.8895e+00 -8.4524e-01 +2.0423e+00 -2.3684e-01
41305 0 +5.970346913e+00 -9.940296531e+02 -9.940296531e+02 +4.6196e-02 +9.8606e-01 +1.6478e+00 -1.2912e+00 -1.5348e+00 -2.1495e-01 -4.5345e-01 -2.6090e-01 +2.8877e+00 +1.9011e+00
94423 0 +2.403677198e+00 -9.975963228e+02 -9.975963228e+02 +2.2473e+00 +1.1647e+00 +2.8412e+00 -1.1434e+00 -2.4016e+00 -1.6542e+00 -9.5603e-01 -1.6254e+00 +2.1470e+00 +5.3307e-01
128824 0 +2.024864141e+00 -9.979751359e+02 -9.979751359e+02 +2.8166e+00 -2.9175e+00 +5.8931e-01 +2.1532e+00 -5.4950e-01 -2.7389e-01 -2.8798e+00 +1.8743e+00 +1.6270e+00 +1.9751e+00
150400 0 +1.791662331e+00 -9.982083377e+02 -9.982083377e+02 +1.7424e+00 -1.3868e+00 +1.2887e-01 +1.6131e+00 -2.2967e+00 -2.7308e-01 -3.8496e-01 -3.4692e-02 +1.6448e+00 +1.6929e+00
1925367 0 +1.072002500e+00 -9.989279975e+02 -9.989279975e+02 +2.7339e+00 +1.1959e+00 +2.9898e+00 -1.2379e+00 -2.1124e+00 -2.6376e+00 -9.3891e-02 -7.5366e-01 +1.2682e+00 +5.0021e-01
2109116 0 +4.865602530e-01 -9.995134397e+02 -9.995134397e+02 +2.8901e+00 +1.4512e-01 +2.9229e+00 +3.9956e-01 -1.6609e+00 -2.3930e+00 -1.4146e+00 -2.9844e-01 +1.8296e+00 +1.3524e-01
% f evaluations | g evaluations | best noise-free fitness - Fopt (1.000000000000e+03) + sum g_i+ | measured fitness | best measured fitness or single-digit g-values | x1 | x2...
1 0 +7.407401960e+01 +1.074074020e+03 +1.074074020e+03 -8.8841e-01 -2.9791e+00 -1.7290e+00 -3.2804e-01 +5.1275e-01 +6.3155e-01 +5.5319e-01 +1.7688e+00 +7.8228e-01 +4.6230e-01
3 0 +6.802098737e+01 +1.068020987e+03 +1.068020987e+03 +2.4433e+00 -1.7040e+00 -8.3798e-01 +2.2465e+00 +1.2822e+00 +2.4957e-01 -4.8618e-01 +9.9700e-01 -2.4803e+00 +2.8072e+00
57 0 +6.499323928e+01 +1.064993239e+03 +1.064993239e+03 -2.6192e+00 +2.4858e+00 -1.6891e+00 -2.6040e+00 +1.3195e+00 -1.9229e+00 -1.1090e+00 +1.6335e+00 -2.0034e+00 -2.8904e+00
270 0 +6.403488617e+01 +1.064034886e+03 +1.064034886e+03 -9.0917e-01 +2.6321e+00 +8.6118e-01 -7.1728e-01 -2.9459e+00 -7.3429e-01 -1.1743e+00 -1.3752e+00 +1.6889e+00 +1.2017e+00
441 0 +6.069808602e+01 +1.060698086e+03 +1.060698086e+03 -5.0934e-01 +2.0673e-02 +2.6786e-01 +1.9773e+00 +1.1948e+00 +6.9401e-01 -1.6436e+00 +1.4286e+00 -2.5055e+00 +2.7562e+00
619 0 +5.447149002e+01 +1.054471490e+03 +1.054471490e+03 +1.8074e-01 +1.4860e+00 -2.3829e+00 -1.7996e+00 +1.7109e+00 +8.2667e-02 +1.5954e+00 +2.4256e+00 -2.1709e+00 -1.6772e+00
1011 0 +4.733210571e+01 +1.047332106e+03 +1.047332106e+03 -1.5827e+00 +1.4686e+00 -2.7311e+00 -2.6282e+00 +1.2348e+00 +7.3815e-02 -5.7407e-01 +1.7472e+00 -2.6817e+00 -2.2350e+00
4297 0 +4.611383138e+01 +1.046113831e+03 +1.046113831e+03 -1.0189e+00 +1.9053e+00 -2.4300e+00 -5.9908e-01 -7.2560e-01 +1.6106e+00 +3.2894e-01 +1.1039e-01 -2.4134e+00 -2.3381e+00
4392 0 +4.424667903e+01 +1.044246679e+03 +1.044246679e+03 +1.3726e+00 -1.0892e+00 -2.2703e+00 +8.8450e-02 -2.5439e+00 +2.0532e+00 -7.8580e-01 -1.6074e+00 -2.4948e+00 +2.3393e+00
4402 0 +3.179634768e+01 +1.031796348e+03 +1.031796348e+03 -2.3685e+00 +1.8818e+00 +2.6347e+00 -1.5520e+00 -2.7231e+00 +1.0230e+00 -1.5338e+00 +1.0255e+00 +9.7870e-01 +2.9687e+00
9021 0 +2.105131906e+01 +1.021051319e+03 +1.021051319e+03 +2.7752e-01 -1.3595e+00 -2.2008e+00 +7.0909e-01 -2.1012e+00 -1.3841e+00 -2.6051e+00 -1.7170e+00 -2.8658e+00 -1.7261e-01
10778 0 +4.496079970e+00 +1.004496080e+03 +1.004496080e+03 -4.2834e-01 -1.0440e+00 -1.5678e+00 +1.0562e+00 -8.2670e-01 +1.4416e-01 -2.2897e+00 +2.1898e-01 -2.8713e+00 +2.9633e+00
531097 0 +2.033447422e+00 +1.002033447e+03 +1.002033447e+03 -7.3357e-01 -2.6796e+00 -2.0685e+00 +1.9887e+00 -2.2636e+00 +8.2657e-01 +1.6418e-01 -4.4789e-01 -2.9870e+00 +2.5173e+00
% f evaluations | g evaluations | best noise-free fitness - Fopt (-4.913000000000e+01) + sum g_i+ | measured fitness | best measured fitness or single-digit g-values | x1 | x2...
1 0 +8.268134041e+01 +3.355134041e+01 +3.355134041e+01 +1.4125e+00 -7.7428e-01 +1.4983e+00 +8.6697e-01 +2.7239e+00 -1.7973e+00 -2.6763e+00 +2.3777e+00 +2.5036e+00 +9.0097e-01
4 0 +8.012086285e+01 +3.099086285e+01 +3.099086285e+01 -2.0490e+00 +2.5106e-01 -2.8872e+00 +4.2324e-01 +1.8781e+00 +1.0023e+00 -6.9495e-01 -2.4196e+00 -1.6700e-01 -1.3318e-01
6 0 +1.079694658e+01 -3.833305342e+01 -3.833305342e+01 +1.1896e+00 +4.7012e-01 +2.5540e+00 +1.9236e+00 +1.7635e+00 +2.6245e+00 -2.5860e+00 +2.6320e+00 +1.1600e+00 -1.5024e+00
21956 0 +1.062199375e+01 -3.850800625e+01 -3.850800625e+01 +2.0733e+00 -2.2052e-01 +2.0058e+00 +8.6865e-01 +1.9947e+00 +2.0494e+00 +2.0505e+00 +1.4237e+00 +1.7166e+00 -1.5452e+00
112295 0 +7.253558922e+00 -4.187644108e+01 -4.187644108e+01 +2.3508e+00 +4.4287e-01 +1.7312e+00 +9.6849e-01 +1.6293e+00 +2.8437e+00 +1.0467e+00 -5.1163e-01 +1.7782e+00 -1.2167e+00
194080 0 +7.177754504e+00 -4.195224550e+01 -4.195224550e+01 +2.5839e+00 +2.7401e+00 +2.7259e+00 +5.4938e-01 +4.7691e-02 +2.9268e+00 -2.1288e+00 +8.8759e-01 +1.6900e+00 -1.4999e+00
321988 0 +6.683518188e+00 -4.244648181e+01 -4.244648181e+01 +2.5876e+00 -4.0501e-01 +1.3991e+00 +8.3886e-01 +1.0190e+00 +2.7475e+00 -1.2593e+00 +3.8820e-01 +1.2066e+00 -1.3801e+00
474407 0 +2.068268102e+00 -4.706173190e+01 -4.706173190e+01 +2.4342e+00 +2.0676e+00 +2.2299e+00 +1.0781e+00 +8.0881e-01 +2.9870e+00 -2.2803e+00 +2.3697e+00 +1.6182e+00 -1.6449e+00
6585484 0 +1.939261395e+00 -4.719073861e+01 -4.719073861e+01 +2.6563e+00 +1.5493e+00 +2.3014e+00 +3.7617e-01 +7.3980e-01 +2.3831e+00 +1.0692e-01 +1.6338e+00 +2.3859e+00 -1.2295e+00
% f evaluations | g evaluations | best noise-free fitness - Fopt (2.977300000000e+02) + sum g_i+ | measured fitness | best measured fitness or single-digit g-values | x1 | x2...
1 0 +6.748456654e+01 +3.652145665e+02 +3.652145665e+02 +2.0745e+00 +7.4599e-01 +9.6393e-01 +2.4318e+00 -2.6289e+00 -2.4460e+00 -5.9623e-01 +3.0147e-01 -1.3956e+00 +2.2948e+00
6 0 +6.184482040e+01 +3.595748204e+02 +3.595748204e+02 -1.0049e+00 +6.1073e-01 +9.8373e-01 +6.5099e-01 -2.3574e+00 +1.4074e+00 +1.9922e+00 +1.9189e+00 -2.0903e-02 +2.7329e+00
33 0 +5.682251725e+01 +3.545525173e+02 +3.545525173e+02 +6.9869e-01 +8.9978e-01 -1.4693e+00 +1.1741e+00 +3.2004e-01 +1.6844e+00 +2.2180e+00 +1.2887e+00 +1.4070e+00 +2.7700e+00
229 0 +5.373508022e+01 +3.514650802e+02 +3.514650802e+02 -1.8483e+00 -3.0070e-01 +2.3234e+00 +1.7467e+00 -1.7136e+00 -1.5078e+00 -2.8695e+00 -2.4159e+00 +2.4761e+00 +3.3406e-01
889 0 +4.713380164e+01 +3.448638016e+02 +3.448638016e+02 +2.3209e+00 -1.2486e-01 -6.4551e-01 +2.5262e+00 -1.0843e+00 +7.3105e-01 +2.4596e+00 +1.7813e+00 +2.6711e-02 +1.6050e+00
1714 0 +4.429675092e+01 +3.420267509e+02 +3.420267509e+02 +2.8363e+00 -2.5601e+00 +2.3184e+00 +4.2024e-01 -2.6833e+00 -1.2080e+00 -2.8494e+00 +5.4861e-01 +1.9550e+00 +1.2559e+00
3329 0 +2.979201821e+01 +3.275220182e+02 +3.275220182e+02 +2.8769e+00 +7.0284e-01 +9.6612e-01 +1.7809e+00 +1.5203e-01 -2.7536e-01 +2.7811e+00 +1.5394e+00 +2.1836e+00 +2.9089e+00
14511 0 +2.378334625e+01 +3.215133462e+02 +3.215133462e+02 +1.6193e+00 +2.0757e+00 -3.7080e-01 +2.3686e-01 +1.1673e+00 +1.1374e+00 +1.7968e+00 +1.6607e+00 +2.5818e+00 +2.7591e+00
34782 0 +2.183096001e+01 +3.195609600e+02 +3.195609600e+02 +2.5657e+00 -6.7851e-02 +2.2557e-01 +2.6932e+00 -2.0414e-01 +1.8320e+00 +4.2981e-01 +2.9782e+00 +1.5521e+00 +2.1247e+00
137126 0 +1.980711001e+01 +3.175371100e+02 +3.175371100e+02 -2.6289e+00 +1.5566e+00 +2.1900e+00 +1.0708e+00 +2.7991e-01 -1.2356e+00 -1.8266e+00 -8.6572e-01 +2.2502e+00 +2.4999e+00
179476 0 +1.873848385e+01 +3.164684839e+02 +3.164684839e+02 -3.6212e-03 +2.3639e+00 +2.3523e+00 +1.0933e+00 +1.0069e+00 -2.6755e+00 -2.5769e+00 -2.6793e+00 +2.6285e+00 +2.8714e+00
219968 0 +1.371392042e+01 +3.114439204e+02 +3.114439204e+02 -2.0304e+00 +2.3546e+00 +2.8017e+00 +1.7184e+00 +2.5556e-01 -1.8946e+00 -2.9213e+00 -2.9532e+00 +1.4682e+00 +2.1202e+00
464619 0 +9.940154882e+00 +3.076701549e+02 +3.076701549e+02 -1.8444e+00 +1.9584e+00 +1.6011e+00 +2.8075e+00 +1.2447e+00 -2.2914e+00 -2.5095e+00 -2.2329e+00 +2.4297e+00 +2.4103e+00
1051270 0 +8.552072229e+00 +3.062820722e+02 +3.062820722e+02 +2.0105e+00 +9.1850e-01 +1.6667e-01 +1.5808e+00 -4.5887e-01 -1.8128e-02 +2.1734e+00 +2.7793e+00 +2.6776e+00 +2.8251e+00
2008507 0 +8.138119381e+00 +3.058681194e+02 +3.058681194e+02 -2.9224e+00 +9.3052e-01 +2.9876e+00 +2.2756e+00 +1.6965e+00 -2.9456e+00 +8.7102e-02 -1.8561e+00 +2.8232e+00 +2.9544e+00
3013282 0 +6.433704269e+00 +3.041637043e+02 +3.041637043e+02 -2.7999e+00 +1.4023e+00 +2.4395e+00 +1.8674e+00 -2.0564e-01 -2.4797e+00 -2.3128e+00 -2.9244e+00 +2.3735e+00 +1.9305e+00
% f evaluations | g evaluations | best noise-free fitness - Fopt (5.157000000000e+01) + sum g_i+ | measured fitness | best measured fitness or single-digit g-values | x1 | x2...
1 0 +7.440675504e+01 +1.259767550e+02 +1.259767550e+02 -2.5623e+00 -1.5330e+00 -8.3860e-01 +1.4016e+00 -1.4857e+00 -1.5661e+00 +2.6082e+00 +9.0166e-01 -2.4158e+00 +2.4163e+00
3 0 +7.247760250e+01 +1.240476025e+02 +1.240476025e+02 -2.4378e-02 -1.2256e+00 -5.2330e-01 +1.7610e+00 -5.7863e-01 -1.3583e+00 +1.9830e+00 +2.7236e+00 -2.2157e+00 -5.9761e-01
15 0 +6.490812612e+01 +1.164781261e+02 +1.164781261e+02 -1.2363e+00 +2.3967e+00 -1.0993e+00 +2.0294e+00 -1.5519e+00 +1.1807e+00 +2.8834e+00 +1.5058e+00 -1.9943e+00 -1.2964e+00
82 0 +4.242291087e+01 +9.399291087e+01 +9.399291087e+01 +2.1791e+00 +5.4179e-01 +1.1494e-01 -3.9434e-02 +1.9895e-01 +2.0622e+00 -4.5929e-01 +1.1089e+00 -1.4509e+00 -1.9521e+00
288 0 +3.882069940e+01 +9.039069940e+01 +9.039069940e+01 +2.4675e+00 +2.2189e+00 -2.5539e+00 -2.2950e-01 -4.1463e-01 -9.8969e-01 +2.4360e+00 +2.2209e+00 -1.9766e+00 -2.9618e+00
371 0 +1.952853161e+01 +7.109853161e+01 +7.109853161e+01 +1.0848e+00 +2.8884e+00 +1.1118e+00 -8.3047e-01 -2.2337e+00 +5.4615e-01 -1.6507e+00 +1.6959e+00 -2.2360e+00 -3.8590e-01
21610 0 +1.412065827e+01 +6.569065827e+01 +6.569065827e+01 +1.0877e+00 +9.2804e-01 -1.7199e+00 +7.0795e-01 -3.6916e-01 +1.5350e+00 +1.4374e+00 +2.6439e+00 -2.8004e+00 -2.9780e+00
26957 0 +4.780546178e+00 +5.635054618e+01 +5.635054618e+01 +2.7439e+00 -2.0830e-02 -2.3452e+00 +8.0942e-01 +6.3065e-01 +1.2678e+00 +2.6283e+00 +2.8527e+00 -2.2057e+00 -2.6070e+00
151432 0 +4.225282005e+00 +5.579528201e+01 +5.579528201e+01 +2.5344e+00 +4.1787e-01 -2.8681e+00 +6.5796e-01 +5.6314e-01 +3.8249e-01 +5.2016e-01 +1.3306e+00 -1.9935e+00 -2.3396e+00
477483 0 +3.667737551e+00 +5.523773755e+01 +5.523773755e+01 +2.0944e+00 +1.8042e+00 -2.7611e+00 -1.1743e+00 +1.1894e+00 +2.2529e+00 -1.3753e+00 +5.9715e-01 -2.0104e+00 -1.6052e+00
1078887 0 +2.363337692e+00 +5.393333769e+01 +5.393333769e+01 +2.3227e+00 +2.4842e+00 -2.4040e+00 -2.8536e+00 +8.0073e-01 +1.5794e+00 -2.2906e-01 +1.9168e+00 -1.7991e+00 -1.4021e+00
1591561 0 +1.940964221e+00 +5.351096422e+01 +5.351096422e+01 +2.0890e+00 +1.1464e+00 -1.4228e+00 -1.3595e+00 +9.4290e-01 +2.7919e+00 +9.2537e-01 +2.2803e+00 -1.3439e+00 -1.4938e+00
2795685 0 +1.880426398e+00 +5.345042640e+01 +5.345042640e+01 +2.9442e+00 +1.8445e+00 -2.5214e+00 -4.0619e-01 +4.9356e-01 +2.6150e+00 -2.0967e+00 +1.1927e+00 -2.6922e+00 -6.1885e-01
3302692 0 +4.761622405e-01 +5.204616224e+01 +5.204616224e+01 +1.6816e+00 +2.2226e+00 -2.6562e+00 -2.1754e+00 +1.1189e+00 +2.9013e+00 +2.4757e-01 +1.8803e+00 -2.1872e+00 -2.0039e+00
% f evaluations | g evaluations | best noise-free fitness - Fopt (1.527100000000e+02) + sum g_i+ | measured fitness | best measured fitness or single-digit g-values | x1 | x2...
1 0 +8.231896542e+01 +2.350289654e+02 +2.350289654e+02 -1.6709e-01 -1.0275e+00 -1.2424e+00 -1.3460e+00 +1.9507e+00 +1.5175e+00 -7.6717e-01 -1.5000e+00 -2.6690e+00 -6.0493e-01
2 0 +7.635082193e+01 +2.290608219e+02 +2.290608219e+02 +1.8782e+00 +2.8214e+00 +1.4597e-01 +3.2695e-01 +1.2936e+00 -2.7882e+00 -1.2073e+00 +1.2485e-01 -4.5499e-01 +2.7850e+00
5 0 +7.490006101e+01 +2.276100610e+02 +2.276100610e+02 -2.1688e+00 -1.0178e+00 +2.2713e+00 -2.6489e-01 -1.7226e+00 +2.1137e-01 +1.8864e+00 -2.1515e+00 -1.4202e+00 -1.1486e+00
14 0 +6.991314794e+01 +2.226231479e+02 +2.226231479e+02 +5.5491e-01 -1.6899e-01 -2.3543e+00 +3.5780e-01 +2.5995e+00 -2.3687e+00 -1.9241e+00 -1.2841e+00 +1.7428e+00 +1.4097e+00
36 0 +6.908927189e+01 +2.217992719e+02 +2.217992719e+02 +2.6798e-01 +1.4404e+00 -1.0268e+00 +2.8982e-02 +2.5734e+00 -1.1716e-01 +1.3046e+00 -2.8406e+00 +1.2199e+00 +2.3373e+00
116 0 +6.701772342e+01 +2.197277234e+02 +2.197277234e+02 -1.8131e-01 +1.4511e+00 +1.7453e+00 -2.3213e+00 +2.6834e+00 +1.3056e+00 -2.0665e+00 -2.1985e+00 +1.1925e+00 -2.9935e+00
466 0 +6.323975925e+01 +2.159497593e+02 +2.159497593e+02 +1.3201e+00 +3.7706e-01 -2.8881e+00 +1.9065e+00 -1.3139e+00 +2.4025e+00 +2.0141e+00 +6.6281e-01 -4.5601e-01 -8.2639e-01
543 0 +6.184532453e+01 +2.145553245e+02 +2.145553245e+02 +1.1439e+00 +4.8480e-01 -1.1591e+00 +1.7107e+00 +1.1181e+00 -2.0976e+00 -3.4882e-01 -2.9915e+00 +2.5362e+00 +1.5065e+00
977 0 +6.003099545e+01 +2.127409954e+02 +2.127409954e+02 +2.7989e+00 +2.8642e+00 -2.2423e+00 +1.1565e+00 -1.2702e+00 -1.1090e+00 -8.2326e-01 -2.7963e+00 -1.8292e+00 +1.8120e+00
1522 0 +5.650257911e+01 +2.092125791e+02 +2.092125791e+02 +2.3568e+00 +1.2305e+00 -3.1329e-01 -5.2116e-01 -7.2128e-01 +5.9565e-02 +1.3078e+00 -2.7310e+00 -1.8905e+00 +2.8866e+00
1523 0 +5.599054227e+01 +2.087005423e+02 +2.087005423e+02 +1.3566e-01 +5.2150e-01 -1.4316e+00 +2.7309e+00 -2.2547e+00 +2.3388e+00 +3.9731e-01 +1.6263e-01 +2.9807e+00 -2.9996e+00
1666 0 +5.163254504e+01 +2.043425450e+02 +2.043425450e+02 +1.3356e+00 +1.5435e+00 -1.7467e+00 +1.8538e+00 -2.9578e+00 +1.5502e+00 +8.5621e-01 +5.3622e-01 -6.2554e-01 +1.9084e+00
1992 0 +4.233840334e+01 +1.950484033e+02 +1.950484033e+02 +2.7798e-01 -1.8480e+00 +2.0669e+00 +2.7681e+00 +6.0202e-01 -2.4120e+00 +7.6404e-01 +1.4487e+00 -1.3440e+00 +1.6266e+00
2235 0 +3.409863015e+01 +1.868086301e+02 +1.868086301e+02 +8.0260e-01 -2.9692e+00 +2.0504e+00 +2.8486e+00 -4.0276e-01 -2.0559e+00 +4.6999e-01 +8.2515e-01 -1.2443e-01 -2.2128e+00
3183 0 +1.096748177e+01 +1.636774818e+02 +1.636774818e+02 -2.5675e+00 -2.4487e+00 +2.9292e+00 +2.7599e+00 +1.3322e+00 -6.2436e-01 +1.3524e+00 +1.7705e+00 +1.6552e-01 -6.0708e-01
40430 0 +8.192790823e+00 +1.609027908e+02 +1.609027908e+02 -2.5078e+00 -2.3306e+00 +2.9078e+00 +2.9195e+00 +1.7130e+00 +6.4749e-01 +2.4726e+00 +2.3551e+00 +1.7166e+00 -1.9354e+00
111965 0 +8.063266713e+00 +1.607732667e+02 +1.607732667e+02 -1.0430e+00 -2.6027e+00 +2.5985e+00 +2.7102e+00 -9.0820e-01 +4.5496e-01 -1.0474e+00 +1.4315e+00 -1.1003e+00 -8.6177e-01
283931 0 +5.089008451e+00 +1.577990085e+02 +1.577990085e+02 -1.8874e+00 -2.9747e+00 +2.2086e+00 +2.6624e+00 -1.9592e+00 +5.0772e-02 -4.7790e-01 +1.2382e+00 -2.3241e+00 -4.7336e-02
671398 0 +3.808860212e+00 +1.565188602e+02 +1.565188602e+02 -2.6431e+00 -2.5047e+00 +2.7389e+00 +2.6558e+00 +6.7290e-01 -1.0295e+00 +1.9439e+00 +1.5494e+00 -2.9116e-01 -2.1420e+00
2884480 0 +1.956527156e+00 +1.546665272e+02 +1.546665272e+02 -1.1005e+00 -2.7670e+00 +2.7903e+00 +2.8942e+00 +4.4465e-01 +3.3571e-01 +1.0309e+00 +1.1841e+00 -1.8256e-01 -1.9762e+00
% f evaluations | g evaluations | best noise-free fitness - Fopt (9.980000000000e+01) + sum g_i+ | measured fitness | best measured fitness or single-digit g-values | x1 | x2...
1 0 +8.122279544e+01 +1.810227954e+02 +1.810227954e+02 -3.0032e-01 -9.8100e-01 +2.8889e-01 +2.9267e+00 +2.7283e+00 +1.1933e+00 -1.7014e+00 -2.9284e+00 +1.6476e+00 -2.2240e+00
2 0 +8.011430819e+01 +1.799143082e+02 +1.799143082e+02 -6.0793e-01 -3.5770e-01 +2.4361e+00 +2.2434e+00 +2.8732e+00 +2.5535e-01 +2.6194e-01 +2.7632e-01 -1.6762e+00 -1.0122e+00
3 0 +7.900504017e+01 +1.788050402e+02 +1.788050402e+02 -7.5648e-01 +1.5725e+00 +2.8878e+00 +2.7837e+00 -2.9981e+00 -1.1524e+00 -2.6811e+00 -2.4583e+00 -2.7039e+00 -4.1056e-01
6 0 +7.261410912e+01 +1.724141091e+02 +1.724141091e+02 +1.2818e+00 +1.3251e+00 +2.0618e+00 -4.1568e-01 +7.6902e-01 +2.7098e+00 -1.7574e+00 -3.1874e-01 -1.3979e-01 -2.1321e+00
13 0 +6.955275197e+01 +1.693527520e+02 +1.693527520e+02 +9.9460e-01 -9.6841e-01 -2.2589e+00 -3.8964e-01 +1.0468e+00 -2.4949e+00 +2.0566e+00 +1.1721e+00 +8.4190e-01 -1.7100e-01
27 0 +6.039508976e+01 +1.601950898e+02 +1.601950898e+02 -1.2771e+00 -1.1594e+00 -1.9251e+00 +1.0172e+00 +2.2418e+00 +2.4172e+00 +3.3526e-01 -2.9872e-01 -2.3507e+00 +2.5843e+00
66 0 +5.651945308e+01 +1.563194531e+02 +1.563194531e+02 -1.8305e+00 +2.5073e+00 +2.6274e+00 +1.8305e+00 -9.3553e-01 +2.3172e+00 +1.5538e+00 +7.4742e-01 +1.5130e+00 -2.5923e+00
126 0 +5.479640406e+01 +1.545964041e+02 +1.545964041e+02 -5.5126e-01 -6.9894e-01 -1.8826e+00 +1.1517e+00 +6.1640e-01 -2.7277e+00 +1.5053e+00 -1.7490e+00 -3.4696e-01 +7.6975e-01
341 0 +4.780755037e+01 +1.476075504e+02 +1.476075504e+02 +2.5965e+00 -2.7476e+00 -6.3502e-01 -1.6170e+00 +2.6102e+00 +1.5614e+00 -8.4564e-01 +3.8425e-01 +9.5160e-01 -2.7720e+00
413 0 +4.002454185e+01 +1.398245419e+02 +1.398245419e+02 +1.5511e+00 -2.2477e+00 +2.6779e-01 +6.5010e-01 -2.9359e+00 +1.7622e+00 -2.3342e+00 +1.0279e+00 +4.3557e-01 +1.5043e+00
806 0 +2.955774143e+01 +1.293577414e+02 +1.293577414e+02 -1.5270e-01 -3.4646e-01 +1.7770e+00 +1.8769e+00 -7.5154e-03 -2.1695e+00 +9.7268e-01 -3.2857e-01 +1.7314e+00 +6.6278e-01
1059 0 +2.153905950e+01 +1.213390595e+02 +1.213390595e+02 +3.1933e-01 -2.4352e+00 -1.9234e+00 -2.8115e+00 +2.1328e+00 +1.9967e+00 +1.6930e-01 +2.9964e+00 +1.0018e+00 +4.2661e-01
1853 0 +7.260720475e+00 +1.070607205e+02 +1.070607205e+02 -9.3052e-01 -3.0116e-01 +2.3943e+00 +2.0552e+00 -5.9873e-02 -2.6231e+00 +1.9981e+00 -1.6984e+00 +6.7544e-01 +2.3133e+00
243483 0 +5.299048644e+00 +1.050990486e+02 +1.050990486e+02 -2.9113e+00 +2.0669e+00 +1.9338e+00 +1.5487e+00 +5.0494e-01 -2.5954e+00 +1.7799e+00 -9.3084e-01 -1.0420e+00 +2.9403e+00
542087 0 +3.038200670e+00 +1.028382007e+02 +1.028382007e+02 -2.2896e+00 +1.5497e+00 +1.9424e+00 +2.5665e+00 +3.4742e-01 -2.6522e+00 +2.3204e+00 -1.2804e+00 +3.3156e-01 +2.0290e+00
1172896 0 +1.599156552e+00 +1.013991566e+02 +1.013991566e+02 -2.0104e+00 +1.0746e+00 +2.6934e+00 +1.8580e+00 +2.3630e-01 -2.6128e+00 +2.2388e+00 -9.5391e-01 +1.0476e+00 +2.6136e+00
4394673 0 +9.071236071e-01 +1.007071236e+02 +1.007071236e+02 -2.3511e+00 +6.0844e-01 +2.2479e+00 +2.1782e+00 +2.9247e-01 -2.8303e+00 +1.6772e+00 -1.1185e+00 +5.2549e-01 +2.3837e+00
% f evaluations | g evaluations | best noise-free fitness - Fopt (-1.194100000000e+02) + sum g_i+ | measured fitness | best measured fitness or single-digit g-values | x1 | x2...
1 0 +8.298061211e+01 -3.642938789e+01 -3.642938789e+01 -1.4131e+00 -8.9573e-01 +3.5364e-01 -8.1970e-01 -2.2664e+00 -2.4071e+00 -1.7444e+00 -2.9801e+00 -4.6525e-01 -1.0063e+00
3 0 +7.942423970e+01 -3.998576030e+01 -3.998576030e+01 +7.5735e-01 +2.9808e+00 -1.2548e-01 +1.3098e+00 +1.2101e+00 +2.8317e+00 -2.5594e+00 +1.4625e+00 +1.0572e+00 +2.9197e-01
6 0 +7.273108810e+01 -4.667891190e+01 -4.667891190e+01 -1.9090e+00 -1.8944e+00 +2.0698e+00 -5.3330e-01 -8.8915e-01 -1.1357e+00 -1.7804e+00 +2.4029e+00 +1.4828e+00 -4.6088e-01
23 0 +7.000314458e+01 -4.940685542e+01 -4.940685542e+01 +2.0323e-01 +1.5952e+00 +2.3429e-01 +1.8475e+00 +7.2301e-01 -2.4154e+00 -2.6123e+00 +1.1024e+00 -1.1530e+00 -2.2227e+00
53 0 +6.586514098e+01 -5.354485902e+01 -5.354485902e+01 -2.7458e+00 -2.1682e+00 +7.8309e-01 +1.7543e-01 +7.4533e-01 -2.4346e+00 +6.5711e-02 -1.4763e+00 -5.5201e-01 -2.9721e+00
148 0 +5.947287919e+01 -5.993712081e+01 -5.993712081e+01 +1.3584e+00 +2.4933e+00 +2.6469e+00 +2.0279e+00 +2.4071e+00 -6.9989e-01 -9.6467e-01 +2.5723e+00 -2.1269e+00 +2.7628e+00
447 0 +5.408711925e+01 -6.532288075e+01 -6.532288075e+01 -2.6584e+00 -9.0003e-01 -2.5598e+00 -1.1978e+00 +1.7365e+00 -2.1773e+00 +1.1030e+00 +1.9202e+00 -9.6316e-01 +2.9098e-01
1099 0 +5.210196183e+01 -6.730803817e+01 -6.730803817e+01 -3.6466e-01 -1.5282e+00 +1.1395e+00 -1.2133e+00 +2.6559e+00 -5.5124e-01 -1.8145e+00 +2.2008e+00 -8.6664e-01 -1.3445e-01
1791 0 +2.609309161e+01 -9.331690839e+01 -9.331690839e+01 -4.4907e-01 -7.5607e-01 +2.1976e+00 +2.9397e+00 -5.7807e-01 -9.9945e-01 +2.1134e+00 +1.1018e+00 +2.8475e+00 +1.7450e+00
10556 0 +1.866138297e+01 -1.007486170e+02 -1.007486170e+02 -2.8552e+00 -2.2386e+00 +3.0330e-01 +2.6497e+00 -2.2462e+00 -1.5233e+00 +7.2573e-01 -2.6122e+00 +2.7938e+00 +1.5659e+00
94541 0 +1.455303630e+01 -1.048569637e+02 -1.048569637e+02 -2.6146e+00 -2.1873e+00 +2.7752e+00 +2.7110e+00 -1.0345e+00 -2.2068e+00 +2.1385e+00 -1.2345e+00 +1.4942e+00 -2.0712e+00
262160 0 +8.671905326e+00 -1.107380947e+02 -1.107380947e+02 -1.1364e+00 -1.6393e+00 +2.2146e+00 +2.8084e+00 -9.6093e-01 -1.7120e+00 +2.0590e+00 -9.9262e-01 +1.6550e+00 -4.6604e-01
997746 0 +7.434296617e+00 -1.119757034e+02 -1.119757034e+02 -1.2668e+00 +1.3666e-02 +2.2768e+00 +2.7846e+00 -6.6492e-01 -2.7220e+00 +1.5295e+00 -7.6394e-01 +2.1424e+00 +1.0249e+00
1413035 0 +5.687372728e+00 -1.137226273e+02 -1.137226273e+02 -2.0527e+00 +9.5502e-02 +2.5979e+00 +2.6159e+00 -1.1299e+00 -2.6249e+00 +4.4238e-01 -1.9120e+00 +2.6443e+00 +2.2237e+00
5700911 0 +2.966187465e+00 -1.164438125e+02 -1.164438125e+02 -1.3406e+00 +1.0669e+00 +2.9840e+00 +2.8600e+00 -1.0222e+00 -2.8970e+00 -6.0015e-01 -1.7267e-01 +2.7095e+00 +1.9375e+00
8731270 0 +2.192037689e+00 -1.172179623e+02 -1.172179623e+02 -1.3917e+00 -4.6518e-01 +2.6827e+00 +2.7799e+00 -5.2048e-01 -2.0356e+00 +1.7941e+00 -8.9699e-01 +2.6590e+00 +1.6183e+00
% f evaluations | g evaluations | best noise-free fitness - Fopt (1.077000000000e+01) + sum g_i+ | measured fitness | best measured fitness or single-digit g-values | x1 | x2...
1 0 +6.491609600e+01 +7.568609600e+01 +7.568609600e+01 -2.1677e+00 -7.9794e-01 -2.0774e+00 +3.1816e-01 -1.6857e+00 +2.3579e+00 +2.4844e+00 +1.3966e-01 -2.0588e+00 +1.1155e+00
18 0 +6.465424560e+01 +7.542424560e+01 +7.542424560e+01 -8.5649e-01 +2.9453e+00 +2.5497e+00 +1.4272e+00 +5.1746e-01 -1.6807e+00 -9.1965e-01 -1.0037e+00 -2.2803e-01 +1.6006e+00
92 0 +5.980669425e+01 +7.057669425e+01 +7.057669425e+01 -1.4546e+00 +1.4910e+00 -2.8675e+00 +8.0717e-01 +2.0741e+00 +7.6325e-01 +2.9225e+00 +2.5377e+00 -1.2328e+00 +2.8916e+00
681 0 +3.874875510e+01 +4.951875510e+01 +4.951875510e+01 -2.0711e+00 +1.2698e+00 -1.8504e+00 -2.4734e+00 -1.4150e+00 -1.6573e-01 -2.1489e+00 -1.3425e+00 -1.2278e-01 +4.0136e-01
1285 0 +3.213219139e+01 +4.290219139e+01 +4.290219139e+01 -2.1097e+00 +1.6285e+00 +1.0009e+00 -2.3480e+00 -1.8994e+00 -1.6218e+00 -1.4341e+00 -1.1752e+00 -1.7158e+00 -2.2273e+00
3074 0 +7.097243045e+00 +1.786724304e+01 +1.786724304e+01 +2.3833e+00 -2.8343e+00 +2.0882e+00 +2.3833e+00 +2.4835e+00 +9.5512e-01 -2.6115e+00 -1.5038e-01 -2.5236e+00 +1.5235e+00
242087 0 +4.872939272e+00 +1.564293927e+01 +1.564293927e+01 +1.8908e+00 -1.8214e+00 +1.1855e+00 +2.9448e+00 +5.8844e-01 +1.8000e+00 -2.5734e+00 -9.8448e-01 -1.2511e+00 +1.5359e-02
788951 0 +2.021585837e+00 +1.279158584e+01 +1.279158584e+01 +2.5025e+00 -2.0777e+00 +2.1375e+00 +2.8843e+00 +1.0970e+00 +2.6023e+00 -2.0588e+00 -9.6703e-01 -1.2707e+00 +3.0402e-01
% f evaluations | g evaluations | best noise-free fitness - Fopt (2.137000000000e+01) + sum g_i+ | measured fitness | best measured fitness or single-digit g-values | x1 | x2...
1 0 +8.554338899e+01 +1.069133890e+02 +1.069133890e+02 +1.5810e+00 +2.7887e-01 -1.0127e+00 -2.1915e+00 +1.1937e+00 -2.9763e+00 -2.6374e+00 -2.9680e-02 +2.7364e+00 +1.7529e+00
2 0 +8.257247724e+01 +1.039424772e+02 +1.039424772e+02 +5.5206e-01 +7.3958e-01 +7.4314e-01 -1.5280e+00 -2.2466e+00 -2.6033e-01 -1.8512e+00 +1.6426e+00 -1.8267e+00 -1.6522e+00
6 0 +7.983206142e+01 +1.012020614e+02 +1.012020614e+02 +2.7879e+00 -1.9401e+00 -3.2568e-02 -2.1723e+00 +1.6449e+00 -1.5425e+00 +2.9737e+00 -1.1005e+00 +2.1367e+00 -1.4619e+00
8 0 +7.902343202e+01 +1.003934320e+02 +1.003934320e+02 +1.4071e+00 -1.5723e+00 +2.8428e+00 -1.3885e+00 +1.6349e+00 +1.6895e-01 -3.0122e-01 -3.1189e-01 +2.5318e+00 -2.2554e+00
9 0 +7.451633496e+01 +9.588633496e+01 +9.588633496e+01 +2.7437e+00 +7.1872e-01 +2.1492e+00 -2.8788e+00 +1.9892e+00 +9.5960e-01 +2.1252e+00 +2.2585e+00 +2.1791e+00 -2.4187e+00
89 0 +6.986751784e+01 +9.123751784e+01 +9.123751784e+01 +2.8091e+00 -6.8763e-01 +1.3214e+00 -1.8443e+00 +1.7529e+00 -8.9258e-01 +1.6102e+00 +2.1698e+00 +1.0372e+00 -2.5635e+00
102 0 +6.740088526e+01 +8.877088526e+01 +8.877088526e+01 -1.8602e+00 -2.3495e+00 +1.1022e+00 +2.6186e+00 +2.4964e+00 -1.5658e+00 -5.9633e-01 +2.9900e+00 -3.1539e-01 -7.7678e-01
247 0 +6.184746827e+01 +8.321746827e+01 +8.321746827e+01 -2.4998e-01 +2.8776e-01 -2.6232e+00 -1.0692e+00 +2.8966e+00 -2.8641e+00 -2.1218e+00 +3.3599e-01 +8.0227e-01 +3.4467e-02
338 0 +5.894587204e+01 +8.031587204e+01 +8.031587204e+01 +9.5405e-01 -2.2718e+00 +1.5491e+00 -1.4325e+00 +2.2897e+00 -1.5743e+00 +1.6474e+00 +2.8666e+00 -5.0593e-01 -2.9908e+00
671 0 +1.379443053e+01 +3.516443053e+01 +3.516443053e+01 -1.6097e+00 -5.3541e-01 -2.4588e+00 +1.6203e+00 -2.5646e+00 +1.9647e+00 -1.3093e+00 -2.8113e+00 +9.2891e-01 +2.4878e+00
103879 0 +9.591450538e+00 +3.096145054e+01 +3.096145054e+01 -1.7951e+00 -7.5384e-01 -2.6087e+00 +2.3177e+00 -1.9245e+00 -2.3509e+00 -1.6032e+00 -2.1518e+00 -3.4011e-01 +1.0459e+00
186753 0 +9.455579379e+00 +3.082557938e+01 +3.082557938e+01 -1.6762e+00 -1.6843e+00 -2.8979e+00 +1.1733e+00 -1.7421e+00 -1.6450e+00 -1.5071e+00 -2.4664e+00 -4.9586e-01 +8.1492e-01
439199 0 +8.187265150e+00 +2.955726515e+01 +2.955726515e+01 -2.9133e+00 -8.8696e-01 -1.9481e+00 +1.1568e+00 -1.6455e+00 -1.0607e+00 -1.6001e+00 -2.7273e+00 -1.9835e+00 +1.7475e+00
670599 0 +8.110242692e+00 +2.948024269e+01 +2.948024269e+01 +1.7445e+00 +2.7491e+00 -1.7814e+00 -7.7071e-01 -6.1267e-01 +5.8814e-01 +1.0526e+00 +2.7812e+00 -1.8875e+00 -2.2145e+00
1427011 0 +5.700572921e+00 +2.707057292e+01 +2.707057292e+01 +2.8588e+00 +2.7768e+00 -1.4364e+00 +1.6390e-01 +1.9464e-02 +3.7531e-01 +1.9516e+00 +1.3646e+00 -2.8802e+00 -2.3389e+00
1436450 0 +3.902478895e+00 +2.527247889e+01 +2.527247889e+01 -2.3095e+00 -8.8913e-01 -2.3795e+00 +1.5574e+00 -2.0866e+00 -6.4011e-01 -1.1858e+00 -2.9296e+00 -7.9816e-01 +1.6069e+00
2114203 0 +2.695026074e+00 +2.406502607e+01 +2.406502607e+01 +2.6190e+00 +2.8334e+00 -1.9029e+00 -1.9257e-02 +2.0209e-01 -6.2725e-02 +1.6559e+00 +2.1979e-01 -2.4066e+00 -2.6863e+00
4989656 0 +2.220727995e+00 +2.359072799e+01 +2.359072799e+01 +2.0972e+00 +2.8653e+00 -2.1097e+00 -9.5154e-01 +7.1120e-01 -2.2491e+00 +7.8705e-01 +6.3674e-01 -2.9983e+00 -2.3942e+00
% f evaluations | g evaluations | best noise-free fitness - Fopt (1.673000000000e+01) + sum g_i+ | measured fitness | best measured fitness or single-digit g-values | x1 | x2...
1 0 +7.947413333e+01 +9.620413333e+01 +9.620413333e+01 +6.2959e-01 +1.2530e+00 -2.2600e+00 -1.3153e+00 -2.9224e+00 -4.5601e-01 +5.5488e-01 -2.0066e+00 -2.8465e+00 -1.3801e+00
2 0 +7.912223775e+01 +9.585223775e+01 +9.585223775e+01 +6.8352e-02 -6.6153e-01 -8.6966e-01 -7.6891e-01 +2.9210e+00 +3.5712e-01 -1.2429e+00 -6.0312e-01 -6.7066e-01 +7.1050e-01
3 0 +7.549688922e+01 +9.222688922e+01 +9.222688922e+01 +1.2378e+00 +2.3694e+00 +2.5948e-01 -2.3316e+00 +1.4218e-01 -2.5720e+00 -4.6420e-01 +2.9680e+00 -1.6511e+00 -4.9818e-01
10 0 +7.325400108e+01 +8.998400108e+01 +8.998400108e+01 -9.5623e-01 -1.2398e+00 +8.1839e-02 -2.5150e+00 +1.4336e+00 +2.0449e-01 -2.8197e-01 -1.8219e+00 -8.9206e-01 -2.2605e+00
23 0 +7.101757072e+01 +8.774757072e+01 +8.774757072e+01 -3.3440e-01 +1.1772e+00 -2.9423e-01 -1.9000e+00 +1.6269e+00 -1.6850e+00 -2.3063e-01 -6.0033e-02 -6.5210e-01 -2.6568e+00
40 0 +6.588221970e+01 +8.261221970e+01 +8.261221970e+01 +5.8385e-01 -1.4157e-01 +1.4046e+00 +7.5776e-01 +2.0078e+00 -1.8020e+00 -2.6439e+00 -9.7844e-01 -2.6598e+00 -2.2708e+00
108 0 +6.327604711e+01 +8.000604711e+01 +8.000604711e+01 +2.5901e+00 +5.5585e-01 +9.9965e-01 -2.7094e+00 +7.7983e-01 +2.1259e+00 -2.0713e+00 -2.3879e+00 -2.8020e+00 -1.6037e+00
144 0 +5.786624683e+01 +7.459624683e+01 +7.459624683e+01 -2.0177e+00 -6.2229e-01 +1.6228e+00 +7.3264e-01 +1.8109e+00 -1.6279e+00 -1.1812e+00 -2.1833e+00 +1.2714e+00 -2.7938e+00
158 0 +5.531447898e+01 +7.204447898e+01 +7.204447898e+01 -2.2059e+00 -4.6162e-01 -7.2632e-01 +2.0568e+00 -1.3495e+00 -1.0415e+00 +2.2680e+00 -9.4538e-02 -2.9389e+00 +2.0150e+00
161 0 +3.799881160e+01 +5.472881160e+01 +5.472881160e+01 -1.5819e+00 -1.4312e+00 -1.0756e-01 -1.6507e+00 -1.3914e+00 -9.0053e-01 +1.2382e+00 -1.2558e+00 -2.2632e+00 +6.5234e-01
263 0 +3.339193260e+01 +5.012193260e+01 +5.012193260e+01 +1.5679e+00 +2.0011e+00 -1.9178e+00 +7.9347e-01 +2.0570e+00 +1.4887e+00 +1.8502e+00 -2.5664e+00 -2.1497e+00 -2.3548e+00
844 0 +2.121409469e+01 +3.794409469e+01 +3.794409469e+01 +1.6320e+00 +1.3167e+00 -8.1227e-01 +1.2426e+00 +2.7938e+00 +1.5322e+00 -2.5549e-01 -2.9991e+00 -2.2348e+00 -1.5728e+00
6983 0 +1.837673227e+01 +3.510673227e+01 +3.510673227e+01 -1.6707e+00 -1.3412e+00 -9.0973e-01 -1.8858e+00 -1.6253e+00 -1.1067e+00 +1.5835e+00 -2.1993e+00 -6.9562e-01 +1.4555e+00
9048 0 +1.720102855e+01 +3.393102855e+01 +3.393102855e+01 +2.6239e+00 +1.7551e+00 +1.3728e+00 +3.9486e-01 +2.8729e+00 +2.0459e+00 +6.6289e-01 -2.1216e+00 -2.8891e+00 -2.3109e+00
13457 0 +1.434985741e+01 +3.107985741e+01 +3.107985741e+01 +1.6535e+00 +1.3675e+00 +1.1537e+00 -1.4299e-01 +2.9855e+00 +1.1265e+00 -4.8794e-01 -1.3793e+00 -2.1440e+00 -2.5415e+00
16161 0 +1.290320481e+01 +2.963320481e+01 +2.963320481e+01 -1.2131e+00 -2.1247e+00 -1.4623e+00 -1.6512e+00 -1.0821e+00 +1.1219e+00 +1.6281e+00 -3.1680e-01 -2.2331e+00 +2.6945e+00
24803 0 +8.619070701e+00 +2.534907070e+01 +2.534907070e+01 -1.8329e+00 -7.3989e-01 -6.4775e-01 -9.5258e-01 -1.6337e+00 -1.8985e+00 +1.5636e+00 -4.3552e-01 -2.3317e+00 +1.7919e+00
73453 0 +2.439450945e+00 +1.916945094e+01 +1.916945094e+01 -1.7937e+00 -5.5053e-01 -5.6942e-01 +2.0211e+00 -2.7269e+00 -2.9540e+00 +2.5602e+00 -7.6228e-01 -2.8571e+00 +1.8500e+00
9348481 0 +2.051059950e+00 +1.878105995e+01 +1.878105995e+01 -9.9542e-01 -1.3417e+00 -1.1084e+00 +4.0042e-02 -2.5966e+00 -1.1902e+00 +2.7626e+00 -2.1497e+00 -2.8274e+00 +9.0005e-01
% f evaluations | g evaluations | best noise-free fitness - Fopt (1.000000000000e+03) + sum g_i+ | measured fitness | best measured fitness or single-digit g-values | x1 | x2...
1 0 +8.127334777e+01 +1.081273348e+03 +1.081273348e+03 -5.4901e-02 -1.1119e+00 -1.2127e+00 +2.0224e+00 +1.4878e+00 +3.6880e-01 +2.2696e+00 +2.3365e+00 -2.6931e+00 -4.7129e-01
4 0 +7.912291456e+01 +1.079122915e+03 +1.079122915e+03 +1.3603e+00 +2.5261e+00 +1.2234e+00 +1.4715e+00 -9.4719e-01 -1.4071e+00 -1.3406e+00 +1.2017e+00 +2.1608e+00 -2.4339e+00
7 0 +7.612014316e+01 +1.076120143e+03 +1.076120143e+03 +1.7407e+00 -1.1993e+00 +3.0118e-02 -8.3564e-01 -1.2435e+00 -8.1008e-01 +1.1922e+00 -1.7032e+00 -2.7155e+00 -2.2734e+00
8 0 +6.967244380e+01 +1.069672444e+03 +1.069672444e+03 -8.2145e-02 +5.3625e-01 -1.5631e+00 -2.4473e+00 +2.7695e+00 +8.7809e-01 -5.9013e-01 +2.0920e+00 -2.1030e+00 +8.5191e-01
48 0 +6.780523575e+01 +1.067805236e+03 +1.067805236e+03 -2.6666e+00 -6.6810e-01 -1.4370e+00 -2.8173e+00 +2.8308e+00 -9.9197e-01 -1.7705e+00 -1.2059e+00 +6.8197e-01 +2.6564e+00
70 0 +4.986038053e+01 +1.049860381e+03 +1.049860381e+03 -1.6735e+00 +5.8387e-01 -1.7004e+00 +2.1878e+00 -1.4588e+00 -2.7130e+00 +2.0483e+00 -1.9967e+00 +1.0217e+00 +6.2577e-01
110 0 +4.748355799e+01 +1.047483558e+03 +1.047483558e+03 +2.0952e+00 +1.2625e+00 +1.9771e+00 -1.7265e+00 -1.0184e+00 -1.5052e+00 +2.5274e+00 +1.2964e+00 -1.5712e+00 -2.9583e-02
187 0 +4.340372183e+01 +1.043403722e+03 +1.043403722e+03 -9.2838e-01 +1.9760e+00 +7.7226e-02 -1.6796e+00 +2.3981e+00 -1.1226e+00 +9.5518e-01 +6.2623e-01 -2.3113e+00 +2.6444e+00
225 0 +3.681774934e+01 +1.036817749e+03 +1.036817749e+03 -2.3022e+00 -3.3231e-02 +4.9128e-01 +2.0559e+00 +6.5817e-01 -1.7099e+00 +2.2721e+00 -2.4099e+00 -1.6049e+00 +5.9770e-01
259 0 +3.075185546e+01 +1.030751855e+03 +1.030751855e+03 -8.5946e-01 -1.4469e+00 +2.8583e-01 +1.9904e+00 +3.7808e-01 -2.5317e+00 +8.9845e-02 -1.6360e+00 -1.5905e+00 +5.3098e-01
495 0 +2.989728374e+01 +1.029897284e+03 +1.029897284e+03 +2.9593e+00 +2.0840e+00 -8.5403e-01 -4.0072e-01 -1.3302e+00 -3.9657e-01 +2.6768e+00 -1.8002e+00 -2.9046e+00 -1.2541e+00
818 0 +2.330995489e+01 +1.023309955e+03 +1.023309955e+03 -1.5323e+00 -7.7728e-01 -2.0994e-02 +3.4006e-01 +1.4861e-01 +4.5349e-01 +7.0537e-01 -2.8363e+00 -4.6908e-01 +3.8420e-01
1081 0 +2.115588182e+01 +1.021155882e+03 +1.021155882e+03 -2.2230e+00 +8.9116e-02 -1.2986e+00 +9.0295e-01 -2.2831e-01 -2.5299e+00 +5.3113e-01 -1.8735e+00 +6.2258e-01 -6.0839e-01
3596 0 +1.953954260e+01 +1.019539543e+03 +1.019539543e+03 -1.1826e+00 +1.2586e+00 -1.8460e-01 -4.4614e-01 -6.0366e-01 +4.1325e-01 +9.4328e-02 -2.7569e+00 +7.5705e-02 +1.3589e+00
6608 0 +1.142960582e+01 +1.011429606e+03 +1.011429606e+03 -1.7639e+00 -1.0898e+00 -1.6191e-01 -2.5992e-01 -6.9452e-01 +3.5653e-01 -1.6919e-01 -1.7416e+00 -3.3625e-02 +5.3701e-01
9837 0 +7.758348925e+00 +1.007758349e+03 +1.007758349e+03 -2.7920e+00 -2.3992e+00 +1.2166e+00 +6.3351e-01 +8.6960e-01 +1.5736e+00 +2.6578e+00 -2.3273e+00 -2.6092e+00 +1.7604e+00
12385 0 +7.029850707e+00 +1.007029851e+03 +1.007029851e+03 -2.4432e+00 -1.4141e+00 +1.5606e+00 -2.4676e-03 +9.9211e-01 +1.7798e+00 +1.3917e+00 -2.7828e+00 -2.0545e+00 +1.6442e+00
75187 0 +4.590018076e+00 +1.004590018e+03 +1.004590018e+03 -7.2395e-01 -2.2260e+00 +2.1105e+00 +2.6573e+00 +1.4593e+00 -3.3320e-01 +4.2281e-01 -2.3277e+00 +2.1282e+00 -1.4203e+00
176449 0 +3.531049833e+00 +1.003531050e+03 +1.003531050e+03 -2.9534e+00 -2.5815e+00 +1.9655e+00 +5.7210e-01 +5.8084e-01 -1.1845e-01 +7.4238e-01 -3.2442e-01 -2.2739e+00 -1.6579e+00
230645 0 +3.115743919e+00 +1.003115744e+03 +1.003115744e+03 -1.6744e+00 -1.5726e+00 +4.5640e-01 +1.2461e+00 -6.7661e-01 -8.3289e-01 +8.3513e-01 -1.2896e+00 +1.3059e-01 -8.4338e-01
260817 0 +2.885238150e+00 +1.002885238e+03 +1.002885238e+03 -1.1580e+00 -1.7878e+00 +1.7098e-01 +8.2330e-01 +2.8409e-01 +5.9517e-01 +1.1841e+00 -2.1765e+00 -9.1697e-01 +1.7379e+00
694646 0 +2.754009311e+00 +1.002754009e+03 +1.002754009e+03 -1.4229e+00 -2.9285e+00 +1.4791e+00 +1.5593e+00 -1.3507e-01 -1.5738e+00 +9.5999e-01 +7.6862e-02 -9.9632e-01 -2.3517e+00
970231 0 +1.846208848e+00 +1.001846209e+03 +1.001846209e+03 -1.2990e+00 -2.8011e+00 +7.1781e-01 +2.3497e+00 +1.4485e-01 -8.5472e-01 +2.3428e+00 -1.1291e+00 -1.1838e+00 -4.8490e-01
2247838 0 +1.345583710e+00 +1.001345584e+03 +1.001345584e+03 -2.0493e+00 -2.9507e+00 +6.0473e-01 +1.8675e+00 +2.0069e+00 -2.4861e-02 +2.4606e+00 -2.5463e+00 -1.5103e+00 +9.1473e-01
4928642 0 +9.194031829e-01 +1.000919403e+03 +1.000919403e+03 -1.4454e+00 -2.7318e+00 +2.6859e+00 +2.4593e+00 +2.2350e+00 -5.2297e-02 +1.3517e+00 -2.5798e+00 +6.9180e-01 -1.6536e+00
% f evaluations | g evaluations | best noise-free fitness - Fopt (-1.079600000000e+02) + sum g_i+ | measured fitness | best measured fitness or single-digit g-values | x1 | x2...
1 0 +5.542885483e+01 -5.253114517e+01 -5.253114517e+01 +5.4318e-01 -2.0289e+00 -6.4813e-01 -1.7288e+00 -1.7332e-02 +8.4385e-01 +2.9838e+00 +1.1909e+00 +2.2635e+00 -2.4655e+00
119 0 +3.674009036e+01 -7.121990964e+01 -7.121990964e+01 -4.1899e-01 -8.3211e-01 +2.5561e+00 -2.3426e+00 +1.3984e-01 +3.2570e-01 +1.6581e+00 -2.0573e+00 +1.8054e+00 -2.2523e+00
167 0 +3.290968923e+01 -7.505031077e+01 -7.505031077e+01 -1.6249e+00 +7.5525e-01 -2.1580e-01 +2.2756e+00 -2.0283e+00 -1.8446e+00 +1.0351e+00 +2.1364e+00 -2.5290e+00 -1.1844e+00
813 0 +1.717189803e+01 -9.078810197e+01 -9.078810197e+01 -1.3813e-01 -4.3569e-01 +4.3239e-01 +1.4474e+00 -2.2551e+00 -2.9174e+00 +1.7432e+00 +2.2246e+00 -2.9930e+00 -6.8282e-01
1609 0 +1.292460475e+01 -9.503539525e+01 -9.503539525e+01 +1.7212e+00 -7.6389e-01 +1.0158e+00 -6.9248e-01 +6.6373e-02 -2.7040e+00 +2.8028e+00 +2.6831e+00 -1.9981e+00 -8.4460e-01
9496 0 +6.830209071e+00 -1.011297909e+02 -1.011297909e+02 +5.2157e-01 -7.8795e-01 -3.4160e-01 -1.3335e+00 -2.6415e+00 -2.3865e+00 +2.6502e+00 +2.1598e+00 -1.6204e+00 -7.8333e-01
15031 0 +4.490552608e+00 -1.034694474e+02 -1.034694474e+02 +2.0097e-01 +1.9669e+00 -4.5608e-01 +1.0765e+00 -2.2143e+00 -1.7761e+00 +2.5967e+00 +2.7307e+00 -1.0678e+00 -2.7493e+00
49770 0 +2.575786887e+00 -1.053842131e+02 -1.053842131e+02 +2.5489e+00 +1.2844e+00 -7.2238e-02 -1.9293e-01 -4.2131e-01 -2.1957e+00 +2.5434e+00 +2.3807e+00 -2.2086e+00 -1.6152e+00
531557 0 +1.311072484e+00 -1.066489275e+02 -1.066489275e+02 -6.2092e-01 +9.9541e-01 -1.3613e-01 +6.3782e-01 -2.0757e+00 -1.6078e+00 +2.4524e+00 +2.3869e+00 -8.2636e-01 -2.1507e+00
3873364 0 +2.002341083e-01 -1.077597659e+02 -1.077597659e+02 +9.0882e-01 +6.0968e-01 -5.7842e-01 +4.4540e-01 -2.3438e+00 -2.1418e+00 +1.9706e+00 +2.3005e+00 -2.2233e+00 -2.0697e+00
% f evaluations | g evaluations | best noise-free fitness - Fopt (-3.025900000000e+02) + sum g_i+ | measured fitness | best measured fitness or single-digit g-values | x1 | x2...
1 0 +8.528841329e+01 -2.173015867e+02 -2.173015867e+02 +6.0794e-01 -1.4423e+00 +1.9678e+00 +2.5515e+00 +2.6386e+00 +2.1879e+00 +4.7136e-02 +2.4406e+00 +2.9609e+00 -2.9784e+00
2 0 +7.580388173e+01 -2.267861183e+02 -2.267861183e+02 -1.2259e+00 -5.0816e-02 -5.7938e-01 +1.2155e+00 -1.7213e+00 +1.1345e+00 +1.1474e+00 -2.0452e+00 -9.0805e-01 +1.9108e+00
5 0 +6.779380047e+01 -2.347961995e+02 -2.347961995e+02 -1.0744e+00 -1.6541e+00 +2.1710e+00 +1.0896e+00 -1.6912e+00 -3.7650e-01 +1.7599e+00 -2.6423e+00 -6.1421e-01 -4.2774e-01
10 0 +6.612600756e+01 -2.364639924e+02 -2.364639924e+02 +1.4132e-01 -8.4275e-01 -1.3931e+00 +1.8666e+00 -6.9402e-01 +1.0872e+00 -7.1864e-02 -2.4000e+00 -7.3456e-01 -4.8117e-01
104 0 +6.248217723e+01 -2.401078228e+02 -2.401078228e+02 +5.4605e-01 +1.6036e-01 -2.0180e+00 -1.2323e+00 -1.7175e+00 +1.6194e+00 +2.6545e+00 +2.9947e-02 -4.6262e-02 -8.7212e-01
164 0 +5.929556679e+01 -2.432944332e+02 -2.432944332e+02 +1.7270e+00 +6.4311e-01 -7.1393e-01 -7.0583e-01 -1.9306e+00 +2.0561e+00 -9.0209e-01 +9.7381e-01 -7.9915e-01 +9.8153e-01
372 0 +5.680976686e+01 -2.457802331e+02 -2.457802331e+02 +9.4985e-01 +2.5192e+00 -2.2083e+00 -4.4979e-02 -4.1492e-01 +1.0654e+00 +1.3313e-01 +5.7368e-01 -1.8584e+00 -8.1789e-01
495 0 +3.900335084e+01 -2.635866492e+02 -2.635866492e+02 +8.7716e-01 +1.1892e+00 -2.9495e+00 -4.3266e-02 -7.4400e-01 +2.0092e+00 -7.9602e-01 -1.5039e+00 -2.1089e+00 -3.0020e-02
663 0 +3.674075594e+01 -2.658492441e+02 -2.658492441e+02 -2.8149e+00 +2.0959e+00 +2.9392e+00 +1.9779e+00 +3.3969e-01 -1.8452e+00 +2.9095e+00 -2.7830e+00 -1.9619e+00 -3.3703e-01
1212 0 +3.566526821e+01 -2.669247318e+02 -2.669247318e+02 +5.6452e-01 -1.5302e+00 -1.4281e+00 +2.1885e+00 -1.6667e+00 +5.3900e-02 +2.7768e+00 +7.4295e-01 -1.9899e+00 +9.0367e-01
1570 0 +2.444103124e+01 -2.781489688e+02 -2.781489688e+02 +1.1181e+00 -2.9217e+00 -1.4754e+00 +1.7661e+00 -1.3637e+00 +1.1197e+00 +2.7245e+00 -4.8958e-01 -2.5033e+00 +2.0823e+00
3802 0 +2.098135722e+01 -2.816086428e+02 -2.816086428e+02 +6.0537e-01 +1.6463e-01 -1.5685e+00 +2.1687e+00 -2.5604e+00 -1.1192e+00 +2.1644e+00 -2.5153e+00 -5.9786e-01 -6.8167e-01
15546 0 +2.013641110e+01 -2.824535889e+02 -2.824535889e+02 -1.2264e+00 -1.5775e+00 -9.0374e-01 +2.8198e+00 -2.7833e-01 -1.9477e+00 +1.3039e+00 -1.8228e+00 +5.4519e-01 +1.0095e-01
21861 0 +1.854024517e+01 -2.840497548e+02 -2.840497548e+02 +2.3575e-01 +1.4086e-01 +1.4582e+00 +2.0143e+00 -1.9704e+00 +2.1128e-01 +1.7687e+00 -2.6060e+00 -1.6088e+00 +1.6570e+00
22517 0 +1.251356055e+01 -2.900764395e+02 -2.900764395e+02 -9.9122e-01 -1.7839e+00 -1.6763e+00 +1.5671e+00 -7.3724e-01 +1.2878e-01 +2.6095e+00 -2.7751e+00 -8.3306e-01 +1.1095e+00
22958 0 +8.951443092e+00 -2.936385569e+02 -2.936385569e+02 -2.7656e+00 +1.8022e+00 +5.5432e-01 +2.8206e+00 -2.8944e+00 -1.2631e+00 +8.7188e-01 -2.3653e+00 -2.2753e-01 -1.0917e+00
62794 0 +8.800156089e+00 -2.937898439e+02 -2.937898439e+02 +4.1949e-01 -8.0687e-01 -6.8969e-01 +2.1255e+00 -1.3555e+00 -7.5398e-01 +2.1063e+00 -1.9088e+00 -4.7781e-01 +9.6720e-01
66845 0 +8.617699298e+00 -2.939723007e+02 -2.939723007e+02 -9.5526e-02 -1.0101e+00 -1.0865e+00 +2.2981e+00 -1.4854e+00 +2.0162e-01 +2.4404e+00 -1.3626e+00 -1.8403e+00 +7.8828e-01
71885 0 +6.803924707e+00 -2.957860753e+02 -2.957860753e+02 -1.7142e-01 +1.1232e+00 +8.7126e-01 -2.1086e-01 -1.0770e+00 -1.4687e+00 +2.9735e+00 -2.4539e+00 -1.3897e+00 -9.2959e-01
90009 0 +2.047702984e+00 -3.005422970e+02 -3.005422970e+02 -8.4840e-01 -7.5724e-01 -2.8895e+00 +1.6667e+00 +4.7563e-01 -2.0532e+00 +2.6183e+00 -2.3185e+00 +5.9263e-01 -1.2126e+00
175082 0 +2.000654761e+00 -3.005893452e+02 -3.005893452e+02 -3.7341e-01 +1.8761e+00 +1.0502e+00 +2.9256e-01 -1.8486e+00 -1.2289e+00 +2.8908e+00 -2.3317e+00 -1.0416e+00 -9.0734e-01
4667004 0 +1.976011767e+00 -3.006139882e+02 -3.006139882e+02 +8.2521e-01 -1.3859e+00 -1.2039e+00 +1.0503e+00 -2.6089e+00 +4.2802e-02 +2.2664e+00 -1.8808e+00 -8.5656e-01 +4.4215e-01
7092622 0 +1.551532026e+00 -3.010384680e+02 -3.010384680e+02 +9.2769e-02 +2.1073e+00 +5.0763e-01 +7.5955e-01 -2.5034e+00 -1.3855e+00 +2.8870e+00 -1.5724e+00 -9.5352e-01 -1.3351e+00
% f evaluations | g evaluations | best noise-free fitness - Fopt (-3.065500000000e+02) + sum g_i+ | measured fitness | best measured fitness or single-digit g-values | x1 | x2...
1 0 +8.366027423e+01 -2.228897258e+02 -2.228897258e+02 -1.5571e+00 -1.5819e+00 +2.4375e+00 +2.6598e+00 -3.2750e-01 -2.4269e+00 +1.6105e+00 +2.3976e+00 +2.7828e+00 +2.9847e+00
2 0 +5.737834113e+01 -2.491716589e+02 -2.491716589e+02 -2.3381e+00 +1.4353e+00 +2.7224e-01 +1.1744e+00 +1.4124e+00 -5.5549e-01 -1.7095e+00 +2.9189e+00 -2.0666e+00 -2.1476e+00
37 0 +5.504651110e+01 -2.515034889e+02 -2.515034889e+02 -9.9783e-01 -1.3728e+00 +2.8956e+00 +2.9621e-02 +4.5949e-01 -6.2405e-01 -2.3309e+00 +3.1376e-01 +1.8300e-01 +1.3294e+00
844 0 +5.297266718e+01 -2.535773328e+02 -2.535773328e+02 -1.4322e+00 -1.9256e+00 +1.6287e+00 -2.3720e+00 -1.0454e+00 +4.0434e-01 -2.2813e+00 +2.2593e+00 -1.9356e+00 +1.1993e+00
1249 0 +4.867496358e+01 -2.578750364e+02 -2.578750364e+02 -1.2147e+00 -2.0007e+00 +2.9026e+00 +1.2326e+00 -2.6338e+00 +5.1684e-01 -1.8189e+00 -1.4983e+00 -1.0727e+00 +6.4676e-01
2219 0 +2.955727713e+01 -2.769927229e+02 -2.769927229e+02 -1.7770e+00 -2.9869e+00 -9.2354e-01 -2.6459e+00 -1.9648e+00 -2.0718e-01 -2.1132e+00 -7.4567e-01 -2.1319e+00 -4.7600e-03
2836 0 +1.934705514e+01 -2.872029449e+02 -2.872029449e+02 -2.5955e+00 -2.7456e+00 -7.8452e-01 -2.1676e+00 -2.8201e+00 +1.2077e+00 -2.2157e+00 -1.2274e+00 -2.4201e+00 +1.0569e+00
19715 0 +1.095614582e+01 -2.955938542e+02 -2.955938542e+02 -1.6622e+00 -2.4099e+00 +3.5254e-01 -2.4905e+00 -1.3342e+00 +6.7218e-01 -2.8015e+00 -1.1822e+00 -1.8875e+00 +2.6367e-01
95671 0 +9.884040798e+00 -2.966659592e+02 -2.966659592e+02 -2.3066e+00 -2.3118e+00 +2.7157e-01 -1.6629e+00 -1.8997e+00 +6.1517e-02 -2.3674e+00 -2.9398e-01 -1.3793e+00 +2.2226e-01
116971 0 +7.739112725e+00 -2.988108873e+02 -2.988108873e+02 +2.1933e-02 -1.5201e+00 +2.7867e+00 -1.2554e-02 -2.9536e+00 -1.0861e+00 -1.6886e-01 -2.4282e+00 -2.1483e+00 +2.3180e+00
702988 0 +7.544065188e+00 -2.990059348e+02 -2.990059348e+02 -2.5916e+00 -2.9069e+00 +6.4445e-01 -2.5018e+00 -2.7848e+00 -2.2834e-01 -2.9933e+00 -7.4332e-01 -1.7581e+00 -5.7748e-01
935667 0 +6.966829196e+00 -2.995831708e+02 -2.995831708e+02 +5.6660e-01 -1.1732e+00 +2.0449e+00 +1.2730e+00 -2.6540e+00 -6.4302e-01 -1.6855e+00 -2.5525e+00 -1.8000e+00 +2.2285e+00
1015378 0 +4.898771079e+00 -3.016512289e+02 -3.016512289e+02 -2.2991e+00 -2.0802e+00 +2.8553e+00 +1.2840e+00 -2.9008e+00 -1.2516e+00 +1.0535e-01 -2.6901e+00 -6.1259e-01 +1.3195e+00
4185825 0 +3.386297511e+00 -3.031637025e+02 -3.031637025e+02 -9.0892e-01 -1.7996e+00 +2.9455e+00 +4.1037e-01 -1.7633e+00 -2.5732e+00 -5.3217e-02 -2.5139e+00 -2.0658e+00 +1.6947e+00
5228235 0 +2.040046229e+00 -3.045099538e+02 -3.045099538e+02 -6.1016e-01 -2.7373e+00 +2.7347e+00 +9.4547e-01 -2.4067e+00 -2.5876e+00 -2.7605e-02 -1.1264e+00 -2.3264e+00 +1.3219e+00
