% f evaluations | g evaluations | best noise-free fitness - Fopt (-4.620900000000e+02) + sum g_i+ | measured fitness | best measured fitness or single-digit g-values | x1 | x2...
1 0 +4.233876081e+01 -4.197512392e+02 -4.197512392e+02 +1.6667e+00 +1.6667e+00 +1.6667e+00 +1.6667e+00 +1.6667e+00
45 0 +3.700212118e+01 -4.250878788e+02 -4.250878788e+02 -8.3333e-01 +1.6667e+00 +1.6667e+00 +1.6667e+00 +1.6667e+00
74 0 +2.957675930e+01 -4.325132407e+02 -4.325132407e+02 -7.0002e-01 +1.5101e+00 +1.6044e+00 +1.1297e+00 +1.2954e+00
82 0 +2.521709669e+01 -4.368729033e+02 -4.368729033e+02 -7.0566e-01 +1.5018e+00 +1.6114e+00 +1.0876e+00 +1.3359e+00
88 0 +2.194741662e+01 -4.401425834e+02 -4.401425834e+02 -7.1330e-01 +1.4799e+00 +1.6233e+00 +1.1478e+00 +1.3303e+00
96 0 +2.146593303e+01 -4.406240670e+02 -4.406240670e+02 -7.1430e-01 +1.4892e+00 +1.6229e+00 +1.1838e+00 +1.3308e+00
102 0 +2.093707564e+01 -4.411529244e+02 -4.411529244e+02 -7.1350e-01 +1.4963e+00 +1.6190e+00 +1.1658e+00 +1.3386e+00
242 0 +2.006303720e+01 -4.420269628e+02 -4.420269628e+02 +4.1667e-01 +2.2917e+00 +1.6667e+00 +1.6667e+00 +1.6667e+00
276 0 +1.270844115e+01 -4.493815589e+02 -4.493815589e+02 +4.1667e-01 +2.2917e+00 +1.6667e+00 +1.6667e+00 +2.2917e+00
301 0 +1.041788917e+01 -4.516721108e+02 -4.516721108e+02 +4.1472e-01 +2.2932e+00 +1.6583e+00 +1.6120e+00 +2.2982e+00
313 0 +9.480247468e+00 -4.526097525e+02 -4.526097525e+02 +4.1351e-01 +2.2938e+00 +1.6537e+00 +1.6279e+00 +2.2990e+00
319 0 +9.065256361e+00 -4.530247436e+02 -4.530247436e+02 +3.9892e-01 +2.2999e+00 +1.6035e+00 +1.6344e+00 +2.2957e+00
1722 0 +5.868168278e+00 -4.562218317e+02 -4.562218317e+02 +4.1667e-01 +2.2917e+00 +1.6667e+00 +7.2917e-01 +2.2917e+00
1884 0 +5.459507289e+00 -4.566304927e+02 -4.566304927e+02 +4.1667e-01 +2.2917e+00 +1.5885e+00 +7.2917e-01 +2.2917e+00
1998 0 +5.365775458e+00 -4.567242245e+02 -4.567242245e+02 +3.7760e-01 +2.2917e+00 +1.5885e+00 +7.2917e-01 +2.2917e+00
2000 0 +5.223034160e+00 -4.568669658e+02 -4.568669658e+02 +4.1667e-01 +2.2917e+00 +1.6276e+00 +7.2917e-01 +2.2917e+00
2152 0 +5.127020249e+00 -4.569629798e+02 -4.569629798e+02 +3.7760e-01 +2.2917e+00 +1.6081e+00 +7.2917e-01 +2.2917e+00
2322 0 +3.499040356e+00 -4.585909596e+02 -4.585909596e+02 +2.2917e+00 +3.0729e+00 +1.6667e+00 +7.2917e-01 +2.2917e+00
2333 0 +3.119426014e+00 -4.589705740e+02 -4.589705740e+02 +2.2960e+00 +3.0750e+00 +1.6583e+00 +7.2862e-01 +2.2982e+00
2340 0 +2.671496957e+00 -4.594185030e+02 -4.594185030e+02 +2.3449e+00 +3.0957e+00 +1.5935e+00 +7.2508e-01 +2.2959e+00
2348 0 +2.500533765e+00 -4.595894662e+02 -4.595894662e+02 +2.3309e+00 +3.1001e+00 +1.5839e+00 +7.2536e-01 +2.2933e+00
2356 0 +2.102364885e+00 -4.599876351e+02 -4.599876351e+02 +2.3307e+00 +3.0995e+00 +1.6076e+00 +7.2978e-01 +2.2982e+00
2376 0 +2.087540230e+00 -4.600024598e+02 -4.600024598e+02 +2.3317e+00 +3.1048e+00 +1.6162e+00 +7.2169e-01 +2.2973e+00
2398 0 +2.031924102e+00 -4.600580759e+02 -4.600580759e+02 +2.3323e+00 +3.1299e+00 +1.6194e+00 +7.2724e-01 +2.2976e+00
2449 0 +1.993960068e+00 -4.600960399e+02 -4.600960399e+02 +2.3381e+00 +3.1191e+00 +1.6177e+00 +7.2842e-01 +2.2993e+00
4823 0 +1.888060765e+00 -4.602019392e+02 -4.602019392e+02 +2.2917e+00 +2.2917e+00 +1.5885e+00 +7.2917e-01 +2.2917e+00
5011 0 +1.398540939e+00 -4.606914591e+02 -4.606914591e+02 +2.3307e+00 +2.2917e+00 +1.5885e+00 +7.2917e-01 +2.2917e+00
5161 0 +1.162067810e+00 -4.609279322e+02 -4.609279322e+02 +2.3307e+00 +2.2917e+00 +1.6276e+00 +7.2917e-01 +2.2917e+00
5352 0 +1.071221150e+00 -4.610187788e+02 -4.610187788e+02 +2.3372e+00 +2.2982e+00 +1.6146e+00 +7.3568e-01 +2.2982e+00
5466 0 +1.008031368e+00 -4.610819686e+02 -4.610819686e+02 +2.3372e+00 +2.2982e+00 +1.6146e+00 +7.2591e-01 +2.2982e+00
18452 0 +9.974942598e-01 -4.610925057e+02 -4.610925057e+02 +2.3397e+00 +2.3006e+00 +1.6170e+00 +7.2835e-01 +2.2982e+00
163370 0 +7.970168929e-01 -4.612929831e+02 -4.612929831e+02 +2.3372e+00 +2.2982e+00 +2.1810e+00 +7.3568e-01 +2.2982e+00
163661 0 +6.601317007e-01 -4.614298683e+02 -4.614298683e+02 +2.3405e+00 +2.3014e+00 +2.1842e+00 +7.2917e-01 +2.2917e+00
165478 0 +6.025549829e-01 -4.614874450e+02 -4.614874450e+02 +2.3421e+00 +2.3031e+00 +2.1859e+00 +7.3079e-01 +2.2933e+00
165580 0 +5.699671015e-01 -4.615200329e+02 -4.615200329e+02 +2.3397e+00 +2.3031e+00 +2.1859e+00 +7.3079e-01 +2.2933e+00
165819 0 +5.555391627e-01 -4.615344608e+02 -4.615344608e+02 +2.3405e+00 +2.3014e+00 +2.1867e+00 +7.2917e-01 +2.2917e+00
166241 0 +5.169955614e-01 -4.615730044e+02 -4.615730044e+02 +2.3405e+00 +2.3014e+00 +2.1867e+00 +7.2917e-01 +2.2941e+00
166716 0 +5.111545531e-01 -4.615788454e+02 -4.615788454e+02 +2.3409e+00 +2.3006e+00 +2.1871e+00 +7.2835e-01 +2.2933e+00
170810 0 +4.925900486e-01 -4.615974100e+02 -4.615974100e+02 +2.3409e+00 +2.3006e+00 +2.1871e+00 +7.2835e-01 +2.2945e+00
173329 0 +4.893434239e-01 -4.616006566e+02 -4.616006566e+02 +2.3381e+00 +2.2990e+00 +2.1867e+00 +7.2428e-01 +2.2965e+00
173429 0 +4.729971180e-01 -4.616170029e+02 -4.616170029e+02 +2.3381e+00 +2.2990e+00 +2.1867e+00 +7.2917e-01 +2.2965e+00
173675 0 +4.597994268e-01 -4.616302006e+02 -4.616302006e+02 +2.3381e+00 +2.2990e+00 +2.1867e+00 +7.2917e-01 +2.2990e+00
176034 0 +4.437114978e-01 -4.616462885e+02 -4.616462885e+02 +2.3385e+00 +2.2994e+00 +2.1871e+00 +7.2835e-01 +2.2982e+00
% f evaluations | g evaluations | best noise-free fitness - Fopt (7.766000000000e+01) + sum g_i+ | measured fitness | best measured fitness or single-digit g-values | x1 | x2...
1 0 +1.511083498e+02 +2.287683498e+02 +2.287683498e+02 +1.6667e+00 +1.6667e+00 +1.6667e+00 +1.6667e+00 +1.6667e+00
5 0 +1.361421517e+02 +2.138021517e+02 +2.138021517e+02 +1.6667e+00 -3.3333e+00 +1.6667e+00 +1.6667e+00 +1.6667e+00
23 0 +1.235675858e+02 +2.012275858e+02 +2.012275858e+02 +1.6642e+00 -3.3295e+00 +1.6916e+00 +1.6728e+00 +1.6766e+00
29 0 +9.613662032e+01 +1.737966203e+02 +1.737966203e+02 +1.5009e+00 -3.0793e+00 +1.6935e+00 +2.0756e+00 +2.3594e+00
42 0 +9.457607695e+01 +1.722360770e+02 +1.722360770e+02 +1.4604e+00 -3.0938e+00 +1.6728e+00 +2.2104e+00 +2.5156e+00
55 0 +9.220398992e+01 +1.698639899e+02 +1.698639899e+02 +1.4598e+00 -3.0941e+00 +1.6821e+00 +2.2076e+00 +2.5402e+00
62 0 +8.752647822e+01 +1.651864782e+02 +1.651864782e+02 +1.4654e+00 -3.0931e+00 +1.6938e+00 +2.1846e+00 +2.5396e+00
70 0 +8.625944781e+01 +1.639194478e+02 +1.639194478e+02 +1.4503e+00 -3.1342e+00 +1.6883e+00 +2.0552e+00 +2.5360e+00
76 0 +7.710019662e+01 +1.547601966e+02 +1.547601966e+02 +1.3248e+00 -3.1284e+00 +1.6863e+00 +2.1708e+00 +2.5248e+00
82 0 +7.286106379e+01 +1.505210638e+02 +1.505210638e+02 +1.4274e+00 -3.1398e+00 +1.6873e+00 +2.1388e+00 +2.5267e+00
94 0 +7.218034610e+01 +1.498403461e+02 +1.498403461e+02 +1.3934e+00 -3.1443e+00 +1.6876e+00 +2.1410e+00 +2.5290e+00
228 0 +6.722324456e+01 +1.448832446e+02 +1.448832446e+02 +4.1667e-01 -2.0833e+00 +4.1667e-01 +4.1667e+00 +1.6667e+00
240 0 +5.897564907e+01 +1.366356491e+02 +1.366356491e+02 +4.1667e-01 -2.0833e+00 +4.1667e-01 +2.9167e+00 +1.6667e+00
253 0 +3.640814275e+01 +1.140681427e+02 +1.140681427e+02 +8.3333e-01 -1.6667e+00 +8.3333e-01 +3.3333e+00 +2.0833e+00
265 0 +2.946350404e+01 +1.071235040e+02 +1.071235040e+02 +2.0833e-01 -1.6667e+00 +8.3333e-01 +3.3333e+00 +2.0833e+00
281 0 +2.673807501e+01 +1.043980750e+02 +1.043980750e+02 +2.6372e-01 -1.6603e+00 +7.2385e-01 +3.3084e+00 +2.3499e+00
293 0 +1.061390632e+01 +8.827390632e+01 +8.827390632e+01 +2.8779e-01 -1.6607e+00 +7.0602e-01 +3.3324e+00 +2.4921e+00
309 0 +9.824106984e+00 +8.748410698e+01 +8.748410698e+01 +2.8819e-01 -1.6607e+00 +7.0580e-01 +3.3322e+00 +2.4967e+00
315 0 +8.469519871e+00 +8.612951987e+01 +8.612951987e+01 +3.7821e-01 -1.6646e+00 +6.7642e-01 +3.3550e+00 +2.4991e+00
322 0 +7.151812208e+00 +8.481181221e+01 +8.481181221e+01 +4.2035e-01 -1.6632e+00 +6.9394e-01 +3.3170e+00 +2.4983e+00
335 0 +6.978984255e+00 +8.463898426e+01 +8.463898426e+01 +4.4917e-01 -1.6599e+00 +6.7987e-01 +3.3212e+00 +2.4982e+00
8940 0 +6.501417338e+00 +8.416141734e+01 +8.416141734e+01 +2.3698e+00 -1.6927e+00 +1.8229e-01 +3.3073e+00 +2.4479e+00
9000 0 +6.050048402e+00 +8.371004840e+01 +8.371004840e+01 +2.3698e+00 -1.6536e+00 +1.8229e-01 +3.3073e+00 +2.4479e+00
9015 0 +5.274908468e+00 +8.293490847e+01 +8.293490847e+01 +2.3724e+00 -1.6549e+00 +1.8557e-01 +3.3138e+00 +2.4595e+00
9029 0 +5.037821177e+00 +8.269782118e+01 +8.269782118e+01 +2.3993e+00 -1.6655e+00 +1.8901e-01 +3.3280e+00 +2.4616e+00
9038 0 +4.995253080e+00 +8.265525308e+01 +8.265525308e+01 +2.3962e+00 -1.6660e+00 +1.8797e-01 +3.3255e+00 +2.4640e+00
9261 0 +4.838030499e+00 +8.249803050e+01 +8.249803050e+01 +1.4323e+00 -1.6927e+00 +6.5104e-01 +3.3073e+00 +2.4479e+00
9323 0 +4.386661563e+00 +8.204666156e+01 +8.204666156e+01 +1.4323e+00 -1.6536e+00 +6.5104e-01 +3.3073e+00 +2.4479e+00
9343 0 +4.250455921e+00 +8.191045592e+01 +8.191045592e+01 +1.4323e+00 -1.6536e+00 +6.9010e-01 +3.3073e+00 +2.4479e+00
9409 0 +3.938045420e+00 +8.159804542e+01 +8.159804542e+01 +1.4128e+00 -1.6536e+00 +6.9010e-01 +3.3073e+00 +2.4479e+00
9444 0 +3.202431220e+00 +8.086243122e+01 +8.086243122e+01 +1.4111e+00 -1.6549e+00 +6.8852e-01 +3.3141e+00 +2.4599e+00
9451 0 +3.118260968e+00 +8.077826097e+01 +8.077826097e+01 +1.4020e+00 -1.6616e+00 +6.7909e-01 +3.3306e+00 +2.4582e+00
9458 0 +3.005076377e+00 +8.066507638e+01 +8.066507638e+01 +1.3970e+00 -1.6649e+00 +6.7261e-01 +3.3231e+00 +2.4636e+00
16541 0 +2.413636576e+00 +8.007363658e+01 +8.007363658e+01 +2.3763e+00 -1.6471e+00 +6.7708e-01 +3.3138e+00 +2.4544e+00
16745 0 +2.336746173e+00 +7.999674617e+01 +7.999674617e+01 +2.3763e+00 -1.6569e+00 +6.7708e-01 +3.3138e+00 +2.4544e+00
17042 0 +2.208320892e+00 +7.986832089e+01 +7.986832089e+01 +2.3796e+00 -1.6536e+00 +6.8034e-01 +3.3171e+00 +2.4577e+00
17070 0 +2.186830377e+00 +7.984683038e+01 +7.984683038e+01 +2.3796e+00 -1.6585e+00 +6.8034e-01 +3.3171e+00 +2.4577e+00
17095 0 +2.073350086e+00 +7.973335009e+01 +7.973335009e+01 +2.3816e+00 -1.6592e+00 +6.7555e-01 +3.3195e+00 +2.4622e+00
17113 0 +2.016178962e+00 +7.967617896e+01 +7.967617896e+01 +2.3887e+00 -1.6616e+00 +6.7586e-01 +3.3264e+00 +2.4638e+00
17120 0 +1.992621669e+00 +7.965262167e+01 +7.965262167e+01 +2.3952e+00 -1.6609e+00 +6.7595e-01 +3.3239e+00 +2.4638e+00
31515 0 +1.367526616e+00 +7.902752662e+01 +7.902752662e+01 +2.3763e+00 -8.4635e-01 +6.7708e-01 +3.3138e+00 +2.4544e+00
31561 0 +1.334055990e+00 +7.899405599e+01 +7.899405599e+01 +2.3763e+00 -8.5612e-01 +6.7708e-01 +3.3138e+00 +2.4544e+00
31638 0 +1.191869905e+00 +7.885186991e+01 +7.885186991e+01 +2.3796e+00 -8.5286e-01 +6.8034e-01 +3.3171e+00 +2.4577e+00
31649 0 +1.082895066e+00 +7.874289507e+01 +7.874289507e+01 +2.3816e+00 -8.5356e-01 +6.7953e-01 +3.3195e+00 +2.4622e+00
31667 0 +1.025928350e+00 +7.868592835e+01 +7.868592835e+01 +2.3882e+00 -8.5565e-01 +6.7701e-01 +3.3266e+00 +2.4638e+00
31674 0 +9.971766632e-01 +7.865717666e+01 +7.865717666e+01 +2.3960e+00 -8.5430e-01 +6.7573e-01 +3.3232e+00 +2.4637e+00
% f evaluations | g evaluations | best noise-free fitness - Fopt (1.156800000000e+02) + sum g_i+ | measured fitness | best measured fitness or single-digit g-values | x1 | x2...
1 0 +7.753537784e+02 +8.910337784e+02 +8.910337784e+02 +1.6667e+00 +1.6667e+00 +1.6667e+00 +1.6667e+00 +1.6667e+00
2 0 +4.508243062e+02 +5.665043062e+02 +5.665043062e+02 -1.6667e+00 -1.6667e+00 -1.6667e+00 -1.6667e+00 -1.6667e+00
9 0 +1.836519390e+02 +2.993319390e+02 +2.993319390e+02 -3.3333e+00 -3.3333e+00 -3.3333e+00 +1.6667e+00 +1.6667e+00
21 0 +1.570859065e+02 +2.727659065e+02 +2.727659065e+02 -3.1960e+00 -3.2577e+00 -3.0197e+00 +1.3479e+00 +2.0867e+00
27 0 +1.375630515e+02 +2.532430515e+02 +2.532430515e+02 -2.8039e+00 -3.1526e+00 -2.8226e+00 +1.1542e+00 +3.4387e+00
33 0 +1.109497226e+02 +2.266297226e+02 +2.266297226e+02 -2.8464e+00 -3.2631e+00 -2.7019e+00 +1.1326e+00 +3.3888e+00
44 0 +9.232382065e+01 +2.080038206e+02 +2.080038206e+02 -2.8612e+00 -3.2661e+00 -2.6207e+00 +1.0553e+00 +3.2518e+00
53 0 +9.060117219e+01 +2.062811722e+02 +2.062811722e+02 -2.8427e+00 -3.2098e+00 -2.6434e+00 +1.0113e+00 +3.2542e+00
61 0 +8.687115761e+01 +2.025511576e+02 +2.025511576e+02 -2.8848e+00 -3.2839e+00 -2.6164e+00 +9.5112e-01 +3.3175e+00
67 0 +8.469160968e+01 +2.003716097e+02 +2.003716097e+02 -2.9089e+00 -3.2836e+00 -2.6430e+00 +9.8866e-01 +3.2947e+00
121 0 +8.002914838e+01 +1.957091484e+02 +1.957091484e+02 -1.6667e+00 -1.6667e+00 -1.6667e+00 +3.3333e+00 +3.3333e+00
134 0 +5.368215066e+01 +1.693621507e+02 +1.693621507e+02 -1.7767e+00 -1.8142e+00 -1.6236e+00 +3.5176e+00 +2.9348e+00
143 0 +5.209258212e+01 +1.677725821e+02 +1.677725821e+02 -1.7812e+00 -1.8068e+00 -1.6046e+00 +3.5358e+00 +2.9074e+00
149 0 +3.892464172e+01 +1.546046417e+02 +1.546046417e+02 -1.8089e+00 -1.7610e+00 -1.4272e+00 +3.5526e+00 +2.8976e+00
160 0 +3.484702197e+01 +1.505270220e+02 +1.505270220e+02 -1.8086e+00 -1.7480e+00 -1.2465e+00 +3.5087e+00 +2.8926e+00
167 0 +3.406085067e+01 +1.497408507e+02 +1.497408507e+02 -1.7672e+00 -1.7985e+00 -1.3044e+00 +3.4860e+00 +2.9475e+00
174 0 +3.185285583e+01 +1.475328558e+02 +1.475328558e+02 -1.7857e+00 -1.8025e+00 -1.2852e+00 +3.5390e+00 +2.9396e+00
181 0 +3.093649577e+01 +1.466164958e+02 +1.466164958e+02 -1.7967e+00 -1.7861e+00 -1.3137e+00 +3.5330e+00 +2.9133e+00
187 0 +3.085915668e+01 +1.465391567e+02 +1.465391567e+02 -1.7895e+00 -1.7878e+00 -1.3027e+00 +3.5288e+00 +2.9186e+00
512 0 +2.862940998e+01 +1.443094100e+02 +1.443094100e+02 +2.0833e+00 -1.0417e+00 -4.1667e-01 +3.3333e+00 +3.3333e+00
514 0 +1.568943791e+01 +1.313694379e+02 +1.313694379e+02 +2.0833e+00 -2.2917e+00 -4.1667e-01 +2.7083e+00 +3.3333e+00
536 0 +1.006877853e+01 +1.257487785e+02 +1.257487785e+02 +2.0965e+00 -2.3086e+00 -4.0213e-01 +2.6900e+00 +3.2835e+00
543 0 +8.350371545e+00 +1.240303715e+02 +1.240303715e+02 +2.1419e+00 -2.3683e+00 -3.4843e-01 +2.6532e+00 +3.3030e+00
550 0 +7.418674942e+00 +1.230986749e+02 +1.230986749e+02 +2.1733e+00 -2.3728e+00 -3.3147e-01 +2.6875e+00 +3.2988e+00
557 0 +7.071000515e+00 +1.227510005e+02 +1.227510005e+02 +2.1800e+00 -2.3529e+00 -3.3934e-01 +2.6829e+00 +3.2970e+00
1151 0 +3.861152418e+00 +1.195411524e+02 +1.195411524e+02 +2.1354e+00 -9.8958e-01 -3.6458e-01 +2.6823e+00 +3.3073e+00
1171 0 +3.450318081e+00 +1.191303181e+02 +1.191303181e+02 +2.1745e+00 -9.8958e-01 -3.6458e-01 +2.6823e+00 +3.3073e+00
1182 0 +3.169226431e+00 +1.188492264e+02 +1.188492264e+02 +2.1751e+00 -9.8877e-01 -3.6199e-01 +2.6820e+00 +3.2878e+00
1188 0 +3.034946288e+00 +1.187149463e+02 +1.187149463e+02 +2.1798e+00 -9.8258e-01 -3.4451e-01 +2.6809e+00 +3.2952e+00
1200 0 +3.006691677e+00 +1.186866917e+02 +1.186866917e+02 +2.1697e+00 -9.8272e-01 -3.4584e-01 +2.6816e+00 +3.2947e+00
47519 0 +2.737806395e+00 +1.184178064e+02 +1.184178064e+02 +2.1745e+00 -9.8958e-01 +2.2135e-01 +2.6823e+00 +3.3073e+00
47822 0 +2.459778779e+00 +1.181397788e+02 +1.181397788e+02 +2.1810e+00 -9.8307e-01 +2.2786e-01 +2.6693e+00 +3.2943e+00
47842 0 +2.355671741e+00 +1.180356717e+02 +1.180356717e+02 +2.1810e+00 -9.8307e-01 +2.2786e-01 +2.6888e+00 +3.2943e+00
47894 0 +2.234451448e+00 +1.179144514e+02 +1.179144514e+02 +2.1712e+00 -9.8307e-01 +2.2786e-01 +2.6888e+00 +3.2943e+00
47997 0 +2.135963545e+00 +1.178159635e+02 +1.178159635e+02 +2.1745e+00 -9.7982e-01 +2.3112e-01 +2.6823e+00 +3.2975e+00
48106 0 +2.085617810e+00 +1.177656178e+02 +1.177656178e+02 +2.1761e+00 -9.8307e-01 +2.3275e-01 +2.6839e+00 +3.2943e+00
105227 0 +2.035141057e+00 +1.177151411e+02 +1.177151411e+02 +2.1745e+00 -9.8958e-01 +2.2135e-01 +3.0729e+00 +3.3073e+00
105750 0 +1.396702903e+00 +1.170767029e+02 +1.170767029e+02 +2.1810e+00 -9.8307e-01 +2.2786e-01 +3.0794e+00 +3.2943e+00
105759 0 +1.040747973e+00 +1.167207480e+02 +1.167207480e+02 +2.1730e+00 -9.8311e-01 +2.4024e-01 +3.0927e+00 +3.2964e+00
105768 0 +1.009410007e+00 +1.166894100e+02 +1.166894100e+02 +2.1720e+00 -9.8313e-01 +2.4370e-01 +3.0909e+00 +3.2948e+00
105792 0 +9.990021835e-01 +1.166790022e+02 +1.166790022e+02 +2.1767e+00 -9.8338e-01 +2.4477e-01 +3.0898e+00 +3.2940e+00
% f evaluations | g evaluations | best noise-free fitness - Fopt (-3.710000000000e+00) + sum g_i+ | measured fitness | best measured fitness or single-digit g-values | x1 | x2...
1 0 +1.323340545e+02 +1.286240545e+02 +1.286240545e+02 +1.6667e+00 +1.6667e+00 +1.6667e+00 +1.6667e+00 +1.6667e+00
5 0 +1.137766605e+02 +1.100666605e+02 +1.100666605e+02 +1.6667e+00 -3.3333e+00 +1.6667e+00 +1.6667e+00 +1.6667e+00
18 0 +9.620588459e+01 +9.249588459e+01 +9.249588459e+01 +1.6289e+00 -3.2433e+00 +1.8515e+00 +1.8365e+00 +1.8759e+00
24 0 +6.250980525e+01 +5.879980525e+01 +5.879980525e+01 +1.4089e+00 -2.6767e+00 +1.7418e+00 +2.4501e+00 +3.0698e+00
38 0 +5.641304024e+01 +5.270304024e+01 +5.270304024e+01 +1.3877e+00 -2.6831e+00 +1.7688e+00 +2.3840e+00 +3.1753e+00
47 0 +5.552157070e+01 +5.181157070e+01 +5.181157070e+01 +1.3822e+00 -2.6825e+00 +1.7747e+00 +2.3715e+00 +3.2040e+00
54 0 +4.893413648e+01 +4.522413648e+01 +4.522413648e+01 +1.3302e+00 -2.7038e+00 +1.7758e+00 +2.3765e+00 +3.2257e+00
60 0 +4.444819734e+01 +4.073819734e+01 +4.073819734e+01 +1.2694e+00 -2.7352e+00 +1.7655e+00 +2.3725e+00 +3.2168e+00
66 0 +4.001623546e+01 +3.630623546e+01 +3.630623546e+01 +1.2030e+00 -2.8298e+00 +1.7483e+00 +2.3785e+00 +3.2163e+00
74 0 +3.048198973e+01 +2.677198973e+01 +2.677198973e+01 +1.1142e+00 -3.0347e+00 +1.7167e+00 +2.3856e+00 +3.2155e+00
83 0 +3.013067230e+01 +2.642067230e+01 +2.642067230e+01 +1.0915e+00 -3.1196e+00 +1.7023e+00 +2.3821e+00 +3.2153e+00
89 0 +2.854967176e+01 +2.483967176e+01 +2.483967176e+01 +1.1181e+00 -3.0779e+00 +1.7132e+00 +2.3624e+00 +3.2165e+00
95 0 +2.755842422e+01 +2.384842422e+01 +2.384842422e+01 +1.1439e+00 -3.0773e+00 +1.7241e+00 +2.3654e+00 +3.2181e+00
102 0 +2.616016247e+01 +2.245016247e+01 +2.245016247e+01 +1.1852e+00 -3.0875e+00 +1.7444e+00 +2.3616e+00 +3.2223e+00
108 0 +2.562499079e+01 +2.191499079e+01 +2.191499079e+01 +1.1907e+00 -3.0987e+00 +1.7622e+00 +2.3660e+00 +3.2232e+00
114 0 +2.508446827e+01 +2.137446827e+01 +2.137446827e+01 +1.1674e+00 -3.1157e+00 +1.7740e+00 +2.3695e+00 +3.2209e+00
3717 0 +2.248356112e+01 +1.877356112e+01 +1.877356112e+01 +3.0729e+00 -1.4583e+00 +7.2917e-01 +4.7917e+00 +2.9167e+00
3741 0 +1.610982197e+01 +1.239982197e+01 +1.239982197e+01 +3.0820e+00 -1.4637e+00 +6.8473e-01 +4.8409e+00 +2.8030e+00
3747 0 +1.545682632e+01 +1.174682632e+01 +1.174682632e+01 +3.1192e+00 -1.4791e+00 +6.6332e-01 +4.7663e+00 +2.8431e+00
3755 0 +1.413579104e+01 +1.042579104e+01 +1.042579104e+01 +3.1284e+00 -1.4823e+00 +6.9635e-01 +4.7861e+00 +2.8640e+00
3766 0 +1.100450626e+01 +7.294506265e+00 +7.294506265e+00 +3.0996e+00 -1.4818e+00 +7.1597e-01 +4.8134e+00 +2.8588e+00
3775 0 +1.009979445e+01 +6.389794453e+00 +6.389794453e+00 +3.0982e+00 -1.4793e+00 +7.0210e-01 +4.8111e+00 +2.8414e+00
3807 0 +9.973830051e+00 +6.263830051e+00 +6.263830051e+00 +3.1098e+00 -1.4750e+00 +6.9918e-01 +4.8144e+00 +2.8433e+00
5755 0 +9.247967194e+00 +5.537967194e+00 +5.537967194e+00 +3.0990e+00 -1.5104e+00 +6.7708e-01 +3.4896e+00 +2.8646e+00
5777 0 +7.542686409e+00 +3.832686409e+00 +3.832686409e+00 +3.1013e+00 -1.5083e+00 +6.9546e-01 +3.4976e+00 +2.8320e+00
5785 0 +7.328531963e+00 +3.618531963e+00 +3.618531963e+00 +3.1058e+00 -1.5040e+00 +7.1199e-01 +3.5076e+00 +2.8401e+00
5800 0 +7.178622780e+00 +3.468622780e+00 +3.468622780e+00 +3.1195e+00 -1.4810e+00 +6.9064e-01 +3.5116e+00 +2.8458e+00
5808 0 +6.998917969e+00 +3.288917969e+00 +3.288917969e+00 +3.1190e+00 -1.4817e+00 +6.9800e-01 +3.5004e+00 +2.8450e+00
16846 0 +6.125164558e+00 +2.415164558e+00 +2.415164558e+00 +3.0990e+00 -1.5104e+00 +1.1458e+00 +3.4896e+00 +2.8646e+00
16890 0 +4.867909665e+00 +1.157909665e+00 +1.157909665e+00 +3.1013e+00 -1.5083e+00 +1.1545e+00 +3.4976e+00 +2.8320e+00
16897 0 +4.332567906e+00 +6.225679062e-01 +6.225679062e-01 +3.1103e+00 -1.4998e+00 +1.1849e+00 +3.5183e+00 +2.8399e+00
16904 0 +4.103432751e+00 +3.934327513e-01 +3.934327513e-01 +3.1194e+00 -1.4894e+00 +1.2040e+00 +3.5004e+00 +2.8438e+00
16910 0 +4.005775505e+00 +2.957755054e-01 +2.957755054e-01 +3.1210e+00 -1.4802e+00 +1.1872e+00 +3.5031e+00 +2.8436e+00
16955 0 +3.980846895e+00 +2.708468948e-01 +2.708468948e-01 +3.1180e+00 -1.4769e+00 +1.1869e+00 +3.5035e+00 +2.8430e+00
18126 0 +3.171551800e+00 -5.384482004e-01 -5.384482004e-01 +3.1120e+00 -2.2786e+00 +1.1979e+00 +3.5026e+00 +2.8385e+00
18153 0 +3.108380860e+00 -6.016191402e-01 -6.016191402e-01 +3.1128e+00 -2.2811e+00 +1.1960e+00 +3.5031e+00 +2.8457e+00
18159 0 +3.046401241e+00 -6.635987589e-01 -6.635987589e-01 +3.1189e+00 -2.3057e+00 +1.1796e+00 +3.5062e+00 +2.8436e+00
18165 0 +3.007949350e+00 -7.020506501e-01 -7.020506501e-01 +3.1196e+00 -2.2942e+00 +1.1856e+00 +3.4988e+00 +2.8427e+00
37733 0 +2.169043458e+00 -1.540956542e+00 -1.540956542e+00 +3.1120e+00 -2.2786e+00 +1.7839e+00 +3.5026e+00 +2.8385e+00
37795 0 +2.119850344e+00 -1.590149656e+00 -1.590149656e+00 +3.1122e+00 -2.2794e+00 +1.7773e+00 +3.5028e+00 +2.8408e+00
37809 0 +2.047056393e+00 -1.662943607e+00 -1.662943607e+00 +3.1171e+00 -2.2986e+00 +1.7786e+00 +3.5051e+00 +2.8465e+00
37816 0 +2.013767141e+00 -1.696232859e+00 -1.696232859e+00 +3.1196e+00 -2.2971e+00 +1.7786e+00 +3.5030e+00 +2.8445e+00
37847 0 +1.995258954e+00 -1.714741046e+00 -1.714741046e+00 +3.1176e+00 -2.2956e+00 +1.7806e+00 +3.5033e+00 +2.8430e+00
83601 0 +1.726700048e+00 -1.983299952e+00 -1.983299952e+00 +3.1120e+00 -2.2786e+00 +1.7839e+00 +3.9323e+00 +2.8385e+00
83654 0 +1.362884793e+00 -2.347115207e+00 -2.347115207e+00 +3.1128e+00 -2.2811e+00 +1.7627e+00 +3.9080e+00 +2.8457e+00
83662 0 +1.265680157e+00 -2.444319843e+00 -2.444319843e+00 +3.1140e+00 -2.2865e+00 +1.7675e+00 +3.9025e+00 +2.8406e+00
83670 0 +1.221415298e+00 -2.488584702e+00 -2.488584702e+00 +3.1163e+00 -2.2964e+00 +1.7779e+00 +3.8973e+00 +2.8447e+00
83677 0 +1.093471844e+00 -2.616528156e+00 -2.616528156e+00 +3.1202e+00 -2.3054e+00 +1.7784e+00 +3.9048e+00 +2.8449e+00
83683 0 +1.014157010e+00 -2.695842990e+00 -2.695842990e+00 +3.1118e+00 -2.2927e+00 +1.7806e+00 +3.9092e+00 +2.8430e+00
83707 0 +9.975780816e-01 -2.712421918e+00 -2.712421918e+00 +3.1199e+00 -2.2954e+00 +1.7811e+00 +3.9104e+00 +2.8429e+00
% f evaluations | g evaluations | best noise-free fitness - Fopt (1.321800000000e+02) + sum g_i+ | measured fitness | best measured fitness or single-digit g-values | x1 | x2...
1 0 +1.584793547e+02 +2.906593547e+02 +2.906593547e+02 +1.6667e+00 +1.6667e+00 +1.6667e+00 +1.6667e+00 +1.6667e+00
13 0 +9.938778542e+01 +2.315677854e+02 +2.315677854e+02 +1.6667e+00 +1.6667e+00 +1.6667e+00 -3.3333e+00 +1.6667e+00
25 0 +5.920424655e+01 +1.913842466e+02 +1.913842466e+02 +1.7372e+00 +1.4333e+00 +1.8623e+00 -3.4033e+00 +1.9486e+00
32 0 +5.524615684e+01 +1.874261568e+02 +1.874261568e+02 +1.7774e+00 +1.3744e+00 +1.9809e+00 -3.5683e+00 +1.9431e+00
38 0 +3.428598345e+01 +1.664659834e+02 +1.664659834e+02 +1.7934e+00 +1.4889e+00 +1.9190e+00 -3.5162e+00 +1.7747e+00
45 0 +3.367027430e+01 +1.658502743e+02 +1.658502743e+02 +1.7939e+00 +1.5044e+00 +1.9041e+00 -3.5170e+00 +1.8255e+00
51 0 +3.309988262e+01 +1.652798826e+02 +1.652798826e+02 +1.8003e+00 +1.4610e+00 +1.9161e+00 -3.5062e+00 +1.8106e+00
1057 0 +3.178096578e+01 +1.639609658e+02 +1.639609658e+02 +2.7083e+00 +1.4583e+00 +2.3958e+00 -2.2917e+00 +2.0833e+00
1069 0 +2.387214845e+01 +1.560521485e+02 +1.560521485e+02 +2.7083e+00 +1.4583e+00 +2.3958e+00 -1.9792e+00 +2.0833e+00
1081 0 +1.959035924e+01 +1.517703592e+02 +1.517703592e+02 +2.7083e+00 +1.4583e+00 +2.3958e+00 -1.9792e+00 +2.3958e+00
1104 0 +1.125404213e+01 +1.434340421e+02 +1.434340421e+02 +2.7373e+00 +1.4693e+00 +2.3686e+00 -1.9573e+00 +2.5500e+00
1119 0 +9.528689733e+00 +1.417086897e+02 +1.417086897e+02 +2.7385e+00 +1.4699e+00 +2.3699e+00 -1.9583e+00 +2.5599e+00
1126 0 +9.115627763e+00 +1.412956278e+02 +1.412956278e+02 +2.7542e+00 +1.4768e+00 +2.3754e+00 -1.9672e+00 +2.5613e+00
1707 0 +8.508258920e+00 +1.406882589e+02 +1.406882589e+02 +2.7604e+00 +1.4714e+00 +2.3698e+00 -1.9661e+00 +2.2135e+00
1722 0 +8.017229230e+00 +1.401972292e+02 +1.401972292e+02 +2.7474e+00 +1.4583e+00 +2.3568e+00 -1.9792e+00 +2.2005e+00
1742 0 +7.853984002e+00 +1.400339840e+02 +1.400339840e+02 +2.7669e+00 +1.4583e+00 +2.3568e+00 -1.9792e+00 +2.2005e+00
1750 0 +7.661953058e+00 +1.398419531e+02 +1.398419531e+02 +2.7669e+00 +1.4779e+00 +2.3568e+00 -1.9792e+00 +2.2005e+00
1758 0 +7.052886257e+00 +1.392328863e+02 +1.392328863e+02 +2.7669e+00 +1.4779e+00 +2.3763e+00 -1.9792e+00 +2.2005e+00
1766 0 +6.877392190e+00 +1.390573922e+02 +1.390573922e+02 +2.7669e+00 +1.4779e+00 +2.3763e+00 -1.9596e+00 +2.2005e+00
1776 0 +6.234984295e+00 +1.384149843e+02 +1.384149843e+02 +2.7671e+00 +1.4789e+00 +2.3782e+00 -1.9630e+00 +2.1723e+00
1782 0 +6.083558606e+00 +1.382635586e+02 +1.382635586e+02 +2.7680e+00 +1.4873e+00 +2.3849e+00 -1.9727e+00 +2.1834e+00
1796 0 +6.012832244e+00 +1.381928322e+02 +1.381928322e+02 +2.7675e+00 +1.4847e+00 +2.3769e+00 -1.9603e+00 +2.1837e+00
17400 0 +4.182679350e+00 +1.363626794e+02 +1.363626794e+02 +2.7865e+00 +1.5365e+00 +2.8646e+00 -1.9792e+00 +2.4740e+00
17426 0 +3.432687072e+00 +1.356126871e+02 +1.356126871e+02 +2.7818e+00 +1.5296e+00 +2.8648e+00 -1.9682e+00 +2.4936e+00
17434 0 +3.097016011e+00 +1.352770160e+02 +1.352770160e+02 +2.7695e+00 +1.5086e+00 +2.8652e+00 -1.9404e+00 +2.4891e+00
17441 0 +2.605581036e+00 +1.347855810e+02 +1.347855810e+02 +2.7612e+00 +1.4801e+00 +2.8656e+00 -1.9880e+00 +2.4873e+00
17447 0 +2.046884164e+00 +1.342268842e+02 +1.342268842e+02 +2.7691e+00 +1.4713e+00 +2.8656e+00 -1.9660e+00 +2.4892e+00
17454 0 +2.012277387e+00 +1.341922774e+02 +1.341922774e+02 +2.7687e+00 +1.4828e+00 +2.8655e+00 -1.9644e+00 +2.4889e+00
17486 0 +1.994194890e+00 +1.341741949e+02 +1.341741949e+02 +2.7675e+00 +1.4824e+00 +2.8655e+00 -1.9659e+00 +2.4906e+00
57377 0 +1.542546439e+00 +1.337225464e+02 +1.337225464e+02 +3.7370e+00 +1.5104e+00 +2.8776e+00 -1.9661e+00 +2.4870e+00
57523 0 +1.268511290e+00 +1.334485113e+02 +1.334485113e+02 +3.7370e+00 +1.4909e+00 +2.8776e+00 -1.9661e+00 +2.4870e+00
57547 0 +1.242899581e+00 +1.334228996e+02 +1.334228996e+02 +3.7370e+00 +1.4909e+00 +2.8581e+00 -1.9661e+00 +2.4870e+00
57617 0 +1.157352873e+00 +1.333373529e+02 +1.333373529e+02 +3.7467e+00 +1.4909e+00 +2.8581e+00 -1.9661e+00 +2.4870e+00
57659 0 +1.141837208e+00 +1.333218372e+02 +1.333218372e+02 +3.7467e+00 +1.4909e+00 +2.8678e+00 -1.9661e+00 +2.4870e+00
57783 0 +1.119518032e+00 +1.332995180e+02 +1.332995180e+02 +3.7467e+00 +1.4860e+00 +2.8678e+00 -1.9661e+00 +2.4870e+00
57912 0 +1.086476081e+00 +1.332664761e+02 +1.332664761e+02 +3.7484e+00 +1.4876e+00 +2.8695e+00 -1.9645e+00 +2.4886e+00
58075 0 +1.063256821e+00 +1.332432568e+02 +1.332432568e+02 +3.7492e+00 +1.4860e+00 +2.8678e+00 -1.9637e+00 +2.4894e+00
87096 0 +1.046516453e+00 +1.332265165e+02 +1.332265165e+02 +3.7496e+00 +1.4827e+00 +2.8658e+00 -1.9657e+00 +2.4898e+00
% f evaluations | g evaluations | best noise-free fitness - Fopt (1.104800000000e+02) + sum g_i+ | measured fitness | best measured fitness or single-digit g-values | x1 | x2...
1 0 +1.192376157e+02 +2.297176157e+02 +2.297176157e+02 +1.6667e+00 +1.6667e+00 +1.6667e+00 +1.6667e+00 +1.6667e+00
5 0 +1.039319767e+02 +2.144119767e+02 +2.144119767e+02 +1.6667e+00 -3.3333e+00 +1.6667e+00 +1.6667e+00 +1.6667e+00
20 0 +9.915572681e+01 +2.096357268e+02 +2.096357268e+02 +1.8934e+00 -3.3088e+00 +1.6663e+00 +1.6128e+00 +1.7054e+00
38 0 +8.115289431e+01 +1.916328943e+02 +1.916328943e+02 +1.9272e+00 -3.1140e+00 +1.6638e+00 +1.5608e+00 +2.1333e+00
45 0 +7.852456752e+01 +1.890045675e+02 +1.890045675e+02 +1.7134e+00 -2.7436e+00 +1.6598e+00 +1.7575e+00 +3.5595e+00
54 0 +7.089581606e+01 +1.813758161e+02 +1.813758161e+02 +1.6883e+00 -2.7036e+00 +1.6597e+00 +1.7697e+00 +3.7386e+00
61 0 +5.904090987e+01 +1.695209099e+02 +1.695209099e+02 +1.6712e+00 -2.7574e+00 +1.6642e+00 +1.8015e+00 +3.6527e+00
67 0 +5.346730747e+01 +1.639473075e+02 +1.639473075e+02 +1.7125e+00 -2.7572e+00 +1.6648e+00 +1.8322e+00 +3.6453e+00
73 0 +5.094001943e+01 +1.614200194e+02 +1.614200194e+02 +1.7055e+00 -2.7694e+00 +1.6672e+00 +2.0247e+00 +3.6391e+00
79 0 +3.353781567e+01 +1.440178157e+02 +1.440178157e+02 +1.6868e+00 -2.8442e+00 +1.6639e+00 +1.9544e+00 +3.6460e+00
86 0 +3.300589758e+01 +1.434858976e+02 +1.434858976e+02 +1.6788e+00 -2.9835e+00 +1.6629e+00 +1.8522e+00 +3.6523e+00
92 0 +2.154458801e+01 +1.320245880e+02 +1.320245880e+02 +1.6841e+00 -3.0468e+00 +1.6632e+00 +1.8997e+00 +3.6501e+00
98 0 +1.973828443e+01 +1.302182844e+02 +1.302182844e+02 +1.6880e+00 -3.2244e+00 +1.6644e+00 +1.9236e+00 +3.6509e+00
104 0 +1.817332259e+01 +1.286533226e+02 +1.286533226e+02 +1.6908e+00 -3.1341e+00 +1.6651e+00 +1.9190e+00 +3.6519e+00
2448 0 +1.660506324e+01 +1.270850632e+02 +1.270850632e+02 -4.1667e-01 -1.6667e+00 +1.7708e+00 +2.7083e+00 +3.6458e+00
2474 0 +1.134930599e+01 +1.218293060e+02 +1.218293060e+02 -4.1944e-01 -1.6664e+00 +1.7531e+00 +2.7604e+00 +3.6650e+00
2486 0 +9.344567024e+00 +1.198245670e+02 +1.198245670e+02 -4.2075e-01 -1.6664e+00 +1.7457e+00 +2.7756e+00 +3.6413e+00
2493 0 +7.701829015e+00 +1.181818290e+02 +1.181818290e+02 -4.2656e-01 -1.6660e+00 +1.7140e+00 +2.8229e+00 +3.6526e+00
2499 0 +7.030953554e+00 +1.175109536e+02 +1.175109536e+02 -4.4859e-01 -1.6652e+00 +1.6126e+00 +2.7913e+00 +3.6549e+00
2505 0 +6.076347329e+00 +1.165563473e+02 +1.165563473e+02 -4.5161e-01 -1.6661e+00 +1.6699e+00 +2.7949e+00 +3.6563e+00
2511 0 +6.007437400e+00 +1.164874374e+02 +1.164874374e+02 -4.5703e-01 -1.6656e+00 +1.6668e+00 +2.8001e+00 +3.6588e+00
8912 0 +3.207949296e+00 +1.136879493e+02 +1.136879493e+02 +1.4583e+00 -1.6667e+00 +1.6927e+00 +2.7865e+00 +3.6458e+00
8942 0 +2.481164502e+00 +1.129611645e+02 +1.129611645e+02 +1.4618e+00 -1.6665e+00 +1.6897e+00 +2.7926e+00 +3.6575e+00
8949 0 +2.077665494e+00 +1.125576655e+02 +1.125576655e+02 +1.4830e+00 -1.6658e+00 +1.6718e+00 +2.7921e+00 +3.6601e+00
8962 0 +1.996128926e+00 +1.124761289e+02 +1.124761289e+02 +1.4915e+00 -1.6662e+00 +1.6609e+00 +2.7989e+00 +3.6619e+00
8970 0 +1.991929702e+00 +1.124719297e+02 +1.124719297e+02 +1.4922e+00 -1.6660e+00 +1.6625e+00 +2.7982e+00 +3.6623e+00
39836 0 +1.168034198e+00 +1.116480342e+02 +1.116480342e+02 +1.4714e+00 -8.7240e-01 +1.6667e+00 +2.7995e+00 +3.6589e+00
40378 0 +1.102582321e+00 +1.115825823e+02 +1.115825823e+02 +1.4811e+00 -8.7240e-01 +1.6667e+00 +2.7995e+00 +3.6589e+00
40476 0 +1.057986947e+00 +1.115379869e+02 +1.115379869e+02 +1.4811e+00 -8.6263e-01 +1.6667e+00 +2.7995e+00 +3.6589e+00
41357 0 +1.034699886e+00 +1.115146999e+02 +1.115146999e+02 +1.4827e+00 -8.6100e-01 +1.6683e+00 +2.8011e+00 +3.6605e+00
41866 0 +1.017773015e+00 +1.114977730e+02 +1.114977730e+02 +1.4836e+00 -8.6019e-01 +1.6667e+00 +2.7995e+00 +3.6613e+00
% f evaluations | g evaluations | best noise-free fitness - Fopt (-1.509000000000e+01) + sum g_i+ | measured fitness | best measured fitness or single-digit g-values | x1 | x2...
1 0 +1.104625024e+03 +1.089535024e+03 +1.089535024e+03 +1.6667e+00 +1.6667e+00 +1.6667e+00 +1.6667e+00 +1.6667e+00
2 0 +3.203633705e+02 +3.052733705e+02 +3.052733705e+02 -1.6667e+00 -1.6667e+00 -1.6667e+00 -1.6667e+00 -1.6667e+00
9 0 +2.756423878e+02 +2.605523878e+02 +2.605523878e+02 -3.3333e+00 -3.3333e+00 -3.3333e+00 +1.6667e+00 +1.6667e+00
13 0 +1.326954749e+02 +1.176054749e+02 +1.176054749e+02 -3.3333e+00 -3.3333e+00 -3.3333e+00 -3.3333e+00 +1.6667e+00
20 0 +6.212553950e+01 +4.703553950e+01 +4.703553950e+01 -1.6667e+00 -1.6667e+00 -1.6667e+00 -1.6667e+00 +3.3333e+00
43 0 +4.021449761e+01 +2.512449761e+01 +2.512449761e+01 -1.6087e+00 -1.8398e+00 -1.4051e+00 -1.5170e+00 +3.0041e+00
51 0 +3.947035205e+01 +2.438035205e+01 +2.438035205e+01 -1.5854e+00 -1.8858e+00 -1.3195e+00 -1.5949e+00 +3.0358e+00
57 0 +3.127792906e+01 +1.618792906e+01 +1.618792906e+01 -1.5794e+00 -1.7561e+00 -1.4433e+00 -1.6016e+00 +3.0259e+00
63 0 +3.009760423e+01 +1.500760423e+01 +1.500760423e+01 -1.5735e+00 -1.7561e+00 -1.4008e+00 -1.5790e+00 +3.0157e+00
217 0 +2.673638810e+01 +1.164638810e+01 +1.164638810e+01 -1.6667e+00 -1.6667e+00 -4.1667e-01 -4.1667e+00 +3.3333e+00
227 0 +1.383905817e+01 -1.250941826e+00 -1.250941826e+00 -1.6667e+00 -1.6667e+00 -4.1667e-01 -2.9167e+00 +3.3333e+00
250 0 +1.326587000e+01 -1.824130002e+00 -1.824130002e+00 -1.6658e+00 -1.6688e+00 -4.1768e-01 -2.9197e+00 +3.3057e+00
257 0 +1.099371124e+01 -4.096288756e+00 -4.096288756e+00 -1.6594e+00 -1.6865e+00 -4.2515e-01 -2.9390e+00 +3.3063e+00
267 0 +8.129138577e+00 -6.960861423e+00 -6.960861423e+00 -1.6476e+00 -1.7393e+00 -4.3778e-01 -2.9444e+00 +3.3094e+00
276 0 +7.877375975e+00 -7.212624025e+00 -7.212624025e+00 -1.6427e+00 -1.7431e+00 -4.4083e-01 -2.9258e+00 +3.3115e+00
282 0 +6.858441485e+00 -8.231558515e+00 -8.231558515e+00 -1.5857e+00 -1.7519e+00 -4.8257e-01 -2.9361e+00 +3.3144e+00
288 0 +6.337185546e+00 -8.752814454e+00 -8.752814454e+00 -1.5359e+00 -1.7760e+00 -4.7200e-01 -2.9411e+00 +3.3199e+00
294 0 +6.120065864e+00 -8.969934136e+00 -8.969934136e+00 -1.5466e+00 -1.7754e+00 -4.5886e-01 -2.9363e+00 +3.3221e+00
314 0 +5.992817624e+00 -9.097182376e+00 -9.097182376e+00 -1.5773e+00 -1.7776e+00 -4.6103e-01 -2.9358e+00 +3.3301e+00
8854 0 +5.342942196e+00 -9.747057804e+00 -9.747057804e+00 -5.9896e-01 -9.8958e-01 -4.4271e-01 -2.9427e+00 +3.3073e+00
8887 0 +4.404662044e+00 -1.068533796e+01 -1.068533796e+01 -5.9972e-01 -9.8856e-01 -4.4430e-01 -2.9396e+00 +3.3208e+00
8893 0 +4.327070589e+00 -1.076292941e+01 -1.076292941e+01 -6.1029e-01 -9.7084e-01 -4.6813e-01 -2.9228e+00 +3.3300e+00
8905 0 +4.064987865e+00 -1.102501213e+01 -1.102501213e+01 -6.0897e-01 -9.6934e-01 -4.6668e-01 -2.9379e+00 +3.3307e+00
8963 0 +3.980102110e+00 -1.110989789e+01 -1.110989789e+01 -6.0540e-01 -9.5402e-01 -4.6060e-01 -2.9354e+00 +3.3301e+00
19453 0 +3.586196564e+00 -1.150380344e+01 -1.150380344e+01 +3.8411e-01 -9.4401e-01 -4.5573e-01 -2.9362e+00 +3.3138e+00
19497 0 +3.030132103e+00 -1.205986790e+01 -1.205986790e+01 +3.8452e-01 -9.4502e-01 -4.5641e-01 -2.9357e+00 +3.3277e+00
19504 0 +2.995536126e+00 -1.209446387e+01 -1.209446387e+01 +3.8649e-01 -9.4997e-01 -4.5967e-01 -2.9352e+00 +3.3295e+00
61980 0 +2.601069855e+00 -1.248893015e+01 -1.248893015e+01 +3.8411e-01 -1.7643e+00 -4.5573e-01 -2.9362e+00 +3.3138e+00
62014 0 +2.041965607e+00 -1.304803439e+01 -1.304803439e+01 +3.8452e-01 -1.7656e+00 -4.5641e-01 -2.9357e+00 +3.3277e+00
62021 0 +1.996748208e+00 -1.309325179e+01 -1.309325179e+01 +3.8651e-01 -1.7748e+00 -4.5970e-01 -2.9352e+00 +3.3298e+00
62028 0 +1.991992913e+00 -1.309800709e+01 -1.309800709e+01 +3.8889e-01 -1.7743e+00 -4.6076e-01 -2.9362e+00 +3.3302e+00
230451 0 +1.219723683e+00 -1.387027632e+01 -1.387027632e+01 +3.7760e-01 -1.7708e+00 +1.2370e-01 -2.9427e+00 +3.3268e+00
230497 0 +1.185389790e+00 -1.390461021e+01 -1.390461021e+01 +3.8737e-01 -1.7708e+00 +1.2370e-01 -2.9427e+00 +3.3268e+00
230513 0 +1.066850875e+00 -1.402314913e+01 -1.402314913e+01 +3.8770e-01 -1.7709e+00 +1.2643e-01 -2.9396e+00 +3.3300e+00
230521 0 +1.033312104e+00 -1.405668790e+01 -1.405668790e+01 +3.8853e-01 -1.7710e+00 +1.2939e-01 -2.9359e+00 +3.3278e+00
230539 0 +1.002913969e+00 -1.408708603e+01 -1.408708603e+01 +3.8901e-01 -1.7714e+00 +1.3423e-01 -2.9371e+00 +3.3300e+00
230547 0 +9.987238135e-01 -1.409127619e+01 -1.409127619e+01 +3.8901e-01 -1.7725e+00 +1.3400e-01 -2.9362e+00 +3.3305e+00
% f evaluations | g evaluations | best noise-free fitness - Fopt (-1.583000000000e+02) + sum g_i+ | measured fitness | best measured fitness or single-digit g-values | x1 | x2...
1 0 +1.983967140e+02 +4.009671398e+01 +4.009671398e+01 +1.6667e+00 +1.6667e+00 +1.6667e+00 +1.6667e+00 +1.6667e+00
13 0 +7.620815147e+01 -8.209184853e+01 -8.209184853e+01 +1.6667e+00 +1.6667e+00 +1.6667e+00 -3.3333e+00 +1.6667e+00
25 0 +5.661959401e+01 -1.016804060e+02 -1.016804060e+02 +1.8331e+00 +1.6228e+00 +1.9580e+00 -3.1606e+00 +1.5656e+00
32 0 +5.039479799e+01 -1.079052020e+02 -1.079052020e+02 +1.9057e+00 +1.5885e+00 +1.9579e+00 -3.2410e+00 +1.5098e+00
43 0 +3.906840678e+01 -1.192315932e+02 -1.192315932e+02 +1.9262e+00 +1.5654e+00 +1.9089e+00 -3.3235e+00 +1.5863e+00
49 0 +3.372571364e+01 -1.245742864e+02 -1.245742864e+02 +1.9519e+00 +1.4476e+00 +1.7915e+00 -3.2904e+00 +1.5600e+00
62 0 +2.765645835e+01 -1.306435417e+02 -1.306435417e+02 +1.9087e+00 +1.4441e+00 +1.7929e+00 -3.2899e+00 +1.5599e+00
69 0 +2.751067078e+01 -1.307893292e+02 -1.307893292e+02 +1.9086e+00 +1.3819e+00 +1.7370e+00 -3.2696e+00 +1.5491e+00
76 0 +2.249184384e+01 -1.358081562e+02 -1.358081562e+02 +1.9089e+00 +1.2401e+00 +1.7778e+00 -3.2951e+00 +1.5391e+00
83 0 +2.181738586e+01 -1.364826141e+02 -1.364826141e+02 +1.9094e+00 +1.1899e+00 +1.8244e+00 -3.2543e+00 +1.5666e+00
89 0 +2.019552034e+01 -1.381044797e+02 -1.381044797e+02 +1.9099e+00 +1.2589e+00 +1.8348e+00 -3.2916e+00 +1.5629e+00
119 0 +1.993906895e+01 -1.383609311e+02 -1.383609311e+02 +1.9342e+00 +1.2392e+00 +1.8263e+00 -3.2850e+00 +1.5609e+00
1836 0 +1.942709811e+01 -1.388729019e+02 -1.388729019e+02 +1.0417e+00 +3.5417e+00 +1.3542e+00 -3.3333e+00 +2.4479e+00
1837 0 +1.867009191e+01 -1.396299081e+02 -1.396299081e+02 +9.8958e-01 +3.4896e+00 +1.3021e+00 -3.3854e+00 +2.2396e+00
1892 0 +1.591220233e+01 -1.423877977e+02 -1.423877977e+02 +9.6354e-01 +3.5417e+00 +1.3542e+00 -3.3333e+00 +2.4479e+00
1926 0 +1.567458829e+01 -1.426254117e+02 -1.426254117e+02 +9.5046e-01 +3.5364e+00 +1.3295e+00 -3.2902e+00 +2.5431e+00
1940 0 +8.024505064e+00 -1.502754949e+02 -1.502754949e+02 +9.5041e-01 +3.5363e+00 +1.3296e+00 -3.2901e+00 +2.5566e+00
1947 0 +7.435114610e+00 -1.508648854e+02 -1.508648854e+02 +9.4518e-01 +3.5321e+00 +1.3408e+00 -3.2864e+00 +2.5561e+00
1954 0 +7.166688743e+00 -1.511333113e+02 -1.511333113e+02 +9.3140e-01 +3.5182e+00 +1.3275e+00 -3.2837e+00 +2.5546e+00
1961 0 +7.070705013e+00 -1.512292950e+02 -1.512292950e+02 +9.3437e-01 +3.5182e+00 +1.3338e+00 -3.2939e+00 +2.5544e+00
47439 0 +5.728430008e+00 -1.525715700e+02 -1.525715700e+02 +9.6354e-01 +3.5417e+00 +1.8229e+00 -3.2943e+00 +2.4870e+00
47455 0 +5.462662061e+00 -1.528373379e+02 -1.528373379e+02 +9.4401e-01 +3.5417e+00 +1.8229e+00 -3.2943e+00 +2.4870e+00
47485 0 +3.095590257e+00 -1.552044097e+02 -1.552044097e+02 +9.4296e-01 +3.5225e+00 +1.8232e+00 -3.2916e+00 +2.5148e+00
47492 0 +3.083631109e+00 -1.552163689e+02 -1.552163689e+02 +9.3641e-01 +3.5243e+00 +1.8250e+00 -3.2786e+00 +2.5158e+00
47498 0 +3.005330709e+00 -1.552946693e+02 -1.552946693e+02 +9.2958e-01 +3.5264e+00 +1.8273e+00 -3.2861e+00 +2.5196e+00
248738 0 +2.744111099e+00 -1.555558889e+02 -1.555558889e+02 +9.6354e-01 +3.5417e+00 +2.4089e+00 -2.8646e+00 +2.2135e+00
248976 0 +2.478343152e+00 -1.558216568e+02 -1.558216568e+02 +9.4401e-01 +3.5417e+00 +2.4089e+00 -2.8646e+00 +2.2135e+00
248994 0 +2.387697840e+00 -1.559123022e+02 -1.559123022e+02 +9.4401e-01 +3.5221e+00 +2.4089e+00 -2.8646e+00 +2.2135e+00
249029 0 +2.343033965e+00 -1.559569660e+02 -1.559569660e+02 +9.5052e-01 +3.5286e+00 +2.4154e+00 -2.8776e+00 +2.2005e+00
249054 0 +2.180013541e+00 -1.561199865e+02 -1.561199865e+02 +9.4401e-01 +3.5221e+00 +2.4089e+00 -2.8841e+00 +2.2135e+00
249168 0 +2.083038445e+00 -1.562169616e+02 -1.562169616e+02 +9.4401e-01 +3.5221e+00 +2.4186e+00 -2.8841e+00 +2.2135e+00
249225 0 +2.036328454e+00 -1.562636715e+02 -1.562636715e+02 +9.4076e-01 +3.5189e+00 +2.4154e+00 -2.8776e+00 +2.2103e+00
249591 0 +1.993747664e+00 -1.563062523e+02 -1.563062523e+02 +9.3831e-01 +3.5238e+00 +2.4202e+00 -2.8800e+00 +2.2103e+00
% f evaluations | g evaluations | best noise-free fitness - Fopt (-4.071000000000e+01) + sum g_i+ | measured fitness | best measured fitness or single-digit g-values | x1 | x2...
1 0 +2.611342253e+02 +2.204242253e+02 +2.204242253e+02 +1.6667e+00 +1.6667e+00 +1.6667e+00 +1.6667e+00 +1.6667e+00
3 0 +2.373674820e+02 +1.966574820e+02 +1.966574820e+02 -3.3333e+00 +1.6667e+00 +1.6667e+00 +1.6667e+00 +1.6667e+00
13 0 +2.116688926e+02 +1.709588926e+02 +1.709588926e+02 -3.2168e+00 +1.8652e+00 +1.7019e+00 +1.5537e+00 +1.7199e+00
20 0 +1.285968191e+02 +8.788681908e+01 +8.788681908e+01 -2.2402e+00 +3.4248e+00 +2.0110e+00 +7.4673e-01 +2.4243e+00
34 0 +1.110915793e+02 +7.038157931e+01 +7.038157931e+01 -1.9693e+00 +3.2771e+00 +2.0845e+00 +7.7742e-01 +2.3774e+00
40 0 +1.093025088e+02 +6.859250881e+01 +6.859250881e+01 -1.9836e+00 +3.1740e+00 +1.9666e+00 +7.6760e-01 +2.3968e+00
46 0 +1.055236663e+02 +6.481366634e+01 +6.481366634e+01 -1.9858e+00 +3.3086e+00 +1.9494e+00 +8.2153e-01 +2.4504e+00
52 0 +1.014758669e+02 +6.076586687e+01 +6.076586687e+01 -2.0638e+00 +3.2072e+00 +2.0624e+00 +8.3246e-01 +2.4243e+00
58 0 +9.993835871e+01 +5.922835871e+01 +5.922835871e+01 -1.9683e+00 +3.2127e+00 +2.0303e+00 +8.1153e-01 +2.4307e+00
128 0 +8.989866417e+01 +4.918866417e+01 +4.918866417e+01 -8.3333e-01 +1.6667e+00 +1.6667e+00 -3.3333e+00 +1.6667e+00
134 0 +8.182450623e+01 +4.111450623e+01 +4.111450623e+01 -8.3333e-01 +4.1667e+00 +1.6667e+00 -3.3333e+00 +1.6667e+00
149 0 +7.463273515e+01 +3.392273515e+01 +3.392273515e+01 -8.4994e-01 +4.0041e+00 +1.6843e+00 -3.5075e+00 +1.6933e+00
157 0 +6.253944909e+01 +2.182944909e+01 +2.182944909e+01 -8.6376e-01 +3.9215e+00 +1.7059e+00 -3.5501e+00 +1.8163e+00
163 0 +4.750819599e+01 +6.798195992e+00 +6.798195992e+00 -8.8312e-01 +3.8934e+00 +1.7692e+00 -3.4101e+00 +1.7504e+00
169 0 +3.417864984e+01 -6.531350161e+00 -6.531350161e+00 -9.0843e-01 +3.8327e+00 +1.9748e+00 -3.3300e+00 +1.7677e+00
175 0 +3.047304702e+01 -1.023695298e+01 -1.023695298e+01 -9.4295e-01 +3.9320e+00 +2.4192e+00 -3.3946e+00 +1.8136e+00
188 0 +2.129956459e+01 -1.941043541e+01 -1.941043541e+01 -9.3783e-01 +3.9535e+00 +2.5256e+00 -3.4265e+00 +1.7891e+00
201 0 +2.006216227e+01 -2.064783773e+01 -2.064783773e+01 -9.3566e-01 +3.9550e+00 +2.5064e+00 -3.4116e+00 +1.7736e+00
209 0 +1.977410796e+01 -2.093589204e+01 -2.093589204e+01 -9.4189e-01 +3.9580e+00 +2.5039e+00 -3.3843e+00 +1.7798e+00
215 0 +1.942499521e+01 -2.128500479e+01 -2.128500479e+01 -9.2005e-01 +3.9595e+00 +2.5004e+00 -3.3984e+00 +1.7823e+00
240 0 +1.900729958e+01 -2.170270042e+01 -2.170270042e+01 -8.7493e-01 +4.0362e+00 +2.5012e+00 -3.3960e+00 +1.7820e+00
822 0 +1.789397951e+01 -2.281602049e+01 -2.281602049e+01 +1.0417e+00 +4.0104e+00 +2.1354e+00 -2.5521e+00 +2.4479e+00
856 0 +1.564234727e+01 -2.506765273e+01 -2.506765273e+01 +1.0453e+00 +4.0146e+00 +2.0756e+00 -2.5437e+00 +2.3999e+00
864 0 +1.283450470e+01 -2.787549530e+01 -2.787549530e+01 +1.0496e+00 +4.0209e+00 +2.0060e+00 -2.5414e+00 +2.4216e+00
871 0 +1.235165767e+01 -2.835834233e+01 -2.835834233e+01 +1.0531e+00 +4.0283e+00 +2.0177e+00 -2.5574e+00 +2.4277e+00
879 0 +1.204474632e+01 -2.866525368e+01 -2.866525368e+01 +1.0554e+00 +4.0358e+00 +2.0323e+00 -2.5494e+00 +2.4339e+00
891 0 +1.202158470e+01 -2.868841530e+01 -2.868841530e+01 +1.0472e+00 +4.0367e+00 +2.0346e+00 -2.5459e+00 +2.4367e+00
11672 0 +1.158899422e+01 -2.912100578e+01 -2.912100578e+01 +1.0286e+00 +3.2161e+00 +2.0443e+00 -2.5651e+00 +2.4349e+00
11681 0 +1.120081967e+01 -2.950918033e+01 -2.950918033e+01 +1.0353e+00 +3.2231e+00 +2.0383e+00 -2.5399e+00 +2.4272e+00
11704 0 +1.094770209e+01 -2.976229791e+01 -2.976229791e+01 +1.0537e+00 +3.2289e+00 +2.0344e+00 -2.5479e+00 +2.4335e+00
13929 0 +1.040991605e+01 -3.030008395e+01 -3.030008395e+01 +1.0417e+00 +4.0104e+00 +3.6979e+00 -2.5521e+00 +2.4479e+00
13962 0 +3.358681197e+00 -3.735131880e+01 -3.735131880e+01 +1.0435e+00 +4.0125e+00 +3.5818e+00 -2.5479e+00 +2.4239e+00
13971 0 +3.207994918e+00 -3.750200508e+01 -3.750200508e+01 +1.0449e+00 +4.0146e+00 +3.5781e+00 -2.5473e+00 +2.4367e+00
13977 0 +3.040580850e+00 -3.766941915e+01 -3.766941915e+01 +1.0537e+00 +4.0308e+00 +3.5806e+00 -2.5466e+00 +2.4324e+00
13984 0 +3.009719211e+00 -3.770028079e+01 -3.770028079e+01 +1.0513e+00 +4.0439e+00 +3.5820e+00 -2.5505e+00 +2.4312e+00
55184 0 +2.726979167e+00 -3.798302083e+01 -3.798302083e+01 +1.0417e+00 +3.2292e+00 +2.9948e+00 -2.9818e+00 +2.4479e+00
55223 0 +2.227102218e+00 -3.848289778e+01 -3.848289778e+01 +1.0286e+00 +3.2161e+00 +2.9818e+00 -2.9948e+00 +2.4349e+00
55245 0 +2.111241343e+00 -3.859875866e+01 -3.859875866e+01 +1.0482e+00 +3.2161e+00 +2.9818e+00 -2.9948e+00 +2.4349e+00
55262 0 +2.060564353e+00 -3.864943565e+01 -3.864943565e+01 +1.0504e+00 +3.2292e+00 +2.9860e+00 -2.9829e+00 +2.4312e+00
55270 0 +2.018012588e+00 -3.869198741e+01 -3.869198741e+01 +1.0522e+00 +3.2351e+00 +2.9882e+00 -2.9867e+00 +2.4334e+00
55282 0 +1.992844649e+00 -3.871715535e+01 -3.871715535e+01 +1.0539e+00 +3.2285e+00 +2.9873e+00 -2.9915e+00 +2.4324e+00
203414 0 +1.718323716e+00 -3.899167628e+01 -3.899167628e+01 +1.0417e+00 +3.2292e+00 +3.5807e+00 -2.9818e+00 +2.4479e+00
203439 0 +1.380368606e+00 -3.932963139e+01 -3.932963139e+01 +1.0286e+00 +3.2161e+00 +3.5677e+00 -2.9948e+00 +2.4349e+00
203448 0 +1.165859006e+00 -3.954414099e+01 -3.954414099e+01 +1.0353e+00 +3.2231e+00 +3.5800e+00 -2.9879e+00 +2.4272e+00
203460 0 +1.102465645e+00 -3.960753435e+01 -3.960753435e+01 +1.0374e+00 +3.2239e+00 +3.5818e+00 -2.9881e+00 +2.4361e+00
203469 0 +1.072269604e+00 -3.963773040e+01 -3.963773040e+01 +1.0396e+00 +3.2248e+00 +3.5831e+00 -2.9888e+00 +2.4356e+00
203479 0 +1.022280041e+00 -3.968771996e+01 -3.968771996e+01 +1.0427e+00 +3.2267e+00 +3.5825e+00 -2.9903e+00 +2.4316e+00
203505 0 +9.979305038e-01 -3.971206950e+01 -3.971206950e+01 +1.0539e+00 +3.2311e+00 +3.5827e+00 -2.9914e+00 +2.4325e+00
% f evaluations | g evaluations | best noise-free fitness - Fopt (8.139000000000e+01) + sum g_i+ | measured fitness | best measured fitness or single-digit g-values | x1 | x2...
1 0 +1.342431124e+03 +1.423821124e+03 +1.423821124e+03 +1.6667e+00 +1.6667e+00 +1.6667e+00 +1.6667e+00 +1.6667e+00
2 0 +2.479989867e+02 +3.293889867e+02 +3.293889867e+02 -1.6667e+00 -1.6667e+00 -1.6667e+00 -1.6667e+00 -1.6667e+00
6 0 +1.896070376e+02 +2.709970376e+02 +2.709970376e+02 -1.6667e+00 +3.3333e+00 -1.6667e+00 -1.6667e+00 -1.6667e+00
10 0 +1.489105377e+02 +2.303005377e+02 +2.303005377e+02 -1.6667e+00 +3.3333e+00 +3.3333e+00 -1.6667e+00 -1.6667e+00
36 0 +1.460929083e+02 +2.274829083e+02 +2.274829083e+02 -1.6643e+00 +3.3407e+00 +3.3389e+00 -1.6768e+00 -1.6542e+00
43 0 +1.377000595e+02 +2.190900595e+02 +2.190900595e+02 -1.6108e+00 +3.3944e+00 +3.3376e+00 -1.8840e+00 -1.6336e+00
49 0 +1.303570216e+02 +2.117470216e+02 +2.117470216e+02 -1.5377e+00 +3.4326e+00 +3.3363e+00 -1.8000e+00 -1.6299e+00
55 0 +1.199357793e+02 +2.013257793e+02 +2.013257793e+02 -1.2648e+00 +3.4535e+00 +3.3349e+00 -1.7468e+00 -1.5922e+00
68 0 +1.142739571e+02 +1.956639571e+02 +1.956639571e+02 -1.0596e+00 +3.4427e+00 +3.3365e+00 -1.7810e+00 -1.6055e+00
204 0 +9.035256905e+01 +1.717425691e+02 +1.717425691e+02 -3.3333e+00 +4.1667e+00 +1.6667e+00 -8.3333e-01 -8.3333e-01
218 0 +8.399141556e+01 +1.653814156e+02 +1.653814156e+02 -3.1692e+00 +4.1803e+00 +1.4969e+00 -1.2604e+00 -6.8150e-01
224 0 +7.988816529e+01 +1.612781653e+02 +1.612781653e+02 -3.0599e+00 +4.2003e+00 +1.3519e+00 -1.2840e+00 -4.7099e-01
230 0 +6.354698768e+01 +1.449369877e+02 +1.449369877e+02 -3.0921e+00 +4.2045e+00 +1.4478e+00 -1.1995e+00 -5.9157e-01
237 0 +6.203258289e+01 +1.434225829e+02 +1.434225829e+02 -3.1020e+00 +4.2125e+00 +1.5023e+00 -1.2147e+00 -5.3604e-01
244 0 +5.937929818e+01 +1.407692982e+02 +1.407692982e+02 -3.1056e+00 +4.2202e+00 +1.4784e+00 -1.2837e+00 -5.5136e-01
250 0 +5.837399529e+01 +1.397639953e+02 +1.397639953e+02 -3.0936e+00 +4.2338e+00 +1.4240e+00 -1.2426e+00 -5.6235e-01
485 0 +5.014046345e+01 +1.315304635e+02 +1.315304635e+02 -2.0833e-01 +4.1667e+00 +2.2917e+00 -8.3333e-01 -8.3333e-01
497 0 +4.400195693e+01 +1.253919569e+02 +1.253919569e+02 -2.0833e-01 +4.1667e+00 +2.2917e+00 -2.0833e-01 -8.3333e-01
518 0 +3.666577827e+01 +1.180557783e+02 +1.180557783e+02 -1.3148e-01 +4.1735e+00 +2.4060e+00 -8.5883e-02 -7.5742e-01
526 0 +3.182317724e+01 +1.132131772e+02 +1.132131772e+02 -1.0626e-01 +4.1778e+00 +2.4426e+00 -6.6536e-02 -8.0709e-01
533 0 +3.078359486e+01 +1.121735949e+02 +1.121735949e+02 -1.0165e-01 +4.1867e+00 +2.4571e+00 -1.3547e-01 -8.2524e-01
539 0 +2.921340817e+01 +1.106034082e+02 +1.106034082e+02 -1.4243e-01 +4.1997e+00 +2.4051e+00 -1.1172e-01 -8.2178e-01
846 0 +1.063678081e+01 +9.202678081e+01 +9.202678081e+01 -1.0417e-01 +4.2708e+00 +2.3958e+00 -1.0417e-01 -1.0417e-01
865 0 +9.817909355e+00 +9.120790935e+01 +9.120790935e+01 -1.1516e-01 +4.2615e+00 +2.4018e+00 -1.0866e-01 -2.9630e-02
871 0 +8.134018929e+00 +8.952401893e+01 +8.952401893e+01 -1.4319e-01 +4.2366e+00 +2.4181e+00 -1.1154e-01 -6.2023e-02
878 0 +7.996125408e+00 +8.938612541e+01 +8.938612541e+01 -1.2991e-01 +4.2372e+00 +2.4146e+00 -1.0319e-01 -6.6566e-02
10673 0 +7.545735702e+00 +8.893573570e+01 +8.893573570e+01 +8.0729e-01 +4.2448e+00 +2.3698e+00 -1.3021e-01 +3.3854e-01
10747 0 +6.971140493e+00 +8.836114049e+01 +8.836114049e+01 +8.4635e-01 +4.2448e+00 +2.3698e+00 -1.3021e-01 +3.3854e-01
10774 0 +4.887091815e+00 +8.627709182e+01 +8.627709182e+01 +8.4923e-01 +4.2447e+00 +2.3784e+00 -1.1790e-01 +2.9881e-01
10781 0 +4.555593632e+00 +8.594559363e+01 +8.594559363e+01 +8.5940e-01 +4.2443e+00 +2.4086e+00 -8.5178e-02 +3.0879e-01
10788 0 +4.065939242e+00 +8.545593924e+01 +8.545593924e+01 +8.6809e-01 +4.2440e+00 +2.4257e+00 -1.0328e-01 +3.1216e-01
10800 0 +3.979863635e+00 +8.536986364e+01 +8.536986364e+01 +8.6950e-01 +4.2439e+00 +2.4112e+00 -1.0769e-01 +3.1089e-01
47218 0 +3.736665719e+00 +8.512666572e+01 +8.512666572e+01 +8.5286e-01 +3.4115e+00 +2.3958e+00 -1.0417e-01 +3.2552e-01
47296 0 +3.684392076e+00 +8.507439208e+01 +8.507439208e+01 +8.5286e-01 +3.4310e+00 +2.3958e+00 -1.0417e-01 +3.2552e-01
47376 0 +3.617183159e+00 +8.500718316e+01 +8.500718316e+01 +8.5286e-01 +3.4310e+00 +2.4154e+00 -1.0417e-01 +3.2552e-01
47551 0 +3.270084362e+00 +8.466008436e+01 +8.466008436e+01 +8.4635e-01 +3.4245e+00 +2.4089e+00 -1.1068e-01 +3.1901e-01
47643 0 +3.201965509e+00 +8.459196551e+01 +8.459196551e+01 +8.5612e-01 +3.4245e+00 +2.4089e+00 -1.1068e-01 +3.1901e-01
47764 0 +3.156011562e+00 +8.454601156e+01 +8.454601156e+01 +8.5286e-01 +3.4212e+00 +2.4056e+00 -1.1393e-01 +3.1576e-01
47804 0 +3.040564259e+00 +8.443056426e+01 +8.443056426e+01 +8.5954e-01 +3.4224e+00 +2.4066e+00 -1.1016e-01 +3.0793e-01
47812 0 +3.006240537e+00 +8.439624054e+01 +8.439624054e+01 +8.6287e-01 +3.4240e+00 +2.4086e+00 -1.0521e-01 +3.0958e-01
69759 0 +2.899052375e+00 +8.428905238e+01 +8.428905238e+01 +8.4635e-01 +3.4245e+00 +2.4479e+00 -9.1146e-02 +6.1198e-01
70015 0 +2.601961294e+00 +8.399196129e+01 +8.399196129e+01 +8.4635e-01 +3.4245e+00 +2.4284e+00 -9.1146e-02 +6.1198e-01
70109 0 +2.321758635e+00 +8.371175863e+01 +8.371175863e+01 +8.4635e-01 +3.4245e+00 +2.4284e+00 -1.1068e-01 +6.1198e-01
70126 0 +2.244713291e+00 +8.363471329e+01 +8.363471329e+01 +8.5286e-01 +3.4310e+00 +2.4349e+00 -1.0417e-01 +6.1849e-01
70174 0 +2.237841456e+00 +8.362784146e+01 +8.362784146e+01 +8.5286e-01 +3.4212e+00 +2.4349e+00 -1.0417e-01 +6.1849e-01
70200 0 +2.132224410e+00 +8.352222441e+01 +8.352222441e+01 +8.5286e-01 +3.4212e+00 +2.4251e+00 -1.0417e-01 +6.1849e-01
70219 0 +2.033025330e+00 +8.342302533e+01 +8.342302533e+01 +8.6039e-01 +3.4254e+00 +2.4155e+00 -1.1251e-01 +6.2062e-01
70233 0 +1.992193851e+00 +8.338219385e+01 +8.338219385e+01 +8.6916e-01 +3.4243e+00 +2.4094e+00 -1.0669e-01 +6.2051e-01
% f evaluations | g evaluations | best noise-free fitness - Fopt (4.144000000000e+01) + sum g_i+ | measured fitness | best measured fitness or single-digit g-values | x1 | x2...
1 0 +1.873903214e+02 +2.288303214e+02 +2.288303214e+02 +1.6667e+00 +1.6667e+00 +1.6667e+00 +1.6667e+00 +1.6667e+00
5 0 +1.448250763e+02 +1.862650763e+02 +1.862650763e+02 +1.6667e+00 -3.3333e+00 +1.6667e+00 +1.6667e+00 +1.6667e+00
27 0 +1.303199220e+02 +1.717599220e+02 +1.717599220e+02 +1.7095e+00 -3.4148e+00 +1.7313e+00 +1.5718e+00 +1.4824e+00
33 0 +1.128470439e+02 +1.542870439e+02 +1.542870439e+02 +1.6869e+00 -3.4625e+00 +1.9725e+00 +1.5635e+00 +1.6197e+00
39 0 +1.053402395e+02 +1.467802395e+02 +1.467802395e+02 +1.7053e+00 -3.3629e+00 +1.9649e+00 +1.6498e+00 +1.5702e+00
46 0 +1.031881696e+02 +1.446281696e+02 +1.446281696e+02 +1.7141e+00 -3.3759e+00 +1.9309e+00 +1.6252e+00 +1.5818e+00
142 0 +7.309491151e+01 +1.145349115e+02 +1.145349115e+02 +8.3333e-01 -4.1667e+00 +8.3333e-01 -1.6667e+00 +3.3333e+00
158 0 +6.348332730e+01 +1.049233273e+02 +1.049233273e+02 +8.4876e-01 -4.0681e+00 +9.4890e-01 -1.8734e+00 +3.5296e+00
174 0 +6.219571848e+01 +1.036357185e+02 +1.036357185e+02 +8.4905e-01 -4.0669e+00 +9.4956e-01 -1.8718e+00 +3.5394e+00
181 0 +6.163396175e+01 +1.030739617e+02 +1.030739617e+02 +8.4874e-01 -4.0695e+00 +9.4593e-01 -1.8627e+00 +3.5394e+00
187 0 +5.592667242e+01 +9.736667242e+01 +9.736667242e+01 +8.8434e-01 -3.9088e+00 +1.0748e+00 -1.4098e+00 +3.5336e+00
202 0 +4.450818112e+01 +8.594818112e+01 +8.594818112e+01 +9.6318e-01 -3.9650e+00 +9.8274e-01 -1.3775e+00 +3.5341e+00
208 0 +3.314287574e+01 +7.458287574e+01 +7.458287574e+01 +1.1826e+00 -3.9878e+00 +9.4659e-01 -1.3911e+00 +3.5362e+00
217 0 +3.131189523e+01 +7.275189523e+01 +7.275189523e+01 +1.2634e+00 -3.9903e+00 +9.4389e-01 -1.3906e+00 +3.5365e+00
223 0 +2.922007494e+01 +7.066007494e+01 +7.066007494e+01 +1.2839e+00 -3.9801e+00 +9.7560e-01 -1.3717e+00 +3.5366e+00
707 0 +2.531566128e+01 +6.675566128e+01 +6.675566128e+01 -5.7292e-01 -1.0417e+00 +1.4583e+00 -4.1667e-01 +2.7083e+00
730 0 +2.297764653e+01 +6.441764653e+01 +6.441764653e+01 -6.1735e-01 -1.0163e+00 +1.4450e+00 -9.3260e-01 +2.7895e+00
737 0 +2.166105959e+01 +6.310105959e+01 +6.310105959e+01 -6.3157e-01 -1.0066e+00 +1.4728e+00 -9.5270e-01 +2.6752e+00
744 0 +1.885282996e+01 +6.029282996e+01 +6.029282996e+01 -6.3771e-01 -1.0019e+00 +1.4614e+00 -8.9234e-01 +2.7016e+00
751 0 +1.743962622e+01 +5.887962622e+01 +5.887962622e+01 -6.4762e-01 -9.9445e-01 +1.4498e+00 -9.2655e-01 +2.7349e+00
757 0 +1.702231304e+01 +5.846231304e+01 +5.846231304e+01 -6.5535e-01 -9.9001e-01 +1.4637e+00 -9.2210e-01 +2.7213e+00
765 0 +1.694928513e+01 +5.838928513e+01 +5.838928513e+01 -6.5826e-01 -9.8859e-01 +1.4560e+00 -9.2046e-01 +2.7151e+00
3522 0 +1.632667188e+01 +5.776667188e+01 +5.776667188e+01 +2.0833e-01 -1.0417e+00 +1.4583e+00 -1.3542e+00 +2.7083e+00
3542 0 +1.481001838e+01 +5.625001838e+01 +5.625001838e+01 +2.8773e-01 -1.0290e+00 +1.4517e+00 -1.3824e+00 +2.7489e+00
3549 0 +1.388733753e+01 +5.532733753e+01 +5.532733753e+01 +3.3877e-01 -1.0141e+00 +1.4575e+00 -1.3651e+00 +2.7137e+00
3555 0 +1.360261003e+01 +5.504261003e+01 +5.504261003e+01 +2.9552e-01 -9.9951e-01 +1.4547e+00 -1.3395e+00 +2.7264e+00
3563 0 +1.322406995e+01 +5.466406995e+01 +5.466406995e+01 +2.7330e-01 -9.9352e-01 +1.4552e+00 -1.3522e+00 +2.7231e+00
3569 0 +1.297448702e+01 +5.441448702e+01 +5.441448702e+01 +3.0071e-01 -9.9114e-01 +1.4576e+00 -1.3581e+00 +2.7188e+00
10344 0 +1.040289139e+01 +5.184289139e+01 +5.184289139e+01 +2.8646e-01 -1.8229e+00 +1.4583e+00 -1.3542e+00 +2.7083e+00
10377 0 +1.019642889e+01 +5.163642889e+01 +5.163642889e+01 +2.9844e-01 -1.8024e+00 +1.4557e+00 -1.3732e+00 +2.7149e+00
10390 0 +9.965615613e+00 +5.140561561e+01 +5.140561561e+01 +2.8859e-01 -1.7848e+00 +1.4574e+00 -1.3598e+00 +2.7186e+00
26983 0 +7.492338148e+00 +4.893233815e+01 +4.893233815e+01 +2.8646e-01 -1.8229e+00 +1.9271e+00 -1.3542e+00 +2.7083e+00
27004 0 +7.335381907e+00 +4.877538191e+01 +4.877538191e+01 +2.8981e-01 -1.8186e+00 +1.9334e+00 -1.3683e+00 +2.7286e+00
27017 0 +7.223173397e+00 +4.866317340e+01 +4.866317340e+01 +3.0317e-01 -1.7836e+00 +1.9638e+00 -1.3548e+00 +2.7135e+00
27023 0 +6.976365797e+00 +4.841636580e+01 +4.841636580e+01 +2.8877e-01 -1.7853e+00 +1.9415e+00 -1.3610e+00 +2.7190e+00
42343 0 +6.307755854e+00 +4.774775585e+01 +4.774775585e+01 +2.8646e-01 -2.6042e+00 +1.9271e+00 -1.3542e+00 +2.7083e+00
42387 0 +6.054288341e+00 +4.749428834e+01 +4.749428834e+01 +2.9416e-01 -2.5998e+00 +1.9423e+00 -1.3706e+00 +2.7213e+00
42400 0 +5.978283951e+00 +4.741828395e+01 +4.741828395e+01 +2.9128e-01 -2.6001e+00 +1.9433e+00 -1.3596e+00 +2.7181e+00
59801 0 +5.640923677e+00 +4.708092368e+01 +4.708092368e+01 +3.0599e-01 -2.6042e+00 +1.4583e+00 -1.3737e+00 +3.3919e+00
59835 0 +5.579396663e+00 +4.701939666e+01 +4.701939666e+01 +2.9622e-01 -2.6042e+00 +1.4583e+00 -1.3737e+00 +3.3919e+00
59942 0 +5.337102028e+00 +4.677710203e+01 +4.677710203e+01 +2.9948e-01 -2.6009e+00 +1.4616e+00 -1.3704e+00 +3.3952e+00
59958 0 +5.104772454e+00 +4.654477245e+01 +4.654477245e+01 +2.9888e-01 -2.6009e+00 +1.4599e+00 -1.3682e+00 +3.4016e+00
59985 0 +4.997193962e+00 +4.643719396e+01 +4.643719396e+01 +2.9994e-01 -2.6007e+00 +1.4553e+00 -1.3624e+00 +3.4053e+00
60416 0 +4.893017749e+00 +4.633301775e+01 +4.633301775e+01 +2.9948e-01 -1.8880e+00 +1.9596e+00 -1.3802e+00 +3.3854e+00
60465 0 +4.334782506e+00 +4.577478251e+01 +4.577478251e+01 +3.0599e-01 -1.8815e+00 +1.9661e+00 -1.3737e+00 +3.3919e+00
60509 0 +3.693151751e+00 +4.513315175e+01 +4.513315175e+01 +2.9575e-01 -1.8806e+00 +1.9636e+00 -1.3673e+00 +3.4040e+00
60515 0 +3.523551509e+00 +4.496355151e+01 +4.496355151e+01 +2.9047e-01 -1.8676e+00 +1.9334e+00 -1.3587e+00 +3.4029e+00
60530 0 +3.385810058e+00 +4.482581006e+01 +4.482581006e+01 +2.9314e-01 -1.8520e+00 +1.9385e+00 -1.3613e+00 +3.4066e+00
60536 0 +3.192504967e+00 +4.463250497e+01 +4.463250497e+01 +3.0164e-01 -1.7757e+00 +1.9670e+00 -1.3591e+00 +3.4055e+00
60542 0 +3.061627382e+00 +4.450162738e+01 +4.450162738e+01 +2.9263e-01 -1.8015e+00 +1.9475e+00 -1.3601e+00 +3.4066e+00
60560 0 +3.014129767e+00 +4.445412977e+01 +4.445412977e+01 +2.9401e-01 -1.7792e+00 +1.9404e+00 -1.3659e+00 +3.4059e+00
62734 0 +2.654083382e+00 +4.409408338e+01 +4.409408338e+01 +3.0599e-01 -2.6042e+00 +1.9466e+00 -1.3737e+00 +3.3919e+00
62754 0 +2.592556368e+00 +4.403255637e+01 +4.403255637e+01 +2.9622e-01 -2.6042e+00 +1.9466e+00 -1.3737e+00 +3.3919e+00
62863 0 +2.328997241e+00 +4.376899724e+01 +4.376899724e+01 +2.9948e-01 -2.6009e+00 +1.9499e+00 -1.3704e+00 +3.3952e+00
62879 0 +2.110367830e+00 +4.355036783e+01 +4.355036783e+01 +2.9886e-01 -2.6009e+00 +1.9494e+00 -1.3682e+00 +3.4017e+00
62885 0 +2.043388228e+00 +4.348338823e+01 +4.348338823e+01 +2.8768e-01 -2.6007e+00 +1.9401e+00 -1.3584e+00 +3.4028e+00
62893 0 +2.017500556e+00 +4.345750056e+01 +4.345750056e+01 +2.8670e-01 -2.6007e+00 +1.9386e+00 -1.3609e+00 +3.4050e+00
62905 0 +1.990341320e+00 +4.343034132e+01 +4.343034132e+01 +2.9300e-01 -2.6008e+00 +1.9440e+00 -1.3614e+00 +3.4061e+00
113454 0 +1.902806946e+00 +4.334280695e+01 +4.334280695e+01 +1.2435e+00 -2.6042e+00 +1.9466e+00 -1.3639e+00 +3.3919e+00
113539 0 +1.657181526e+00 +4.309718153e+01 +4.309718153e+01 +1.2467e+00 -2.6009e+00 +1.9499e+00 -1.3607e+00 +3.3952e+00
113658 0 +1.550251100e+00 +4.299025110e+01 +4.299025110e+01 +1.2484e+00 -2.5993e+00 +1.9466e+00 -1.3590e+00 +3.3968e+00
113673 0 +1.368032507e+00 +4.280803251e+01 +4.280803251e+01 +1.2511e+00 -2.5994e+00 +1.9463e+00 -1.3592e+00 +3.4030e+00
113680 0 +1.126525912e+00 +4.256652591e+01 +4.256652591e+01 +1.2643e+00 -2.5994e+00 +1.9451e+00 -1.3603e+00 +3.4054e+00
113686 0 +1.001601424e+00 +4.244160142e+01 +4.244160142e+01 +1.2877e+00 -2.6012e+00 +1.9424e+00 -1.3626e+00 +3.4049e+00
113693 0 +9.998092957e-01 +4.243980930e+01 +4.243980930e+01 +1.2889e+00 -2.6006e+00 +1.9430e+00 -1.3599e+00 +3.4054e+00
% f evaluations | g evaluations | best noise-free fitness - Fopt (-2.709000000000e+01) + sum g_i+ | measured fitness | best measured fitness or single-digit g-values | x1 | x2...
1 0 +2.642924535e+02 +2.372024535e+02 +2.372024535e+02 +1.6667e+00 +1.6667e+00 +1.6667e+00 +1.6667e+00 +1.6667e+00
5 0 +2.255364547e+02 +1.984464547e+02 +1.984464547e+02 +1.6667e+00 -3.3333e+00 +1.6667e+00 +1.6667e+00 +1.6667e+00
9 0 +1.649885566e+02 +1.378985566e+02 +1.378985566e+02 +1.6667e+00 -3.3333e+00 -3.3333e+00 +1.6667e+00 +1.6667e+00
28 0 +1.595972698e+02 +1.325072698e+02 +1.325072698e+02 +1.6803e+00 -3.3343e+00 -3.3343e+00 +1.6693e+00 +1.6654e+00
34 0 +1.441431785e+02 +1.170531785e+02 +1.170531785e+02 +1.6806e+00 -3.4837e+00 -3.4839e+00 +2.1001e+00 +1.4671e+00
43 0 +1.354446792e+02 +1.083546792e+02 +1.083546792e+02 +1.6804e+00 -3.4981e+00 -3.4862e+00 +2.2678e+00 +1.4639e+00
49 0 +1.305891060e+02 +1.034991060e+02 +1.034991060e+02 +1.6765e+00 -3.4415e+00 -3.4099e+00 +2.2053e+00 +1.5691e+00
61 0 +1.264648087e+02 +9.937480871e+01 +9.937480871e+01 +1.6779e+00 -3.4350e+00 -3.4106e+00 +2.2513e+00 +1.5148e+00
139 0 +9.705729326e+01 +6.996729326e+01 +6.996729326e+01 -1.6667e+00 -1.6667e+00 -1.6667e+00 +3.3333e+00 +3.3333e+00
151 0 +8.944654696e+01 +6.235654696e+01 +6.235654696e+01 -1.7414e+00 -1.8601e+00 -1.7873e+00 +3.2977e+00 +2.4364e+00
159 0 +8.116781776e+01 +5.407781776e+01 +5.407781776e+01 -1.7782e+00 -1.8360e+00 -1.7786e+00 +3.2762e+00 +2.3278e+00
165 0 +7.311141985e+01 +4.602141985e+01 +4.602141985e+01 -1.8810e+00 -1.8337e+00 -1.8068e+00 +3.2132e+00 +2.3854e+00
171 0 +7.064848627e+01 +4.355848627e+01 +4.355848627e+01 -1.8859e+00 -1.8222e+00 -1.7689e+00 +3.1591e+00 +2.3709e+00
177 0 +6.038228425e+01 +3.329228425e+01 +3.329228425e+01 -1.8864e+00 -1.7811e+00 -1.7789e+00 +2.9166e+00 +2.3325e+00
185 0 +5.657210204e+01 +2.948210204e+01 +2.948210204e+01 -1.8817e+00 -1.7895e+00 -1.7833e+00 +2.9689e+00 +2.3399e+00
191 0 +5.611849303e+01 +2.902849303e+01 +2.902849303e+01 -1.8728e+00 -1.8365e+00 -1.7310e+00 +2.9517e+00 +2.3856e+00
197 0 +5.276703220e+01 +2.567703220e+01 +2.567703220e+01 -1.8700e+00 -1.8261e+00 -1.7863e+00 +2.9501e+00 +2.3674e+00
422 0 +5.189730947e+01 +2.480730947e+01 +2.480730947e+01 -1.0417e+00 -1.6667e+00 -4.1667e-01 +2.0833e+00 +3.3333e+00
440 0 +4.281014549e+01 +1.572014549e+01 +1.572014549e+01 -9.8082e-01 -1.8601e+00 -4.7142e-01 +2.2803e+00 +2.4364e+00
449 0 +2.951548373e+01 +2.425483729e+00 +2.425483729e+00 -9.6494e-01 -1.8561e+00 -4.6587e-01 +2.2157e+00 +2.3528e+00
455 0 +2.731413092e+01 +2.241309153e-01 +2.241309153e-01 -8.7309e-01 -1.8467e+00 -4.4710e-01 +2.2196e+00 +2.3885e+00
462 0 +2.533232631e+01 -1.757673695e+00 -1.757673695e+00 -7.8992e-01 -1.8204e+00 -4.3998e-01 +2.2679e+00 +2.3754e+00
468 0 +2.414641268e+01 -2.943587319e+00 -2.943587319e+00 -7.8104e-01 -1.8179e+00 -4.7872e-01 +2.2384e+00 +2.3671e+00
480 0 +2.388082536e+01 -3.209174639e+00 -3.209174639e+00 -7.7359e-01 -1.8122e+00 -4.5890e-01 +2.2451e+00 +2.3684e+00
1147 0 +2.218321058e+01 -4.906789422e+00 -4.906789422e+00 -7.5542e-01 -1.0672e+00 -4.4361e-01 +1.8189e+00 +3.3988e+00
1154 0 +2.129926883e+01 -5.790731166e+00 -5.790731166e+00 -7.5715e-01 -1.0629e+00 -4.5077e-01 +1.7924e+00 +3.3957e+00
1510 0 +1.869782614e+01 -8.392173863e+00 -8.392173863e+00 -7.5521e-01 -1.0677e+00 -4.4271e-01 +1.8229e+00 +3.3073e+00
1531 0 +1.802104247e+01 -9.068957527e+00 -9.068957527e+00 -7.5643e-01 -1.0647e+00 -4.4785e-01 +1.8000e+00 +3.3299e+00
1543 0 +1.768474590e+01 -9.405254098e+00 -9.405254098e+00 -7.5647e-01 -1.0646e+00 -4.4797e-01 +1.8000e+00 +3.3135e+00
1563 0 +1.728284327e+01 -9.807156735e+00 -9.807156735e+00 -7.7943e-01 -1.0040e+00 -4.5124e-01 +1.7999e+00 +3.3157e+00
1587 0 +1.697440848e+01 -1.011559152e+01 -1.011559152e+01 -7.7609e-01 -1.0230e+00 -4.6099e-01 +1.8019e+00 +3.3231e+00
4652 0 +1.614884947e+01 -1.094115053e+01 -1.094115053e+01 +1.1458e+00 -2.6042e+00 +1.1458e+00 +1.9271e+00 +3.0208e+00
4678 0 +9.536166975e+00 -1.755383303e+01 -1.755383303e+01 +1.1683e+00 -2.6133e+00 +9.7815e-01 +1.8309e+00 +3.0032e+00
4685 0 +6.724297913e+00 -2.036570209e+01 -2.036570209e+01 +1.1812e+00 -2.6287e+00 +1.0156e+00 +1.7808e+00 +3.0507e+00
4693 0 +2.834568076e+00 -2.425543192e+01 -2.425543192e+01 +1.1831e+00 -2.6388e+00 +1.0623e+00 +1.7700e+00 +3.0223e+00
4702 0 +1.178734268e+00 -2.591126573e+01 -2.591126573e+01 +1.1684e+00 -2.6423e+00 +1.0891e+00 +1.7942e+00 +3.0129e+00
4709 0 +1.017298078e+00 -2.607270192e+01 -2.607270192e+01 +1.1799e+00 -2.6342e+00 +1.0891e+00 +1.8030e+00 +3.0154e+00
4715 0 +9.960030141e-01 -2.609399699e+01 -2.609399699e+01 +1.1792e+00 -2.6318e+00 +1.0893e+00 +1.8019e+00 +3.0181e+00
232868 0 +6.294424621e-01 -2.646055754e+01 -2.646055754e+01 +1.1654e+00 -2.6237e+00 +1.0872e+00 +1.7904e+00 +3.3138e+00
232908 0 +1.064148256e-01 -2.698358517e+01 -2.698358517e+01 +1.1666e+00 -2.6248e+00 +1.0878e+00 +1.7964e+00 +3.3263e+00
232915 0 +4.887770497e-02 -2.704112230e+01 -2.704112230e+01 +1.1748e+00 -2.6339e+00 +1.0900e+00 +1.8042e+00 +3.3247e+00
232928 0 +2.565761828e-02 -2.706434238e+01 -2.706434238e+01 +1.1749e+00 -2.6338e+00 +1.0867e+00 +1.8041e+00 +3.3263e+00
232935 0 +1.247241095e-02 -2.707752759e+01 -2.707752759e+01 +1.1741e+00 -2.6318e+00 +1.0871e+00 +1.8015e+00 +3.3276e+00
232944 0 +1.002516073e-02 -2.707997484e+01 -2.707997484e+01 +1.1752e+00 -2.6325e+00 +1.0872e+00 +1.8012e+00 +3.3279e+00
232951 0 +6.333100202e-03 -2.708366690e+01 -2.708366690e+01 +1.1809e+00 -2.6336e+00 +1.0875e+00 +1.8026e+00 +3.3281e+00
232957 0 +5.287290046e-03 -2.708471271e+01 -2.708471271e+01 +1.1790e+00 -2.6339e+00 +1.0875e+00 +1.8023e+00 +3.3272e+00
232963 0 +4.286103936e-03 -2.708571390e+01 -2.708571390e+01 +1.1787e+00 -2.6321e+00 +1.0877e+00 +1.8009e+00 +3.3274e+00
232969 0 +3.071652393e-03 -2.708692835e+01 -2.708692835e+01 +1.1797e+00 -2.6325e+00 +1.0879e+00 +1.8013e+00 +3.3273e+00
232977 0 +2.662173693e-03 -2.708733783e+01 -2.708733783e+01 +1.1809e+00 -2.6332e+00 +1.0882e+00 +1.8020e+00 +3.3272e+00
232983 0 +2.267357624e-03 -2.708773264e+01 -2.708773264e+01 +1.1796e+00 -2.6334e+00 +1.0884e+00 +1.8023e+00 +3.3276e+00
232989 0 +7.602125594e-04 -2.708923979e+01 -2.708923979e+01 +1.1795e+00 -2.6328e+00 +1.0888e+00 +1.8016e+00 +3.3278e+00
232995 0 +4.952598931e-04 -2.708950474e+01 -2.708950474e+01 +1.1796e+00 -2.6328e+00 +1.0890e+00 +1.8016e+00 +3.3279e+00
233002 0 +2.567767492e-04 -2.708974322e+01 -2.708974322e+01 +1.1799e+00 -2.6327e+00 +1.0894e+00 +1.8016e+00 +3.3280e+00
233009 0 +8.173482019e-05 -2.708991827e+01 -2.708991827e+01 +1.1802e+00 -2.6327e+00 +1.0895e+00 +1.8016e+00 +3.3280e+00
233017 0 +6.886462097e-05 -2.708993114e+01 -2.708993114e+01 +1.1803e+00 -2.6327e+00 +1.0896e+00 +1.8016e+00 +3.3280e+00
233027 0 +3.772558245e-05 -2.708996227e+01 -2.708996227e+01 +1.1804e+00 -2.6327e+00 +1.0896e+00 +1.8016e+00 +3.3280e+00
233036 0 +1.124420762e-05 -2.708998876e+01 -2.708998876e+01 +1.1807e+00 -2.6328e+00 +1.0895e+00 +1.8016e+00 +3.3280e+00
233042 0 +2.453229840e-06 -2.708999755e+01 -2.708999755e+01 +1.1808e+00 -2.6328e+00 +1.0896e+00 +1.8016e+00 +3.3280e+00
233048 0 +2.164422202e-06 -2.708999784e+01 -2.708999784e+01 +1.1808e+00 -2.6328e+00 +1.0896e+00 +1.8016e+00 +3.3280e+00
233059 0 +1.978494421e-06 -2.708999802e+01 -2.708999802e+01 +1.1808e+00 -2.6328e+00 +1.0896e+00 +1.8016e+00 +3.3280e+00
233066 0 +1.625724721e-06 -2.708999837e+01 -2.708999837e+01 +1.1808e+00 -2.6328e+00 +1.0896e+00 +1.8016e+00 +3.3280e+00
233071 0 +1.619863969e-06 -2.708999838e+01 -2.708999838e+01 +1.1808e+00 -2.6328e+00 +1.0896e+00 +1.8016e+00 +3.3280e+00
233072 0 +1.225197000e-06 -2.708999877e+01 -2.708999877e+01 +1.1808e+00 -2.6328e+00 +1.0896e+00 +1.8016e+00 +3.3280e+00
233078 0 +9.324294616e-07 -2.708999907e+01 -2.708999907e+01 +1.1808e+00 -2.6328e+00 +1.0896e+00 +1.8016e+00 +3.3280e+00
233084 0 +7.255234351e-07 -2.708999927e+01 -2.708999927e+01 +1.1808e+00 -2.6328e+00 +1.0896e+00 +1.8016e+00 +3.3280e+00
233089 0 +7.233129224e-07 -2.708999928e+01 -2.708999928e+01 +1.1808e+00 -2.6328e+00 +1.0896e+00 +1.8016e+00 +3.3280e+00
233090 0 +3.440346035e-07 -2.708999966e+01 -2.708999966e+01 +1.1808e+00 -2.6328e+00 +1.0896e+00 +1.8016e+00 +3.3280e+00
233098 0 +2.660746361e-07 -2.708999973e+01 -2.708999973e+01 +1.1808e+00 -2.6328e+00 +1.0896e+00 +1.8016e+00 +3.3280e+00
233104 0 +2.500882914e-07 -2.708999975e+01 -2.708999975e+01 +1.1808e+00 -2.6328e+00 +1.0896e+00 +1.8016e+00 +3.3280e+00
233110 0 +2.088375339e-07 -2.708999979e+01 -2.708999979e+01 +1.1808e+00 -2.6328e+00 +1.0896e+00 +1.8016e+00 +3.3280e+00
233116 0 +1.186273622e-07 -2.708999988e+01 -2.708999988e+01 +1.1808e+00 -2.6328e+00 +1.0896e+00 +1.8016e+00 +3.3280e+00
233122 0 +6.844453182e-08 -2.708999993e+01 -2.708999993e+01 +1.1808e+00 -2.6328e+00 +1.0896e+00 +1.8016e+00 +3.3280e+00
233128 0 +4.793664843e-08 -2.708999995e+01 -2.708999995e+01 +1.1808e+00 -2.6328e+00 +1.0896e+00 +1.8016e+00 +3.3280e+00
233130 0 +4.785345809e-08 -2.708999995e+01 -2.708999995e+01 +1.1808e+00 -2.6328e+00 +1.0896e+00 +1.8016e+00 +3.3280e+00
233138 0 +2.273459643e-08 -2.708999998e+01 -2.708999998e+01 +1.1808e+00 -2.6328e+00 +1.0896e+00 +1.8016e+00 +3.3280e+00
233144 0 +2.004846777e-08 -2.708999998e+01 -2.708999998e+01 +1.1808e+00 -2.6328e+00 +1.0896e+00 +1.8016e+00 +3.3280e+00
233147 0 +1.994675713e-08 -2.708999998e+01 -2.708999998e+01 +1.1808e+00 -2.6328e+00 +1.0896e+00 +1.8016e+00 +3.3280e+00
233154 0 +9.575650495e-09 -2.708999999e+01 -2.708999999e+01 +1.1808e+00 -2.6328e+00 +1.0896e+00 +1.8016e+00 +3.3280e+00
% f evaluations | g evaluations | best noise-free fitness - Fopt (5.175000000000e+01) + sum g_i+ | measured fitness | best measured fitness or single-digit g-values | x1 | x2...
1 0 +2.491574985e+03 +2.543324985e+03 +2.543324985e+03 +1.6667e+00 +1.6667e+00 +1.6667e+00 +1.6667e+00 +1.6667e+00
2 0 +1.854737038e+02 +2.372237038e+02 +2.372237038e+02 -1.6667e+00 -1.6667e+00 -1.6667e+00 -1.6667e+00 -1.6667e+00
10 0 +1.478956941e+02 +1.996456941e+02 +1.996456941e+02 -1.6667e+00 -1.6667e+00 +3.3333e+00 -1.6667e+00 -1.6667e+00
28 0 +1.430861725e+02 +1.948361725e+02 +1.948361725e+02 -1.6672e+00 -1.6676e+00 +3.3469e+00 -1.6687e+00 -1.6689e+00
35 0 +1.383209359e+02 +1.900709359e+02 +1.900709359e+02 -1.6720e+00 -1.6761e+00 +3.3468e+00 -1.6862e+00 -1.6884e+00
44 0 +1.271229912e+02 +1.788729912e+02 +1.788729912e+02 -1.7034e+00 -1.7329e+00 +3.3462e+00 -1.8317e+00 -1.7469e+00
50 0 +1.213946970e+02 +1.731446970e+02 +1.731446970e+02 -1.7653e+00 -1.8402e+00 +3.3444e+00 -1.7613e+00 -1.7683e+00
154 0 +7.792676374e+01 +1.296767637e+02 +1.296767637e+02 -8.3333e-01 -8.3333e-01 +1.6667e+00 -8.3333e-01 -8.3333e-01
170 0 +7.532479907e+01 +1.270747991e+02 +1.270747991e+02 -9.0542e-01 -1.0253e+00 +1.4724e+00 -5.1203e-01 -1.3867e+00
176 0 +5.723979578e+01 +1.089897958e+02 +1.089897958e+02 -8.4972e-01 -8.7926e-01 +1.4321e+00 -2.9513e-01 -1.3977e+00
183 0 +5.171391506e+01 +1.034639151e+02 +1.034639151e+02 -8.5132e-01 -8.7941e-01 +1.4513e+00 -3.7816e-01 -1.3470e+00
191 0 +4.970463590e+01 +1.014546359e+02 +1.014546359e+02 -8.6032e-01 -8.9917e-01 +1.4660e+00 -3.8837e-01 -1.3777e+00
198 0 +4.871906441e+01 +1.004690644e+02 +1.004690644e+02 -8.8463e-01 -9.4939e-01 +1.4888e+00 -3.5175e-01 -1.3753e+00
210 0 +4.780042705e+01 +9.955042705e+01 +9.955042705e+01 -8.6756e-01 -9.1145e-01 +1.4729e+00 -3.6093e-01 -1.3801e+00
388 0 +3.726182918e+01 +8.901182918e+01 +8.901182918e+01 -8.3333e-01 -2.0833e-01 +2.2917e+00 +4.1667e-01 -8.3333e-01
406 0 +3.309023592e+01 +8.484023592e+01 +8.484023592e+01 -9.0542e-01 -3.5911e-01 +2.5356e+00 +4.1083e-01 -1.3867e+00
412 0 +3.141391708e+01 +8.316391708e+01 +8.316391708e+01 -8.5141e-01 -3.5841e-01 +2.4127e+00 +4.2960e-01 -1.3477e+00
420 0 +3.039321793e+01 +8.214321793e+01 +8.214321793e+01 -8.3607e-01 -3.5787e-01 +2.3660e+00 +4.2571e-01 -1.3822e+00
426 0 +2.968910708e+01 +8.143910708e+01 +8.143910708e+01 -8.8206e-01 -3.5230e-01 +2.4245e+00 +3.8601e-01 -1.3805e+00
433 0 +2.910760044e+01 +8.085760044e+01 +8.085760044e+01 -8.8774e-01 -3.5438e-01 +2.4403e+00 +4.1534e-01 -1.3832e+00
505 0 +2.176907019e+01 +7.351907019e+01 +7.351907019e+01 -8.3333e-01 -2.0833e-01 +2.2917e+00 +4.1667e-01 -2.0833e-01
527 0 +1.211089938e+01 +6.386089938e+01 +6.386089938e+01 -9.0542e-01 -3.5911e-01 +2.5356e+00 +4.1083e-01 -6.2915e-01
533 0 +8.891019004e+00 +6.064101900e+01 +6.064101900e+01 -8.5209e-01 -3.6244e-01 +2.4164e+00 +4.2988e-01 -6.4701e-01
541 0 +8.469610522e+00 +6.021961052e+01 +6.021961052e+01 -8.5015e-01 -3.5891e-01 +2.3956e+00 +4.1816e-01 -6.1790e-01
554 0 +8.070140366e+00 +5.982014037e+01 +5.982014037e+01 -8.8601e-01 -3.5207e-01 +2.4260e+00 +4.1441e-01 -6.2988e-01
1773 0 +6.587670870e+00 +5.833767087e+01 +5.833767087e+01 -8.8542e-01 +4.4271e-01 +2.3958e+00 +3.6458e-01 -2.6042e-01
1796 0 +5.313816972e+00 +5.706381697e+01 +5.706381697e+01 -8.7850e-01 +4.4426e-01 +2.4051e+00 +4.0988e-01 -2.2863e-01
1804 0 +5.113150062e+00 +5.686315006e+01 +5.686315006e+01 -8.7121e-01 +4.4675e-01 +2.4154e+00 +4.4744e-01 -2.4843e-01
1810 0 +4.160012135e+00 +5.591001214e+01 +5.591001214e+01 -8.6238e-01 +4.5095e-01 +2.4311e+00 +4.0836e-01 -2.5512e-01
1816 0 +4.004538323e+00 +5.575453832e+01 +5.575453832e+01 -8.7809e-01 +4.4755e-01 +2.4160e+00 +4.1355e-01 -2.5017e-01
1828 0 +3.980076607e+00 +5.573007661e+01 +5.573007661e+01 -8.7183e-01 +4.4883e-01 +2.4199e+00 +4.1557e-01 -2.5081e-01
8137 0 +3.403052015e+00 +5.515305201e+01 +5.515305201e+01 +9.1146e-02 +4.4271e-01 +2.9818e+00 +4.0365e-01 -2.6042e-01
8152 0 +2.377435528e+00 +5.412743553e+01 +5.412743553e+01 +1.0417e-01 +4.5573e-01 +2.9948e+00 +4.1667e-01 -2.4740e-01
8172 0 +2.211809363e+00 +5.396180936e+01 +5.396180936e+01 +1.0879e-01 +4.5161e-01 +3.0090e+00 +4.1521e-01 -2.5806e-01
8181 0 +2.098532944e+00 +5.384853294e+01 +5.384853294e+01 +1.1199e-01 +4.4973e-01 +3.0159e+00 +4.1471e-01 -2.5478e-01
8188 0 +2.027132372e+00 +5.377713237e+01 +5.377713237e+01 +1.2372e-01 +4.4280e-01 +3.0118e+00 +4.1333e-01 -2.4856e-01
8227 0 +1.994350583e+00 +5.374435058e+01 +5.374435058e+01 +1.2254e-01 +4.4873e-01 +3.0128e+00 +4.1532e-01 -2.5063e-01
35005 0 +1.608432199e+00 +5.335843220e+01 +5.335843220e+01 +1.1068e-01 +4.6224e-01 +3.0013e+00 +8.3333e-01 -2.6042e-01
35032 0 +1.406730420e+00 +5.315673042e+01 +5.315673042e+01 +1.0417e-01 +4.5573e-01 +2.9948e+00 +8.2682e-01 -2.4740e-01
35042 0 +1.219154287e+00 +5.296915429e+01 +5.296915429e+01 +1.0879e-01 +4.5161e-01 +3.0090e+00 +8.2093e-01 -2.5806e-01
35051 0 +1.091091747e+00 +5.284109175e+01 +5.284109175e+01 +1.1191e-01 +4.4981e-01 +3.0156e+00 +8.1921e-01 -2.5448e-01
35058 0 +1.060018507e+00 +5.281001851e+01 +5.281001851e+01 +1.2319e-01 +4.4347e-01 +3.0109e+00 +8.1788e-01 -2.4852e-01
35066 0 +1.029791096e+00 +5.277979110e+01 +5.277979110e+01 +1.2532e-01 +4.4403e-01 +3.0114e+00 +8.2365e-01 -2.4901e-01
35077 0 +1.022853571e+00 +5.277285357e+01 +5.277285357e+01 +1.1990e-01 +4.4514e-01 +3.0118e+00 +8.2494e-01 -2.5149e-01
35114 0 +9.977834766e-01 +5.274778348e+01 +5.274778348e+01 +1.2178e-01 +4.4863e-01 +3.0140e+00 +8.2267e-01 -2.5074e-01
% f evaluations | g evaluations | best noise-free fitness - Fopt (-5.541400000000e+02) + sum g_i+ | measured fitness | best measured fitness or single-digit g-values | x1 | x2...
1 0 +2.052357310e+03 +1.498217310e+03 +1.498217310e+03 +1.6667e+00 +1.6667e+00 +1.6667e+00 +1.6667e+00 +1.6667e+00
2 0 +2.994379849e+02 -2.547020151e+02 -2.547020151e+02 -1.6667e+00 -1.6667e+00 -1.6667e+00 -1.6667e+00 -1.6667e+00
6 0 +2.435796375e+02 -3.105603625e+02 -3.105603625e+02 -1.6667e+00 +3.3333e+00 -1.6667e+00 -1.6667e+00 -1.6667e+00
17 0 +2.005420741e+02 -3.535979259e+02 -3.535979259e+02 -1.6775e+00 +3.1882e+00 -1.8951e+00 -1.1900e+00 -1.2640e+00
24 0 +1.676222754e+02 -3.865177246e+02 -3.865177246e+02 -1.7184e+00 +3.0658e+00 -1.8757e+00 -1.7024e-01 -1.9403e-01
30 0 +1.237595253e+02 -4.303804747e+02 -4.303804747e+02 -1.7680e+00 +3.1911e+00 -1.7660e+00 -2.8828e-01 -3.6920e-01
42 0 +1.197561579e+02 -4.343838421e+02 -4.343838421e+02 -1.8140e+00 +3.2244e+00 -1.7769e+00 -3.9430e-01 -4.3344e-01
53 0 +1.150284500e+02 -4.391115500e+02 -4.391115500e+02 -1.9139e+00 +3.2470e+00 -1.8049e+00 -3.9694e-01 -3.4735e-01
62 0 +1.129418612e+02 -4.411981388e+02 -4.411981388e+02 -1.9408e+00 +3.2772e+00 -1.7620e+00 -3.6254e-01 -3.4230e-01
68 0 +1.110923248e+02 -4.430476752e+02 -4.430476752e+02 -2.1943e+00 +3.1856e+00 -1.8026e+00 -3.0844e-01 -3.6412e-01
74 0 +1.047326384e+02 -4.494073616e+02 -4.494073616e+02 -2.0920e+00 +3.2068e+00 -1.7635e+00 -3.5967e-01 -3.8990e-01
81 0 +1.044930068e+02 -4.496469932e+02 -4.496469932e+02 -2.0885e+00 +3.2255e+00 -1.7785e+00 -3.5946e-01 -3.9489e-01
267 0 +9.662711510e+01 -4.575128849e+02 -4.575128849e+02 -2.0833e+00 +4.1667e+00 -8.3333e-01 +2.9167e+00 -8.3333e-01
286 0 +8.618252345e+01 -4.679574765e+02 -4.679574765e+02 -2.0883e+00 +4.0029e+00 -6.9322e-01 +2.9579e+00 -1.1426e+00
299 0 +8.415194330e+01 -4.699880567e+02 -4.699880567e+02 -2.0970e+00 +3.9826e+00 -8.2410e-01 +3.0757e+00 -1.1115e+00
313 0 +7.451666692e+01 -4.796233331e+02 -4.796233331e+02 -2.0955e+00 +4.0355e+00 -7.1180e-01 +3.1122e+00 -1.1285e+00
319 0 +7.105669146e+01 -4.830833085e+02 -4.830833085e+02 -2.0934e+00 +4.0386e+00 -7.4512e-01 +3.1356e+00 -1.1437e+00
331 0 +7.064671720e+01 -4.834932828e+02 -4.834932828e+02 -2.0933e+00 +4.0465e+00 -7.4720e-01 +3.1478e+00 -1.1461e+00
431 0 +6.005288381e+01 -4.940871162e+02 -4.940871162e+02 +1.6667e+00 +4.1667e+00 +1.6667e+00 +1.6667e+00 -8.3333e-01
449 0 +5.390973576e+01 -5.002302642e+02 -5.002302642e+02 +1.7962e+00 +3.8392e+00 +1.4881e+00 +1.9171e+00 -1.4519e+00
457 0 +4.817567472e+01 -5.059643253e+02 -5.059643253e+02 +1.8280e+00 +3.8326e+00 +1.4886e+00 +1.8420e+00 -1.5934e+00
463 0 +4.638246911e+01 -5.077575309e+02 -5.077575309e+02 +1.8681e+00 +3.9271e+00 +1.5462e+00 +1.7579e+00 -1.4673e+00
469 0 +3.999797123e+01 -5.141420288e+02 -5.141420288e+02 +1.8790e+00 +3.9814e+00 +1.5646e+00 +1.8530e+00 -1.5239e+00
482 0 +3.968498081e+01 -5.144550192e+02 -5.144550192e+02 +1.8480e+00 +3.9821e+00 +1.5628e+00 +1.8492e+00 -1.5226e+00
514 0 +3.889405899e+01 -5.152459410e+02 -5.152459410e+02 +1.8542e+00 +4.0459e+00 +1.5395e+00 +1.8377e+00 -1.5183e+00
655 0 +3.728354791e+01 -5.168564521e+02 -5.168564521e+02 +2.0833e+00 +4.5833e+00 +2.0833e+00 +2.0833e+00 -4.1667e-01
681 0 +3.240731250e+01 -5.217326875e+02 -5.217326875e+02 +2.0833e+00 +3.9583e+00 +2.0833e+00 +2.0833e+00 -4.1667e-01
689 0 +2.444842329e+01 -5.296915767e+02 -5.296915767e+02 +1.6331e+00 +3.9645e+00 +2.1364e+00 +2.1873e+00 -3.2721e-01
703 0 +2.224038557e+01 -5.318996144e+02 -5.318996144e+02 +1.6401e+00 +3.9651e+00 +2.0798e+00 +2.1947e+00 -3.4099e-01
710 0 +1.526426125e+01 -5.388757387e+02 -5.388757387e+02 +1.6762e+00 +3.9668e+00 +2.0806e+00 +2.2164e+00 -3.8250e-01
718 0 +1.253820917e+01 -5.416017908e+02 -5.416017908e+02 +1.7500e+00 +3.9722e+00 +2.0812e+00 +2.2886e+00 -3.9040e-01
726 0 +8.616820984e+00 -5.455231790e+02 -5.455231790e+02 +1.8551e+00 +3.9782e+00 +2.0835e+00 +2.2844e+00 -3.9209e-01
732 0 +6.797168848e+00 -5.473428312e+02 -5.473428312e+02 +1.8452e+00 +3.9948e+00 +2.0898e+00 +2.2354e+00 -3.9854e-01
738 0 +6.563032269e+00 -5.475769677e+02 -5.475769677e+02 +1.8799e+00 +4.0142e+00 +2.0961e+00 +2.2366e+00 -3.9246e-01
744 0 +5.830076051e+00 -5.483099239e+02 -5.483099239e+02 +1.8531e+00 +4.0292e+00 +2.1011e+00 +2.2389e+00 -3.8834e-01
750 0 +5.352217950e+00 -5.487877821e+02 -5.487877821e+02 +1.8531e+00 +4.0579e+00 +2.1121e+00 +2.2405e+00 -3.9387e-01
756 0 +5.186555126e+00 -5.489534449e+02 -5.489534449e+02 +1.8549e+00 +4.0542e+00 +2.1183e+00 +2.2450e+00 -3.9433e-01
763 0 +5.050318143e+00 -5.490896819e+02 -5.490896819e+02 +1.8583e+00 +4.0510e+00 +2.1290e+00 +2.2472e+00 -3.9330e-01
788 0 +5.008968466e+00 -5.491310315e+02 -5.491310315e+02 +1.8633e+00 +4.0480e+00 +2.1319e+00 +2.2463e+00 -3.9366e-01
121594 0 +2.348970483e+00 -5.517910295e+02 -5.517910295e+02 +8.7240e-01 +3.2161e+00 +2.1224e+00 +1.8490e+00 +2.8646e-01
121678 0 +2.308009826e+00 -5.518319902e+02 -5.518319902e+02 +8.7240e-01 +3.2357e+00 +2.1224e+00 +1.8490e+00 +2.8646e-01
121836 0 +2.153206974e+00 -5.519867930e+02 -5.519867930e+02 +8.7240e-01 +3.2259e+00 +2.1224e+00 +1.8392e+00 +2.8646e-01
121859 0 +2.082736267e+00 -5.520572637e+02 -5.520572637e+02 +8.7565e-01 +3.2292e+00 +2.1257e+00 +1.8424e+00 +2.8971e-01
122008 0 +2.022587955e+00 -5.521174120e+02 -5.521174120e+02 +8.7728e-01 +3.2308e+00 +2.1273e+00 +1.8392e+00 +2.9134e-01
157440 0 +1.474636797e+00 -5.526653632e+02 -5.526653632e+02 +1.8490e+00 +3.2161e+00 +2.1224e+00 +1.8490e+00 +2.8646e-01
157678 0 +1.346035510e+00 -5.527939645e+02 -5.527939645e+02 +1.8685e+00 +3.2161e+00 +2.1224e+00 +1.8490e+00 +2.8646e-01
157758 0 +1.305074852e+00 -5.528349251e+02 -5.528349251e+02 +1.8685e+00 +3.2357e+00 +2.1224e+00 +1.8490e+00 +2.8646e-01
158366 0 +1.150272000e+00 -5.529897280e+02 -5.529897280e+02 +1.8685e+00 +3.2259e+00 +2.1224e+00 +1.8392e+00 +2.8646e-01
158473 0 +1.086600277e+00 -5.530533997e+02 -5.530533997e+02 +1.8717e+00 +3.2292e+00 +2.1257e+00 +1.8424e+00 +2.8971e-01
158939 0 +1.057693007e+00 -5.530823070e+02 -5.530823070e+02 +1.8717e+00 +3.2292e+00 +2.1257e+00 +1.8376e+00 +2.8971e-01
159034 0 +1.027393807e+00 -5.531126062e+02 -5.531126062e+02 +1.8734e+00 +3.2308e+00 +2.1273e+00 +1.8392e+00 +2.9134e-01
159992 0 +1.021588750e+00 -5.531184112e+02 -5.531184112e+02 +1.8734e+00 +3.2284e+00 +2.1273e+00 +1.8368e+00 +2.9134e-01
% f evaluations | g evaluations | best noise-free fitness - Fopt (1.774000000000e+01) + sum g_i+ | measured fitness | best measured fitness or single-digit g-values | x1 | x2...
1 0 +5.271457621e+02 +5.448857621e+02 +5.448857621e+02 +1.6667e+00 +1.6667e+00 +1.6667e+00 +1.6667e+00 +1.6667e+00
2 0 +2.923977635e+02 +3.101377635e+02 +3.101377635e+02 -1.6667e+00 -1.6667e+00 -1.6667e+00 -1.6667e+00 -1.6667e+00
6 0 +2.579062585e+02 +2.756462585e+02 +2.756462585e+02 -1.6667e+00 +3.3333e+00 -1.6667e+00 -1.6667e+00 -1.6667e+00
17 0 +2.088208954e+02 +2.265608954e+02 +2.265608954e+02 -1.7088e+00 +2.9441e+00 -1.8960e+00 -1.1979e+00 -1.0705e+00
23 0 +1.839693257e+02 +2.017093257e+02 +2.017093257e+02 -1.7238e+00 +3.0147e+00 -1.6763e+00 -6.7531e-01 -9.6639e-01
29 0 +1.559503950e+02 +1.736903950e+02 +1.736903950e+02 -1.7119e+00 +3.1201e+00 -1.7230e+00 -8.1151e-01 -8.1437e-01
38 0 +1.527960397e+02 +1.705360397e+02 +1.705360397e+02 -1.7102e+00 +3.1412e+00 -1.7432e+00 -7.8251e-01 -7.6578e-01
51 0 +1.504861462e+02 +1.682261462e+02 +1.682261462e+02 -1.7093e+00 +3.1528e+00 -1.7683e+00 -7.5278e-01 -8.0150e-01
157 0 +1.285831196e+02 +1.463231196e+02 +1.463231196e+02 -8.3333e-01 +4.1667e+00 -8.3333e-01 +4.1667e+00 -8.3333e-01
174 0 +1.037082520e+02 +1.214482520e+02 +1.214482520e+02 -8.0937e-01 +4.0172e+00 -6.9616e-01 +3.9554e+00 -7.4601e-01
180 0 +9.313309912e+01 +1.108730991e+02 +1.108730991e+02 -7.8461e-01 +3.9112e+00 -7.2820e-01 +4.0579e+00 -8.4856e-01
187 0 +9.070771796e+01 +1.084477180e+02 +1.084477180e+02 -7.8614e-01 +3.9175e+00 -7.7169e-01 +4.0601e+00 -7.9859e-01
355 0 +7.472574835e+01 +9.246574835e+01 +9.246574835e+01 -8.3333e-01 +2.9167e+00 -2.0833e-01 +2.9167e+00 -2.0833e-01
377 0 +5.659653183e+01 +7.433653183e+01 +7.433653183e+01 -7.8541e-01 +3.2208e+00 -1.0013e-01 +3.0049e+00 +4.2487e-01
384 0 +4.448312919e+01 +6.222312919e+01 +6.222312919e+01 -7.8800e-01 +3.2034e+00 -1.3461e-01 +3.0401e+00 +3.2190e-01
391 0 +3.569776245e+01 +5.343776245e+01 +5.343776245e+01 -7.9213e-01 +3.1840e+00 -1.7697e-01 +3.1631e+00 +2.9543e-01
398 0 +3.433504544e+01 +5.207504544e+01 +5.207504544e+01 -7.9372e-01 +3.1755e+00 -1.7760e-01 +3.1417e+00 +3.2075e-01
417 0 +3.383174135e+01 +5.157174135e+01 +5.157174135e+01 -7.9304e-01 +3.1832e+00 -1.5955e-01 +3.1528e+00 +3.2565e-01
1191 0 +2.943918747e+01 +4.717918747e+01 +4.717918747e+01 +3.3854e-01 +1.5885e+00 +1.5885e+00 +2.2135e+00 -1.3021e-01
1216 0 +2.654755091e+01 +4.428755091e+01 +4.428755091e+01 +3.3639e-01 +1.5809e+00 +1.5793e+00 +2.2436e+00 -2.0020e-01
1223 0 +2.576595392e+01 +4.350595392e+01 +4.350595392e+01 +3.2794e-01 +1.5539e+00 +1.5449e+00 +2.3051e+00 -1.7119e-01
1229 0 +2.226833344e+01 +4.000833344e+01 +4.000833344e+01 +3.1524e-01 +1.5567e+00 +1.5225e+00 +2.2657e+00 -1.6947e-01
4001 0 +1.439474220e+01 +3.213474220e+01 +3.213474220e+01 +2.1354e+00 +2.2917e+00 +1.6667e+00 +2.2917e+00 +1.0417e+00
4029 0 +1.284348410e+01 +3.058348410e+01 +3.058348410e+01 +2.1364e+00 +2.2922e+00 +1.6654e+00 +2.2887e+00 +1.0478e+00
4036 0 +1.141532283e+01 +2.915532283e+01 +2.915532283e+01 +2.1412e+00 +2.2949e+00 +1.6596e+00 +2.2773e+00 +1.0468e+00
4042 0 +1.022833417e+01 +2.796833417e+01 +2.796833417e+01 +2.3534e+00 +2.4024e+00 +1.4119e+00 +2.2803e+00 +1.0495e+00
4055 0 +9.694796760e+00 +2.743479676e+01 +2.743479676e+01 +2.3494e+00 +2.3953e+00 +1.4289e+00 +2.2802e+00 +1.0422e+00
4064 0 +9.257969885e+00 +2.699796988e+01 +2.699796988e+01 +2.3521e+00 +2.3939e+00 +1.4327e+00 +2.2802e+00 +1.0409e+00
4070 0 +5.174650663e+00 +2.291465066e+01 +2.291465066e+01 +2.3559e+00 +2.3705e+00 +1.5920e+00 +2.2743e+00 +1.0469e+00
4076 0 +3.844369371e+00 +2.158436937e+01 +2.158436937e+01 +2.3546e+00 +2.3509e+00 +1.5505e+00 +2.2708e+00 +1.0475e+00
4082 0 +3.643103529e+00 +2.138310353e+01 +2.138310353e+01 +2.3510e+00 +2.3662e+00 +1.5027e+00 +2.2571e+00 +1.0473e+00
4088 0 +3.130285915e+00 +2.087028591e+01 +2.087028591e+01 +2.3531e+00 +2.3547e+00 +1.5262e+00 +2.2567e+00 +1.0483e+00
4094 0 +3.063047667e+00 +2.080304767e+01 +2.080304767e+01 +2.3531e+00 +2.3622e+00 +1.5342e+00 +2.2560e+00 +1.0477e+00
4100 0 +3.005714100e+00 +2.074571410e+01 +2.074571410e+01 +2.3531e+00 +2.3637e+00 +1.5355e+00 +2.2518e+00 +1.0477e+00
49322 0 +2.908928809e+00 +2.064892881e+01 +2.064892881e+01 +1.2630e+00 +2.3372e+00 +1.5755e+00 +2.2591e+00 +1.0091e+00
49371 0 +2.781444650e+00 +2.052144465e+01 +2.052144465e+01 +1.2663e+00 +2.3405e+00 +1.5690e+00 +2.2526e+00 +1.0026e+00
49390 0 +2.708235022e+00 +2.044823502e+01 +2.044823502e+01 +1.2630e+00 +2.3372e+00 +1.5658e+00 +2.2591e+00 +1.0091e+00
49410 0 +2.354213062e+00 +2.009421306e+01 +2.009421306e+01 +1.2628e+00 +2.3577e+00 +1.5477e+00 +2.2341e+00 +1.0077e+00
49417 0 +2.333337850e+00 +2.007333785e+01 +2.007333785e+01 +1.2628e+00 +2.3555e+00 +1.5458e+00 +2.2601e+00 +1.0053e+00
49423 0 +2.189222347e+00 +1.992922235e+01 +1.992922235e+01 +1.2626e+00 +2.3745e+00 +1.5171e+00 +2.2476e+00 +1.0077e+00
49429 0 +2.089829071e+00 +1.982982907e+01 +1.982982907e+01 +1.2628e+00 +2.3572e+00 +1.5357e+00 +2.2445e+00 +1.0077e+00
49435 0 +2.062668722e+00 +1.980266872e+01 +1.980266872e+01 +1.2627e+00 +2.3616e+00 +1.5350e+00 +2.2488e+00 +1.0077e+00
49447 0 +2.039965081e+00 +1.977996508e+01 +1.977996508e+01 +1.2627e+00 +2.3647e+00 +1.5314e+00 +2.2469e+00 +1.0092e+00
49479 0 +1.990032660e+00 +1.973003266e+01 +1.973003266e+01 +1.2627e+00 +2.3635e+00 +1.5339e+00 +2.2480e+00 +1.0134e+00
152574 0 +1.866445014e+00 +1.960644501e+01 +1.960644501e+01 +1.2630e+00 +2.3372e+00 +2.1029e+00 +2.2591e+00 +1.0091e+00
152633 0 +1.767180586e+00 +1.950718059e+01 +1.950718059e+01 +1.2663e+00 +2.3405e+00 +2.1061e+00 +2.2526e+00 +1.0026e+00
152648 0 +1.407296331e+00 +1.914729633e+01 +1.914729633e+01 +1.2656e+00 +2.3440e+00 +2.1128e+00 +2.2510e+00 +1.0143e+00
152656 0 +1.074069752e+00 +1.881406975e+01 +1.881406975e+01 +1.2645e+00 +2.3504e+00 +2.1247e+00 +2.2482e+00 +1.0126e+00
152664 0 +1.006756472e+00 +1.874675647e+01 +1.874675647e+01 +1.2634e+00 +2.3586e+00 +2.1283e+00 +2.2477e+00 +1.0127e+00
152685 0 +9.995407674e-01 +1.873954077e+01 +1.873954077e+01 +1.2623e+00 +2.3657e+00 +2.1297e+00 +2.2482e+00 +1.0128e+00
