% f evaluations | g evaluations | best noise-free fitness - Fopt (-4.620900000000e+02) + sum g_i+ | measured fitness | best measured fitness or single-digit g-values | x1 | x2...
1 0 +2.511123412e+01 -4.369787659e+02 -4.369787659e+02 +1.6667e+00 +1.6667e+00
11 0 +1.977459449e+01 -4.423154055e+02 -4.423154055e+02 -8.3333e-01 +1.6667e+00
24 0 +1.505458034e+01 -4.470354197e+02 -4.470354197e+02 -7.9932e-01 +1.5987e+00
27 0 +1.330122442e+01 -4.487887756e+02 -4.487887756e+02 -6.7596e-01 +1.6197e+00
30 0 +1.293458192e+01 -4.491554181e+02 -4.491554181e+02 -7.1121e-01 +1.6130e+00
56 0 +1.144296735e+01 -4.506470326e+02 -4.506470326e+02 +4.1667e-01 +1.6667e+00
80 0 +4.195415746e+00 -4.578945843e+02 -4.578945843e+02 +4.1667e-01 +2.2917e+00
98 0 +4.067476426e+00 -4.580225236e+02 -4.580225236e+02 +4.1472e-01 +2.3004e+00
104 0 +3.979857185e+00 -4.581101428e+02 -4.581101428e+02 +3.8474e-01 +2.3001e+00
165 0 +1.506781796e+00 -4.605832182e+02 -4.605832182e+02 +2.2917e+00 +2.6042e+00
175 0 +6.239692223e-01 -4.614660308e+02 -4.614660308e+02 +2.2917e+00 +2.2917e+00
333 0 +1.344493964e-01 -4.619555506e+02 -4.619555506e+02 +2.3307e+00 +2.2917e+00
454 0 +9.146011446e-03 -4.620808540e+02 -4.620808540e+02 +2.3372e+00 +2.2982e+00
551 0 +3.543369932e-03 -4.620864566e+02 -4.620864566e+02 +2.3405e+00 +2.3014e+00
1022 0 +9.980684130e-04 -4.620890019e+02 -4.620890019e+02 +2.3397e+00 +2.3006e+00
2035 0 +1.113825368e-04 -4.620898886e+02 -4.620898886e+02 +2.3405e+00 +2.3002e+00
5818 0 +6.116748847e-05 -4.620899388e+02 -4.620899388e+02 +2.3403e+00 +2.3000e+00
13548 0 +7.386154493e-06 -4.620899926e+02 -4.620899926e+02 +2.3406e+00 +2.3000e+00
50276 0 +7.532044037e-07 -4.620899992e+02 -4.620899992e+02 +2.3407e+00 +2.3000e+00
% f evaluations | g evaluations | best noise-free fitness - Fopt (7.766000000000e+01) + sum g_i+ | measured fitness | best measured fitness or single-digit g-values | x1 | x2...
1 0 +1.033236682e+02 +1.809836682e+02 +1.809836682e+02 +1.6667e+00 +1.6667e+00
2 0 +4.067204763e+01 +1.183320476e+02 +1.183320476e+02 -1.6667e+00 -1.6667e+00
12 0 +3.926998468e+01 +1.169299847e+02 +1.169299847e+02 +8.3333e-01 -1.6667e+00
13 0 +1.715924191e+01 +9.481924191e+01 +9.481924191e+01 -8.3333e-01 -8.3333e-01
17 0 +1.637724849e+01 +9.403724849e+01 +9.403724849e+01 +1.6667e+00 -8.3333e-01
24 0 +9.125642330e+00 +8.678564233e+01 +8.678564233e+01 +1.5385e+00 -1.1877e+00
28 0 +6.098512377e+00 +8.375851238e+01 +8.375851238e+01 +1.4679e+00 -1.1336e+00
33 0 +3.119183620e+00 +8.077918362e+01 +8.077918362e+01 +1.3827e+00 -1.1462e+00
36 0 +2.058189582e+00 +7.971818958e+01 +7.971818958e+01 +1.4033e+00 -1.1709e+00
39 0 +1.990302922e+00 +7.965030292e+01 +7.965030292e+01 +1.4023e+00 -1.1655e+00
164 0 +1.312017272e+00 +7.897201727e+01 +7.897201727e+01 +2.3307e+00 -8.7240e-01
185 0 +8.350406010e-01 +7.849504060e+01 +7.849504060e+01 +2.3372e+00 -8.6589e-01
192 0 +6.290157727e-01 +7.828901577e+01 +7.828901577e+01 +2.3415e+00 -8.5259e-01
195 0 +1.006489399e-01 +7.776064894e+01 +7.776064894e+01 +2.3757e+00 -8.5663e-01
200 0 +6.644200999e-03 +7.766664420e+01 +7.766664420e+01 +2.3935e+00 -8.5676e-01
203 0 +5.173753230e-04 +7.766051738e+01 +7.766051738e+01 +2.3976e+00 -8.5641e-01
207 0 +4.180534982e-05 +7.766004181e+01 +7.766004181e+01 +2.3983e+00 -8.5613e-01
210 0 +7.430792706e-06 +7.766000743e+01 +7.766000743e+01 +2.3984e+00 -8.5606e-01
214 0 +1.594913712e-06 +7.766000159e+01 +7.766000159e+01 +2.3983e+00 -8.5600e-01
217 0 +1.166397809e-06 +7.766000117e+01 +7.766000117e+01 +2.3983e+00 -8.5600e-01
220 0 +3.901481449e-07 +7.766000039e+01 +7.766000039e+01 +2.3984e+00 -8.5600e-01
225 0 +2.455351478e-10 +7.766000000e+01 +7.766000000e+01 +2.3984e+00 -8.5600e-01
% f evaluations | g evaluations | best noise-free fitness - Fopt (1.156800000000e+02) + sum g_i+ | measured fitness | best measured fitness or single-digit g-values | x1 | x2...
1 0 +1.105838669e+02 +2.262638669e+02 +2.262638669e+02 +1.6667e+00 +1.6667e+00
2 0 +2.281058113e+01 +1.384905811e+02 +1.384905811e+02 -1.6667e+00 -1.6667e+00
26 0 +5.550786363e+00 +1.212307864e+02 +1.212307864e+02 +2.0833e+00 -1.6667e+00
37 0 +4.521786091e+00 +1.202017861e+02 +1.202017861e+02 +2.1360e+00 -1.6801e+00
42 0 +4.091458952e+00 +1.197714590e+02 +1.197714590e+02 +2.1687e+00 -1.6622e+00
45 0 +3.981178583e+00 +1.196611786e+02 +1.196611786e+02 +2.1771e+00 -1.6696e+00
48 0 +3.979832388e+00 +1.196598324e+02 +1.196598324e+02 +2.1784e+00 -1.6705e+00
331 0 +4.913523778e-01 +1.161713524e+02 +1.161713524e+02 +2.1354e+00 -9.8958e-01
347 0 +3.798618524e-01 +1.160598619e+02 +1.160598619e+02 +2.1560e+00 -9.7130e-01
352 0 +1.219604806e-01 +1.158019605e+02 +1.158019605e+02 +2.1694e+00 -9.7582e-01
355 0 +8.956361597e-02 +1.157695636e+02 +1.157695636e+02 +2.1780e+00 -9.9036e-01
358 0 +1.273311603e-02 +1.156927331e+02 +1.156927331e+02 +2.1785e+00 -9.8578e-01
366 0 +4.235464769e-03 +1.156842355e+02 +1.156842355e+02 +2.1760e+00 -9.8196e-01
369 0 +1.719738125e-03 +1.156817197e+02 +1.156817197e+02 +2.1762e+00 -9.8253e-01
374 0 +6.964901273e-04 +1.156806965e+02 +1.156806965e+02 +2.1765e+00 -9.8334e-01
377 0 +5.612818173e-04 +1.156805613e+02 +1.156805613e+02 +2.1767e+00 -9.8324e-01
380 0 +1.857338645e-04 +1.156801857e+02 +1.156801857e+02 +2.1777e+00 -9.8298e-01
383 0 +1.218390340e-04 +1.156801218e+02 +1.156801218e+02 +2.1780e+00 -9.8298e-01
389 0 +9.908564505e-05 +1.156800991e+02 +1.156800991e+02 +2.1783e+00 -9.8297e-01
392 0 +5.034499226e-05 +1.156800503e+02 +1.156800503e+02 +2.1784e+00 -9.8304e-01
399 0 +4.200011489e-06 +1.156800042e+02 +1.156800042e+02 +2.1784e+00 -9.8324e-01
402 0 +2.255521139e-07 +1.156800002e+02 +1.156800002e+02 +2.1784e+00 -9.8321e-01
405 0 +1.242446501e-08 +1.156800000e+02 +1.156800000e+02 +2.1784e+00 -9.8320e-01
408 0 +8.705995924e-10 +1.156800000e+02 +1.156800000e+02 +2.1784e+00 -9.8320e-01
% f evaluations | g evaluations | best noise-free fitness - Fopt (-3.710000000000e+00) + sum g_i+ | measured fitness | best measured fitness or single-digit g-values | x1 | x2...
1 0 +1.970700726e+02 +1.933600726e+02 +1.933600726e+02 +1.6667e+00 +1.6667e+00
2 0 +4.204575750e+01 +3.833575750e+01 +3.833575750e+01 -1.6667e+00 -1.6667e+00
4 0 +1.656077123e+01 +1.285077123e+01 +1.285077123e+01 +3.3333e+00 -1.6667e+00
10 0 +4.227740574e+00 +5.177405738e-01 +5.177405738e-01 +2.1416e+00 -1.9482e+00
15 0 +2.263345001e+00 -1.446654999e+00 -1.446654999e+00 +2.1252e+00 -2.0006e+00
18 0 +2.225592024e+00 -1.484407976e+00 -1.484407976e+00 +2.1160e+00 -1.9787e+00
21 0 +2.001644461e+00 -1.708355539e+00 -1.708355539e+00 +2.1267e+00 -1.9876e+00
27 0 +1.989919929e+00 -1.720080071e+00 -1.720080071e+00 +2.1236e+00 -1.9896e+00
82 0 +1.669147224e+00 -2.040852776e+00 -2.040852776e+00 +2.0833e+00 -2.2917e+00
96 0 +1.407296022e+00 -2.302703978e+00 -2.302703978e+00 +2.1034e+00 -2.3067e+00
101 0 +1.061759899e+00 -2.648240101e+00 -2.648240101e+00 +2.1312e+00 -2.2995e+00
104 0 +9.950281738e-01 -2.714971826e+00 -2.714971826e+00 +2.1238e+00 -2.2954e+00
460 0 +1.102700113e-01 -3.599729989e+00 -3.599729989e+00 +3.0990e+00 -2.2917e+00
483 0 +1.073468957e-01 -3.602653104e+00 -3.602653104e+00 +3.1013e+00 -2.2992e+00
486 0 +4.058723472e-04 -3.709594128e+00 -3.709594128e+00 +3.1193e+00 -2.2956e+00
489 0 +9.676589732e-06 -3.709990323e+00 -3.709990323e+00 +3.1198e+00 -2.2952e+00
492 0 +1.610813246e-06 -3.709998389e+00 -3.709998389e+00 +3.1199e+00 -2.2952e+00
496 0 +3.685931378e-07 -3.709999631e+00 -3.709999631e+00 +3.1200e+00 -2.2952e+00
501 0 +1.046309204e-07 -3.709999895e+00 -3.709999895e+00 +3.1200e+00 -2.2952e+00
506 0 +1.101701663e-08 -3.709999989e+00 -3.709999989e+00 +3.1200e+00 -2.2952e+00
510 0 +1.054113197e-08 -3.709999989e+00 -3.709999989e+00 +3.1200e+00 -2.2952e+00
511 0 +1.043960118e-08 -3.709999990e+00 -3.709999990e+00 +3.1200e+00 -2.2952e+00
513 0 +5.707818662e-09 -3.709999994e+00 -3.709999994e+00 +3.1200e+00 -2.2952e+00
% f evaluations | g evaluations | best noise-free fitness - Fopt (1.321800000000e+02) + sum g_i+ | measured fitness | best measured fitness or single-digit g-values | x1 | x2...
1 0 +2.481422605e+01 +1.569942261e+02 +1.569942261e+02 +1.6667e+00 +1.6667e+00
14 0 +1.793813325e+01 +1.501181333e+02 +1.501181333e+02 +8.3333e-01 +8.3333e-01
20 0 +1.654817026e+01 +1.487281703e+02 +1.487281703e+02 +2.0833e+00 +8.3333e-01
26 0 +1.391248829e+01 +1.460924883e+02 +1.460924883e+02 +2.0553e+00 +7.7872e-01
29 0 +9.365630696e+00 +1.415456307e+02 +1.415456307e+02 +1.9289e+00 +7.9303e-01
32 0 +8.074353496e+00 +1.402543535e+02 +1.402543535e+02 +1.7749e+00 +7.9341e-01
94 0 +7.495019401e+00 +1.396750194e+02 +1.396750194e+02 +2.7083e+00 +2.0833e+00
102 0 +3.507329593e+00 +1.356873296e+02 +1.356873296e+02 +2.7083e+00 +1.4583e+00
114 0 +3.406945720e+00 +1.355869457e+02 +1.355869457e+02 +2.7373e+00 +1.5182e+00
117 0 +2.238851015e+00 +1.344188510e+02 +1.344188510e+02 +2.8248e+00 +1.4802e+00
120 0 +1.007429098e+00 +1.331874291e+02 +1.331874291e+02 +2.7649e+00 +1.4801e+00
123 0 +9.963861620e-01 +1.331763862e+02 +1.331763862e+02 +2.7678e+00 +1.4833e+00
632 0 +3.728486869e-01 +1.325528487e+02 +1.325528487e+02 +3.7370e+00 +1.4714e+00
661 0 +1.315053113e-01 +1.323115053e+02 +1.323115053e+02 +3.7435e+00 +1.4779e+00
684 0 +6.406254382e-02 +1.322440625e+02 +1.322440625e+02 +3.7467e+00 +1.4811e+00
715 0 +5.086270007e-02 +1.322308627e+02 +1.322308627e+02 +3.7484e+00 +1.4827e+00
734 0 +4.869067942e-02 +1.322286907e+02 +1.322286907e+02 +3.7492e+00 +1.4811e+00
771 0 +4.315701050e-02 +1.322231570e+02 +1.322231570e+02 +3.7496e+00 +1.4827e+00
818 0 +4.161927610e-02 +1.322216193e+02 +1.322216193e+02 +3.7498e+00 +1.4823e+00
3924 0 +1.283727859e-02 +1.321928373e+02 +1.321928373e+02 +3.7565e+00 +1.4811e+00
3926 0 +4.494607056e-03 +1.321844946e+02 +1.321844946e+02 +3.7614e+00 +1.4811e+00
3977 0 +4.334187279e-04 +1.321804334e+02 +1.321804334e+02 +3.7630e+00 +1.4827e+00
4456 0 +3.888533920e-04 +1.321803889e+02 +1.321803889e+02 +3.7626e+00 +1.4823e+00
4586 0 +1.307622915e-05 +1.321800131e+02 +1.321800131e+02 +3.7638e+00 +1.4823e+00
10057 0 +4.637962945e-06 +1.321800046e+02 +1.321800046e+02 +3.7639e+00 +1.4824e+00
92040 0 +2.144000462e-06 +1.321800021e+02 +1.321800021e+02 +3.7639e+00 +1.4824e+00
92190 0 +6.460649900e-07 +1.321800006e+02 +1.321800006e+02 +3.7640e+00 +1.4824e+00
% f evaluations | g evaluations | best noise-free fitness - Fopt (1.104800000000e+02) + sum g_i+ | measured fitness | best measured fitness or single-digit g-values | x1 | x2...
1 0 +1.028467375e+02 +2.133267375e+02 +2.133267375e+02 +1.6667e+00 +1.6667e+00
2 0 +3.375432227e+01 +1.442343223e+02 +1.442343223e+02 -1.6667e+00 -1.6667e+00
13 0 +1.808649152e+01 +1.285664915e+02 +1.285664915e+02 -8.3333e-01 -8.3333e-01
17 0 +1.580593460e+01 +1.262859346e+02 +1.262859346e+02 +1.6667e+00 -8.3333e-01
25 0 +5.166030446e+00 +1.156460304e+02 +1.156460304e+02 +4.1667e-01 -8.3333e-01
36 0 +1.912090047e+00 +1.123920900e+02 +1.123920900e+02 +4.5470e-01 -8.7116e-01
40 0 +1.513381466e+00 +1.119933815e+02 +1.119933815e+02 +5.2603e-01 -8.5100e-01
43 0 +9.986726400e-01 +1.114786726e+02 +1.114786726e+02 +4.9795e-01 -8.5939e-01
669 0 +3.525300874e-01 +1.108325301e+02 +1.108325301e+02 +1.4714e+00 -8.7240e-01
692 0 +1.095896452e-01 +1.105895896e+02 +1.105895896e+02 +1.4779e+00 -8.6589e-01
713 0 +3.719558762e-02 +1.105171956e+02 +1.105171956e+02 +1.4811e+00 -8.6263e-01
740 0 +2.179197020e-02 +1.105017920e+02 +1.105017920e+02 +1.4827e+00 -8.6100e-01
773 0 +1.857443146e-02 +1.104985744e+02 +1.104985744e+02 +1.4836e+00 -8.6019e-01
794 0 +1.617819592e-02 +1.104961782e+02 +1.104961782e+02 +1.4840e+00 -8.6100e-01
1415 0 +1.530338684e-02 +1.104953034e+02 +1.104953034e+02 +1.4842e+00 -8.6080e-01
2128 0 +1.498864701e-02 +1.104949886e+02 +1.104949886e+02 +1.4843e+00 -8.6100e-01
4533 0 +7.719416694e-03 +1.104877194e+02 +1.104877194e+02 +1.4909e+00 -8.6263e-01
4630 0 +2.933043804e-04 +1.104802933e+02 +1.104802933e+02 +1.4925e+00 -8.6100e-01
5408 0 +1.262502602e-04 +1.104801263e+02 +1.104801263e+02 +1.4931e+00 -8.6100e-01
5799 0 +1.314972702e-05 +1.104800131e+02 +1.104800131e+02 +1.4933e+00 -8.6080e-01
17849 0 +2.971752224e-06 +1.104800030e+02 +1.104800030e+02 +1.4935e+00 -8.6080e-01
53159 0 +4.443960790e-07 +1.104800004e+02 +1.104800004e+02 +1.4936e+00 -8.6080e-01
% f evaluations | g evaluations | best noise-free fitness - Fopt (-1.509000000000e+01) + sum g_i+ | measured fitness | best measured fitness or single-digit g-values | x1 | x2...
1 0 +3.282678112e+02 +3.131778112e+02 +3.131778112e+02 +1.6667e+00 +1.6667e+00
2 0 +2.153566080e+01 +6.445660799e+00 +6.445660799e+00 -1.6667e+00 -1.6667e+00
31 0 +1.681341798e+01 +1.723417984e+00 +1.723417984e+00 -8.3333e-01 -2.0833e+00
33 0 +6.065045749e+00 -9.024954251e+00 -9.024954251e+00 -1.4583e+00 -2.0833e+00
44 0 +5.290005004e+00 -9.799994996e+00 -9.799994996e+00 -1.5086e+00 -2.0851e+00
50 0 +5.197884493e+00 -9.892115507e+00 -9.892115507e+00 -1.5213e+00 -2.0796e+00
53 0 +5.067811778e+00 -1.002218822e+01 -1.002218822e+01 -1.5928e+00 -2.0858e+00
56 0 +4.974812477e+00 -1.011518752e+01 -1.011518752e+01 -1.5642e+00 -2.0835e+00
136 0 +4.071604228e+00 -1.101839577e+01 -1.101839577e+01 -1.5365e+00 -1.7708e+00
159 0 +3.979842830e+00 -1.111015717e+01 -1.111015717e+01 -1.5643e+00 -1.7736e+00
413 0 +3.564169067e+00 -1.152583093e+01 -1.152583093e+01 -5.2083e-01 -1.7708e+00
430 0 +2.225157996e+00 -1.286484200e+01 -1.286484200e+01 -6.5928e-01 -1.7789e+00
433 0 +1.467561313e+00 -1.362243869e+01 -1.362243869e+01 -6.0167e-01 -1.7579e+00
438 0 +1.096433718e+00 -1.399356628e+01 -1.399356628e+01 -5.8945e-01 -1.7725e+00
441 0 +9.965120140e-01 -1.409348799e+01 -1.409348799e+01 -6.0659e-01 -1.7742e+00
948 0 +5.676740218e-01 -1.452232598e+01 -1.452232598e+01 +3.3854e-01 -1.7708e+00
961 0 +1.442550075e-01 -1.494574499e+01 -1.494574499e+01 +3.7060e-01 -1.7789e+00
967 0 +1.289540109e-02 -1.507710460e+01 -1.507710460e+01 +3.8510e-01 -1.7753e+00
970 0 +4.641776525e-03 -1.508535822e+01 -1.508535822e+01 +3.8768e-01 -1.7727e+00
974 0 +9.559219226e-04 -1.508904408e+01 -1.508904408e+01 +3.9085e-01 -1.7729e+00
977 0 +1.637825741e-04 -1.508983622e+01 -1.508983622e+01 +3.9049e-01 -1.7734e+00
981 0 +1.246667533e-04 -1.508987533e+01 -1.508987533e+01 +3.9048e-01 -1.7737e+00
984 0 +1.248820572e-05 -1.508998751e+01 -1.508998751e+01 +3.9094e-01 -1.7736e+00
988 0 +6.176779834e-07 -1.508999938e+01 -1.508999938e+01 +3.9116e-01 -1.7736e+00
992 0 +6.288251875e-08 -1.508999994e+01 -1.508999994e+01 +3.9119e-01 -1.7736e+00
995 0 +8.238476568e-10 -1.509000000e+01 -1.509000000e+01 +3.9120e-01 -1.7736e+00
% f evaluations | g evaluations | best noise-free fitness - Fopt (-1.583000000000e+02) + sum g_i+ | measured fitness | best measured fitness or single-digit g-values | x1 | x2...
1 0 +4.902050023e+01 -1.092794998e+02 -1.092794998e+02 +1.6667e+00 +1.6667e+00
8 0 +4.884010914e+01 -1.094598909e+02 -1.094598909e+02 -1.6667e+00 +3.3333e+00
10 0 +2.260404642e+01 -1.356959536e+02 -1.356959536e+02 +8.3333e-01 +3.3333e+00
13 0 +2.065299509e+01 -1.376470049e+02 -1.376470049e+02 +1.6667e+00 +4.1667e+00
24 0 +9.510326721e+00 -1.487896733e+02 -1.487896733e+02 +1.8331e+00 +3.9204e+00
33 0 +7.348250018e+00 -1.509517500e+02 -1.509517500e+02 +1.8834e+00 +3.7805e+00
36 0 +2.863133445e+00 -1.554368666e+02 -1.554368666e+02 +1.9276e+00 +3.8685e+00
39 0 +1.390611292e+00 -1.569093887e+02 -1.569093887e+02 +1.9264e+00 +3.8454e+00
43 0 +1.048749262e+00 -1.572512507e+02 -1.572512507e+02 +1.9269e+00 +3.8257e+00
46 0 +9.997680904e-01 -1.573002319e+02 -1.573002319e+02 +1.9299e+00 +3.8317e+00
1289 0 +7.407368659e-01 -1.575592631e+02 -1.575592631e+02 +1.8685e+00 +3.5286e+00
1376 0 +6.758682605e-01 -1.576241317e+02 -1.576241317e+02 +1.8717e+00 +3.5221e+00
1563 0 +4.753509457e-01 -1.578246491e+02 -1.578246491e+02 +1.8880e+00 +3.5286e+00
1599 0 +3.866708982e-02 -1.582613329e+02 -1.582613329e+02 +1.9271e+00 +3.5286e+00
1648 0 +1.456191926e-02 -1.582854381e+02 -1.582854381e+02 +1.9303e+00 +3.5221e+00
1693 0 +2.111379718e-03 -1.582978886e+02 -1.582978886e+02 +1.9320e+00 +3.5238e+00
1736 0 +8.475975429e-05 -1.582999152e+02 -1.582999152e+02 +1.9328e+00 +3.5246e+00
8864 0 +3.584672712e-05 -1.582999642e+02 -1.582999642e+02 +1.9325e+00 +3.5249e+00
9210 0 +1.483629390e-05 -1.582999852e+02 -1.582999852e+02 +1.9328e+00 +3.5249e+00
29243 0 +2.906011730e-06 -1.582999971e+02 -1.582999971e+02 +1.9327e+00 +3.5248e+00
71947 0 +2.362129209e-06 -1.582999976e+02 -1.582999976e+02 +1.9328e+00 +3.5248e+00
% f evaluations | g evaluations | best noise-free fitness - Fopt (-4.071000000000e+01) + sum g_i+ | measured fitness | best measured fitness or single-digit g-values | x1 | x2...
1 0 +1.047407044e+02 +6.403070435e+01 +6.403070435e+01 +1.6667e+00 +1.6667e+00
3 0 +8.097396105e+01 +4.026396105e+01 +4.026396105e+01 -3.3333e+00 +1.6667e+00
6 0 +3.972544576e+01 -9.845542425e-01 -9.845542425e-01 -1.6667e+00 +3.3333e+00
14 0 +2.462883111e+01 -1.608116889e+01 -1.608116889e+01 -1.7706e+00 +2.9701e+00
21 0 +1.905404722e+01 -2.165595278e+01 -2.165595278e+01 -2.0069e+00 +2.2523e+00
24 0 +1.320723317e+01 -2.750276683e+01 -2.750276683e+01 -1.9683e+00 +2.5484e+00
28 0 +1.314352057e+01 -2.756647943e+01 -2.756647943e+01 -1.9862e+00 +2.5316e+00
62 0 +5.462760784e+00 -3.524723922e+01 -3.524723922e+01 -8.3333e-01 +2.9167e+00
80 0 +4.992589294e+00 -3.571741071e+01 -3.571741071e+01 -8.8906e-01 +2.9202e+00
131 0 +1.047157339e+00 -3.966284266e+01 -3.966284266e+01 +1.0417e+00 +2.9167e+00
147 0 +1.022962904e+00 -3.968703710e+01 -3.968703710e+01 +1.0435e+00 +2.9217e+00
151 0 +9.996064851e-01 -3.971039351e+01 -3.971039351e+01 +1.0500e+00 +2.9205e+00
220 0 +2.809369007e-02 -4.068190631e+01 -4.068190631e+01 +1.0417e+00 +3.2292e+00
238 0 +1.786717084e-02 -4.069213283e+01 -4.069213283e+01 +1.0489e+00 +3.2320e+00
242 0 +5.592182215e-03 -4.070440782e+01 -4.070440782e+01 +1.0540e+00 +3.2286e+00
245 0 +4.923563834e-03 -4.070507644e+01 -4.070507644e+01 +1.0490e+00 +3.2296e+00
248 0 +3.780840921e-03 -4.070621916e+01 -4.070621916e+01 +1.0498e+00 +3.2301e+00
252 0 +3.018124929e-03 -4.070698188e+01 -4.070698188e+01 +1.0531e+00 +3.2308e+00
255 0 +8.032910460e-04 -4.070919671e+01 -4.070919671e+01 +1.0528e+00 +3.2302e+00
259 0 +3.883584866e-04 -4.070961164e+01 -4.070961164e+01 +1.0526e+00 +3.2293e+00
262 0 +5.493797511e-05 -4.070994506e+01 -4.070994506e+01 +1.0532e+00 +3.2297e+00
265 0 +7.170797488e-06 -4.070999283e+01 -4.070999283e+01 +1.0535e+00 +3.2297e+00
268 0 +3.468906613e-06 -4.070999653e+01 -4.070999653e+01 +1.0536e+00 +3.2296e+00
276 0 +1.945507080e-07 -4.070999981e+01 -4.070999981e+01 +1.0536e+00 +3.2296e+00
280 0 +2.692566881e-08 -4.070999997e+01 -4.070999997e+01 +1.0536e+00 +3.2296e+00
281 0 +2.685702327e-08 -4.070999997e+01 -4.070999997e+01 +1.0536e+00 +3.2296e+00
283 0 +2.015147516e-08 -4.070999998e+01 -4.070999998e+01 +1.0536e+00 +3.2296e+00
285 0 +1.991071485e-08 -4.070999998e+01 -4.070999998e+01 +1.0536e+00 +3.2296e+00
286 0 +1.556646367e-08 -4.070999998e+01 -4.070999998e+01 +1.0536e+00 +3.2296e+00
288 0 +1.523971349e-08 -4.070999998e+01 -4.070999998e+01 +1.0536e+00 +3.2296e+00
289 0 +9.714050009e-09 -4.070999999e+01 -4.070999999e+01 +1.0536e+00 +3.2296e+00
% f evaluations | g evaluations | best noise-free fitness - Fopt (8.139000000000e+01) + sum g_i+ | measured fitness | best measured fitness or single-digit g-values | x1 | x2...
1 0 +1.062610093e+02 +1.876510093e+02 +1.876510093e+02 +1.6667e+00 +1.6667e+00
3 0 +6.375068582e+01 +1.451406858e+02 +1.451406858e+02 -3.3333e+00 +1.6667e+00
6 0 +3.690971988e+01 +1.182997199e+02 +1.182997199e+02 -1.6667e+00 +3.3333e+00
16 0 +3.149051947e+01 +1.128805195e+02 +1.128805195e+02 -4.1755e+00 +3.4820e+00
19 0 +2.684503805e+01 +1.082350380e+02 +1.082350380e+02 -4.2052e+00 +3.4592e+00
25 0 +2.494505475e+01 +1.063350547e+02 +1.063350547e+02 -4.2319e+00 +3.4190e+00
53 0 +1.157621661e+01 +9.296621661e+01 +9.296621661e+01 +8.3333e-01 +3.3333e+00
65 0 +6.421299547e+00 +8.781129955e+01 +8.781129955e+01 +8.4469e-01 +3.4820e+00
68 0 +2.027447812e+00 +8.341744781e+01 +8.341744781e+01 +8.7260e-01 +3.4587e+00
73 0 +1.964273470e+00 +8.335427347e+01 +8.335427347e+01 +8.7958e-01 +3.4209e+00
78 0 +7.605036461e-01 +8.215050365e+01 +8.215050365e+01 +8.7047e-01 +3.4053e+00
81 0 +2.383185974e-01 +8.162831860e+01 +8.162831860e+01 +8.6768e-01 +3.4358e+00
84 0 +2.105485836e-03 +8.139210549e+01 +8.139210549e+01 +8.6814e-01 +3.4238e+00
87 0 +4.336390318e-04 +8.139043364e+01 +8.139043364e+01 +8.6812e-01 +3.4248e+00
90 0 +4.214900746e-04 +8.139042149e+01 +8.139042149e+01 +8.6814e-01 +3.4248e+00
93 0 +3.443568698e-04 +8.139034436e+01 +8.139034436e+01 +8.6829e-01 +3.4248e+00
96 0 +1.034966335e-04 +8.139010350e+01 +8.139010350e+01 +8.6934e-01 +3.4250e+00
99 0 +8.610502233e-05 +8.139008611e+01 +8.139008611e+01 +8.6948e-01 +3.4250e+00
107 0 +2.885125475e-05 +8.139002885e+01 +8.139002885e+01 +8.6961e-01 +3.4249e+00
112 0 +1.454578228e-05 +8.139001455e+01 +8.139001455e+01 +8.6948e-01 +3.4247e+00
115 0 +2.232162331e-06 +8.139000223e+01 +8.139000223e+01 +8.6949e-01 +3.4248e+00
118 0 +1.764062887e-06 +8.139000176e+01 +8.139000176e+01 +8.6950e-01 +3.4248e+00
121 0 +5.854086993e-07 +8.139000059e+01 +8.139000059e+01 +8.6955e-01 +3.4248e+00
125 0 +4.944122622e-08 +8.139000005e+01 +8.139000005e+01 +8.6959e-01 +3.4248e+00
128 0 +8.275492291e-09 +8.139000001e+01 +8.139000001e+01 +8.6960e-01 +3.4248e+00
% f evaluations | g evaluations | best noise-free fitness - Fopt (4.144000000000e+01) + sum g_i+ | measured fitness | best measured fitness or single-digit g-values | x1 | x2...
1 0 +2.319391672e+02 +2.733791672e+02 +2.733791672e+02 +1.6667e+00 +1.6667e+00
2 0 +2.612516572e+01 +6.756516572e+01 +6.756516572e+01 -1.6667e+00 -1.6667e+00
9 0 +1.396660025e+01 +5.540660025e+01 +5.540660025e+01 -8.3333e-01 -3.3333e+00
20 0 +1.246090836e+01 +5.390090836e+01 +5.390090836e+01 -8.1266e-01 -3.2442e+00
23 0 +8.627695761e+00 +5.006769576e+01 +5.006769576e+01 -7.3990e-01 -3.2787e+00
26 0 +8.024365937e+00 +4.946436594e+01 +4.946436594e+01 -6.7784e-01 -3.2940e+00
93 0 +4.902366380e+00 +4.634236638e+01 +4.634236638e+01 +2.0833e-01 -2.9167e+00
106 0 +4.639305116e+00 +4.607930512e+01 +4.607930512e+01 +2.8773e-01 -2.8774e+00
111 0 +2.974644607e+00 +4.441464461e+01 +4.441464461e+01 +3.3862e-01 -2.9020e+00
114 0 +2.032261988e+00 +4.347226199e+01 +4.347226199e+01 +2.8929e-01 -2.9144e+00
117 0 +1.990399097e+00 +4.343039910e+01 +4.343039910e+01 +2.9282e-01 -2.9103e+00
229 0 +1.037765791e+00 +4.247776579e+01 +4.247776579e+01 +2.8646e-01 -2.6042e+00
246 0 +1.018346064e+00 +4.245834606e+01 +4.245834606e+01 +2.8813e-01 -2.5981e+00
252 0 +9.970283096e-01 +4.243702831e+01 +4.243702831e+01 +2.9537e-01 -2.6006e+00
595 0 +7.540983561e-01 +4.219409836e+01 +4.219409836e+01 +1.2240e+00 -2.6042e+00
759 0 +4.887961161e-01 +4.192879612e+01 +4.192879612e+01 +1.2435e+00 -2.6042e+00
779 0 +4.659732843e-01 +4.190597328e+01 +4.190597328e+01 +1.2529e+00 -2.5920e+00
783 0 +1.607413876e-01 +4.160074139e+01 +4.160074139e+01 +1.2867e+00 -2.5921e+00
786 0 +7.359076416e-03 +4.144735908e+01 +4.144735908e+01 +1.2902e+00 -2.6008e+00
795 0 +4.014050450e-03 +4.144401405e+01 +4.144401405e+01 +1.2855e+00 -2.6008e+00
798 0 +3.202215218e-03 +4.144320222e+01 +4.144320222e+01 +1.2859e+00 -2.6008e+00
801 0 +6.179063502e-04 +4.144061791e+01 +4.144061791e+01 +1.2878e+00 -2.6009e+00
804 0 +5.240211910e-04 +4.144052402e+01 +4.144052402e+01 +1.2887e+00 -2.6004e+00
807 0 +3.280769552e-05 +4.144003281e+01 +4.144003281e+01 +1.2894e+00 -2.6007e+00
810 0 +2.250280040e-05 +4.144002250e+01 +4.144002250e+01 +1.2896e+00 -2.6007e+00
819 0 +6.032608205e-06 +4.144000603e+01 +4.144000603e+01 +1.2896e+00 -2.6007e+00
822 0 +5.652328099e-07 +4.144000057e+01 +4.144000057e+01 +1.2896e+00 -2.6008e+00
827 0 +2.019366718e-08 +4.144000002e+01 +4.144000002e+01 +1.2896e+00 -2.6008e+00
830 0 +9.583629890e-09 +4.144000001e+01 +4.144000001e+01 +1.2896e+00 -2.6008e+00
% f evaluations | g evaluations | best noise-free fitness - Fopt (-2.709000000000e+01) + sum g_i+ | measured fitness | best measured fitness or single-digit g-values | x1 | x2...
1 0 +2.328276355e+02 +2.057376355e+02 +2.057376355e+02 +1.6667e+00 +1.6667e+00
2 0 +2.577742802e+01 -1.312571982e+00 -1.312571982e+00 -1.6667e+00 -1.6667e+00
9 0 +8.563687548e+00 -1.852631245e+01 -1.852631245e+01 -8.3333e-01 -3.3333e+00
20 0 +8.416034490e+00 -1.867396551e+01 -1.867396551e+01 -8.2602e-01 -3.3082e+00
23 0 +8.022750414e+00 -1.906724959e+01 -1.906724959e+01 -7.9978e-01 -3.3189e+00
110 0 +3.881836275e+00 -2.320816373e+01 -2.320816373e+01 +2.0833e-01 -2.9167e+00
127 0 +2.487046720e+00 -2.460295328e+01 -2.460295328e+01 +2.0253e-01 -2.9545e+00
130 0 +2.151753398e+00 -2.493824660e+01 -2.493824660e+01 +1.6460e-01 -2.9413e+00
133 0 +1.999491092e+00 -2.509050891e+01 -2.509050891e+01 +1.8776e-01 -2.9413e+00
136 0 +1.990207934e+00 -2.509979207e+01 -2.509979207e+01 +1.8438e-01 -2.9430e+00
248 0 +1.009702029e+00 -2.608029797e+01 -2.608029797e+01 +1.8229e-01 -2.6302e+00
267 0 +9.974643246e-01 -2.609253568e+01 -2.609253568e+01 +1.8640e-01 -2.6334e+00
394 0 +6.748325482e-01 -2.641516745e+01 -2.641516745e+01 +1.1198e+00 -2.6302e+00
410 0 +1.068836741e-01 -2.698311633e+01 -2.698311633e+01 +1.1589e+00 -2.6302e+00
427 0 +1.109471054e-03 -2.708889053e+01 -2.708889053e+01 +1.1794e+00 -2.6334e+00
432 0 +6.575057605e-04 -2.708934249e+01 -2.708934249e+01 +1.1800e+00 -2.6323e+00
435 0 +1.546720029e-04 -2.708984533e+01 -2.708984533e+01 +1.1809e+00 -2.6329e+00
444 0 +6.110613926e-05 -2.708993889e+01 -2.708993889e+01 +1.1803e+00 -2.6329e+00
448 0 +5.378919683e-05 -2.708994621e+01 -2.708994621e+01 +1.1804e+00 -2.6327e+00
451 0 +4.528175771e-05 -2.708995472e+01 -2.708995472e+01 +1.1804e+00 -2.6328e+00
455 0 +3.675473156e-05 -2.708996325e+01 -2.708996325e+01 +1.1804e+00 -2.6328e+00
458 0 +2.017965849e-05 -2.708997982e+01 -2.708997982e+01 +1.1805e+00 -2.6328e+00
461 0 +2.418354217e-06 -2.708999758e+01 -2.708999758e+01 +1.1807e+00 -2.6328e+00
464 0 +5.031388710e-07 -2.708999950e+01 -2.708999950e+01 +1.1808e+00 -2.6328e+00
468 0 +1.118073811e-07 -2.708999989e+01 -2.708999989e+01 +1.1808e+00 -2.6328e+00
471 0 +1.065388204e-07 -2.708999989e+01 -2.708999989e+01 +1.1808e+00 -2.6328e+00
474 0 +7.858144713e-08 -2.708999992e+01 -2.708999992e+01 +1.1808e+00 -2.6328e+00
477 0 +4.867816372e-08 -2.708999995e+01 -2.708999995e+01 +1.1808e+00 -2.6328e+00
481 0 +1.442412767e-08 -2.708999999e+01 -2.708999999e+01 +1.1808e+00 -2.6328e+00
485 0 +7.060979357e-09 -2.708999999e+01 -2.708999999e+01 +1.1808e+00 -2.6328e+00
% f evaluations | g evaluations | best noise-free fitness - Fopt (5.175000000000e+01) + sum g_i+ | measured fitness | best measured fitness or single-digit g-values | x1 | x2...
1 0 +2.577730152e+02 +3.095230152e+02 +3.095230152e+02 +1.6667e+00 +1.6667e+00
2 0 +6.636116518e+01 +1.181111652e+02 +1.181111652e+02 -1.6667e+00 -1.6667e+00
3 0 +5.773218685e+01 +1.094821868e+02 +1.094821868e+02 -3.3333e+00 +1.6667e+00
10 0 +4.041331729e+01 +9.216331729e+01 +9.216331729e+01 -3.2461e+00 +1.1665e+00
13 0 +2.695738004e+01 +7.870738004e+01 +7.870738004e+01 -3.0133e+00 +9.6838e-01
16 0 +2.116752530e+01 +7.291752530e+01 +7.291752530e+01 -2.9146e+00 +1.1243e+00
19 0 +1.934118601e+01 +7.109118601e+01 +7.109118601e+01 -2.9246e+00 +1.0992e+00
22 0 +1.575348484e+01 +6.750348484e+01 +6.750348484e+01 -2.8366e+00 +8.1829e-01
32 0 +1.086608155e+01 +6.261608155e+01 +6.261608155e+01 -2.8655e+00 +7.5061e-01
37 0 +9.970685633e+00 +6.172068563e+01 +6.172068563e+01 -2.9283e+00 +7.5768e-01
80 0 +3.714798399e+00 +5.546479840e+01 +5.546479840e+01 -8.3333e-01 +4.1667e-01
98 0 +1.851143205e+00 +5.360114320e+01 +5.360114320e+01 -8.4234e-01 +4.6570e-01
101 0 +1.405674230e+00 +5.315567423e+01 +5.315567423e+01 -9.0162e-01 +4.5349e-01
104 0 +1.007323661e+00 +5.275732366e+01 +5.275732366e+01 -8.7182e-01 +4.5111e-01
107 0 +9.959292514e-01 +5.274592925e+01 +5.274592925e+01 -8.7148e-01 +4.4951e-01
313 0 +6.176137847e-01 +5.236761378e+01 +5.236761378e+01 +1.3021e-01 +4.4271e-01
323 0 +3.214926712e-01 +5.207149267e+01 +5.207149267e+01 +9.1146e-02 +4.4271e-01
328 0 +2.804751846e-01 +5.203047518e+01 +5.203047518e+01 +1.1308e-01 +4.6013e-01
333 0 +8.312923468e-02 +5.183312923e+01 +5.183312923e+01 +1.2575e-01 +4.5483e-01
337 0 +5.749280341e-02 +5.180749280e+01 +5.180749280e+01 +1.1637e-01 +4.4443e-01
340 0 +1.487243502e-02 +5.176487244e+01 +5.176487244e+01 +1.1645e-01 +4.5005e-01
343 0 +1.158689492e-02 +5.176158689e+01 +5.176158689e+01 +1.1692e-01 +4.4957e-01
348 0 +9.217181884e-03 +5.175921718e+01 +5.175921718e+01 +1.1764e-01 +4.4845e-01
351 0 +8.514912361e-03 +5.175851491e+01 +5.175851491e+01 +1.1791e-01 +4.4868e-01
354 0 +6.257733223e-03 +5.175625773e+01 +5.175625773e+01 +1.1945e-01 +4.4890e-01
358 0 +8.514141843e-04 +5.175085141e+01 +5.175085141e+01 +1.2312e-01 +4.4918e-01
362 0 +3.416107578e-04 +5.175034161e+01 +5.175034161e+01 +1.2407e-01 +4.4914e-01
366 0 +6.787571296e-05 +5.175006788e+01 +5.175006788e+01 +1.2464e-01 +4.4897e-01
371 0 +2.327676954e-05 +5.175002328e+01 +5.175002328e+01 +1.2476e-01 +4.4890e-01
375 0 +2.237243822e-05 +5.175002237e+01 +5.175002237e+01 +1.2479e-01 +4.4890e-01
384 0 +2.053452313e-05 +5.175002053e+01 +5.175002053e+01 +1.2480e-01 +4.4889e-01
393 0 +1.748125887e-05 +5.175001748e+01 +5.175001748e+01 +1.2482e-01 +4.4888e-01
397 0 +1.641543319e-05 +5.175001642e+01 +5.175001642e+01 +1.2483e-01 +4.4883e-01
400 0 +2.546922268e-06 +5.175000255e+01 +5.175000255e+01 +1.2481e-01 +4.4882e-01
403 0 +1.600632729e-07 +5.175000016e+01 +5.175000016e+01 +1.2480e-01 +4.4881e-01
406 0 +4.821031752e-08 +5.175000005e+01 +5.175000005e+01 +1.2480e-01 +4.4881e-01
409 0 +2.763940188e-09 +5.175000000e+01 +5.175000000e+01 +1.2480e-01 +4.4880e-01
% f evaluations | g evaluations | best noise-free fitness - Fopt (-5.541400000000e+02) + sum g_i+ | measured fitness | best measured fitness or single-digit g-values | x1 | x2...
1 0 +5.197616555e+01 -5.021638345e+02 -5.021638345e+02 +1.6667e+00 +1.6667e+00
8 0 +4.850203335e+01 -5.056379667e+02 -5.056379667e+02 -1.6667e+00 +3.3333e+00
10 0 +1.803357849e+01 -5.361064215e+02 -5.361064215e+02 +8.3333e-01 +3.3333e+00
18 0 +1.249219697e+01 -5.416478030e+02 -5.416478030e+02 +9.2378e-01 +2.9921e+00
24 0 +1.177016486e+01 -5.423698351e+02 -5.423698351e+02 +9.3123e-01 +2.4809e+00
28 0 +1.025357031e+01 -5.438864297e+02 -5.438864297e+02 +9.0443e-01 +2.6096e+00
31 0 +5.382203805e+00 -5.487577962e+02 -5.487577962e+02 +8.7615e-01 +2.5588e+00
34 0 +5.251101963e+00 -5.488888980e+02 -5.488888980e+02 +8.7959e-01 +2.5280e+00
37 0 +4.976450647e+00 -5.491635494e+02 -5.491635494e+02 +8.7880e-01 +2.5426e+00
226 0 +4.060577970e+00 -5.500794220e+02 -5.500794220e+02 -5.2083e-02 +3.2292e+00
360 0 +3.735212390e+00 -5.504047876e+02 -5.504047876e+02 +1.9792e+00 +3.2292e+00
533 0 +2.991998311e+00 -5.511480017e+02 -5.511480017e+02 +1.9661e+00 +3.2552e+00
547 0 +1.764125879e+00 -5.523758741e+02 -5.523758741e+02 +1.9661e+00 +3.2161e+00
566 0 +5.497238107e-01 -5.535902762e+02 -5.535902762e+02 +1.8229e+00 +3.2292e+00
606 0 +3.572365049e-02 -5.541042763e+02 -5.541042763e+02 +1.8620e+00 +3.2292e+00
648 0 +2.953862775e-03 -5.541370461e+02 -5.541370461e+02 +1.8717e+00 +3.2292e+00
946 0 +4.790067462e-04 -5.541395210e+02 -5.541395210e+02 +1.8742e+00 +3.2292e+00
4228 0 +3.282960425e-04 -5.541396717e+02 -5.541396717e+02 +1.8748e+00 +3.2292e+00
7363 0 +1.362333237e-04 -5.541398638e+02 -5.541398638e+02 +1.8746e+00 +3.2290e+00
7815 0 +5.804102136e-05 -5.541399420e+02 -5.541399420e+02 +1.8752e+00 +3.2290e+00
24944 0 +8.464894904e-06 -5.541399915e+02 -5.541399915e+02 +1.8751e+00 +3.2289e+00
94157 0 +4.670883413e-06 -5.541399953e+02 -5.541399953e+02 +1.8751e+00 +3.2288e+00
94545 0 +4.477773246e-07 -5.541399996e+02 -5.541399996e+02 +1.8752e+00 +3.2288e+00
% f evaluations | g evaluations | best noise-free fitness - Fopt (1.774000000000e+01) + sum g_i+ | measured fitness | best measured fitness or single-digit g-values | x1 | x2...
1 0 +2.378108735e+01 +4.152108735e+01 +4.152108735e+01 +1.6667e+00 +1.6667e+00
11 0 +1.344578420e+01 +3.118578420e+01 +3.118578420e+01 -8.3333e-01 +1.6667e+00
27 0 +1.303259948e+01 +3.077259948e+01 +3.077259948e+01 -7.7349e-01 +1.6740e+00
63 0 +9.322615527e+00 +2.706261553e+01 +2.706261553e+01 +4.1667e-01 +1.6667e+00
78 0 +9.017153957e+00 +2.675715396e+01 +2.675715396e+01 +4.0332e-01 +1.6840e+00
81 0 +8.040835678e+00 +2.578083568e+01 +2.578083568e+01 +3.3106e-01 +1.6779e+00
127 0 +6.695689960e+00 +2.443568996e+01 +2.443568996e+01 +2.0833e-01 +2.3958e+00
140 0 +5.444192402e+00 +2.318419240e+01 +2.318419240e+01 +2.3221e-01 +2.3409e+00
143 0 +4.401077197e+00 +2.214107720e+01 +2.214107720e+01 +2.6822e-01 +2.3754e+00
146 0 +4.002916687e+00 +2.174291669e+01 +2.174291669e+01 +2.8845e-01 +2.3625e+00
152 0 +3.979839738e+00 +2.171983974e+01 +2.171983974e+01 +3.0355e-01 +2.3632e+00
740 0 +3.400075691e+00 +2.114007569e+01 +2.114007569e+01 +1.3021e+00 +2.3958e+00
757 0 +1.953669761e+00 +1.969366976e+01 +1.969366976e+01 +1.2651e+00 +2.3409e+00
761 0 +1.084632947e+00 +1.882463295e+01 +1.882463295e+01 +1.2479e+00 +2.3623e+00
764 0 +1.066618158e+00 +1.880661816e+01 +1.880661816e+01 +1.2751e+00 +2.3654e+00
767 0 +9.950417392e-01 +1.873504174e+01 +1.873504174e+01 +1.2629e+00 +2.3630e+00
1178 0 +5.360903476e-01 +1.827609035e+01 +1.827609035e+01 +2.2135e+00 +2.3698e+00
1194 0 +8.704106177e-02 +1.782704106e+01 +1.782704106e+01 +2.2526e+00 +2.3698e+00
1216 0 +3.282071142e-02 +1.777282071e+01 +1.777282071e+01 +2.2531e+00 +2.3598e+00
1219 0 +1.745305862e-03 +1.774174531e+01 +1.774174531e+01 +2.2565e+00 +2.3636e+00
1223 0 +5.028955259e-04 +1.774050290e+01 +1.774050290e+01 +2.2582e+00 +2.3636e+00
1226 0 +4.536074558e-05 +1.774004536e+01 +1.774004536e+01 +2.2590e+00 +2.3633e+00
1230 0 +4.194483650e-05 +1.774004194e+01 +1.774004194e+01 +2.2592e+00 +2.3632e+00
1236 0 +1.776483766e-05 +1.774001776e+01 +1.774001776e+01 +2.2592e+00 +2.3631e+00
1239 0 +4.097335911e-06 +1.774000410e+01 +1.774000410e+01 +2.2592e+00 +2.3632e+00
1242 0 +1.431151411e-07 +1.774000014e+01 +1.774000014e+01 +2.2592e+00 +2.3632e+00
1245 0 +5.094699418e-08 +1.774000005e+01 +1.774000005e+01 +2.2592e+00 +2.3632e+00
1248 0 +4.371663564e-08 +1.774000004e+01 +1.774000004e+01 +2.2592e+00 +2.3632e+00
1249 0 +4.352617111e-08 +1.774000004e+01 +1.774000004e+01 +2.2592e+00 +2.3632e+00
1253 0 +4.111391050e-08 +1.774000004e+01 +1.774000004e+01 +2.2592e+00 +2.3632e+00
1256 0 +4.012365551e-08 +1.774000004e+01 +1.774000004e+01 +2.2592e+00 +2.3632e+00
1259 0 +3.411113525e-08 +1.774000003e+01 +1.774000003e+01 +2.2592e+00 +2.3632e+00
1262 0 +2.422760303e-08 +1.774000002e+01 +1.774000002e+01 +2.2592e+00 +2.3632e+00
1265 0 +1.960216878e-08 +1.774000002e+01 +1.774000002e+01 +2.2592e+00 +2.3632e+00
1267 0 +1.938098393e-08 +1.774000002e+01 +1.774000002e+01 +2.2592e+00 +2.3632e+00
1268 0 +5.425530247e-09 +1.774000001e+01 +1.774000001e+01 +2.2592e+00 +2.3632e+00
