% f evaluations | g evaluations | best noise-free fitness - Fopt (6.870000000000e+00) + sum g_i+ | measured fitness | best measured fitness or single-digit g-values | x1 | x2...
1 0 +7.839426925e+00 +1.470942693e+01 +1.470942693e+01 +2.9931e-01 +1.3070e+00 +1.3045e+00 +2.4647e+00 -2.8310e-01 -1.4061e+00 +1.1434e+00 +2.7553e+00 +2.7738e+00 +3.3436e-01 +1.1226e+00 -1.1976e+00 -2.6960e+00 -1.1129e+00 +4.7462e-01 +2.4198e+00 +6.3538e-01 -1.1222e+00 +2.1372e+00 +1.8555e-01
23 0 +6.687286694e+00 +1.355728669e+01 +1.355728669e+01 -1.1840e+00 -1.7308e+00 -2.1372e+00 -2.5938e+00 +2.1197e+00 -2.1522e+00 +2.1822e+00 +2.5021e+00 +2.1329e+00 -9.0587e-01 +1.1094e+00 -2.6705e+00 +2.1041e+00 +3.4943e-01 +1.9762e+00 -1.4903e+00 +2.4996e+00 -8.9146e-01 +2.7986e+00 +2.8510e+00
108 0 +3.870705713e+00 +1.074070571e+01 +1.074070571e+01 -1.7521e+00 -1.4681e+00 -1.9135e-01 +1.5231e+00 -7.8728e-01 +2.6905e+00 +6.0433e-01 +1.3408e+00 -2.7102e+00 -1.2633e+00 -1.3262e+00 -2.6328e+00 +1.8555e+00 -1.9009e+00 +1.7297e+00 +7.3414e-01 +4.8506e-01 -2.4512e+00 +1.3137e+00 +7.5161e-01
797 0 +3.472925882e+00 +1.034292588e+01 +1.034292588e+01 +2.6500e+00 -2.0874e+00 -2.0000e+00 +2.1389e+00 -1.5266e+00 +1.4449e+00 -1.6993e+00 -1.5557e+00 +2.2240e+00 +2.5630e+00 -2.6339e+00 -2.7808e+00 +2.0100e+00 +2.9375e+00 +2.4227e+00 -1.0294e+00 -5.5315e-01 -1.3101e+00 +2.3605e+00 +5.0481e-01
1249 0 +3.448770755e+00 +1.031877075e+01 +1.031877075e+01 +1.0064e+00 +4.3999e-01 +2.1915e+00 -1.2538e+00 -2.3218e+00 -1.7742e+00 -1.9177e+00 -9.6870e-01 -2.2326e+00 +1.0784e+00 -2.9517e+00 +7.2495e-01 +5.7562e-01 +6.7316e-01 +7.8913e-01 +2.8500e+00 -1.0450e+00 -5.9040e-01 -2.0822e+00 -7.1033e-01
3847 0 +2.465673144e+00 +9.335673144e+00 +9.335673144e+00 -2.8960e+00 -7.7595e-01 +4.8158e-01 -2.9062e+00 +1.8066e+00 +4.9910e-01 +1.0961e+00 +2.8000e+00 +1.4643e+00 +2.1470e+00 -1.4919e+00 +1.6315e+00 -1.4776e+00 -5.7578e-02 -8.6637e-01 +4.9260e-01 -1.4722e+00 +7.7349e-01 -3.7275e-01 -2.8087e+00
8492 0 +2.442169971e+00 +9.312169971e+00 +9.312169971e+00 -2.2582e+00 -2.2761e+00 +4.8131e-02 +2.4632e+00 -7.8066e-01 +3.0964e-01 -2.0617e+00 -2.7339e+00 -2.1371e+00 +2.4808e+00 -1.7424e+00 -4.9364e-01 +1.3650e+00 -5.2879e-01 +2.0102e+00 -1.8656e+00 +3.8874e-01 -1.7493e-01 +2.7779e+00 -6.8674e-01
106917 0 +1.965576819e+00 +8.835576819e+00 +8.835576819e+00 +1.1477e+00 -2.8319e+00 +1.4290e-01 -6.8454e-01 -1.6510e+00 -1.9672e+00 -2.3613e+00 +5.6960e-02 +2.0363e+00 -2.6691e+00 -1.3533e+00 +8.7573e-01 -1.4760e+00 -1.7083e+00 +2.0640e+00 -1.2607e+00 -2.0988e+00 +1.0884e+00 -3.0470e-02 -2.8376e+00
197358 0 +1.803451670e+00 +8.673451670e+00 +8.673451670e+00 -2.7364e-01 -2.2614e+00 -2.0733e+00 +7.7193e-01 +1.5294e+00 -3.3112e-01 +1.0022e+00 -1.5505e+00 +2.4931e+00 -2.7925e+00 -3.0100e-01 -1.5948e+00 +1.9358e+00 +8.3960e-01 +7.5049e-01 +7.8500e-01 +2.9925e+00 -4.7957e-01 +1.1182e+00 -2.2523e+00
752223 0 +1.680048170e+00 +8.550048170e+00 +8.550048170e+00 +2.7373e+00 +1.7236e+00 +3.5543e-02 -9.5151e-01 -2.2916e+00 -2.4157e+00 +6.1693e-01 +2.5909e+00 -2.3046e-01 -2.9988e+00 +5.5692e-01 +2.7090e+00 -1.8293e+00 -1.1623e+00 -2.4379e+00 +1.4128e+00 +2.0604e+00 +1.0105e+00 -8.3016e-01 -1.1703e+00
1346725 0 +1.657492334e+00 +8.527492334e+00 +8.527492334e+00 -1.2175e+00 +2.6604e+00 -1.0422e+00 -3.0120e-01 -1.2571e+00 -1.6294e+00 +2.7458e+00 -6.9814e-02 -1.6295e+00 -2.0773e+00 -6.9097e-01 -2.0167e+00 -1.2952e+00 -1.3599e+00 +1.3921e+00 -6.4245e-01 +2.6241e+00 -1.2987e+00 +2.4413e+00 -2.4978e+00
3285462 0 +1.262385293e+00 +8.132385293e+00 +8.132385293e+00 -2.2158e+00 -8.7949e-01 +1.0478e+00 -1.7955e+00 -3.2875e-01 +2.7062e+00 -1.8000e+00 -2.6026e+00 +6.2006e-01 +2.6449e+00 -2.9316e+00 +2.6010e+00 -1.2389e-01 -2.9276e+00 +2.8308e+00 +1.5897e+00 -4.5720e-01 +5.3438e-01 +4.8522e-02 -3.0090e-01
12440717 0 +1.157651285e+00 +8.027651285e+00 +8.027651285e+00 -2.2796e+00 +2.9707e+00 -1.8115e+00 +1.3677e+00 -2.9907e-01 -2.9390e+00 -6.3639e-01 -1.3796e+00 -1.5211e+00 -3.4049e-01 +1.0187e+00 -5.2011e-01 +2.0843e+00 -1.9776e+00 +1.4998e+00 -2.2875e-01 +2.6913e+00 -1.5278e+00 -1.4551e+00 -5.1070e-01
% f evaluations | g evaluations | best noise-free fitness - Fopt (1.000000000000e-02) + sum g_i+ | measured fitness | best measured fitness or single-digit g-values | x1 | x2...
1 0 +1.628676450e+01 +1.629676450e+01 +1.629676450e+01 +3.2238e-01 +2.3548e+00 +1.7668e+00 +2.9284e-02 -1.2692e+00 -6.4572e-01 +9.0995e-01 -2.8882e-01 +2.8459e+00 -5.9508e-01 +2.2691e-01 +2.2864e+00 -2.9104e+00 -2.1205e+00 -1.4865e+00 +1.3989e+00 -2.4267e+00 +1.3095e+00 +1.4283e+00 +2.9382e+00
2 0 +9.205051648e+00 +9.215051648e+00 +9.215051648e+00 -2.1260e+00 -7.2696e-01 +2.0098e+00 -6.6959e-01 -2.3534e+00 -1.9356e+00 -2.8827e-01 -2.4590e-01 +1.1283e+00 -4.3384e-02 +2.8460e+00 +1.5031e+00 +1.8667e+00 -4.9657e-01 +8.7727e-01 +3.7730e-01 +2.0924e+00 +2.4343e+00 -2.1959e+00 -1.0047e+00
6 0 +8.751828579e+00 +8.761828579e+00 +8.761828579e+00 +1.3068e+00 +6.9940e-01 -1.4451e+00 +4.9047e-01 -2.7799e+00 -1.2536e+00 -4.0687e-01 +1.9766e+00 +1.7171e-01 +2.7368e+00 +1.5240e+00 +1.0393e+00 -8.5784e-01 -9.1145e-01 +2.5912e+00 +2.4075e+00 -2.4690e+00 -8.4491e-01 -1.8231e+00 +1.8284e+00
11 0 +8.035235939e+00 +8.045235939e+00 +8.045235939e+00 -6.0233e-01 -4.3379e-03 -2.9448e+00 +1.1505e+00 -2.6862e+00 +3.9929e-01 -5.4874e-02 +1.2585e+00 +1.7896e+00 -1.1529e+00 +7.0267e-02 +1.9335e+00 +7.1949e-01 -1.6566e+00 +3.5129e-03 -2.0559e+00 -9.9351e-01 +1.0802e+00 +2.0951e+00 +4.9494e-01
18 0 +7.388129839e+00 +7.398129839e+00 +7.398129839e+00 -1.5656e+00 +1.9352e+00 -2.3080e-02 +1.0612e-01 -8.9981e-01 +2.8902e+00 -3.4866e-01 +3.4599e-01 -1.7729e+00 +2.0937e+00 -4.9789e-01 +1.3200e-01 +2.7160e+00 +2.7309e+00 -2.2561e+00 -2.4829e+00 +5.2250e-01 +1.8907e+00 +9.5806e-01 +6.1007e-01
38 0 +6.539600269e+00 +6.549600269e+00 +6.549600269e+00 -1.6984e+00 +2.7998e+00 -4.9222e-01 +2.2689e+00 -1.1621e+00 -1.9885e+00 -2.0190e+00 -1.8354e+00 +8.3329e-01 -1.2253e+00 +2.4709e-01 -8.0021e-01 -8.9563e-01 +2.5452e+00 +2.2219e-02 -2.9298e-01 -2.9618e+00 -1.2892e+00 -8.3581e-01 -2.2692e+00
39 0 +6.007067714e+00 +6.017067714e+00 +6.017067714e+00 -2.7627e+00 +1.1271e-01 -3.5714e-01 -7.2253e-01 +6.2793e-01 +4.5501e-01 -1.3027e+00 -1.0592e+00 -2.6242e+00 +1.6390e+00 -2.5927e-02 -9.5141e-01 -1.4331e+00 -5.2038e-02 -3.6503e-01 +9.3676e-01 +2.5081e+00 -2.4512e+00 +1.6241e+00 +7.6406e-01
80 0 +3.479606218e+00 +3.489606218e+00 +3.489606218e+00 +9.7625e-01 +2.2098e+00 -1.6646e+00 -2.9346e+00 +2.2163e+00 +8.8933e-02 -2.3134e+00 +2.1616e-01 -3.4670e-02 +2.7686e+00 -1.1998e+00 +2.0408e+00 +8.2662e-01 -1.1844e+00 -2.7907e+00 -1.9341e+00 -8.0671e-01 +2.3214e-01 -6.1864e-02 -1.6091e+00
2360 0 +3.134956128e+00 +3.144956128e+00 +3.144956128e+00 -3.3481e-01 +1.6256e-01 -4.5061e-01 +3.7946e-01 -2.4979e+00 +2.8299e+00 +6.5214e-01 -1.7991e+00 -1.7141e+00 -2.3718e+00 -6.9708e-01 +8.2470e-01 +1.3381e+00 +1.3143e+00 +2.9440e+00 +1.6221e+00 +1.9454e+00 +1.4235e+00 +1.2019e+00 +2.0258e+00
3032 0 +2.958508036e+00 +2.968508036e+00 +2.968508036e+00 +2.1696e+00 +1.2639e+00 -2.3957e+00 -1.5931e+00 +2.8431e+00 -1.2454e+00 -2.6566e+00 +2.4509e+00 +2.6614e+00 -2.6592e+00 -1.2244e+00 +9.9542e-01 -4.4001e-01 -2.5589e+00 +9.9787e-01 -1.5661e+00 +9.6620e-01 -1.5573e+00 +1.8485e-01 +2.7155e+00
14383 0 +2.515355705e+00 +2.525355705e+00 +2.525355705e+00 -9.7011e-01 -1.3631e+00 +4.5765e-01 +2.1678e+00 +2.8399e-02 -2.3985e+00 -6.3848e-01 -2.3802e+00 -2.3121e+00 +2.2967e+00 -1.0449e-01 +2.1712e+00 +2.7101e+00 +8.1079e-01 +2.8410e+00 +1.0723e+00 -1.7205e+00 +2.8753e+00 +2.2830e+00 -2.1195e+00
16666 0 +2.242264300e+00 +2.252264300e+00 +2.252264300e+00 -1.5192e-01 +2.0655e+00 -2.5999e+00 -3.0043e-01 -2.9086e+00 -1.2448e-01 +2.3138e+00 +2.3076e+00 +1.4090e+00 +5.6903e-01 +1.9597e+00 +2.3228e-01 -4.8936e-02 -1.7218e-01 +2.7444e+00 -4.0467e-01 -1.6239e+00 +2.0456e+00 -1.3755e+00 +2.9541e+00
76633 0 +2.237121688e+00 +2.247121688e+00 +2.247121688e+00 -6.7387e-01 -1.0018e+00 +6.7144e-01 +1.9714e-01 -2.7922e-01 +1.4300e+00 -3.3175e-01 -2.5566e+00 -2.9885e+00 -1.2400e+00 +4.9290e-01 -7.7973e-01 +1.7532e+00 -2.1374e+00 +2.2185e+00 +1.0468e+00 -1.7413e+00 +2.9945e+00 -2.9957e-01 +2.7012e+00
87242 0 +2.118370880e+00 +2.128370880e+00 +2.128370880e+00 +2.2861e+00 -2.8647e+00 -2.8580e+00 +2.3505e+00 +2.2910e+00 -1.7425e+00 -2.2832e+00 -2.7459e+00 -6.5907e-01 +1.6596e+00 -6.8846e-01 +2.5911e+00 -2.5999e+00 +7.8081e-02 +4.1182e-01 +1.0343e-01 +1.3291e+00 -2.1285e+00 -2.1600e-01 +2.4294e+00
114388 0 +1.992624402e+00 +2.002624402e+00 +2.002624402e+00 +9.7863e-01 -2.9841e+00 +1.9524e+00 -5.5165e-01 -8.1887e-01 +5.3762e-01 +2.1325e+00 -1.3181e+00 +1.0596e+00 -2.0502e+00 +2.5632e+00 -1.6440e+00 -2.4797e+00 -2.4114e+00 +1.7955e+00 +2.8636e+00 +2.6758e+00 +1.3712e+00 -2.0215e+00 -2.3320e+00
282448 0 +1.319470401e+00 +1.329470401e+00 +1.329470401e+00 -5.6483e-01 +4.1049e-01 -3.5874e-01 -2.1716e+00 +2.1399e-01 -2.1540e+00 -9.1051e-01 -1.7034e+00 +1.8246e+00 +2.0845e+00 +5.4179e-01 +7.1065e-01 +2.8058e+00 -2.4032e+00 -1.0197e+00 +9.9851e-01 +1.4802e+00 +1.1620e+00 +1.6618e+00 +8.4335e-01
18066431 0 +8.895437448e-01 +8.995437448e-01 +8.995437448e-01 -4.9256e-01 -3.0504e-01 -5.4043e-01 -4.2274e-01 -8.6258e-01 -1.3996e+00 -3.4495e-01 -2.8314e+00 -7.3896e-01 +8.0098e-01 +2.6972e+00 -2.4069e+00 -1.3706e+00 -1.8103e+00 -1.6280e+00 +1.0600e-01 -1.1487e+00 -1.3323e+00 -2.6616e+00 -2.0905e+00
% f evaluations | g evaluations | best noise-free fitness - Fopt (-1.306100000000e+02) + sum g_i+ | measured fitness | best measured fitness or single-digit g-values | x1 | x2...
1 0 +6.030946789e+00 -1.245790532e+02 -1.245790532e+02 +1.4252e+00 -2.4607e+00 +2.1657e+00 +6.4459e-01 +2.1241e-01 -2.9781e-01 +2.0880e+00 +2.5361e+00 +4.4787e-01 +2.6061e+00 -1.2767e+00 +2.3589e+00 +2.5153e+00 -2.3400e+00 -1.7035e+00 +1.7029e+00 -5.8634e-01 -1.1817e+00 -7.2977e-01 -1.3863e+00
13 0 +5.873684868e+00 -1.247363151e+02 -1.247363151e+02 +1.9416e+00 +6.2133e-01 +5.3638e-01 -2.6999e+00 +2.2981e+00 +1.8504e+00 +2.4382e-01 +2.3297e+00 -2.4356e-01 -2.1719e+00 +2.1711e+00 -2.4697e+00 +5.6612e-01 -1.0993e+00 -2.8437e+00 +2.0966e+00 +4.5449e-01 +8.2820e-01 -1.0319e+00 +1.1130e+00
232 0 +5.637847155e+00 -1.249721528e+02 -1.249721528e+02 -2.5609e+00 +2.7608e-01 -2.3853e+00 +2.3518e+00 +3.9382e-01 +2.0617e-01 -1.4970e+00 -1.6853e+00 +1.6640e-03 -1.8030e+00 -9.1079e-01 -1.2394e+00 +1.9477e+00 -2.9773e+00 +5.5777e-01 +1.8958e-01 -1.8949e+00 -1.3264e+00 -1.0516e+00 -2.5937e+00
253 0 +5.447435487e+00 -1.251625645e+02 -1.251625645e+02 -2.5869e+00 +2.9525e+00 -1.5741e+00 -1.4554e+00 -2.2969e+00 +1.3980e+00 +2.4945e-01 -1.1826e+00 +2.4074e+00 -4.8373e-01 +1.9462e+00 +2.7526e+00 -8.2861e-01 -1.7283e+00 +1.2056e+00 -8.2363e-01 -1.8783e+00 -3.4020e-01 +1.0247e+00 -1.9775e+00
515 0 +5.320229288e+00 -1.252897707e+02 -1.252897707e+02 -1.0774e+00 -1.5686e+00 -1.3823e+00 +2.2430e+00 +3.5953e-02 +2.1594e+00 +2.5086e+00 -1.7946e+00 -1.7965e+00 -2.2496e+00 -1.6914e-02 -1.2065e-02 +2.5254e+00 -1.8127e+00 +2.9532e+00 +2.7888e+00 -2.3494e+00 +1.0923e+00 +1.1821e+00 +8.6221e-01
553 0 +4.564961423e+00 -1.260450386e+02 -1.260450386e+02 +6.7448e-01 -2.3864e+00 +2.0941e+00 -2.9919e+00 +2.9796e+00 +1.9571e+00 -1.8638e+00 +1.5874e+00 +8.5124e-01 -6.3649e-01 +5.8781e-01 -1.0393e+00 +9.3591e-01 -2.5424e+00 -2.1399e+00 -2.3002e+00 -1.8864e+00 -2.9474e+00 -1.7585e+00 +5.3100e-01
906 0 +3.907092866e+00 -1.267029071e+02 -1.267029071e+02 +1.8456e+00 -2.9874e+00 -2.7029e-01 +2.5435e+00 +1.7028e+00 -4.3955e-01 +1.1969e+00 -4.9812e-01 -2.7474e+00 +4.8297e-01 +2.1619e+00 -3.5874e-02 -2.0696e-01 -2.5143e+00 +7.9056e-01 +2.0256e+00 -2.0127e+00 +2.8479e+00 +1.9895e+00 -2.0087e+00
1681 0 +3.447975748e+00 -1.271620243e+02 -1.271620243e+02 +1.8833e+00 -1.1109e+00 -1.0983e+00 -3.8845e-01 +3.4788e-02 -2.7788e+00 -2.0620e+00 +2.4670e+00 +5.2943e-01 -7.6688e-01 -1.8930e+00 -2.1244e+00 -9.9250e-01 +2.3469e-01 -2.7015e+00 -2.2984e+00 +1.6617e+00 -9.0442e-01 +2.6929e+00 -6.3439e-01
3859 0 +3.273643688e+00 -1.273363563e+02 -1.273363563e+02 -7.4697e-01 -1.8191e-01 +2.9304e+00 -4.9511e-01 +2.5840e+00 +2.3454e+00 +5.1361e-01 +2.2902e+00 -1.9795e+00 -2.4513e-01 +4.3669e-01 +2.8994e+00 -1.0546e-01 -1.0542e+00 -2.3748e+00 -2.1222e+00 -1.6319e+00 +1.2939e+00 -3.7066e-01 -1.9719e+00
9352 0 +3.079786744e+00 -1.275302133e+02 -1.275302133e+02 -5.3677e-01 +1.8699e-01 -6.6311e-01 +4.7548e-02 -1.0510e+00 +2.3120e+00 +1.6183e-01 +4.1524e-02 -2.2094e+00 +5.9831e-01 +2.2959e+00 +5.0354e-01 -4.8813e-01 -2.9495e+00 -6.7171e-01 +7.2095e-01 -2.2067e+00 +2.4722e+00 -1.2377e+00 -2.6271e+00
48892 0 +2.225745887e+00 -1.283842541e+02 -1.283842541e+02 +2.5907e+00 -1.0652e-01 -5.8150e-01 -6.2444e-01 -2.2383e+00 -2.9618e+00 -1.7692e-01 +2.7700e-01 -1.6440e+00 +1.3155e+00 -8.5415e-02 -1.4158e+00 +2.2312e+00 +1.7900e+00 +9.8369e-01 +2.3274e-01 -1.8279e+00 -7.1067e-01 -8.5413e-01 +7.5279e-01
289878 0 +2.113821014e+00 -1.284961790e+02 -1.284961790e+02 +1.5679e-01 +1.7570e+00 -2.9137e+00 +2.9105e+00 +4.6548e-01 +1.5508e+00 +1.8382e+00 -2.6295e+00 +2.0433e-01 -6.4273e-01 +1.2016e+00 -2.1268e+00 +4.4987e-01 +2.5226e+00 +2.6593e+00 +1.7862e+00 -1.8020e+00 +8.0165e-01 -2.0693e+00 +2.6202e+00
290746 0 +1.958802769e+00 -1.286511972e+02 -1.286511972e+02 +2.4662e+00 +6.7403e-02 +2.4986e+00 +1.0075e+00 -2.0901e+00 -5.2492e-01 -2.8979e+00 +3.0893e-01 +8.2774e-01 -1.8233e+00 -3.0879e-01 -1.5671e+00 +2.7257e+00 -2.6253e+00 +1.3799e+00 +1.9792e+00 +2.4067e+00 -2.3822e+00 +8.9072e-01 -5.3501e-01
325417 0 +1.477846716e+00 -1.291321533e+02 -1.291321533e+02 +2.4443e+00 +3.0163e-01 -8.5387e-01 +6.6700e-01 +1.8366e+00 +2.8717e+00 -8.2545e-01 -4.7410e-01 +2.9160e+00 -1.5683e+00 +1.3283e+00 +2.5298e+00 -1.0540e+00 -2.9803e+00 -2.7998e+00 +1.8038e+00 +2.9969e+00 -9.0464e-01 +2.4025e-01 +1.4911e+00
1745311 0 +1.205305885e+00 -1.294046941e+02 -1.294046941e+02 -8.3443e-01 +1.5660e+00 -2.9823e+00 -1.7543e+00 +1.6716e-01 +1.0529e+00 +2.0089e+00 +1.0679e-01 +2.8623e+00 -1.6623e+00 -1.6946e+00 +1.0203e+00 -2.5705e+00 +1.4852e+00 +8.6488e-01 +6.6347e-01 +6.2321e-01 -1.2764e+00 +1.5617e+00 +7.1720e-01
8201804 0 +1.020768922e+00 -1.295892311e+02 -1.295892311e+02 +2.0829e+00 +1.8953e+00 -2.0559e+00 -2.4896e+00 -2.3374e+00 -2.2062e+00 -4.1164e-01 +2.4124e+00 -1.0724e+00 -7.3564e-01 -1.1366e+00 +1.1771e+00 -2.3205e+00 -1.7789e+00 -3.2430e-01 +2.8962e+00 -1.0235e+00 -1.5124e+00 -2.0868e+00 -1.5544e+00
% f evaluations | g evaluations | best noise-free fitness - Fopt (-2.231200000000e+02) + sum g_i+ | measured fitness | best measured fitness or single-digit g-values | x1 | x2...
1 0 +2.045973740e+01 -2.026602626e+02 -2.026602626e+02 -1.8726e+00 +2.7839e+00 -9.0134e-01 +4.9380e-01 -6.6889e-01 -9.4790e-02 +2.3185e+00 +2.4690e+00 -6.1206e-01 +2.8060e+00 -2.3177e+00 -2.1094e+00 -9.6476e-02 +2.8950e+00 -5.3709e-01 +6.4514e-01 +3.8229e-01 -8.7974e-01 +1.0219e+00 -1.3657e+00
2 0 +9.623549211e+00 -2.134964508e+02 -2.134964508e+02 +2.4749e+00 -8.0769e-01 +2.8130e+00 +8.8487e-02 +1.5616e+00 +1.0887e+00 +2.4284e+00 -8.7241e-01 -8.4241e-01 +2.5147e+00 +6.2439e-01 -2.1542e+00 +1.9738e+00 -4.1906e-01 -1.6775e-01 +1.9725e+00 -2.3037e+00 -6.8182e-01 -6.3364e-01 +2.0487e+00
3 0 +8.626271719e+00 -2.144937283e+02 -2.144937283e+02 -2.9102e+00 +5.2277e-02 +1.0736e+00 -2.8669e+00 +2.6972e+00 -2.1629e+00 +1.8864e+00 -2.8867e+00 +1.7415e+00 +1.2473e+00 +1.1281e+00 -1.4994e+00 +1.7404e+00 -1.0991e+00 -2.6073e+00 -1.1945e+00 +3.3835e-01 -2.5511e+00 -2.3114e+00 -2.0567e+00
4 0 +7.649341947e+00 -2.154706581e+02 -2.154706581e+02 +1.6273e+00 -1.8565e+00 +2.9049e+00 -5.6001e-01 -1.2836e+00 -9.5717e-01 +5.0310e-02 +2.1511e+00 +1.7683e+00 -4.4877e-01 -1.6598e+00 +1.1732e+00 +2.6212e+00 +1.0023e+00 -1.0883e+00 -1.2273e+00 -1.9291e+00 +1.8566e+00 +2.3908e+00 -8.1479e-01
77 0 +6.697516637e+00 -2.164224834e+02 -2.164224834e+02 -2.6193e+00 -2.0046e+00 -1.7611e+00 -7.3497e-01 -1.3184e+00 -2.2870e+00 +8.3876e-01 +1.2418e+00 -2.9449e+00 +2.1498e+00 +1.5916e+00 -2.3397e-01 +2.8941e+00 -6.1784e-01 +8.0503e-01 -2.6728e+00 -1.9472e+00 -2.6808e+00 +1.7433e+00 -1.2954e+00
87 0 +6.081893387e+00 -2.170381066e+02 -2.170381066e+02 +1.0978e+00 +2.6092e+00 -2.4892e+00 +1.3923e+00 -2.8432e+00 +1.1043e+00 -6.7245e-01 -2.1826e+00 -1.8762e+00 +2.6215e+00 +2.5481e+00 +1.7934e+00 -1.2327e+00 +2.6589e+00 -1.7273e-01 +1.7317e+00 +1.6382e+00 +1.9482e+00 -1.5008e-01 -2.9918e+00
198 0 +5.889258969e+00 -2.172307410e+02 -2.172307410e+02 -2.0788e+00 +1.2381e-01 -9.7750e-01 -4.5230e-01 +6.1887e-02 -1.0691e+00 +1.9226e+00 +7.3488e-01 -2.7129e+00 +8.9172e-01 -2.2823e+00 +4.2135e-01 -2.3440e+00 +1.6193e-01 -2.5956e+00 +3.2881e-01 +5.6941e-01 -9.9246e-01 -1.8903e+00 -1.3763e+00
278 0 +3.866047961e+00 -2.192539520e+02 -2.192539520e+02 +1.6395e+00 -2.4659e+00 +1.5780e+00 -2.2206e+00 +2.5316e-01 -2.2390e+00 +2.6099e+00 +7.7079e-01 +2.7695e+00 +2.9210e+00 +1.8169e+00 +2.4570e+00 -1.7466e+00 -9.3434e-01 +3.5129e-01 +2.9187e+00 -2.1308e-01 -1.5793e+00 +1.4066e+00 +2.1712e+00
510 0 +3.389147955e+00 -2.197308520e+02 -2.197308520e+02 +2.7298e-01 -2.8705e+00 -2.6790e+00 +8.5864e-01 -1.6085e+00 +2.3424e+00 +5.5089e-01 +2.4250e+00 -2.1488e+00 -2.0813e+00 +5.2790e-01 -1.8271e+00 +7.9645e-01 +2.3109e+00 -1.4959e-01 -1.4701e+00 +2.5080e+00 +1.4689e+00 +1.7074e+00 -1.2645e+00
2077 0 +2.804005421e+00 -2.203159946e+02 -2.203159946e+02 +2.1538e-01 +2.7908e+00 -1.2969e-01 +1.0600e+00 +1.9168e+00 +2.7887e+00 +1.9653e+00 +1.2849e+00 -2.3934e+00 +2.6389e+00 +1.9886e+00 +2.0026e+00 +8.2999e-01 +6.6204e-01 -1.0459e+00 +2.2514e+00 +9.7013e-01 +1.3668e+00 +8.4879e-01 +1.5214e-01
17601 0 +2.394922333e+00 -2.207250777e+02 -2.207250777e+02 -5.0058e-01 -1.4264e+00 -1.6196e+00 -2.5222e+00 -4.5086e-01 +2.1165e-01 +1.9656e+00 +1.1632e+00 -1.5166e+00 -1.8541e+00 -1.1687e+00 +2.6100e+00 -1.3281e+00 -1.5787e+00 +2.0688e+00 +2.2782e+00 -2.0815e+00 -7.0690e-01 +1.6268e+00 -1.5446e+00
75519 0 +1.849626967e+00 -2.212703730e+02 -2.212703730e+02 -4.1945e-01 -1.2973e+00 -1.9243e+00 -1.0116e-01 +2.2634e+00 +2.8699e+00 -1.6414e+00 +1.0202e+00 +2.1899e+00 -4.9552e-01 +1.1588e+00 -2.1609e+00 -2.0747e+00 -9.5884e-01 -2.7879e+00 -1.5270e-01 -1.6479e+00 +2.2863e+00 +2.4998e+00 -2.8182e+00
80436 0 +1.774431084e+00 -2.213455689e+02 -2.213455689e+02 -1.1514e+00 +1.0367e+00 +2.4932e+00 +4.3169e-01 +1.5359e+00 +2.4462e+00 -9.2548e-01 +2.1579e+00 -6.9004e-01 +9.0316e-01 -2.6554e+00 +1.4883e+00 -1.4173e+00 -1.2266e+00 +1.7119e+00 +2.8300e-01 -1.7137e+00 -9.1881e-01 -2.6123e+00 +4.1306e-01
363509 0 +1.456737566e+00 -2.216632624e+02 -2.216632624e+02 +2.7773e+00 -1.5519e+00 +2.0147e+00 +6.6707e-01 -2.7214e+00 +1.2546e+00 -2.5911e+00 +1.7748e+00 -2.3893e+00 -9.8943e-01 -2.8917e+00 +4.4072e-01 +4.5155e-01 -5.3463e-01 +1.8417e+00 -8.5404e-01 -1.0772e-01 -1.0411e+00 -1.2951e+00 -2.0180e-01
10025432 0 +1.042128699e+00 -2.220778713e+02 -2.220778713e+02 +1.1844e+00 -6.3269e-01 +4.9065e-01 +2.0785e+00 -2.5824e+00 +1.5060e+00 +1.7995e+00 -2.5873e+00 -2.7409e+00 +6.4906e-01 -1.2857e+00 +1.2718e+00 -1.5602e+00 -1.4995e+00 -6.1535e-01 +1.0850e+00 +5.8912e-01 +3.6446e-01 -8.6389e-01 +2.8574e+00
% f evaluations | g evaluations | best noise-free fitness - Fopt (-4.443000000000e+01) + sum g_i+ | measured fitness | best measured fitness or single-digit g-values | x1 | x2...
1 0 +1.119977068e+01 -3.323022932e+01 -3.323022932e+01 +1.6894e+00 -2.6499e+00 -1.6110e+00 -3.5195e-02 +2.6834e+00 +1.2690e+00 -1.7494e+00 +1.5931e+00 +1.8609e+00 -3.1743e-01 -3.5110e-01 -1.9494e+00 +2.7785e+00 -1.7023e+00 -9.6888e-01 +1.5171e+00 +2.1245e+00 -5.1110e-01 -2.7455e+00 +5.8104e-01
2 0 +1.061660769e+01 -3.381339231e+01 -3.381339231e+01 -2.0784e+00 -2.9287e+00 -2.4932e+00 -2.0417e-01 -2.6562e+00 +8.9082e-02 +2.7781e+00 -1.5022e+00 -5.4153e-01 -2.1801e+00 +9.3934e-01 +1.6671e+00 -2.2628e+00 -2.6583e-01 +6.8834e-01 -7.5366e-01 -8.2495e-01 -1.0622e+00 +2.9510e+00 -8.7994e-01
7 0 +8.440180617e+00 -3.598981938e+01 -3.598981938e+01 +1.1377e+00 -3.8003e-01 -2.1651e+00 +1.8437e+00 -5.6383e-01 +3.1344e-01 +1.5650e+00 -1.8745e-01 -1.2932e+00 +1.2884e+00 -1.2393e+00 -1.0207e+00 -6.7850e-01 -6.7589e-01 +1.5730e+00 +1.1018e+00 +1.6452e+00 -1.8681e+00 +5.9754e-01 +1.6255e+00
8 0 +7.894307200e+00 -3.653569280e+01 -3.653569280e+01 -1.4178e-01 -1.7995e+00 +2.8967e+00 +3.8280e-01 +2.0518e-01 +2.4274e+00 -3.5421e-01 -1.0167e+00 +4.1010e-01 +2.4696e+00 -1.7057e+00 +1.1136e+00 -1.1131e+00 -2.8971e+00 +4.8456e-01 +7.3915e-01 -1.3269e+00 -1.9150e-01 -2.5647e+00 -1.5649e+00
24 0 +7.223877908e+00 -3.720612209e+01 -3.720612209e+01 +2.0112e+00 +1.1165e+00 -7.5992e-02 -1.2173e+00 +1.3969e+00 -1.9834e+00 -7.4698e-02 -1.5709e+00 +1.0751e+00 +1.9958e+00 +1.0377e+00 +2.1566e+00 +1.7641e+00 -1.6651e+00 +2.4805e+00 -5.5772e-01 +2.8150e+00 +2.6668e-01 -8.0015e-01 -1.6177e-01
59 0 +5.648652146e+00 -3.878134785e+01 -3.878134785e+01 +2.3567e+00 +2.2403e+00 +2.0097e+00 +2.1811e+00 +8.4045e-01 -6.4470e-01 -2.9652e+00 +6.7525e-01 -2.3106e+00 -1.7358e+00 -1.8780e+00 -2.2816e+00 +5.7085e-01 -1.4908e+00 +9.6869e-01 -1.6459e+00 +7.7857e-02 +2.3336e+00 +2.5367e+00 +2.5408e+00
224 0 +4.373461277e+00 -4.005653872e+01 -4.005653872e+01 +4.6411e-01 -2.2170e+00 -2.3514e+00 -2.7419e+00 +1.5546e+00 -5.4863e-02 -2.9651e+00 -1.7174e+00 -8.1509e-01 -2.8605e+00 +2.4599e+00 -9.0549e-01 +7.7354e-01 -1.0932e+00 -2.4880e+00 +2.2373e+00 -5.2795e-01 +2.5208e+00 -1.0473e-02 -1.9914e+00
486 0 +4.194775163e+00 -4.023522484e+01 -4.023522484e+01 +4.5024e-01 -2.2526e+00 -6.7951e-01 -2.5212e+00 +1.3143e+00 +1.5606e+00 +2.8749e+00 -7.7734e-01 +5.3930e-01 +1.2753e+00 -2.8075e+00 +2.2405e+00 -2.6078e+00 -1.7861e+00 -2.2200e+00 +4.7503e-01 +2.9119e+00 +8.8616e-01 -1.9501e+00 -2.5777e+00
1106 0 +3.629156529e+00 -4.080084347e+01 -4.080084347e+01 -1.5548e-02 -1.9988e+00 -2.6372e+00 +5.6762e-01 -5.8248e-01 +1.4826e+00 +5.4658e-01 -1.8531e+00 +2.5645e+00 +2.1923e+00 -2.3067e+00 -1.3610e+00 -6.6702e-01 +2.6495e+00 -1.2157e+00 +2.3841e-01 +1.7715e+00 +1.6435e-01 -1.8782e+00 -2.8723e+00
3481 0 +3.280088294e+00 -4.114991171e+01 -4.114991171e+01 +3.4679e-02 -7.3730e-01 +2.7331e+00 +2.4023e+00 +6.9578e-01 -2.2081e+00 +2.6370e+00 -3.8811e-01 -2.6999e+00 -2.5994e-01 -1.4872e+00 -6.0307e-01 +2.5785e+00 -2.4203e+00 +8.2485e-01 -1.1294e+00 +5.8598e-01 +2.2072e+00 -2.4669e+00 -1.6350e+00
5735 0 +2.992629409e+00 -4.143737059e+01 -4.143737059e+01 -8.9007e-01 +5.8401e-02 -2.9948e+00 -4.0752e-01 -2.8878e+00 -2.3956e+00 +2.4313e+00 +2.5799e+00 +2.5757e+00 +2.3953e+00 -6.1083e-01 +3.3987e-01 +7.1430e-01 +1.5332e+00 -2.9790e+00 -1.3332e+00 +1.7438e+00 -3.0956e-01 +2.0855e-01 -2.5036e+00
8238 0 +2.199386547e+00 -4.223061345e+01 -4.223061345e+01 +2.2934e+00 -1.4984e-01 +1.8891e+00 -5.5199e-01 +1.3321e+00 -5.8231e-03 +2.0617e+00 +3.2065e-01 -1.4549e+00 +2.0786e-01 +1.7655e-01 +1.5982e+00 -1.7007e+00 -1.1142e-02 +7.7215e-01 -1.2091e+00 +1.0564e+00 -2.0532e+00 +2.2380e+00 +5.2301e-01
21429 0 +2.096701431e+00 -4.233329857e+01 -4.233329857e+01 -1.8908e+00 -1.5777e-01 +1.6685e+00 -2.8324e+00 -5.6023e-02 -2.9118e+00 +1.1273e+00 +1.2001e+00 +1.5922e+00 -8.6921e-01 +1.8198e+00 -2.6665e+00 -2.3047e+00 +2.1659e+00 +1.0500e-01 +1.6577e+00 +2.6107e+00 -1.4954e+00 +2.0631e+00 +2.6135e+00
130164 0 +1.575851066e+00 -4.285414893e+01 -4.285414893e+01 -1.3606e+00 -1.7079e+00 +1.4888e-01 -1.1177e+00 -1.5092e-01 -2.4524e+00 +7.9879e-02 -1.2102e+00 -2.6922e+00 -5.4561e-01 -1.9152e+00 +3.3392e-01 -2.4568e+00 +2.5127e+00 -1.2426e+00 -5.1482e-01 -1.0968e-01 +2.9234e+00 +1.6950e+00 -1.2270e+00
1387855 0 +1.324419262e+00 -4.310558074e+01 -4.310558074e+01 -2.5443e+00 +3.6032e-01 +1.6869e+00 +1.4991e+00 -2.3560e+00 -1.9442e+00 -7.1043e-01 +2.0303e+00 -1.2705e+00 +2.6772e+00 +3.2781e-01 +2.9399e-01 -1.1142e+00 +2.4722e+00 +2.9572e+00 -6.0708e-01 +2.3299e+00 -1.6081e+00 +1.3391e+00 -1.6308e+00
2049755 0 +1.255100850e+00 -4.317489915e+01 -4.317489915e+01 -1.5355e+00 -7.9062e-01 +1.4616e-01 -1.9938e+00 -1.9296e+00 +2.0397e+00 +2.7818e+00 +1.0264e+00 -2.6399e+00 +2.5828e+00 -2.1198e+00 +6.5109e-01 +1.5976e+00 +2.7271e+00 +2.6389e+00 +2.9877e+00 -1.0515e+00 +4.9205e-01 +5.0028e-01 -2.0602e+00
15462933 0 +1.093535521e+00 -4.333646448e+01 -4.333646448e+01 -3.0772e-02 +1.5084e+00 +2.4037e+00 +1.2845e+00 +1.0074e+00 -1.4120e+00 +1.7435e+00 -1.6982e+00 -2.4455e-01 -2.9634e+00 -1.9459e+00 -6.4169e-01 +2.0854e+00 -1.0956e+00 +1.8878e+00 +2.3638e+00 +1.9833e+00 +3.0930e-01 +2.2402e+00 +7.8775e-01
% f evaluations | g evaluations | best noise-free fitness - Fopt (2.557800000000e+02) + sum g_i+ | measured fitness | best measured fitness or single-digit g-values | x1 | x2...
1 0 +8.409357076e+00 +2.641893571e+02 +2.641893571e+02 -1.4515e+00 +2.9503e+00 -2.1175e+00 -3.2595e-01 +3.6736e-01 -3.8379e-01 +2.1229e-01 +2.4247e+00 +1.6057e+00 -2.5021e+00 +6.1782e-01 -1.0954e+00 -1.2244e+00 +9.2199e-01 -2.8335e+00 -1.4381e-01 -2.7550e+00 +2.9803e+00 +1.4067e+00 -4.4797e-01
34 0 +6.914909157e+00 +2.626949092e+02 +2.626949092e+02 -1.9777e+00 -5.9719e-01 +1.3661e+00 -8.6469e-01 +1.1625e+00 -1.6430e+00 -8.8649e-01 -5.8275e-01 +2.0464e+00 +1.6271e-01 +2.8376e+00 -8.9509e-01 +3.2496e-02 -2.4274e+00 +2.3249e-01 -1.6467e-01 +1.7403e+00 -2.2527e+00 -1.8685e+00 +2.4026e+00
37 0 +5.598015093e+00 +2.613780151e+02 +2.613780151e+02 -4.7431e-01 -1.8249e+00 -1.1498e+00 +2.6337e+00 +8.0969e-01 +2.1244e+00 -1.9068e+00 +1.4377e+00 +2.7699e+00 -6.5792e-01 +2.3794e-01 -1.5959e-01 -1.1327e+00 +1.8042e+00 +2.0801e+00 -2.3030e+00 -8.6974e-01 +1.4379e-01 +9.3132e-01 -2.9489e+00
53 0 +4.615327398e+00 +2.603953274e+02 +2.603953274e+02 -1.8425e+00 +2.3311e+00 -2.1458e+00 +2.4451e+00 +1.7275e+00 +8.6685e-01 +4.5913e-01 +3.6318e-01 -2.0303e+00 +2.3030e+00 +2.2428e+00 -2.9495e-01 -8.1784e-02 -2.6812e+00 +1.8243e+00 +2.9936e-01 +3.9747e-01 +2.1065e-01 +2.1294e+00 +2.6579e+00
995 0 +4.554114617e+00 +2.603341146e+02 +2.603341146e+02 -1.6432e+00 -2.8547e+00 +1.2202e+00 -9.2548e-01 -2.2596e+00 +2.2195e+00 -9.4710e-01 +2.1012e+00 -1.0405e+00 -2.6981e-01 +1.8360e+00 -2.2292e+00 -1.4743e+00 +1.3227e+00 +2.3036e+00 -1.4614e+00 +2.6553e+00 -1.6730e+00 +1.1248e+00 +1.7709e+00
1462 0 +4.287185418e+00 +2.600671854e+02 +2.600671854e+02 +2.0996e+00 +1.5088e+00 +2.3940e+00 +2.0553e+00 -1.6432e+00 +2.7669e+00 -9.9385e-03 -2.4379e+00 +2.0888e+00 +9.6438e-01 -2.9731e+00 +3.4629e-01 -2.7572e+00 +5.1388e-01 -5.3272e-01 -1.1594e+00 -1.4016e-01 +1.1324e+00 +1.4650e+00 +8.3711e-02
1509 0 +4.068877392e+00 +2.598488774e+02 +2.598488774e+02 -2.2021e+00 +1.2928e+00 -1.4506e+00 +2.9969e-01 +8.0837e-01 -2.1593e+00 -2.5753e-01 -8.8669e-02 -7.0518e-01 +1.0798e+00 -4.7638e-01 -2.4193e+00 -2.9639e+00 +2.4517e+00 -1.4028e+00 +2.0271e+00 -2.3444e+00 +1.3109e-01 -2.7729e+00 +2.6030e+00
2402 0 +3.891048039e+00 +2.596710480e+02 +2.596710480e+02 -1.3171e-01 +3.9303e-01 -1.7911e+00 -1.0938e+00 +8.7040e-02 -4.6398e-02 -2.4877e+00 +2.0185e+00 +1.8826e+00 +2.0966e+00 -1.5079e+00 -1.4028e+00 +8.3344e-01 -2.8776e+00 +2.4137e+00 -2.3513e+00 +1.1975e+00 -2.9847e+00 -2.7614e+00 +2.2730e+00
2472 0 +3.884683814e+00 +2.596646838e+02 +2.596646838e+02 +4.2835e-01 +2.6211e-01 -2.4158e+00 -1.8344e+00 -4.9237e-01 +2.8105e+00 +3.3733e-01 -1.9179e+00 -2.4322e+00 +7.7215e-01 +2.0637e+00 +2.1830e-01 -9.0111e-01 +2.4169e+00 +1.5023e+00 -5.6862e-01 +2.7496e+00 -2.4435e+00 +2.7952e+00 +2.0863e+00
3112 0 +3.460038731e+00 +2.592400387e+02 +2.592400387e+02 -5.9660e-02 -1.2749e+00 +5.9942e-01 -2.0194e+00 +6.6526e-01 +1.4308e+00 +2.9855e+00 +1.9434e+00 -1.3167e+00 -2.4668e+00 -1.2198e+00 +1.2552e+00 +2.7384e+00 -1.4692e+00 -2.5120e+00 -2.3546e+00 -2.6367e-01 +6.3211e-01 -4.8791e-01 +7.9406e-01
4321 0 +2.787828756e+00 +2.585678288e+02 +2.585678288e+02 -1.1830e+00 -1.4526e+00 +5.8256e-01 -1.6680e+00 -1.0054e+00 -2.5791e+00 +2.7067e+00 +7.7723e-01 +9.1533e-01 +1.8401e+00 +2.0029e+00 -2.3546e+00 +7.9573e-01 -1.2783e-02 -2.3172e+00 +1.7025e+00 -8.8326e-01 +4.5761e-01 -1.1510e+00 -2.1142e+00
6563 0 +2.747206626e+00 +2.585272066e+02 +2.585272066e+02 -2.8068e+00 +1.1402e+00 -1.7491e+00 -2.0702e+00 -2.2330e+00 +5.6302e-01 -1.5712e+00 -2.6004e+00 -8.9666e-01 +1.3580e+00 +6.6225e-01 +4.3215e-01 -2.2335e+00 -2.3729e+00 -2.1365e+00 +1.9923e+00 +1.6987e+00 +1.8977e+00 +3.6466e-02 -1.5853e+00
100435 0 +2.083068062e+00 +2.578630681e+02 +2.578630681e+02 -8.4450e-01 +2.5811e+00 +2.4847e+00 +1.7136e+00 +9.6117e-01 +6.6078e-01 +4.0638e-01 -9.8579e-01 -2.1078e+00 +3.2036e-01 -1.8051e+00 -1.8608e+00 +5.9644e-02 +1.0631e-01 -1.3550e+00 -1.7187e+00 -1.5636e+00 +7.3383e-01 +2.8826e+00 +2.2205e+00
389466 0 +1.513530254e+00 +2.572935303e+02 +2.572935303e+02 -1.9450e+00 +1.8726e+00 -1.2577e+00 -4.1134e-01 +2.0951e+00 +8.9731e-01 +9.9383e-01 -1.5619e+00 +2.2169e+00 +7.9586e-01 -1.5792e-02 +1.9513e+00 -1.9987e-01 +9.3243e-01 +1.6530e+00 +4.3182e-01 -1.5931e+00 +1.0259e+00 +7.9019e-01 -1.3004e+00
916508 0 +1.460125973e+00 +2.572401260e+02 +2.572401260e+02 +2.9127e+00 +2.6141e+00 -2.7602e+00 +2.9435e+00 -7.3220e-01 -3.3963e-01 +1.5486e+00 -1.7791e+00 +2.4286e-01 +5.3563e-01 +2.5097e-01 +1.5693e-01 +9.1727e-01 +1.9154e+00 -6.1270e-01 +1.2979e+00 -7.9996e-01 +1.6458e+00 -6.3502e-01 +2.7936e+00
1089675 0 +1.177058280e+00 +2.569570583e+02 +2.569570583e+02 -2.9534e+00 -1.5268e+00 -1.8758e+00 +2.2712e+00 -2.0350e+00 -1.9587e+00 +1.6057e+00 -5.0044e-01 +1.0997e+00 +1.4990e-02 -2.1787e+00 -1.5982e+00 +2.5091e+00 -2.7517e+00 +3.9344e-01 +1.5708e+00 +3.1349e-01 -1.7923e-01 -5.5424e-01 +1.2880e+00
10212900 0 +1.019686466e+00 +2.567996865e+02 +2.567996865e+02 -1.5936e+00 -2.1114e+00 -1.0143e+00 +1.0526e+00 +7.5703e-02 -4.3408e-01 -2.1548e+00 -5.7000e-01 +1.3404e+00 -2.1383e-01 +2.9817e+00 -2.8880e-01 +3.4329e-01 -1.0691e+00 -8.0030e-01 -1.1831e+00 +8.1262e-01 +2.0999e+00 +2.0479e+00 +1.3507e+00
% f evaluations | g evaluations | best noise-free fitness - Fopt (1.000000000000e+03) + sum g_i+ | measured fitness | best measured fitness or single-digit g-values | x1 | x2...
1 0 +1.834907518e+01 +1.018349075e+03 +1.018349075e+03 +1.2853e+00 -2.0411e+00 +2.7585e+00 -2.3382e+00 -9.1603e-01 +1.3990e+00 +2.9774e+00 -9.1746e-01 -2.1122e+00 -1.4105e+00 +2.0358e+00 +2.1259e-02 +2.8673e+00 +5.8258e-01 +6.4027e-01 -1.8283e+00 -1.3526e+00 +2.6214e+00 +2.2187e-01 +1.1584e+00
2 0 +1.358977613e+01 +1.013589776e+03 +1.013589776e+03 -9.7567e-01 -2.5101e-01 -7.0896e-01 +2.5941e+00 -3.2483e-01 -7.8334e-01 -9.1849e-02 +2.0646e+00 -1.2020e+00 +1.6361e-01 -8.6508e-02 -4.5630e-01 -5.3212e-01 -2.6458e+00 -1.9149e+00 -2.0620e+00 -1.0322e+00 -1.6949e+00 -2.7380e+00 -2.4517e+00
3 0 +1.315908280e+01 +1.013159083e+03 +1.013159083e+03 -2.6514e+00 -9.6911e-02 -2.2235e+00 +1.7526e+00 -4.1671e-01 +1.3704e+00 -2.0582e+00 -2.1214e+00 -1.8389e+00 -5.3201e-01 +6.2167e-01 -4.6282e-01 +1.4473e-01 +1.1852e+00 -1.6652e+00 +2.1336e+00 +8.5391e-01 +1.0521e+00 +2.7466e+00 +1.0366e+00
4 0 +1.015178858e+01 +1.010151789e+03 +1.010151789e+03 -1.4376e+00 +1.6188e+00 +2.2861e+00 -2.9694e+00 -9.6545e-01 +1.6293e+00 -1.5455e+00 +2.1320e+00 +1.2419e-01 +9.7644e-01 +3.9433e-01 -2.4074e+00 +2.8999e+00 +2.3041e+00 +3.3011e-01 -7.5800e-01 -9.7657e-02 +1.4826e+00 +1.5032e+00 -1.8774e+00
7 0 +6.997249961e+00 +1.006997250e+03 +1.006997250e+03 -8.2226e-01 -2.1378e+00 +1.4286e+00 -1.6582e+00 -5.9174e-01 -1.0527e+00 -2.2822e+00 -1.5598e+00 -2.4049e+00 +1.6367e+00 +2.6684e+00 +2.7372e+00 -7.1159e-01 +3.7004e-02 -6.6083e-01 -1.3580e+00 +2.7276e+00 -1.3287e+00 +2.0676e+00 +2.6752e+00
24 0 +5.560207230e+00 +1.005560207e+03 +1.005560207e+03 -1.2285e+00 +1.4845e+00 +2.9840e+00 +1.1402e+00 +2.4442e+00 -2.6859e+00 +9.2671e-01 -7.5449e-01 +1.4687e+00 -4.0165e-01 +5.1812e-01 +7.9877e-01 -1.4180e+00 +2.8433e+00 -1.5630e+00 -8.1779e-02 -2.5587e+00 -1.0962e+00 -2.6055e-02 -1.1270e+00
268 0 +4.165813539e+00 +1.004165814e+03 +1.004165814e+03 -4.5521e-02 -2.3177e+00 -8.1823e-01 +1.2852e+00 +2.7356e+00 -8.1031e-01 -2.3476e+00 +1.5797e+00 +4.5363e-01 +2.2577e+00 +2.4460e+00 +1.3510e+00 +2.0055e+00 -1.8261e+00 +1.2342e+00 +2.8652e+00 -1.6437e+00 -2.3598e+00 +2.1039e+00 -7.6670e-02
322 0 +2.826668673e+00 +1.002826669e+03 +1.002826669e+03 -1.9017e+00 +2.6832e+00 +3.4980e-01 +3.4022e-01 -2.6882e+00 -2.8647e+00 +6.0810e-02 -1.6954e+00 +2.0865e+00 +2.5451e+00 -2.2777e+00 -2.4036e+00 +2.0371e+00 -7.4301e-01 +2.2714e+00 +2.0069e+00 -2.2673e+00 +1.1061e+00 -1.9106e+00 -2.5777e+00
1030 0 +2.384134049e+00 +1.002384134e+03 +1.002384134e+03 -1.5972e+00 -2.1612e+00 -1.1244e+00 -4.9771e-01 -9.1592e-01 -2.5905e+00 -1.0363e+00 +2.9356e-02 +2.2007e+00 +2.0415e+00 +1.5743e+00 +1.2067e+00 +2.0294e+00 +3.3929e-01 -9.7475e-01 -1.8802e+00 -2.1153e+00 -1.0733e-01 +2.9345e+00 +2.7288e+00
18610 0 +2.250712230e+00 +1.002250712e+03 +1.002250712e+03 +1.6845e+00 -2.3925e+00 +3.4670e-01 -2.0274e+00 +2.5544e+00 +2.0522e+00 -1.4698e+00 -4.5348e-01 -1.0213e+00 +7.8533e-01 +2.0903e+00 -2.1028e+00 -2.3589e+00 +2.0997e+00 +6.9346e-01 +1.6630e-02 -6.4253e-01 -2.5770e+00 +2.1344e-01 -2.4388e+00
43551 0 +2.050574768e+00 +1.002050575e+03 +1.002050575e+03 -8.8426e-01 -6.0898e-01 +1.0893e+00 +1.8365e+00 +1.1178e+00 +1.7714e+00 +1.2040e+00 -1.3475e+00 -1.2759e+00 -2.9229e-01 -2.5334e+00 -1.2388e+00 +2.1232e+00 -8.5888e-01 +1.6094e+00 +7.5786e-01 +1.1384e+00 -1.0027e+00 -1.3767e+00 -2.4322e+00
161072 0 +2.009621223e+00 +1.002009621e+03 +1.002009621e+03 +2.1114e+00 +2.3219e+00 -2.7316e+00 +2.0032e+00 -1.1724e+00 -1.4288e-01 +5.6214e-01 -2.7170e+00 +1.6213e+00 +1.5584e+00 +2.9796e-01 -2.9285e+00 +8.1323e-01 -4.8553e-01 +1.3275e+00 +1.0287e+00 +3.8101e-01 +1.9009e+00 -1.7792e+00 -1.9042e+00
536990 0 +1.834808870e+00 +1.001834809e+03 +1.001834809e+03 +1.0339e+00 -1.6934e+00 -1.5768e+00 -4.9210e-01 +1.2716e-01 -4.6529e-01 +2.5300e+00 +2.9291e+00 +2.8438e+00 +1.8178e+00 +2.0051e+00 +1.0918e+00 -1.1536e+00 +3.3178e-01 +2.1850e+00 +1.2329e+00 -1.3048e+00 -7.8466e-01 -1.9437e-02 +1.1736e+00
1397290 0 +1.364681488e+00 +1.001364681e+03 +1.001364681e+03 +3.6723e-01 -2.4714e-01 -3.8474e-01 -8.4407e-01 +1.6827e+00 -2.3379e+00 -6.7717e-02 -2.1680e+00 +3.5468e-01 -2.5881e+00 -9.3304e-01 +2.0822e+00 +4.2387e-01 -6.8772e-01 -7.4752e-01 +1.0075e+00 -1.7254e+00 -9.1512e-02 +2.0382e+00 +1.4352e+00
2790440 0 +1.245151930e+00 +1.001245152e+03 +1.001245152e+03 -3.4761e-01 +2.8672e+00 -1.3744e+00 +2.4046e+00 -3.0882e-01 +1.7137e+00 +2.8678e+00 +9.3382e-01 -2.3748e+00 +1.4387e+00 -1.1434e+00 -8.9593e-02 +1.4553e+00 -2.5640e+00 +1.6658e+00 +1.4081e+00 -3.5642e-02 +1.2204e+00 -1.4796e+00 -3.8785e-01
7965134 0 +9.000242812e-01 +1.000900024e+03 +1.000900024e+03 -1.6572e+00 -2.9174e+00 +6.9816e-01 +6.4522e-01 -1.0838e+00 +2.4132e-01 +2.2103e+00 -2.3679e+00 +9.1421e-01 -2.2661e+00 +1.4127e+00 +2.8418e+00 +1.5599e+00 -7.0602e-01 -1.3642e-01 +1.6014e+00 +1.2813e+00 +2.2060e+00 +1.5701e+00 -1.3678e+00
% f evaluations | g evaluations | best noise-free fitness - Fopt (-1.869500000000e+02) + sum g_i+ | measured fitness | best measured fitness or single-digit g-values | x1 | x2...
1 0 +1.836036932e+01 -1.685896307e+02 -1.685896307e+02 -2.0657e+00 -2.6657e+00 -7.4850e-01 +3.6658e-02 +2.9591e+00 +1.9615e+00 +1.1834e+00 +2.2385e+00 -2.4058e+00 +1.5957e+00 +1.9270e+00 +1.0553e+00 +6.8042e-01 +1.1256e+00 +1.5216e+00 -1.1569e+00 -2.9264e-01 +2.3774e+00 +2.3924e+00 +1.5645e+00
2 0 +9.615789023e+00 -1.773342110e+02 -1.773342110e+02 +8.6522e-01 +1.3111e+00 +2.6710e+00 -9.4378e-01 +1.1791e+00 -6.4550e-01 -1.1630e+00 +4.9207e-01 -2.1446e+00 +1.8449e+00 +2.1862e+00 +8.0805e-01 +1.6640e+00 +1.3910e+00 -1.9198e+00 +2.8738e+00 -2.3966e+00 -1.3976e-01 +9.3457e-01 +1.0992e+00
3 0 +9.248628042e+00 -1.777013720e+02 -1.777013720e+02 -1.7843e-01 -1.4627e+00 -7.6481e-01 +1.5866e+00 -3.8130e-01 +2.4511e-01 -3.1282e-01 +9.7417e-01 -2.3543e+00 -5.7540e-01 -2.9552e+00 +1.2473e+00 -2.8840e+00 -8.2595e-01 -1.7881e+00 -2.6280e+00 -1.4278e+00 +1.5100e+00 +1.7927e+00 -5.7884e-01
13 0 +8.067884112e+00 -1.788821159e+02 -1.788821159e+02 +1.7538e+00 -1.8580e+00 +2.0772e-01 -3.8691e-01 +1.2172e+00 -3.3633e-01 +1.2484e+00 -1.6532e+00 +8.1109e-01 +1.9695e+00 +1.4200e+00 -2.6507e+00 +2.0958e+00 +1.5334e+00 -4.7073e-01 +2.4753e-01 +3.3133e-01 -2.6922e-01 +5.4439e-01 -5.0398e-01
47 0 +7.790721129e+00 -1.791592789e+02 -1.791592789e+02 +5.8212e-01 +2.9153e+00 +2.6688e+00 +1.9699e+00 -3.9434e-01 +1.0356e+00 +5.6013e-01 +1.0469e+00 -9.2082e-01 +1.0005e+00 +1.3562e+00 +2.3814e+00 +4.0259e-01 -5.0403e-01 +1.3031e-02 -1.1640e+00 -2.6554e+00 -2.5824e+00 +2.1188e+00 -6.5150e-01
52 0 +7.553180509e+00 -1.793968195e+02 -1.793968195e+02 -2.7549e+00 -1.1752e+00 +1.5162e+00 -1.3765e+00 -1.1801e+00 +1.3227e+00 -2.5495e+00 +3.3452e-01 -2.6260e+00 -2.5090e+00 +1.0561e+00 -2.7192e-01 -2.0342e+00 +1.6129e+00 +2.3210e+00 +5.1125e-01 -1.8383e+00 +1.4498e+00 +6.4179e-01 +2.8228e+00
64 0 +6.495758822e+00 -1.804542412e+02 -1.804542412e+02 -1.3289e+00 +1.4651e+00 +2.5304e+00 +1.2460e+00 +2.0875e+00 +3.5159e-01 -2.9840e+00 +2.1592e+00 +2.6460e-01 +1.6183e+00 +8.7215e-01 +7.9401e-01 -5.6210e-01 +2.4824e+00 +3.9782e-01 -1.7870e+00 -2.6921e+00 -3.8818e-01 +5.1371e-01 -1.3282e+00
111 0 +6.052154978e+00 -1.808978450e+02 -1.808978450e+02 -1.9168e+00 -9.5247e-01 +5.0496e-01 -3.2930e-01 +1.3594e+00 +1.7098e+00 +1.0373e+00 +2.0096e+00 -4.0725e-01 -2.2559e+00 +2.0128e+00 -9.7646e-01 -1.3085e+00 -6.9231e-01 -1.0780e+00 -9.1584e-01 -1.8739e+00 +8.4057e-01 +1.1027e-01 -2.9887e-02
155 0 +5.250363962e+00 -1.816996360e+02 -1.816996360e+02 -1.0139e+00 +1.2841e+00 +2.7220e+00 -2.5408e+00 +7.7857e-01 +1.6294e+00 +2.4091e+00 -1.4272e+00 +2.6486e-01 +2.5653e+00 +1.1135e+00 +5.4338e-01 +2.5328e+00 +2.0155e+00 -7.6479e-01 +2.0236e+00 -1.4434e+00 +2.9599e+00 +5.6939e-01 +2.4411e+00
234 0 +5.192253749e+00 -1.817577463e+02 -1.817577463e+02 +1.0543e+00 -5.6719e-01 +2.3623e+00 -2.7725e+00 +4.3565e-01 +1.3422e+00 -2.1179e+00 +8.4520e-01 -5.1779e-02 +3.5717e-01 -6.8916e-01 -2.5004e-01 -1.4530e+00 -5.3538e-01 -2.6301e+00 -2.8427e+00 -2.2864e+00 +2.1626e-01 +5.0527e-01 +1.6764e+00
288 0 +3.812034065e+00 -1.831379659e+02 -1.831379659e+02 -1.0577e+00 -2.2904e-01 -2.9918e+00 -2.5258e+00 +3.8950e-01 -1.4409e+00 -1.7901e+00 +8.0672e-01 +6.9379e-01 -1.2175e+00 +1.6931e+00 +3.7689e-01 -1.0518e+00 +2.2867e+00 -2.3627e+00 -7.8855e-01 -9.8610e-02 -1.7696e+00 -1.1357e+00 -2.0213e-01
416 0 +2.627986567e+00 -1.843220134e+02 -1.843220134e+02 +2.8495e+00 +2.0973e+00 +2.5972e+00 +1.0332e+00 -2.3073e-01 +1.2470e+00 +1.6069e+00 +4.5732e-01 -2.2500e+00 -9.3325e-01 -2.3000e+00 +4.1738e-01 -8.7586e-01 +2.2897e+00 +2.3971e+00 -8.0786e-01 +1.1669e+00 -1.1211e+00 -8.8065e-01 -1.0238e+00
64704 0 +2.063296444e+00 -1.848867036e+02 -1.848867036e+02 -2.3282e+00 -1.7124e+00 -8.1406e-01 +8.6702e-01 -6.9218e-01 -1.7211e+00 +9.8359e-01 -1.3944e+00 -1.0179e+00 -8.9760e-01 -2.6258e+00 -8.2426e-01 +1.3356e+00 -2.8748e+00 -1.5926e+00 -1.9915e+00 +2.6452e+00 +1.2106e+00 -9.2489e-02 +1.4871e+00
209162 0 +2.030073681e+00 -1.849199263e+02 -1.849199263e+02 -2.8430e+00 +2.3997e+00 -2.7804e+00 +2.4834e+00 -1.7698e+00 +2.5219e+00 +1.3456e+00 -2.4176e+00 -2.0673e+00 +4.8006e-02 +1.4598e+00 -1.0995e+00 +5.3517e-01 +1.0275e+00 +2.0004e+00 +8.1630e-01 +7.5392e-01 +2.8460e-01 +4.9576e-01 -6.5781e-01
257402 0 +1.356201346e+00 -1.855937987e+02 -1.855937987e+02 +2.3706e+00 -2.3969e+00 +2.1133e+00 -9.4977e-02 +1.8365e+00 -5.2958e-01 -8.5838e-01 +4.2455e-01 +2.6916e+00 +1.3204e+00 -1.9059e+00 +1.2602e+00 -2.6654e+00 -1.8513e+00 -1.2588e+00 -1.6655e-01 +4.1241e-01 +1.9471e+00 -4.0420e-02 -2.7502e+00
15136965 0 +1.155365711e+00 -1.857946343e+02 -1.857946343e+02 -1.1824e+00 -1.1393e+00 +5.5310e-01 +3.8372e-01 -4.1831e-01 +5.8447e-02 +2.8981e+00 -1.7587e+00 +2.5290e+00 -2.6847e-02 -1.3923e+00 +1.9821e+00 +1.0153e+00 -6.9990e-01 +2.9424e+00 -1.5813e+00 +8.1863e-02 -2.8225e+00 -2.2459e+00 +1.8254e+00
% f evaluations | g evaluations | best noise-free fitness - Fopt (5.859500000000e+02) + sum g_i+ | measured fitness | best measured fitness or single-digit g-values | x1 | x2...
1 0 +9.251235863e+00 +5.952012359e+02 +5.952012359e+02 -2.7445e+00 +1.7121e+00 +1.5937e+00 -1.8342e+00 -2.8037e-01 -8.8389e-01 +2.8663e+00 -4.1152e-01 -1.7686e+00 -2.0327e+00 +1.9956e+00 +6.5214e-01 +2.3619e+00 -2.3017e+00 -3.4055e-02 -1.3574e+00 +3.6942e-01 -8.5310e-01 -1.3434e+00 -1.5135e+00
13 0 +7.263270676e+00 +5.932132707e+02 +5.932132707e+02 -2.3047e+00 +1.1380e+00 +1.4486e+00 -1.6421e-01 +1.8609e+00 -3.0016e-01 -2.3697e+00 -6.7987e-01 -6.3317e-01 +2.6847e+00 -2.2523e+00 +3.3279e-01 -9.5641e-01 +9.8206e-01 +2.6358e+00 +1.1160e-01 +1.2260e+00 -2.1048e+00 -2.8175e+00 +2.1569e+00
42 0 +7.167082139e+00 +5.931170821e+02 +5.931170821e+02 -1.5578e+00 +8.5745e-01 +1.4354e+00 +2.9348e+00 -1.5849e+00 -1.8005e+00 -1.0578e+00 +2.4097e-01 -9.6209e-01 -1.8766e+00 -1.7877e+00 -1.0552e+00 +1.0393e+00 +2.0045e-01 -1.3793e+00 -1.4389e+00 +2.3361e+00 -2.3082e+00 +1.2263e+00 +2.6647e+00
56 0 +5.402531454e+00 +5.913525315e+02 +5.913525315e+02 -2.6396e+00 -1.8800e+00 -9.9634e-01 +7.5875e-01 +2.3392e+00 -1.0980e+00 +6.9335e-01 -2.0693e+00 +1.3204e-01 +1.8738e+00 +1.4089e+00 -2.4469e-01 -2.2818e+00 +4.1126e-01 +1.5333e+00 +9.2464e-01 +6.0529e-01 +1.9527e+00 +2.7465e+00 -1.5220e+00
67 0 +4.323445109e+00 +5.902734451e+02 +5.902734451e+02 -1.4781e+00 +1.8513e+00 -1.0142e+00 +8.1299e-01 +6.6696e-01 -2.4593e+00 -2.9072e+00 +1.9126e+00 -2.3067e+00 +8.8063e-01 -1.1822e+00 +1.9991e+00 -1.1514e+00 +2.1092e+00 +2.1105e+00 +1.4321e+00 +2.4609e+00 -7.8933e-01 +4.2013e-01 +2.3538e-02
377 0 +3.414913650e+00 +5.893649136e+02 +5.893649136e+02 +2.1659e+00 +1.9429e+00 -7.7133e-01 -1.3408e+00 -1.5451e+00 +3.6332e-01 +2.1746e+00 +2.4888e+00 -6.1538e-01 -1.7685e+00 -2.2297e+00 -1.7862e+00 +2.7335e+00 -2.1947e+00 +2.8167e+00 -1.9249e+00 +1.5248e+00 +8.3612e-01 +1.5338e+00 +1.5519e+00
3572 0 +2.582626492e+00 +5.885326265e+02 +5.885326265e+02 -2.4977e+00 +5.9191e-01 -1.1459e+00 -2.2557e+00 -2.5236e+00 +2.3150e-01 -2.9241e+00 -1.5556e+00 -1.6093e+00 +1.0700e+00 -2.3925e+00 -1.9249e+00 +1.1260e-03 -2.6232e+00 -2.2067e+00 +4.8759e-01 -1.8877e+00 +2.2936e+00 -2.8119e-01 -6.1607e-01
7352 0 +1.683832757e+00 +5.876338328e+02 +5.876338328e+02 -4.4146e-01 -2.6798e-02 +2.9581e+00 +1.8741e-01 +4.2614e-01 +1.0155e+00 -2.8052e+00 +2.6940e+00 +2.6929e+00 +2.9362e+00 -8.7944e-01 -2.0631e+00 -9.7224e-01 +1.4489e+00 +2.4074e+00 +2.2341e+00 +2.9943e-01 -4.2275e-01 +1.2080e+00 -9.7413e-01
198471 0 +1.448102086e+00 +5.873981021e+02 +5.873981021e+02 -2.8879e+00 +1.5717e+00 -1.7037e+00 -1.3347e+00 +2.9550e+00 -2.5857e+00 -8.4925e-01 +2.6642e+00 +3.5848e-01 -1.4585e+00 +2.5692e+00 -4.7088e-01 +2.4197e+00 +1.1417e+00 -7.6733e-01 -2.6335e-01 -1.0660e+00 +1.7482e+00 +2.3188e+00 -2.4916e+00
7371567 0 +1.359708023e+00 +5.873097080e+02 +5.873097080e+02 -1.1757e+00 -2.2207e+00 +1.8035e+00 -1.2295e+00 +2.2234e+00 +8.4110e-01 +7.1399e-01 -1.5119e+00 -2.3740e+00 +3.9707e-02 +1.0237e+00 -2.5614e+00 +6.9606e-01 +1.7494e-01 +2.4569e+00 +9.1077e-01 -2.3422e+00 +1.7742e+00 -2.6802e-01 -1.3708e+00
7533971 0 +1.331008457e+00 +5.872810085e+02 +5.872810085e+02 +1.7810e+00 -2.5289e-01 +2.5689e+00 -1.5256e+00 +1.7715e+00 -7.4990e-01 -8.0254e-01 +1.6431e+00 +1.7271e+00 -7.3039e-01 -1.0795e+00 +1.6968e+00 -7.1613e-01 -6.0677e-01 -1.3343e+00 +2.5876e+00 +2.3827e+00 +2.3357e+00 -5.0776e-01 +2.3871e+00
17766269 0 +1.164401579e+00 +5.871144016e+02 +5.871144016e+02 -2.0226e+00 -6.3459e-01 +1.8095e+00 +6.2835e-01 +1.0319e-01 -3.0430e-02 +1.3567e+00 +2.7826e-01 +9.9162e-01 -7.4188e-01 +1.8222e+00 +2.2561e+00 +2.0730e+00 -2.6296e+00 +1.9465e+00 -2.1781e+00 -2.5926e+00 -1.3939e+00 +1.8097e-01 -2.0788e+00
% f evaluations | g evaluations | best noise-free fitness - Fopt (2.871600000000e+02) + sum g_i+ | measured fitness | best measured fitness or single-digit g-values | x1 | x2...
1 0 +2.403632238e+01 +3.111963224e+02 +3.111963224e+02 +1.5468e+00 +2.7338e+00 +5.0090e-01 -1.6247e+00 +8.2701e-02 +1.3579e+00 -7.5460e-01 -1.7331e+00 +1.7955e-01 -2.4221e+00 -1.8189e+00 -2.6539e+00 -1.8026e+00 +2.7343e+00 +2.6592e+00 +2.5049e-01 -1.6951e+00 -2.3698e+00 -2.9212e-01 -3.6956e-01
2 0 +7.945635246e+00 +2.951056352e+02 +2.951056352e+02 -2.6247e+00 -2.7627e+00 -8.7312e-01 -8.7742e-01 +2.1858e+00 +2.0777e+00 +2.7273e+00 -2.5538e+00 +1.0041e-01 -2.8414e+00 -3.3935e-01 +5.2064e-01 -2.1324e+00 -1.0534e-01 +1.1121e+00 -1.3948e+00 -1.6051e+00 +1.8514e+00 +1.4434e-01 -2.7737e+00
6 0 +7.109953240e+00 +2.942699532e+02 +2.942699532e+02 -1.0783e+00 -7.4070e-02 -2.3508e+00 +6.9725e-01 +1.2194e+00 -2.4169e+00 +1.8750e-01 -2.7932e+00 -1.3155e+00 +1.7204e+00 -1.9088e+00 +9.6975e-01 -1.6045e+00 +1.5052e+00 +6.0787e-01 +9.4494e-01 +1.0509e+00 +2.1274e+00 -1.4444e+00 +1.4577e+00
40 0 +6.747375181e+00 +2.939073752e+02 +2.939073752e+02 +2.5055e+00 -1.1723e+00 +1.0314e+00 +1.7293e+00 -6.9237e-02 +1.1399e+00 -2.4335e+00 +2.9664e-01 +1.7731e+00 -1.1862e-01 +7.2052e-01 +5.9016e-02 -1.5152e+00 +1.3746e+00 +6.3976e-01 +1.1109e+00 +2.9860e+00 -6.8981e-01 -1.0612e+00 +8.7863e-03
54 0 +5.693709717e+00 +2.928537097e+02 +2.928537097e+02 -1.0467e+00 +2.0473e+00 +2.9532e+00 -1.6892e+00 -1.6121e-01 -1.2693e+00 +2.0663e+00 -2.2581e+00 -1.7742e+00 +2.1964e+00 -4.2830e-01 +8.1930e-01 +1.6141e+00 -9.6867e-01 +1.0055e+00 +8.1333e-01 -3.0982e-01 -1.0373e+00 -1.8487e+00 -2.8819e+00
167 0 +5.168234257e+00 +2.923282343e+02 +2.923282343e+02 +7.6317e-01 +2.0252e+00 +2.7498e+00 +1.1800e+00 -1.0310e+00 -1.3101e+00 -1.2536e+00 -1.3132e+00 -2.2225e+00 -5.3798e-01 -1.7905e+00 +1.3738e+00 +3.6683e-01 -2.8023e+00 -2.4158e+00 +1.8204e+00 +1.4864e-01 +1.3796e+00 -2.8029e+00 -1.0064e+00
187 0 +4.968588971e+00 +2.921285890e+02 +2.921285890e+02 +2.9916e+00 -1.0936e+00 +1.7674e+00 +6.5960e-01 -9.8898e-01 -1.8376e+00 -1.2170e+00 -1.7608e+00 +2.5878e+00 -6.7408e-01 +2.4099e+00 +1.6459e+00 -1.9501e+00 +2.7678e+00 +1.9930e+00 +2.2482e+00 -2.2501e+00 -2.1541e+00 +1.4208e+00 +2.7634e+00
244 0 +4.687859016e+00 +2.918478590e+02 +2.918478590e+02 -5.2808e-01 +7.4414e-01 +2.2872e-01 +1.0122e+00 +2.1783e-01 +1.6392e+00 -2.0336e-01 -2.6320e+00 -3.0587e-02 +1.3247e+00 -1.1061e+00 +1.8930e+00 -2.9500e-01 +2.9855e+00 +1.6513e+00 -9.2860e-02 -1.2513e+00 -2.7719e+00 -1.0455e+00 +2.1774e+00
517 0 +3.888546176e+00 +2.910485462e+02 +2.910485462e+02 +2.0506e+00 -2.8658e+00 +2.6328e+00 +2.8122e+00 -9.3304e-01 +1.8028e+00 -1.1039e+00 -2.8601e+00 +5.2655e-01 -1.2956e+00 +1.1439e-01 +1.2541e+00 -2.0470e+00 +1.0782e+00 -1.3390e-01 -7.5519e-01 +1.3070e+00 +1.1738e+00 +1.7422e+00 -2.5243e+00
927 0 +3.130260103e+00 +2.902902601e+02 +2.902902601e+02 -1.7050e+00 -4.7429e-01 -1.4138e+00 +5.8638e-01 -8.8089e-01 +9.0431e-01 -1.1537e+00 +3.3607e-01 +1.3037e+00 +1.2283e+00 -1.4475e+00 -5.9282e-01 +3.7111e-01 +1.9381e+00 +8.6215e-01 -1.5915e+00 +1.4457e-01 -2.6041e+00 -1.5345e+00 -1.6341e+00
8308 0 +2.748606027e+00 +2.899086060e+02 +2.899086060e+02 -1.0694e+00 +1.0860e+00 -1.3613e+00 +5.7187e-01 -1.9003e+00 +1.2876e+00 +2.5300e+00 +1.8973e+00 -2.7851e+00 -1.3986e+00 -8.7953e-01 -1.0992e+00 +7.5783e-01 -4.8920e-01 -6.7546e-01 -1.1771e+00 +1.1152e+00 +9.3449e-01 -1.9753e+00 -1.2788e+00
16725 0 +2.516729355e+00 +2.896767294e+02 +2.896767294e+02 -2.8211e+00 -1.8072e+00 +1.5287e+00 +2.7890e+00 +1.9680e+00 +2.7274e+00 +2.4915e+00 +1.0889e+00 -4.3749e-01 +8.3406e-01 -2.6355e+00 +1.3790e+00 +2.9776e+00 -1.2502e+00 -2.3663e+00 +2.3312e+00 +2.0719e+00 -1.1437e-01 -2.4090e-01 +1.0476e+00
35808 0 +2.257618704e+00 +2.894176187e+02 +2.894176187e+02 +1.2367e+00 -2.1022e+00 +1.5176e+00 +1.5132e+00 +2.5191e+00 -2.5359e+00 -2.7302e+00 -3.4570e-01 -2.2724e+00 +2.2357e+00 +5.6555e-01 +2.3910e+00 +1.1584e-01 -2.3378e+00 +1.4229e+00 -2.0101e+00 +8.6768e-01 -2.9769e+00 -7.8793e-02 +5.3527e-01
44519 0 +2.193649754e+00 +2.893536498e+02 +2.893536498e+02 +1.1663e+00 +1.2494e+00 +7.1075e-01 -8.8592e-02 -2.3124e+00 +2.6468e+00 +2.2393e-01 -1.9669e+00 +9.3834e-01 +1.8568e+00 +2.3743e+00 -2.7657e+00 +1.8790e+00 +2.6445e+00 +1.5918e+00 -1.3074e+00 -3.1491e-01 -2.1131e-01 +1.5340e+00 -1.6278e+00
89693 0 +2.058253124e+00 +2.892182531e+02 +2.892182531e+02 -2.9084e+00 -1.9118e+00 -7.8565e-02 +2.9552e+00 +2.8726e+00 +5.0659e-01 +1.9302e+00 -4.2108e-01 -9.3800e-01 +1.9731e-01 +2.8329e+00 +6.9472e-01 +7.8148e-01 -6.3050e-02 -1.9246e+00 -7.6678e-01 +8.0355e-01 +2.8364e+00 +2.9079e-01 -2.7603e+00
208901 0 +1.786664044e+00 +2.889466640e+02 +2.889466640e+02 +2.6450e+00 -2.3937e+00 -1.9738e+00 -1.9462e-01 -2.6896e+00 +1.2822e+00 +5.2743e-02 +1.9348e+00 -1.5077e-01 +6.9251e-01 -1.3425e+00 +5.2060e-01 -2.0564e+00 +5.4037e-01 +8.1025e-01 +1.9790e+00 +2.8253e-01 +3.7976e-01 +1.9219e+00 +1.2075e+00
1046333 0 +1.554381179e+00 +2.887143812e+02 +2.887143812e+02 -4.1780e-01 +5.4025e-02 +1.5681e+00 -2.8271e+00 +1.7273e+00 -2.5352e+00 +3.4623e-01 -2.1274e+00 +1.2401e-01 -1.2201e+00 -9.2726e-01 -2.7139e+00 -1.8689e+00 -2.5289e+00 -2.2214e+00 -1.7503e+00 +1.4071e+00 +2.7305e+00 -1.0170e+00 +4.2925e-02
1584720 0 +1.229156097e+00 +2.883891561e+02 +2.883891561e+02 -4.9450e-01 -5.2892e-01 +1.6375e+00 +1.7025e+00 -6.7947e-01 +1.2963e+00 +9.8164e-01 +3.7656e-01 +3.5078e-01 +1.6251e+00 +8.4785e-01 +1.8735e+00 -9.4215e-01 +1.7686e+00 +2.6795e+00 -1.4325e+00 -1.2425e+00 +2.3740e+00 +2.5785e-02 -2.0539e-02
10956854 0 +1.174368350e+00 +2.883343684e+02 +2.883343684e+02 -1.3204e+00 +1.6191e-01 -2.8296e+00 -5.4325e-01 +7.1854e-01 -1.1905e+00 -2.9436e+00 +1.2375e+00 +1.2586e+00 -1.2045e+00 +1.7471e+00 -5.5114e-01 -1.6329e+00 -6.8731e-01 -1.7937e+00 +2.8688e+00 +2.9736e+00 +2.0871e+00 +2.8556e+00 -2.6831e+00
% f evaluations | g evaluations | best noise-free fitness - Fopt (-3.943800000000e+02) + sum g_i+ | measured fitness | best measured fitness or single-digit g-values | x1 | x2...
1 0 +9.926177493e+00 -3.844538225e+02 -3.844538225e+02 -2.2129e+00 -1.1674e-02 +2.8996e+00 +4.9056e-01 -1.5621e+00 -8.6269e-01 +2.3577e+00 -1.3869e+00 -1.3910e+00 +1.7726e+00 -1.6742e+00 +9.0084e-01 +2.2348e+00 +2.6932e+00 +2.6282e+00 -1.9725e+00 +1.5863e+00 -1.7795e+00 +1.1941e+00 -2.2324e+00
6 0 +6.128538755e+00 -3.882514612e+02 -3.882514612e+02 +8.5587e-01 -2.4048e+00 -1.6518e+00 -1.3470e+00 +1.4164e-01 -1.2253e-02 +2.2492e-01 -1.6070e-01 +1.0628e+00 -2.2403e+00 +2.4334e+00 -2.1136e+00 -1.9987e+00 -5.7330e-01 -2.2509e+00 -1.4554e+00 -1.3380e-01 +5.8510e-01 -2.7578e+00 +1.5524e+00
67 0 +5.942087401e+00 -3.884379126e+02 -3.884379126e+02 -3.8726e-01 -1.6734e-01 +3.9964e-01 +5.6639e-01 +1.2262e+00 -2.2674e+00 -2.2273e+00 +4.3948e-01 -8.2480e-01 -5.1940e-01 -2.3066e-01 -2.1620e-01 -2.0236e+00 +1.4610e+00 +1.5332e+00 -1.3700e+00 -2.3656e+00 -1.0572e+00 +1.6269e+00 -8.4722e-01
71 0 +4.505038643e+00 -3.898749614e+02 -3.898749614e+02 +2.4590e+00 +1.8582e-01 -1.6235e+00 -1.4940e+00 -2.3356e+00 -5.7918e-01 +9.6223e-02 +1.8608e+00 +4.2161e-01 +9.5322e-01 +1.7035e+00 -4.0731e-01 +1.8206e-01 -2.4141e+00 -1.4034e+00 +2.0350e+00 -3.7829e-02 -2.4336e+00 -1.4100e+00 +2.8412e+00
108 0 +3.845830409e+00 -3.905341696e+02 -3.905341696e+02 +2.0376e+00 +2.3943e+00 -1.3243e+00 +8.9787e-01 +2.4909e+00 -2.9504e+00 +2.6354e+00 +2.7869e+00 +2.5296e+00 -9.9125e-01 +1.5321e+00 +4.6462e-01 +1.4177e+00 +1.1867e+00 +2.8753e+00 +8.4983e-01 +1.0919e-01 +2.1336e+00 +7.7234e-01 -1.2127e+00
153 0 +3.434032162e+00 -3.909459678e+02 -3.909459678e+02 -5.0403e-01 +2.0485e+00 -1.1486e+00 -8.8089e-01 -2.7421e+00 -1.2723e+00 +1.1804e+00 -1.0001e+00 -1.9977e+00 +1.9481e-01 -7.6153e-01 +5.2648e-01 +2.3799e+00 -2.7519e+00 +1.3421e+00 -7.5256e-01 +5.1628e-02 -4.5345e-01 -4.1718e-01 -2.1441e+00
543 0 +3.036981747e+00 -3.913430183e+02 -3.913430183e+02 -3.7171e-01 +1.4973e+00 -1.0273e+00 +2.7083e-01 -3.4401e-01 +8.5011e-01 +1.2987e+00 +2.8417e+00 -1.5240e+00 +2.1602e+00 -2.4430e+00 +1.6512e+00 -2.9928e+00 -1.2827e+00 -2.1460e+00 +1.5919e+00 -1.2587e+00 -2.7197e+00 -2.3153e+00 -1.0171e+00
10716 0 +2.859824052e+00 -3.915201759e+02 -3.915201759e+02 -5.5968e-01 +1.1834e+00 +8.2561e-01 +2.3743e+00 +7.4833e-01 +2.1236e+00 -1.1728e-01 -1.1635e+00 -1.9549e-01 -6.7196e-01 -2.4751e+00 -2.8753e+00 +1.9473e-01 -2.3573e+00 -2.8209e+00 -1.1502e+00 +1.5577e+00 -1.7573e+00 -2.9353e-01 +2.6874e+00
12866 0 +2.817988936e+00 -3.915620111e+02 -3.915620111e+02 +1.7960e+00 +2.5356e+00 -2.9208e-02 -2.9342e+00 +9.2510e-01 +2.2295e+00 -1.3001e+00 +2.7866e+00 -1.3112e+00 +4.0473e-01 -2.1535e+00 +4.8861e-01 +8.2553e-01 +3.9086e-01 -1.0541e+00 +1.5648e+00 +1.9569e+00 +1.2698e+00 +1.4366e+00 +1.0048e+00
24034 0 +2.707695525e+00 -3.916723045e+02 -3.916723045e+02 +1.1912e+00 +2.0242e+00 +9.6054e-02 -2.3666e+00 +7.8136e-01 -1.0374e+00 -9.0462e-01 +7.8100e-02 -1.7745e+00 +3.7839e-01 +3.8083e-01 +6.6179e-01 -1.5117e+00 -2.2896e+00 +7.6440e-02 +2.2209e+00 -1.8426e+00 +2.5847e+00 -4.0947e-01 +2.0603e+00
58223 0 +2.246565867e+00 -3.921334341e+02 -3.921334341e+02 +6.3786e-01 -1.6610e+00 +1.7034e-01 +2.9704e+00 -2.2165e+00 -1.7310e-01 -1.5445e+00 +2.9162e+00 +1.6638e-01 +2.2358e-01 -1.2768e+00 +1.0873e+00 -9.5740e-01 +6.8851e-01 -2.1949e+00 -1.5419e+00 +6.3088e-01 +3.0679e-01 +1.4227e+00 +9.2425e-01
66408 0 +2.234239115e+00 -3.921457609e+02 -3.921457609e+02 -3.9067e-01 +1.5412e+00 +1.1601e+00 +1.0976e+00 +2.9628e+00 +1.8500e+00 -2.2915e+00 -1.9349e+00 +1.8760e+00 -1.0580e+00 -2.1507e+00 -9.6002e-01 -6.0464e-02 +8.8514e-01 +2.1087e+00 -2.0137e+00 +2.9963e+00 -2.3189e+00 +7.8751e-01 -1.4567e+00
201025 0 +2.009045734e+00 -3.923709543e+02 -3.923709543e+02 -2.0765e+00 +1.8097e+00 +1.7431e-02 +2.0846e+00 -2.9581e+00 +1.4591e+00 +2.8543e+00 +2.8878e+00 -2.1298e+00 +1.2773e+00 -3.6931e-01 -1.3711e+00 +2.0368e+00 +4.4587e-02 +2.0321e+00 -1.3540e+00 +1.6755e+00 +1.4257e-01 -2.3211e+00 -1.8499e+00
399439 0 +1.964575385e+00 -3.924154246e+02 -3.924154246e+02 -2.2812e+00 +1.9079e+00 -4.6048e-01 +1.1221e+00 +9.5432e-01 -1.5655e-01 -9.5138e-01 +9.3375e-01 -2.9356e-01 -2.7745e+00 -2.9767e+00 +2.3001e-02 +1.5291e+00 -7.4407e-01 -2.2561e+00 +2.6187e-01 -1.0579e+00 -1.7271e-01 +6.8791e-01 +9.0130e-01
428982 0 +1.766044463e+00 -3.926139555e+02 -3.926139555e+02 +4.5655e-01 -1.0341e+00 -1.8015e+00 -4.1526e-01 +1.2034e+00 +1.3521e+00 -1.3839e+00 -2.9273e+00 +2.9576e+00 +7.5188e-01 -2.2957e+00 +1.3487e+00 -7.9563e-01 -2.0943e+00 +1.4949e+00 +1.2224e+00 +1.6514e+00 -1.3860e+00 -2.1186e+00 -1.5383e+00
557462 0 +1.636566643e+00 -3.927434334e+02 -3.927434334e+02 -2.8807e+00 +2.9407e+00 +2.8259e+00 +1.6143e+00 +3.9489e-02 -2.3893e+00 -2.7480e+00 -2.5056e+00 -1.4309e+00 -2.9463e+00 -1.4020e+00 -2.4553e+00 -2.8585e+00 +4.1833e-01 +2.5813e+00 +2.5461e+00 -4.0959e-01 +6.2191e-01 -2.7461e+00 -1.7992e+00
1588112 0 +1.493849869e+00 -3.928861501e+02 -3.928861501e+02 -1.2330e+00 +2.6067e+00 +1.5374e+00 -9.3643e-01 -4.1520e-01 +1.0601e+00 -1.8375e+00 -2.0660e+00 -2.7570e+00 -2.4583e+00 -1.0378e-01 -8.3822e-01 +2.1231e+00 -1.2493e+00 -8.5325e-01 -1.2741e+00 +2.4857e+00 +1.9726e+00 -2.4115e+00 -2.5591e+00
4311795 0 +1.373088370e+00 -3.930069116e+02 -3.930069116e+02 -1.8498e+00 +9.4711e-02 -1.9779e+00 -2.4772e+00 +2.4786e+00 +1.1284e+00 -2.9191e+00 +5.6518e-01 -2.0661e+00 +1.7005e+00 +1.5613e+00 -1.3338e+00 -2.0938e+00 -3.3804e-02 +8.9568e-01 +2.9931e+00 +2.4809e+00 +2.1164e+00 -2.6295e+00 +5.7193e-01
4676998 0 +1.283117766e+00 -3.930968822e+02 -3.930968822e+02 -1.5387e+00 -4.5338e-01 +4.3108e-01 +6.1867e-01 -2.9022e+00 -2.0455e+00 +4.5130e-01 +2.0040e+00 -1.2872e+00 +8.7632e-01 -8.6429e-01 +2.9490e+00 +1.3923e+00 +2.0873e+00 +2.7836e+00 +1.4636e+00 -1.2039e-01 +3.1510e-01 -2.7623e+00 +2.2980e+00
% f evaluations | g evaluations | best noise-free fitness - Fopt (5.443000000000e+01) + sum g_i+ | measured fitness | best measured fitness or single-digit g-values | x1 | x2...
1 0 +1.266848090e+01 +6.709848090e+01 +6.709848090e+01 +1.3348e+00 -1.7912e+00 -1.8750e+00 +1.3885e+00 -1.9324e+00 +8.8470e-02 -2.7290e-02 -1.1532e+00 -2.2385e+00 -2.1600e+00 -4.1721e-01 +1.1681e+00 +2.6337e+00 -1.6186e+00 +1.7322e+00 +2.9439e+00 -8.8029e-01 -1.9853e+00 -1.6258e+00 -7.0648e-01
2 0 +5.518435116e+00 +5.994843512e+01 +5.994843512e+01 +1.8998e+00 -1.6319e+00 +2.0855e+00 -2.8532e+00 +1.3404e+00 -1.7632e+00 -9.6573e-01 -1.5282e+00 -8.2573e-01 -2.2421e+00 -2.8167e+00 -1.1789e+00 +1.8436e+00 +2.5523e+00 -1.3265e+00 -7.9876e-01 -4.8790e-01 -2.0716e+00 -2.4527e-01 +8.4139e-01
102 0 +4.745637122e+00 +5.917563712e+01 +5.917563712e+01 -2.3707e+00 +1.0013e+00 +5.0299e-01 +2.3684e+00 -1.7543e+00 +8.4568e-01 -5.1348e-01 +3.6048e-01 -2.3602e+00 -2.5655e+00 -1.1515e+00 -2.1731e+00 +1.1951e+00 -2.8752e+00 -1.9960e+00 +2.4921e+00 +2.1354e+00 +4.2177e-01 -2.8749e+00 +2.8825e+00
178 0 +3.204346357e+00 +5.763434636e+01 +5.763434636e+01 -4.1312e-01 +3.1018e-01 -2.1593e-01 +3.5062e-01 -1.0439e+00 +2.3664e+00 +2.6169e-01 +2.8148e-02 +1.5265e+00 +2.7439e+00 +5.0282e-01 +2.3276e+00 +1.8090e+00 +7.7681e-01 -2.1142e+00 +2.2505e+00 +1.8137e+00 -2.8799e+00 +2.3221e+00 +1.0523e+00
8955 0 +3.069166818e+00 +5.749916682e+01 +5.749916682e+01 -2.6747e-01 +1.7238e+00 -5.4771e-01 -6.6218e-01 +7.7652e-01 +2.5438e+00 -4.2986e-01 -1.9866e+00 -1.9384e+00 +1.6352e+00 +1.4133e+00 +1.9699e+00 +6.7312e-01 +8.7542e-02 +9.8087e-01 -2.7116e+00 -6.8469e-01 +1.4463e+00 -1.7200e+00 +9.2830e-01
14283 0 +2.703707276e+00 +5.713370728e+01 +5.713370728e+01 +1.0195e+00 +2.7028e+00 +2.7945e+00 -2.9818e+00 -2.0920e+00 +7.3218e-01 +2.1690e+00 -1.1086e+00 -1.4856e+00 +2.7200e+00 +2.6568e+00 -2.3890e+00 +3.1878e-01 -1.2005e-01 +2.2980e+00 -1.0404e+00 +1.3467e+00 +5.4159e-01 +7.7204e-01 +2.8219e+00
18957 0 +2.593191703e+00 +5.702319170e+01 +5.702319170e+01 +1.3546e+00 +1.0314e+00 +7.9795e-01 -2.5408e+00 -1.7199e-01 +1.6712e+00 +3.1988e-01 -1.2924e+00 -6.7951e-01 -2.1232e+00 +1.0267e+00 -2.4705e+00 +4.5875e-01 -1.1550e+00 +2.6344e+00 -2.6776e+00 -2.6814e+00 -1.5133e+00 +1.3506e+00 +2.6342e+00
72729 0 +1.493081965e+00 +5.592308197e+01 +5.592308197e+01 +5.9426e-01 +2.5747e+00 -1.5080e+00 +2.8020e+00 +9.7185e-01 +1.4735e+00 -3.1264e-01 -1.7077e+00 +1.4192e+00 -4.8050e-01 -1.1013e-01 +1.9302e+00 -1.4832e+00 +2.0847e+00 +1.2906e+00 -2.7727e+00 -6.7382e-01 -8.6129e-01 -1.4201e+00 +1.5464e+00
9735000 0 +1.364373002e+00 +5.579437300e+01 +5.579437300e+01 -3.1775e-01 +1.8975e+00 -1.5546e+00 -1.0272e+00 +1.3064e+00 +2.1989e+00 -3.7872e-01 -8.9946e-01 +2.1016e-01 -3.8954e-01 -1.9536e+00 +8.3354e-01 -2.2878e+00 -9.8384e-01 +2.0301e-01 +1.5742e+00 -7.9204e-01 +2.0127e+00 +1.6239e+00 -7.1426e-02
15852086 0 +1.036487224e+00 +5.546648722e+01 +5.546648722e+01 -1.3925e+00 +1.1857e+00 -1.1848e+00 +3.3908e-01 +1.4619e+00 -8.3047e-01 +2.3325e+00 +1.4433e+00 +2.9497e+00 -1.2370e+00 -2.0528e-02 -1.9889e+00 -1.8264e+00 -1.1473e+00 +2.3300e+00 -7.9986e-01 -9.2144e-01 +7.7258e-01 +2.5012e+00 +2.1578e+00
% f evaluations | g evaluations | best noise-free fitness - Fopt (1.396900000000e+02) + sum g_i+ | measured fitness | best measured fitness or single-digit g-values | x1 | x2...
1 0 +1.158040225e+01 +1.512704023e+02 +1.512704023e+02 +1.3969e+00 -3.6476e-01 +2.9273e+00 +2.8011e+00 -3.1140e-01 -9.1218e-01 +5.6227e-01 -2.3422e+00 -7.7053e-01 +1.5298e-01 +2.6458e+00 -1.3123e+00 -1.0994e+00 +1.6560e+00 -2.0965e+00 +2.8352e+00 -3.4596e-01 -1.9957e+00 -6.2088e-01 -2.8587e+00
3 0 +1.089540603e+01 +1.505854060e+02 +1.505854060e+02 +1.2381e+00 -2.4232e+00 +2.0394e+00 -3.8442e-02 +1.4868e+00 +4.6878e-01 -2.6220e+00 -2.3327e+00 +1.7856e+00 -1.8443e+00 -2.3208e+00 -1.4309e+00 -2.9818e-01 +2.9845e+00 +1.6038e+00 -2.9130e+00 +4.8342e-01 -2.8298e+00 -1.9923e+00 +2.9688e+00
4 0 +8.596696968e+00 +1.482866970e+02 +1.482866970e+02 +1.3010e+00 -4.5715e-01 -2.5891e+00 +2.5676e+00 +2.9027e+00 +5.4869e-01 +1.0961e+00 +2.5069e+00 -5.7292e-02 -2.1531e+00 +1.2544e+00 -2.0635e+00 -1.6460e+00 -1.2654e+00 -2.9141e+00 -2.6527e+00 +2.6694e+00 +2.1333e+00 +9.2005e-01 -1.5721e+00
6 0 +6.881060905e+00 +1.465710609e+02 +1.465710609e+02 +1.0551e+00 -1.3321e+00 +4.0904e-01 -2.9458e+00 -1.5981e+00 +2.3532e+00 +2.7704e-01 +2.3676e+00 +2.2675e-01 -1.5617e+00 +1.2534e+00 -5.1522e-01 +1.8411e+00 -2.8944e+00 -3.9952e-01 -2.2454e+00 +5.1383e-01 -1.4413e-01 -3.4816e-01 +6.7578e-01
26 0 +6.147149105e+00 +1.458371491e+02 +1.458371491e+02 +1.8428e+00 +1.4511e-01 -2.2780e-01 -2.1023e-02 +2.3585e+00 -2.0279e+00 +2.6117e-01 -2.1693e+00 +2.4715e+00 +1.6736e+00 -2.6938e+00 +2.3618e+00 +1.1276e+00 +2.8168e+00 +1.1554e+00 -2.8199e+00 -1.9514e+00 -9.8458e-01 +6.5362e-01 +2.2574e+00
60 0 +5.285025608e+00 +1.449750256e+02 +1.449750256e+02 +2.1972e+00 -1.3137e+00 +2.4703e+00 +2.8127e+00 -1.3535e+00 -1.9798e+00 -7.4758e-01 +5.8338e-01 -2.3223e+00 +9.7039e-01 -1.0866e+00 +2.0783e+00 -2.2834e+00 -7.6623e-01 +3.6576e-01 -2.1283e+00 -6.1541e-01 +5.4705e-01 +1.7371e+00 -5.1582e-01
189 0 +4.522882105e+00 +1.442128821e+02 +1.442128821e+02 +7.3240e-01 -5.1205e-01 +1.6748e+00 +1.2083e+00 -1.7601e+00 -1.0534e+00 -2.5719e+00 -1.5148e+00 +2.2663e+00 +9.8765e-01 +2.3530e+00 +1.2161e+00 -2.0776e-01 -2.8772e+00 -3.2596e-01 +2.6692e+00 -2.2038e+00 -4.6839e-02 +2.2775e+00 +1.6171e+00
257 0 +3.180992354e+00 +1.428709924e+02 +1.428709924e+02 -1.0833e+00 +9.0290e-02 -8.8619e-01 +9.7995e-01 -1.2919e+00 -2.1212e+00 -2.7141e+00 -1.0371e+00 +1.8797e+00 +2.4675e+00 +2.1608e+00 -9.0164e-01 +2.9829e+00 -2.6616e+00 -2.3901e+00 +2.8270e+00 +2.7538e+00 -6.0013e-01 +6.8796e-01 -2.8703e+00
2367 0 +2.893248780e+00 +1.425832488e+02 +1.425832488e+02 +2.2506e+00 +8.4250e-01 +7.7978e-01 -4.8622e-01 -7.9910e-01 +8.9765e-02 -4.9295e-01 -2.0637e+00 -2.3067e+00 +2.1923e+00 +2.6681e-01 -4.4845e-01 +1.4915e+00 -1.8704e+00 -2.3044e+00 -2.8461e+00 +1.1307e+00 -1.0441e-01 -2.4661e+00 -2.5654e-02
2852 0 +2.437852255e+00 +1.421278523e+02 +1.421278523e+02 -4.3443e-01 -1.4412e+00 -2.0720e+00 +7.6932e-01 +2.4741e+00 -7.9469e-02 +1.7295e+00 -7.9524e-01 -1.7281e+00 +2.6886e+00 +1.8378e+00 +2.3345e+00 -2.4655e+00 +1.9977e-01 +6.7436e-01 +2.2630e+00 +2.1331e+00 +5.5410e-01 +5.5964e-01 +8.5815e-01
12656 0 +1.881009908e+00 +1.415710099e+02 +1.415710099e+02 -2.3301e+00 -2.1246e+00 -2.9245e+00 +2.5604e+00 -2.8713e-01 -2.0198e+00 -2.0436e+00 +1.6579e+00 -1.6776e-01 +2.5109e+00 +6.4279e-01 -2.9053e+00 -2.3794e+00 +2.2006e+00 +2.9376e+00 +1.3514e+00 +1.2074e+00 -4.2467e-01 -4.5581e-01 -2.1469e+00
1149226 0 +1.734041712e+00 +1.414240417e+02 +1.414240417e+02 -2.7189e+00 +5.8732e-01 +2.0893e-01 -5.1735e-01 +2.7863e+00 -2.2289e+00 +8.2791e-01 +2.7346e+00 -1.2785e+00 +2.0625e-02 -2.0492e+00 -2.5702e+00 -2.5378e-01 -6.8681e-01 -1.0312e+00 -1.6893e+00 -7.4840e-01 -1.6174e+00 -2.1605e+00 +1.9716e+00
1733976 0 +1.522413154e+00 +1.412124132e+02 +1.412124132e+02 +4.3022e-01 +1.0770e+00 -1.3562e+00 +2.5946e+00 -1.1596e+00 -1.7692e+00 +2.4901e+00 -1.5558e+00 -2.6298e+00 +1.2425e+00 -2.6992e+00 +8.9173e-01 +9.0668e-01 -2.8220e-02 -1.6598e+00 -2.2603e+00 -1.1325e+00 -1.6441e+00 +7.9418e-01 -2.7407e+00
4608455 0 +1.416186240e+00 +1.411061862e+02 +1.411061862e+02 -2.9765e+00 +2.4831e+00 -1.8955e+00 +1.9636e+00 +1.9735e+00 -2.6524e+00 -8.2781e-01 +1.4569e+00 +1.7459e+00 +2.3789e+00 -1.7829e+00 -1.2703e+00 +1.7825e+00 -2.7921e+00 -2.8684e+00 +1.9127e+00 +3.2459e-01 -2.4614e+00 +6.1763e-01 -2.0333e+00
10695949 0 +1.287633350e+00 +1.409776334e+02 +1.409776334e+02 +2.3810e+00 -2.7708e+00 +2.8180e+00 -2.6805e+00 -2.3595e+00 -2.9820e+00 +3.3268e-01 -1.6628e+00 -7.5843e-01 +2.8650e+00 -2.6268e+00 +2.3945e+00 +1.3037e+00 -8.6054e-01 -1.1376e+00 +9.5069e-01 +1.9333e+00 -1.5602e+00 +2.7269e+00 +1.5925e+00
% f evaluations | g evaluations | best noise-free fitness - Fopt (-5.794000000000e+01) + sum g_i+ | measured fitness | best measured fitness or single-digit g-values | x1 | x2...
1 0 +1.296230656e+01 -4.497769344e+01 -4.497769344e+01 -1.8489e+00 +2.2528e+00 +2.4823e+00 -1.1973e+00 -2.2590e+00 -2.8215e+00 -1.8454e+00 +7.6556e-01 +1.1137e+00 +8.7302e-01 -1.7825e+00 +2.5579e+00 +2.8698e+00 -1.2960e+00 +2.0315e+00 -1.3780e+00 -1.2199e+00 -2.1070e+00 -3.6387e-01 +1.7367e+00
2 0 +9.375170848e+00 -4.856482915e+01 -4.856482915e+01 -1.7425e+00 -1.5465e+00 +6.9702e-01 +2.8680e+00 -2.0620e+00 -2.6576e+00 -1.1840e+00 -2.5459e-01 -2.1540e+00 +1.5789e-01 -8.5466e-01 -1.2779e+00 +3.9893e-02 +8.4866e-01 +1.7199e+00 -1.3448e+00 -2.2483e+00 +3.6699e-01 -2.1888e+00 +1.0799e+00
8 0 +8.768387430e+00 -4.917161257e+01 -4.917161257e+01 -7.4258e-01 -2.4193e+00 -1.2644e+00 -4.8652e-01 -7.7725e-01 -7.2556e-01 -9.3375e-02 -2.9705e+00 +2.5608e+00 -1.0237e+00 -8.5570e-01 +1.0129e+00 +1.6184e+00 -1.7880e+00 +1.3240e+00 +2.4133e+00 +2.5039e+00 +7.3848e-01 -1.4051e+00 +1.2278e+00
15 0 +8.086271341e+00 -4.985372866e+01 -4.985372866e+01 -6.2361e-01 +2.4932e+00 -5.4786e-01 -3.5884e-01 -2.7194e+00 +6.0939e-01 -1.9991e+00 +5.6541e-01 +2.3412e+00 +1.9655e+00 -6.3684e-01 -3.6932e-01 +2.5284e+00 -6.0808e-01 +2.4609e+00 -2.8896e+00 -1.6554e+00 +2.1563e+00 -1.6667e+00 -5.4957e-01
25 0 +7.020761994e+00 -5.091923801e+01 -5.091923801e+01 +1.3168e+00 -1.7557e+00 -1.5788e+00 +2.2869e+00 -1.7160e+00 +1.0398e+00 +2.8093e+00 +2.7856e+00 +2.5046e+00 -3.1968e-01 -1.8850e+00 +8.4255e-02 -1.3593e+00 +2.7362e+00 -1.4521e+00 +1.3639e-01 +2.8146e+00 +1.9964e+00 -1.1927e+00 -5.5776e-01
31 0 +4.266974289e+00 -5.367302571e+01 -5.367302571e+01 -1.2749e+00 -8.2554e-01 -1.6411e+00 +1.6646e+00 -5.9039e-01 +2.1605e-01 -1.6762e+00 +1.3536e+00 -1.0276e-01 +2.6081e+00 -1.4541e+00 -1.3897e+00 -1.3703e+00 +7.2080e-02 -2.4099e+00 +2.0416e+00 -8.0834e-01 -6.0664e-01 -1.4230e+00 -3.9720e-01
882 0 +3.198777868e+00 -5.474122213e+01 -5.474122213e+01 -5.0816e-02 +1.5329e+00 -2.3709e-01 +2.2411e-01 +1.9273e+00 -2.4934e+00 -2.2847e+00 +2.8278e+00 -2.2969e+00 -2.0097e-01 +2.6023e+00 -9.1654e-01 -1.6629e+00 +2.6582e+00 +1.3131e+00 +2.5073e+00 +2.9714e+00 +1.5490e+00 -9.0980e-01 +1.7621e+00
928 0 +2.883104624e+00 -5.505689538e+01 -5.505689538e+01 +1.8039e+00 -1.4705e+00 -2.3654e+00 +2.7088e+00 -1.6768e+00 +7.3649e-01 +9.6045e-01 -7.9899e-01 -6.4246e-02 -1.8042e-01 +2.3286e-01 -2.4415e+00 -1.0366e+00 -1.6384e+00 -2.9547e+00 +1.2805e+00 -2.1477e-01 -1.1103e+00 +2.8050e+00 +1.5827e+00
9545 0 +2.447330674e+00 -5.549266933e+01 -5.549266933e+01 -5.7500e-01 -2.3945e+00 +8.1924e-02 +2.5952e+00 +1.5255e+00 +1.5565e+00 -1.0401e+00 +1.9426e+00 -1.1170e-01 +1.0897e+00 -3.0133e-01 +2.5819e+00 -1.6436e-01 +8.4845e-01 -2.2632e+00 -8.5851e-01 -8.4812e-02 -2.1910e+00 +2.4296e+00 +1.9208e+00
16557 0 +2.016587095e+00 -5.592341291e+01 -5.592341291e+01 +1.8282e-01 +7.1899e-01 +1.5087e+00 -9.2057e-02 +2.5981e+00 -4.5197e-01 -9.7263e-01 -2.0095e-01 +9.2929e-01 -2.3089e+00 +2.6856e+00 -2.1002e+00 -1.3119e+00 -2.1750e+00 +1.7515e+00 -2.0381e+00 -1.1625e-01 -2.6364e+00 +6.2894e-01 -2.1854e+00
112403 0 +1.828066614e+00 -5.611193339e+01 -5.611193339e+01 -2.5747e+00 +1.6471e+00 -1.9453e+00 -2.4096e+00 +6.2629e-01 -7.5400e-01 +2.1273e+00 +2.9675e+00 +5.3326e-02 +2.6400e+00 -1.1726e+00 -1.3904e+00 -1.4219e+00 +1.5441e+00 +5.0899e-01 -1.7751e+00 -2.0517e+00 +8.7362e-02 +1.2705e+00 +1.2287e+00
188311 0 +1.667683760e+00 -5.627231624e+01 -5.627231624e+01 -2.4768e+00 -6.2169e-01 -6.8336e-03 -1.8815e+00 -9.3444e-01 +1.7184e+00 -2.5250e+00 -6.9459e-01 -2.2872e+00 +5.1602e-01 -2.1834e+00 -1.0903e+00 +1.1156e+00 -1.1680e+00 +1.1551e+00 -1.5351e+00 -1.8811e+00 +2.0495e+00 +1.8415e+00 -2.3664e+00
2095232 0 +1.089475348e+00 -5.685052465e+01 -5.685052465e+01 -2.8754e+00 +2.1865e+00 -8.4977e-01 -2.2756e+00 +8.7087e-01 -2.9150e+00 +2.7113e+00 +1.6184e+00 -4.1168e-01 -1.6002e+00 -2.5253e+00 +1.0902e+00 -4.2556e-01 +2.0047e-01 +2.9437e+00 -1.3838e+00 +1.7762e+00 +3.4327e-01 +2.1048e+00 +1.3167e+00
% f evaluations | g evaluations | best noise-free fitness - Fopt (1.253900000000e+02) + sum g_i+ | measured fitness | best measured fitness or single-digit g-values | x1 | x2...
1 0 +2.262005037e+01 +1.480100504e+02 +1.480100504e+02 +2.2799e+00 +2.5309e+00 -9.3096e-01 -8.0330e-01 -2.3099e+00 +5.2632e-01 -7.1212e-01 +1.4361e+00 +2.2864e+00 -2.5922e+00 -2.7890e+00 +2.7254e+00 -1.8641e-01 -2.7655e+00 +1.7717e+00 -9.3481e-01 +1.8880e-02 +1.6254e+00 -4.0612e-01 +5.9714e-01
2 0 +1.668330064e+01 +1.420733006e+02 +1.420733006e+02 -1.1623e+00 +2.7084e+00 +1.9419e+00 -2.2186e+00 +1.0959e+00 -2.3418e-01 -2.1667e+00 +8.0827e-01 +1.5610e+00 +8.2142e-01 +2.2016e+00 +2.9631e+00 -1.0632e+00 -8.6727e-01 -2.1794e+00 +1.2339e-01 +2.1079e+00 +6.2016e-02 +7.8247e-01 -3.8098e-01
5 0 +1.630490765e+01 +1.416949076e+02 +1.416949076e+02 +1.2544e+00 +1.3851e+00 +2.6378e+00 +1.8021e+00 +2.7490e+00 +1.4738e+00 +2.9686e+00 -2.0666e+00 -2.0970e+00 -2.5861e+00 -1.4493e+00 -3.5580e-01 +2.1018e+00 -2.3844e+00 +1.4184e+00 +1.1139e+00 -2.1300e+00 -2.3107e+00 +5.1631e-02 +1.3336e+00
7 0 +1.290187664e+01 +1.382918766e+02 +1.382918766e+02 -7.8793e-01 -9.5673e-02 -6.6568e-01 +1.5770e+00 -1.8056e+00 -2.9069e+00 -8.0848e-01 +2.9121e+00 -1.2853e+00 +1.5861e+00 +1.2962e+00 +2.6999e+00 +2.7678e+00 -9.7346e-01 +2.1896e+00 +5.8388e-01 -1.4531e+00 -2.6619e+00 -6.0788e-01 -7.9552e-01
8 0 +1.212391537e+01 +1.375139154e+02 +1.375139154e+02 +4.2207e-01 -2.0877e+00 -2.1413e+00 -1.7064e+00 -2.4304e+00 -2.6115e+00 -9.3385e-01 -2.0695e+00 +2.3579e-01 +2.3456e+00 -2.1447e+00 -9.4771e-01 -6.8202e-01 -1.0449e+00 -2.1500e+00 -2.7622e+00 +2.2191e+00 -2.7812e+00 -2.1343e+00 +6.2395e-01
12 0 +6.010647593e+00 +1.314006476e+02 +1.314006476e+02 -2.6417e+00 -2.3476e+00 -9.1933e-01 +1.4677e+00 +9.1887e-01 +6.8562e-02 -1.0032e+00 +2.1968e+00 +1.8642e-01 +1.9505e+00 -5.2068e-01 -5.0579e-01 +1.9720e+00 -1.8232e+00 -1.3187e-01 +4.4350e-01 +2.5032e-01 -7.7555e-02 +2.4016e+00 +7.4119e-01
93 0 +5.698056249e+00 +1.310880562e+02 +1.310880562e+02 +6.7498e-01 +2.5958e+00 -2.5980e+00 -1.9717e+00 +2.3092e+00 +1.1432e+00 +2.9005e+00 +1.0982e+00 +1.3307e-01 +2.6925e-01 +8.9372e-01 +2.0248e+00 -1.0169e+00 -6.6457e-01 -1.4806e+00 -2.9055e+00 -9.3068e-01 +2.4112e+00 -8.3822e-01 -3.4765e-01
272 0 +5.077347617e+00 +1.304673476e+02 +1.304673476e+02 -2.7923e+00 -1.5936e+00 -7.7462e-01 -2.0877e+00 +1.1803e+00 +2.2132e-01 -1.2295e+00 +2.7410e+00 +8.5844e-01 +4.2612e-01 -5.1342e-01 -2.6009e+00 +2.4769e+00 -2.4378e+00 +2.0526e+00 -9.7672e-02 +2.2375e+00 -2.1771e-01 +2.4527e+00 +1.3148e+00
852 0 +3.293122957e+00 +1.286831230e+02 +1.286831230e+02 +2.5562e+00 -4.9775e-01 -2.2622e+00 +1.8537e-01 +2.0039e+00 -1.0342e+00 -2.5388e+00 +2.0506e+00 -1.4716e+00 -1.9913e+00 -1.8865e+00 +1.1206e-01 -1.9599e+00 +1.5339e+00 +2.9007e+00 -2.9580e+00 +1.0424e-01 -2.2588e-01 +2.8690e+00 +1.4103e+00
863 0 +2.578424601e+00 +1.279684246e+02 +1.279684246e+02 -1.1122e+00 -1.0091e+00 +3.6881e-01 +8.4468e-01 +7.7491e-01 +3.4852e-01 -1.0866e+00 +2.7517e+00 -3.5741e-01 -9.6816e-01 -2.8143e-01 -1.6479e+00 +1.7684e+00 -2.4789e+00 -5.1334e-01 -2.6902e+00 +2.8779e-01 -2.1586e+00 +9.5309e-01 -1.4232e+00
3558 0 +2.334403697e+00 +1.277244037e+02 +1.277244037e+02 +2.7777e+00 +1.0868e+00 +1.4081e+00 +6.8693e-01 +1.0205e+00 -2.4061e+00 -2.1264e+00 +1.1032e+00 -1.3963e+00 -1.0986e+00 +1.7680e+00 +2.5121e+00 +2.2940e+00 -1.2039e+00 -1.7650e+00 -2.1630e+00 -9.3437e-01 +1.6798e-01 +2.0447e+00 +1.3239e+00
11413 0 +2.007187520e+00 +1.273971875e+02 +1.273971875e+02 -2.9860e+00 -1.1409e-01 -1.5441e+00 +2.7022e+00 +2.3099e+00 +1.5582e+00 -1.9344e-01 -1.3598e+00 -2.0409e+00 -1.1707e+00 -3.6263e-01 +1.5047e+00 -2.3296e+00 +7.3426e-01 -2.1124e-01 +1.2279e+00 +1.3735e+00 +2.0649e+00 -2.3146e+00 -2.4308e-01
595810 0 +1.733975112e+00 +1.271239751e+02 +1.271239751e+02 -2.6545e+00 +2.5703e-01 +1.9785e+00 -2.1271e+00 -1.2320e+00 +2.8588e+00 -2.9087e+00 +2.2872e+00 -2.5608e+00 +1.0757e+00 -4.7394e-01 +1.3217e+00 +1.2556e+00 +2.4094e+00 -1.9694e+00 -3.2669e-01 +1.3502e+00 +3.2668e-01 -1.2839e-02 -1.3722e+00
1125525 0 +1.546492851e+00 +1.269364929e+02 +1.269364929e+02 -2.7968e+00 -2.8751e+00 -2.4699e+00 +2.2386e+00 -1.1427e+00 +1.7125e+00 -1.1018e+00 +1.4915e+00 +2.0621e+00 +8.2591e-01 -1.6914e+00 +3.0392e-01 +6.8211e-01 -2.5606e+00 -7.2284e-01 -2.7540e+00 -1.0750e+00 +1.4692e+00 -4.1105e-01 -9.4214e-01
1206961 0 +1.445680438e+00 +1.268356804e+02 +1.268356804e+02 -1.2386e+00 -1.3053e+00 -1.2430e+00 +1.9777e+00 +6.2408e-01 -1.4486e+00 -2.2840e+00 -2.0120e+00 +2.5169e+00 -1.5346e+00 +3.6904e-01 +2.8046e+00 +2.9066e+00 +7.8308e-01 +1.7897e+00 -1.6341e+00 -1.2251e+00 +3.9098e-01 +2.7828e+00 -2.1806e+00
1441814 0 +1.405746450e+00 +1.267957465e+02 +1.267957465e+02 -1.8505e+00 +2.5443e+00 -2.2785e+00 -1.3359e+00 -2.1889e+00 +2.9146e+00 -2.9427e+00 +2.0956e+00 -1.1608e+00 -2.9638e+00 +1.7486e+00 -3.1280e-01 -4.5167e-01 -9.5313e-01 +3.9433e-01 +1.6424e+00 +1.8117e-01 -1.2586e+00 +3.6591e-01 -6.8552e-01
2349527 0 +1.365118777e+00 +1.267551188e+02 +1.267551188e+02 +5.4791e-02 +1.5503e+00 +8.0247e-01 +1.3322e-01 +1.6952e+00 -2.7510e+00 -1.5508e+00 +1.4754e+00 -1.6942e-01 +2.5503e+00 +2.0699e+00 +2.1756e+00 +5.2241e-01 -2.8762e+00 -1.2858e+00 -1.4697e+00 +1.7249e+00 -2.2920e+00 +2.7082e+00 +2.9584e-01
5126473 0 +1.022862507e+00 +1.264128625e+02 +1.264128625e+02 -1.1199e+00 +1.4955e+00 +7.5270e-01 +1.9347e+00 -1.3665e+00 -7.6939e-01 -2.9117e-01 -2.7762e-01 -1.3445e+00 -2.5931e+00 -1.9036e+00 +2.0311e+00 -2.0501e+00 +2.4973e+00 -6.1094e-01 +3.1390e-01 -1.1641e+00 -5.1642e-01 +7.4813e-01 -2.9675e+00
