% f evaluations | g evaluations | best noise-free fitness - Fopt (-4.620900000000e+02) + sum g_i+ | measured fitness | best measured fitness or single-digit g-values | x1 | x2...
1 0 +8.392931046e+01 -3.781606895e+02 -3.781606895e+02 -2.7749e+00 +7.2996e-01 -5.5080e-01 +3.9250e-01 +2.0278e+00
15 0 +5.369244432e+01 -4.083975557e+02 -4.083975557e+02 +2.6932e-02 +1.0120e+00 +1.6582e+00 -1.3530e-02 +1.6831e+00
362 0 +5.025856660e+01 -4.118314334e+02 -4.118314334e+02 +1.2271e+00 +2.9686e+00 +5.9367e-01 +1.8653e+00 +1.7999e+00
395 0 +4.764522725e+01 -4.144447727e+02 -4.144447727e+02 +2.3018e+00 +2.0494e+00 +1.8775e+00 +6.4210e-01 +2.2230e+00
1051 0 +4.592745899e+01 -4.161625410e+02 -4.161625410e+02 +3.8404e-01 -1.5036e+00 +1.6647e+00 +1.8675e+00 +1.6223e+00
1330 0 +4.442298350e+01 -4.176670165e+02 -4.176670165e+02 +2.1833e+00 +1.5038e+00 +1.8811e+00 -4.6884e-02 +2.3250e+00
2177 0 +3.334848205e+01 -4.287415180e+02 -4.287415180e+02 +1.4171e+00 +1.4334e+00 +1.3958e+00 +7.2386e-01 +1.3533e+00
4688 0 +3.208098499e+01 -4.300090150e+02 -4.300090150e+02 +3.6363e-01 +2.3096e+00 +1.6156e+00 +2.2734e-01 +2.1463e+00
6812 0 +2.942534836e+01 -4.326646516e+02 -4.326646516e+02 +2.3665e+00 +2.4263e+00 +1.6204e+00 +6.5020e-01 +2.0407e+00
12132 0 +1.763582213e+01 -4.444541779e+02 -4.444541779e+02 -6.5682e-01 +2.9983e+00 +1.1453e+00 +7.6149e-01 +2.2760e+00
24851 0 +1.393245708e+01 -4.481575429e+02 -4.481575429e+02 +1.2465e+00 +1.4109e+00 +1.5589e+00 +3.4500e-01 +1.9904e+00
207867 0 +1.119109478e+01 -4.508989052e+02 -4.508989052e+02 +1.3889e+00 +1.5541e+00 +2.2176e+00 +1.0925e+00 +1.9956e+00
% f evaluations | g evaluations | best noise-free fitness - Fopt (7.766000000000e+01) + sum g_i+ | measured fitness | best measured fitness or single-digit g-values | x1 | x2...
1 0 +3.742382203e+02 +4.518982203e+02 +4.518982203e+02 +1.0691e+00 -1.5720e+00 +4.9663e-01 -7.1337e-01 -2.2704e+00
3 0 +1.221051497e+02 +1.997651497e+02 +1.997651497e+02 -1.4355e+00 -4.8449e-01 -2.1269e+00 +2.6521e+00 +1.3376e+00
9 0 +1.036720900e+02 +1.813320900e+02 +1.813320900e+02 -3.2339e-01 -1.0137e+00 -4.6183e-01 +2.8815e+00 +2.2742e-01
21 0 +8.972837540e+01 +1.673883754e+02 +1.673883754e+02 +8.1944e-01 +8.3643e-01 +1.2328e+00 +1.8129e+00 +8.2831e-01
85 0 +7.667497594e+01 +1.543349759e+02 +1.543349759e+02 +9.4619e-01 +6.2048e-01 +9.4725e-01 +2.7896e+00 +2.0145e+00
118 0 +6.667890009e+01 +1.443389001e+02 +1.443389001e+02 +1.6674e+00 +2.2816e+00 +6.4525e-01 +1.6409e+00 +1.7599e+00
145 0 +5.323232201e+01 +1.308923220e+02 +1.308923220e+02 +2.5234e+00 +1.1086e+00 -1.9955e-01 +2.4394e+00 +2.4389e+00
524 0 +5.160421945e+01 +1.292642195e+02 +1.292642195e+02 -7.0450e-01 -9.1751e-01 +1.2817e+00 +2.8118e+00 +9.8802e-01
921 0 +4.730372069e+01 +1.249637207e+02 +1.249637207e+02 +1.5072e+00 -6.7440e-01 +2.4258e-01 +2.2553e+00 +2.4465e+00
1276 0 +4.449642795e+01 +1.221564280e+02 +1.221564280e+02 +2.2935e+00 +1.3052e+00 +5.1158e-01 +2.5307e+00 +1.8417e+00
1674 0 +4.289656201e+01 +1.205565620e+02 +1.205565620e+02 +1.6198e+00 -2.2372e+00 +1.3825e+00 +2.5187e+00 +2.3824e+00
2502 0 +3.845708723e+01 +1.161170872e+02 +1.161170872e+02 +5.6636e-01 -2.2238e+00 -1.0137e+00 +2.4339e+00 +1.8450e+00
3398 0 +2.544351154e+01 +1.031035115e+02 +1.031035115e+02 +2.6067e+00 -1.5578e+00 +8.1607e-01 +2.9520e+00 +2.4037e+00
53831 0 +2.138120693e+01 +9.904120693e+01 +9.904120693e+01 +2.3957e+00 +3.3561e-04 +1.2346e+00 +2.1712e+00 +1.8387e+00
435315 0 +1.791601113e+01 +9.557601113e+01 +9.557601113e+01 +1.4014e+00 +8.1603e-01 +1.2608e+00 +2.3810e+00 +2.1701e+00
799614 0 +1.628519697e+01 +9.394519697e+01 +9.394519697e+01 +4.8738e-01 -1.9331e-01 +6.0225e-01 +2.9580e+00 +1.7940e+00
852029 0 +1.019049778e+01 +8.785049778e+01 +8.785049778e+01 +1.4669e+00 -2.1893e+00 +7.1286e-01 +2.9374e+00 +2.4652e+00
2836826 0 +9.280923185e+00 +8.694092319e+01 +8.694092319e+01 +2.3465e+00 -8.3046e-01 +1.2582e+00 +2.9749e+00 +2.1225e+00
% f evaluations | g evaluations | best noise-free fitness - Fopt (1.156800000000e+02) + sum g_i+ | measured fitness | best measured fitness or single-digit g-values | x1 | x2...
1 0 +9.627803153e+01 +2.119580315e+02 +2.119580315e+02 +2.1916e+00 -1.0030e+00 -5.3626e-02 +1.6448e+00 +1.9322e+00
82 0 +7.505678422e+01 +1.907367842e+02 +1.907367842e+02 +5.0138e-01 -2.4988e+00 +3.5284e-01 +8.8851e-01 +2.4009e+00
396 0 +7.372493350e+01 +1.894049335e+02 +1.894049335e+02 -8.3142e-01 +1.0726e+00 -6.9238e-01 +1.9841e+00 +2.9897e+00
397 0 +6.019754352e+01 +1.758775435e+02 +1.758775435e+02 -1.9354e+00 -1.8072e+00 -1.3514e+00 +1.8995e+00 +2.7098e+00
679 0 +4.665214055e+01 +1.623321405e+02 +1.623321405e+02 +2.1871e+00 +1.5369e+00 +1.9485e-01 +2.6689e+00 +2.6624e+00
11433 0 +4.330603567e+01 +1.589860357e+02 +1.589860357e+02 +1.3014e-01 +6.0711e-01 -8.4321e-01 +2.0734e+00 +2.9540e+00
15101 0 +3.918798656e+01 +1.548679866e+02 +1.548679866e+02 +1.1452e+00 +6.1124e-01 -6.8422e-01 +2.6236e+00 +2.6339e+00
16094 0 +3.587012301e+01 +1.515501230e+02 +1.515501230e+02 -1.7270e+00 -1.0681e+00 -1.3828e+00 +2.6861e+00 +2.9323e+00
32956 0 +3.336170962e+01 +1.490417096e+02 +1.490417096e+02 +1.5021e+00 -9.4993e-01 -3.9900e-01 +1.9078e+00 +2.8965e+00
45373 0 +3.012127447e+01 +1.458012745e+02 +1.458012745e+02 +2.3860e-01 -9.6825e-01 -1.3628e+00 +2.7416e+00 +2.6650e+00
95533 0 +2.703478966e+01 +1.427147897e+02 +1.427147897e+02 +2.3514e+00 -1.4402e-01 -2.8096e-01 +2.6088e+00 +2.9361e+00
139311 0 +2.662790302e+01 +1.423079030e+02 +1.423079030e+02 +3.6327e-01 -9.2585e-01 -5.3235e-01 +2.7002e+00 +2.9477e+00
276615 0 +2.522441825e+01 +1.409044182e+02 +1.409044182e+02 +2.1904e+00 -2.5262e+00 +2.4098e-01 +2.2121e+00 +2.8980e+00
309064 0 +2.394886251e+01 +1.396288625e+02 +1.396288625e+02 +2.1923e+00 -1.8710e+00 -3.7691e-01 +2.2374e+00 +2.6376e+00
494976 0 +1.908811284e+01 +1.347681128e+02 +1.347681128e+02 +1.6413e-01 -2.3340e+00 -4.1963e-01 +2.6847e+00 +2.9690e+00
732932 0 +1.802815886e+01 +1.337081589e+02 +1.337081589e+02 +1.0345e+00 -2.5488e-01 +2.4471e-01 +2.7276e+00 +2.9370e+00
1879206 0 +1.427055399e+01 +1.299505540e+02 +1.299505540e+02 +2.0150e+00 -1.8598e-01 -3.3124e-01 +2.6637e+00 +2.9512e+00
4435754 0 +1.103666020e+01 +1.267166602e+02 +1.267166602e+02 +2.1195e+00 -3.6122e-01 -3.6999e-01 +2.6733e+00 +2.9504e+00
% f evaluations | g evaluations | best noise-free fitness - Fopt (-3.710000000000e+00) + sum g_i+ | measured fitness | best measured fitness or single-digit g-values | x1 | x2...
1 0 +3.503788560e+02 +3.466688560e+02 +3.466688560e+02 +2.8842e+00 -5.5142e-01 +2.7214e+00 +2.5161e+00 +1.4601e+00
4 0 +2.566913668e+02 +2.529813668e+02 +2.529813668e+02 -5.2782e-01 +2.7203e+00 +5.6207e-01 +2.0276e+00 +1.7727e-02
8 0 +1.881749538e+02 +1.844649538e+02 +1.844649538e+02 -8.3031e-01 -7.8592e-01 -6.6276e-01 -3.5104e-01 +1.3702e+00
9 0 +1.437187642e+02 +1.400087642e+02 +1.400087642e+02 -1.3331e+00 +3.7461e-01 -1.6269e+00 +1.3262e+00 +2.4680e+00
11 0 +1.069648739e+02 +1.032548739e+02 +1.032548739e+02 -1.5577e+00 -1.9731e+00 +1.8454e+00 +2.3262e+00 +1.7647e+00
233 0 +9.903459033e+01 +9.532459033e+01 +9.532459033e+01 -2.0591e+00 -1.9374e+00 +1.1342e+00 +2.1160e+00 +2.9239e+00
243 0 +7.868272240e+01 +7.497272240e+01 +7.497272240e+01 +2.4576e-02 +1.6354e+00 +1.6170e+00 +2.7549e+00 +2.7794e+00
305 0 +7.624754262e+01 +7.253754262e+01 +7.253754262e+01 +2.3016e+00 -6.5019e-01 +6.2131e-01 +2.5608e+00 +2.9753e+00
532 0 +5.889984362e+01 +5.518984362e+01 +5.518984362e+01 +1.2271e+00 -1.5312e-01 +1.3959e+00 +2.1995e+00 +2.8392e+00
1027 0 +5.350213772e+01 +4.979213772e+01 +4.979213772e+01 -1.2426e+00 -8.6860e-01 +1.1308e+00 +2.9869e+00 +2.8740e+00
2873 0 +3.984805900e+01 +3.613805900e+01 +3.613805900e+01 +1.4630e+00 -1.6786e+00 +3.4374e-01 +2.9990e+00 +2.4841e+00
50674 0 +3.322059967e+01 +2.951059967e+01 +2.951059967e+01 +1.2352e+00 -1.5711e+00 +1.1893e+00 +2.8036e+00 +2.9005e+00
278791 0 +3.000790622e+01 +2.629790622e+01 +2.629790622e+01 +1.2106e+00 -2.9149e+00 +1.6962e+00 +2.9897e+00 +2.8898e+00
298015 0 +2.185344528e+01 +1.814344528e+01 +1.814344528e+01 +2.1993e+00 -2.9459e+00 +1.2157e+00 +2.7278e+00 +2.8429e+00
4957075 0 +1.863603707e+01 +1.492603707e+01 +1.492603707e+01 +2.1097e+00 -2.1958e+00 +1.1735e+00 +2.7234e+00 +2.8768e+00
% f evaluations | g evaluations | best noise-free fitness - Fopt (1.321800000000e+02) + sum g_i+ | measured fitness | best measured fitness or single-digit g-values | x1 | x2...
1 0 +1.578599819e+02 +2.900399819e+02 +2.900399819e+02 +9.8665e-01 -1.4157e+00 -1.1888e+00 -2.1690e+00 +1.9561e+00
5 0 +1.432283997e+02 +2.754083997e+02 +2.754083997e+02 +9.6078e-01 -9.1672e-01 +3.5704e-01 +1.1002e+00 +2.5671e+00
13 0 +9.947304466e+01 +2.316530447e+02 +2.316530447e+02 +2.9133e+00 +9.4206e-01 +2.5020e+00 -2.0829e+00 +2.4972e-01
92 0 +5.775241575e+01 +1.899324157e+02 +1.899324157e+02 +2.7867e+00 -8.1094e-01 +9.8079e-01 -1.8844e+00 +2.3987e+00
252 0 +5.169411445e+01 +1.838741144e+02 +1.838741144e+02 +7.1602e-01 +1.0738e-01 +1.9764e+00 -1.3955e+00 +1.7700e+00
844 0 +4.839765511e+01 +1.805776551e+02 +1.805776551e+02 +2.1483e+00 +5.9715e-01 +1.1245e+00 -1.8846e+00 +1.8590e+00
2108 0 +4.694376984e+01 +1.791237698e+02 +1.791237698e+02 +1.8423e+00 +2.7348e+00 +1.8615e+00 -2.1389e+00 +1.8202e+00
2788 0 +4.427690669e+01 +1.764569067e+02 +1.764569067e+02 +1.9333e+00 +2.7471e+00 +1.8151e+00 -1.6889e+00 +2.1998e+00
13789 0 +3.657867526e+01 +1.687586753e+02 +1.687586753e+02 +2.4362e+00 +6.3165e-02 +2.7524e+00 -2.4228e+00 +2.5247e+00
16691 0 +3.360988781e+01 +1.657898878e+02 +1.657898878e+02 +1.9221e+00 -8.1306e-01 +2.3233e+00 -2.2703e+00 +2.4885e+00
18002 0 +2.815320416e+01 +1.603332042e+02 +1.603332042e+02 +6.6873e-01 +1.9931e+00 +2.9189e+00 -2.3975e+00 +2.1680e+00
24552 0 +2.743335291e+01 +1.596133529e+02 +1.596133529e+02 +2.1101e+00 +1.5486e-01 +2.8081e+00 -2.4271e+00 +1.8372e+00
27801 0 +2.378361441e+01 +1.559636144e+02 +1.559636144e+02 +7.7038e-01 +7.6321e-01 +2.4027e+00 -1.0445e+00 +2.1890e+00
47279 0 +1.924100131e+01 +1.514210013e+02 +1.514210013e+02 +7.8983e-01 +5.9510e-02 +2.8417e+00 -2.3880e+00 +2.1750e+00
216365 0 +1.573522145e+01 +1.479152214e+02 +1.479152214e+02 +1.6582e+00 +6.7562e-01 +2.9190e+00 -2.3260e+00 +2.2131e+00
359081 0 +1.287819335e+01 +1.450581933e+02 +1.450581933e+02 +6.2842e-01 +1.4578e+00 +2.8771e+00 -2.3665e+00 +2.4906e+00
672399 0 +1.192001685e+01 +1.441000169e+02 +1.441000169e+02 +2.8347e+00 +1.6249e+00 +2.8726e+00 -1.5373e+00 +2.1761e+00
3834089 0 +1.158031366e+01 +1.437603137e+02 +1.437603137e+02 +2.7884e+00 +2.7778e+00 +2.9302e+00 -1.9423e+00 +2.4833e+00
4406779 0 +6.164816235e+00 +1.383448162e+02 +1.383448162e+02 +2.7626e+00 +1.4806e+00 +2.9185e+00 -1.5764e+00 +2.4903e+00
% f evaluations | g evaluations | best noise-free fitness - Fopt (-3.930000000000e+01) + sum g_i+ | measured fitness | best measured fitness or single-digit g-values | x1 | x2...
1 0 +2.811691644e+02 +2.418691644e+02 +2.418691644e+02 -2.4897e-01 -6.8072e-01 +4.5086e-02 -1.7513e-01 -2.6119e+00
3 0 +1.163218394e+02 +7.702183937e+01 +7.702183937e+01 +9.9654e-01 +2.9927e+00 +2.5015e+00 +2.7238e+00 +4.8554e-01
14 0 +6.163144523e+01 +2.233144523e+01 +2.233144523e+01 +2.4179e+00 -3.6351e-01 +2.3035e+00 +6.9573e-01 -1.7797e-01
115 0 +4.114291449e+01 +1.842914493e+00 +1.842914493e+00 -3.9047e-01 -2.5493e+00 +1.9696e+00 +2.9001e+00 +3.1084e-01
5301 0 +3.081681532e+01 -8.483184676e+00 -8.483184676e+00 +1.6304e+00 -5.7077e-01 +1.8015e+00 +2.1662e+00 +2.4178e-01
10605 0 +2.445192275e+01 -1.484807725e+01 -1.484807725e+01 +2.5239e+00 -1.8263e+00 +1.7333e+00 +2.4713e+00 +6.3735e-01
10855 0 +2.231120559e+01 -1.698879441e+01 -1.698879441e+01 +2.4568e+00 -2.0460e+00 +1.8956e+00 +2.8380e+00 +7.1734e-01
132793 0 +2.081241856e+01 -1.848758144e+01 -1.848758144e+01 +2.4225e+00 -2.6726e+00 +1.6243e+00 +2.8875e+00 +6.7881e-01
202960 0 +1.274697953e+01 -2.655302047e+01 -2.655302047e+01 +1.5965e+00 -4.5900e-01 +2.2967e+00 +2.9097e+00 +1.0652e+00
1164162 0 +1.053288099e+01 -2.876711901e+01 -2.876711901e+01 +2.5326e+00 -1.3038e+00 +2.2996e+00 +2.4780e+00 +1.0705e+00
3404232 0 +9.748961410e+00 -2.955103859e+01 -2.955103859e+01 +1.4421e+00 -1.3111e+00 +2.3061e+00 +2.9879e+00 +6.8276e-01
% f evaluations | g evaluations | best noise-free fitness - Fopt (4.296000000000e+01) + sum g_i+ | measured fitness | best measured fitness or single-digit g-values | x1 | x2...
1 0 +1.399726038e+03 +1.442686038e+03 +1.442686038e+03 -5.2970e-01 -2.7325e+00 -1.8081e+00 -1.6008e+00 +1.9534e+00
2 0 +3.350581489e+02 +3.780181489e+02 +3.780181489e+02 +2.4748e+00 -1.5147e+00 +1.6491e+00 -8.7797e-01 -2.9757e+00
4 0 +2.874722260e+02 +3.304322260e+02 +3.304322260e+02 +2.0239e+00 +1.2470e+00 -9.8991e-01 +2.3957e+00 -2.7356e+00
5 0 +7.264594332e+01 +1.156059433e+02 +1.156059433e+02 +2.4808e-01 +7.9933e-01 +1.0101e+00 -1.4183e-01 +1.3535e-01
23 0 +6.086404885e+01 +1.038240489e+02 +1.038240489e+02 +1.0172e+00 +1.8549e+00 +1.6404e+00 +1.8835e+00 -2.4462e-01
169 0 +4.410616887e+01 +8.706616887e+01 +8.706616887e+01 +1.4225e+00 +1.0701e+00 -1.4449e-01 +1.8909e+00 +1.9075e-01
398 0 +3.668472236e+01 +7.964472236e+01 +7.964472236e+01 -6.8399e-01 +1.6718e+00 +1.1248e+00 +6.7918e-01 +2.5304e-01
1391 0 +2.959495093e+01 +7.255495093e+01 +7.255495093e+01 +1.2591e+00 +5.3289e-01 +2.7599e+00 +1.4551e-01 +8.7942e-01
1621 0 +1.909200550e+01 +6.205200550e+01 +6.205200550e+01 -3.6301e-01 +2.2963e+00 +2.1129e+00 +9.5137e-01 +8.7457e-01
48627 0 +1.882017683e+01 +6.178017683e+01 +6.178017683e+01 +1.3500e+00 +1.7153e+00 +1.6165e+00 +6.3807e-01 +5.6456e-01
68614 0 +1.587559407e+01 +5.883559407e+01 +5.883559407e+01 +1.5233e+00 +2.3650e+00 +2.7357e+00 +1.9006e+00 +6.2489e-01
562890 0 +1.493221601e+01 +5.789221601e+01 +5.789221601e+01 -5.3866e-01 +2.5002e+00 +1.7121e+00 +1.0174e+00 +9.6077e-01
743454 0 +1.412589345e+01 +5.708589345e+01 +5.708589345e+01 -3.9715e-01 +1.6901e+00 +1.6608e+00 +5.5036e-01 +8.8135e-01
950277 0 +1.036632440e+01 +5.332632440e+01 +5.332632440e+01 +5.0069e-01 +2.5261e+00 +2.8329e+00 +6.7123e-01 +5.7895e-01
2307812 0 +8.874645633e+00 +5.183464563e+01 +5.183464563e+01 +1.4616e+00 +1.6992e+00 +2.2643e+00 +1.0743e+00 +8.6958e-01
3281681 0 +6.187678641e+00 +4.914767864e+01 +4.914767864e+01 +5.9932e-01 +2.5378e+00 +2.7248e+00 +1.0055e+00 +8.8994e-01
% f evaluations | g evaluations | best noise-free fitness - Fopt (2.842200000000e+02) + sum g_i+ | measured fitness | best measured fitness or single-digit g-values | x1 | x2...
1 0 +1.531208962e+02 +4.373408962e+02 +4.373408962e+02 +2.7323e+00 +7.7305e-02 +1.0053e+00 -5.1836e-01 +7.2151e-01
6 0 +1.196304051e+02 +4.038504051e+02 +4.038504051e+02 -2.6757e+00 -2.9950e+00 +1.2787e+00 +1.1399e+00 +1.4398e+00
31 0 +1.038592727e+02 +3.880792727e+02 +3.880792727e+02 -8.1035e-02 -1.0843e+00 -9.0660e-01 +5.3374e-01 +3.4733e-01
38 0 +7.068622548e+01 +3.549062255e+02 +3.549062255e+02 +1.6326e+00 -1.1696e+00 +8.2204e-02 +1.2538e+00 +1.4831e+00
146 0 +6.229212942e+01 +3.465121294e+02 +3.465121294e+02 -8.2289e-01 +1.0728e+00 +7.9628e-01 +1.6904e+00 +9.1124e-01
345 0 +5.537138972e+01 +3.395913897e+02 +3.395913897e+02 +2.0103e+00 +1.1597e+00 +1.1900e+00 +2.6541e+00 +7.1651e-01
867 0 +5.086349245e+01 +3.350834925e+02 +3.350834925e+02 +1.9514e+00 -2.4641e+00 -4.8405e-01 +1.2524e+00 +1.6032e+00
1742 0 +4.479558846e+01 +3.290155885e+02 +3.290155885e+02 -1.0295e+00 -8.3131e-01 +7.2812e-01 +2.2149e+00 +1.4880e+00
1866 0 +1.324740586e+01 +2.974674059e+02 +2.974674059e+02 +7.2913e-02 +4.5584e-01 +5.2050e-01 +1.8705e+00 +1.5322e+00
104948 0 +9.254310965e+00 +2.934743110e+02 +2.934743110e+02 +2.0832e+00 -1.0732e+00 +4.8004e-01 +2.2192e+00 +1.7825e+00
1159709 0 +8.696904408e+00 +2.929169044e+02 +2.929169044e+02 +2.0710e+00 -1.0038e+00 +3.8563e-01 +2.2375e+00 +1.5710e+00
3909382 0 +6.149209398e+00 +2.903692094e+02 +2.903692094e+02 +2.1047e+00 -2.0805e-01 +1.1164e+00 +1.8010e+00 +1.5478e+00
% f evaluations | g evaluations | best noise-free fitness - Fopt (-3.217000000000e+01) + sum g_i+ | measured fitness | best measured fitness or single-digit g-values | x1 | x2...
1 0 +5.344984719e+02 +5.023284719e+02 +5.023284719e+02 +1.7207e+00 -2.0936e+00 +1.4638e+00 +2.3445e+00 +6.2728e-01
2 0 +3.923196949e+02 +3.601496949e+02 +3.601496949e+02 +1.4112e+00 +4.2300e-01 -9.3999e-01 +2.6889e+00 -2.0233e+00
4 0 +1.778454794e+02 +1.456754794e+02 +1.456754794e+02 -1.8980e+00 -5.1305e-01 -1.1568e+00 -2.3262e+00 +5.4281e-01
19 0 +1.200803239e+02 +8.791032391e+01 +8.791032391e+01 -1.6993e+00 +2.1095e+00 -1.0698e+00 +1.5338e+00 +1.3863e+00
38 0 +8.826714385e+01 +5.609714385e+01 +5.609714385e+01 -3.9827e-01 -9.0453e-01 -9.9516e-01 +7.2499e-01 +2.6045e+00
68 0 +6.908822369e+01 +3.691822369e+01 +3.691822369e+01 +1.8904e+00 +2.6977e+00 -1.9463e+00 +6.1319e-01 +2.9933e+00
379 0 +6.702176620e+01 +3.485176620e+01 +3.485176620e+01 +1.0209e+00 +5.4527e-01 -7.2359e-01 +1.0317e+00 +2.4987e+00
928 0 +5.540421179e+01 +2.323421179e+01 +2.323421179e+01 +5.7313e-01 +2.0868e+00 -8.3682e-02 +1.0160e+00 +2.2647e+00
1222 0 +5.313441496e+01 +2.096441496e+01 +2.096441496e+01 +1.4369e+00 +2.5156e+00 -1.0154e+00 +1.1473e+00 +2.6940e+00
1492 0 +4.433041261e+01 +1.216041261e+01 +1.216041261e+01 -1.3542e+00 +1.0614e+00 -7.1129e-02 -1.6072e-01 +2.4807e+00
2863 0 +4.102049479e+01 +8.850494788e+00 +8.850494788e+00 -2.6362e+00 +3.3305e-01 -1.0082e-01 -1.0166e+00 +2.9861e+00
6335 0 +4.042820711e+01 +8.258207112e+00 +8.258207112e+00 +6.8957e-01 +2.5856e+00 -1.2101e+00 -6.1124e-02 +2.9953e+00
18167 0 +3.536313260e+01 +3.193132603e+00 +3.193132603e+00 -7.1333e-01 +2.5991e+00 -1.7341e+00 -5.8458e-01 +2.9926e+00
26132 0 +2.198695834e+01 -1.018304166e+01 -1.018304166e+01 +1.3968e+00 +2.6665e+00 +3.1374e-01 +3.1748e-01 +2.9673e+00
31122 0 +2.181431825e+01 -1.035568175e+01 -1.035568175e+01 -1.5564e+00 +1.0649e+00 +5.0899e-01 -5.1577e-01 +2.9659e+00
203017 0 +1.797028262e+01 -1.419971738e+01 -1.419971738e+01 -4.9205e-01 +2.7016e+00 -1.3277e-02 -1.4425e-01 +2.9647e+00
219453 0 +1.598931881e+01 -1.618068119e+01 -1.618068119e+01 +1.3516e+00 +2.5292e+00 -6.0168e-02 -4.8192e-01 +2.9948e+00
4019288 0 +1.526954579e+01 -1.690045421e+01 -1.690045421e+01 -6.5913e-01 +2.7043e+00 -1.9351e-01 +2.9190e-01 +2.9951e+00
% f evaluations | g evaluations | best noise-free fitness - Fopt (-5.858000000000e+01) + sum g_i+ | measured fitness | best measured fitness or single-digit g-values | x1 | x2...
1 0 +4.038540691e+02 +3.452740691e+02 +3.452740691e+02 +7.1052e-01 -3.3535e-01 -2.4592e+00 -1.7708e+00 -1.4283e+00
2 0 +2.922751300e+02 +2.336951300e+02 +2.336951300e+02 +1.0251e-01 +2.4466e+00 +1.3686e+00 -1.6506e+00 +1.0178e+00
4 0 +1.661886600e+02 +1.076086600e+02 +1.076086600e+02 +1.7877e-01 -2.0355e+00 -2.5255e+00 -1.5542e+00 +2.6818e+00
9 0 +1.356579901e+02 +7.707799007e+01 +7.707799007e+01 -8.5522e-01 -9.4702e-01 -3.8102e-02 +1.7797e+00 +8.6458e-01
38 0 +8.382491384e+01 +2.524491384e+01 +2.524491384e+01 +2.1321e+00 -2.5803e+00 -2.9360e-01 +9.5996e-01 +2.5183e+00
54 0 +8.235125364e+01 +2.377125364e+01 +2.377125364e+01 -2.9757e-01 -2.5188e-01 -1.4187e+00 +2.9303e+00 +2.6178e+00
98 0 +6.499059614e+01 +6.410596143e+00 +6.410596143e+00 +5.5676e-01 -2.8829e+00 +9.3971e-01 -2.6719e-01 +2.5905e+00
188 0 +4.365636857e+01 -1.492363143e+01 -1.492363143e+01 +2.4508e+00 +6.8464e-01 -1.5248e-01 +1.9294e+00 +2.8453e+00
670 0 +3.698998390e+01 -2.159001610e+01 -2.159001610e+01 +5.5793e-01 -1.8826e+00 +2.7093e-01 +1.3002e+00 +2.9864e+00
9565 0 +2.144346977e+01 -3.713653023e+01 -3.713653023e+01 +1.6208e+00 -1.8985e+00 +3.4683e-01 +7.1955e-01 +2.9073e+00
281674 0 +1.980358363e+01 -3.877641637e+01 -3.877641637e+01 +2.7990e+00 -2.4534e+00 +3.9945e-01 +1.8354e+00 +2.6445e+00
330726 0 +1.883807140e+01 -3.974192860e+01 -3.974192860e+01 +1.6128e+00 -1.7115e+00 +4.4820e-01 +1.9655e+00 +2.8950e+00
418181 0 +1.559069336e+01 -4.298930664e+01 -4.298930664e+01 +6.8060e-01 -1.8342e+00 +4.2293e-01 +1.8558e+00 +2.8509e+00
4004066 0 +1.407120575e+01 -4.450879425e+01 -4.450879425e+01 +7.5034e-01 -2.5054e+00 +3.4157e-01 +1.8149e+00 +2.9204e+00
% f evaluations | g evaluations | best noise-free fitness - Fopt (-6.049200000000e+02) + sum g_i+ | measured fitness | best measured fitness or single-digit g-values | x1 | x2...
1 0 +1.075832240e+02 -4.973367760e+02 -4.973367760e+02 -2.9491e+00 -2.3839e+00 -1.5691e-01 +5.7011e-01 -1.3763e+00
10 0 +1.000271873e+02 -5.048928127e+02 -5.048928127e+02 -1.6926e+00 +1.7911e+00 -2.7925e-01 +6.7364e-01 -5.1405e-01
25 0 +7.551741945e+01 -5.294025805e+02 -5.294025805e+02 +8.4956e-01 -6.3498e-02 +2.0584e+00 +1.1666e+00 +5.0964e-01
52 0 +5.916872746e+01 -5.457512725e+02 -5.457512725e+02 -2.4436e-01 -1.7094e+00 +2.0378e+00 +2.6561e+00 -4.3483e-01
78 0 +5.407777167e+01 -5.508422283e+02 -5.508422283e+02 -1.5612e-02 +4.9278e-01 +2.2216e+00 +3.2761e-01 -2.8700e-01
290 0 +4.979807689e+01 -5.551219231e+02 -5.551219231e+02 -2.9086e+00 -1.5574e+00 +1.8889e+00 +1.9346e+00 +4.2579e-02
706 0 +3.174659590e+01 -5.731734041e+02 -5.731734041e+02 -4.9424e-02 -2.0001e+00 +1.6407e+00 +1.0425e+00 +3.5288e-01
3467 0 +1.872964645e+01 -5.861903535e+02 -5.861903535e+02 -8.0584e-03 -1.0672e+00 +2.0254e+00 +1.3436e+00 -3.2114e-01
33424 0 +1.818398402e+01 -5.867360160e+02 -5.867360160e+02 +9.1774e-01 -1.6688e+00 +2.0832e+00 +1.8307e+00 +3.9507e-01
176376 0 +1.527125766e+01 -5.896487423e+02 -5.896487423e+02 +8.8761e-01 -4.3286e-01 +1.4020e+00 +1.5067e+00 +3.2455e-01
251012 0 +1.297784738e+01 -5.919421526e+02 -5.919421526e+02 -8.7872e-01 -4.3140e-01 +1.4910e+00 +1.4974e+00 +5.2718e-02
1376840 0 +1.142742604e+01 -5.934925740e+02 -5.934925740e+02 -9.2373e-01 -9.8087e-01 +1.9614e+00 +1.8849e+00 +3.5862e-01
1528534 0 +1.053048662e+01 -5.943895134e+02 -5.943895134e+02 +9.8743e-01 -1.0846e+00 +1.5430e+00 +2.3439e+00 -2.8849e-01
3121885 0 +1.022084411e+01 -5.946991559e+02 -5.946991559e+02 -1.0583e-01 -1.7329e+00 +1.4763e+00 +1.8878e+00 +3.5392e-01
3744694 0 +9.784265499e+00 -5.951357345e+02 -5.951357345e+02 +9.2791e-01 -1.7964e+00 +1.5424e+00 +1.4716e+00 +1.4786e-02
3896647 0 +9.683155395e+00 -5.952368446e+02 -5.952368446e+02 +9.8383e-01 -9.9727e-01 +1.4208e+00 +2.8297e+00 +3.5612e-01
4262230 0 +5.771702044e+00 -5.991482980e+02 -5.991482980e+02 +1.0057e+00 -2.3755e-01 +1.4306e+00 +1.8622e+00 +3.9531e-01
% f evaluations | g evaluations | best noise-free fitness - Fopt (1.337000000000e+02) + sum g_i+ | measured fitness | best measured fitness or single-digit g-values | x1 | x2...
1 0 +4.386236103e+02 +5.723236103e+02 +5.723236103e+02 -1.4585e+00 +2.1617e+00 -2.5608e+00 +1.2116e+00 -2.6874e+00
3 0 +3.578158912e+02 +4.915158912e+02 +4.915158912e+02 -3.8085e-01 +2.3496e+00 +1.3082e+00 -5.6235e-01 +2.2057e+00
8 0 +1.892835789e+02 +3.229835789e+02 +3.229835789e+02 -2.0945e-01 -2.7879e-02 +5.0940e-01 -3.6569e-02 +4.8216e-01
11 0 +5.992648799e+01 +1.936264880e+02 +1.936264880e+02 +2.1778e+00 +2.1839e+00 +3.4826e-01 +1.5645e+00 +2.6238e+00
499 0 +5.303441211e+01 +1.867344121e+02 +1.867344121e+02 -1.9591e-01 -1.3598e+00 -7.5001e-01 +1.9638e+00 +2.7196e+00
1797 0 +4.987455326e+01 +1.835745533e+02 +1.835745533e+02 +1.6313e+00 -1.4916e+00 -1.8881e+00 +2.3762e+00 +2.7370e+00
4148 0 +4.620171205e+01 +1.799017121e+02 +1.799017121e+02 +5.5031e-01 +2.6882e+00 -8.2559e-02 +1.5652e+00 +2.8712e+00
15557 0 +3.563284693e+01 +1.693328469e+02 +1.693328469e+02 +7.1632e-02 +2.6414e+00 -2.1561e-01 +1.4439e+00 +2.9796e+00
19115 0 +2.932319807e+01 +1.630231981e+02 +1.630231981e+02 +2.2539e+00 -3.1759e-01 +4.3829e-01 +1.4913e+00 +2.7153e+00
35270 0 +2.550109127e+01 +1.592010913e+02 +1.592010913e+02 +2.6599e+00 +6.5261e-02 +2.4718e-01 +1.9071e+00 +2.9825e+00
80932 0 +1.758230515e+01 +1.512823051e+02 +1.512823051e+02 +5.0805e-01 +1.7724e+00 -2.0155e-01 +1.9590e+00 +2.7391e+00
214231 0 +1.602240860e+01 +1.497224086e+02 +1.497224086e+02 +3.7659e-01 +1.5008e-01 +3.5715e-01 +2.2842e+00 +2.9931e+00
3005988 0 +1.246364584e+01 +1.461636458e+02 +1.461636458e+02 +4.2734e-01 +8.9864e-02 +3.7263e-01 +1.9350e+00 +2.9811e+00
3736743 0 +6.576608932e+00 +1.402766089e+02 +1.402766089e+02 +1.4798e+00 +1.1408e-01 +3.7558e-01 +1.9186e+00 +2.9992e+00
% f evaluations | g evaluations | best noise-free fitness - Fopt (-2.098000000000e+01) + sum g_i+ | measured fitness | best measured fitness or single-digit g-values | x1 | x2...
1 0 +2.351366985e+03 +2.330386985e+03 +2.330386985e+03 -4.2330e-01 -8.0058e-01 +2.7539e+00 -3.6284e-01 -4.1100e-01
2 0 +1.873362698e+02 +1.663562698e+02 +1.663562698e+02 +2.7202e+00 +1.2390e+00 -5.1279e-01 -9.2296e-01 -3.2865e-01
3 0 +9.802994803e+01 +7.704994803e+01 +7.704994803e+01 +1.9382e+00 -9.6525e-02 -2.0965e-01 +1.1422e+00 +5.2386e-01
13 0 +9.727698504e+01 +7.629698504e+01 +7.629698504e+01 +1.9067e+00 -2.3695e+00 -1.0898e+00 -1.1590e+00 +2.5435e+00
20 0 +7.706085640e+01 +5.608085640e+01 +5.608085640e+01 -1.0058e+00 -1.0274e+00 -9.9721e-02 +2.1706e+00 +1.3205e+00
136 0 +4.037800701e+01 +1.939800701e+01 +1.939800701e+01 +2.0474e+00 +2.4291e+00 -2.2333e-01 -3.2156e-01 +2.4858e+00
795 0 +2.444789792e+01 +3.467897922e+00 +3.467897922e+00 +3.3945e-01 +6.8002e-01 -2.9237e-01 +8.5734e-01 +2.4915e+00
9445 0 +1.990337689e+01 -1.076623110e+00 -1.076623110e+00 +2.0425e+00 +5.4546e-01 +2.2571e-01 -5.4825e-01 +2.4315e+00
109694 0 +1.176719901e+01 -9.212800990e+00 -9.212800990e+00 +1.2316e-01 +1.9270e+00 -2.4333e-01 +1.2975e+00 +2.4742e+00
689262 0 +1.083702805e+01 -1.014297195e+01 -1.014297195e+01 -5.6630e-02 +2.7696e+00 -3.1391e-01 +8.4098e-01 +2.4716e+00
863841 0 +1.020194130e+01 -1.077805870e+01 -1.077805870e+01 +9.9474e-01 +2.5191e+00 +2.3490e-01 +8.5416e-01 +2.4719e+00
2237146 0 +9.854521198e+00 -1.112547880e+01 -1.112547880e+01 +2.1515e+00 +1.1219e+00 -8.5167e-01 -3.5171e-02 +2.5243e+00
% f evaluations | g evaluations | best noise-free fitness - Fopt (1.353300000000e+02) + sum g_i+ | measured fitness | best measured fitness or single-digit g-values | x1 | x2...
1 0 +8.756125638e+02 +1.010942564e+03 +1.010942564e+03 -1.9104e+00 +7.8527e-01 +2.2357e+00 +2.8156e+00 +7.8216e-01
2 0 +3.362120433e+02 +4.715420433e+02 +4.715420433e+02 -2.3725e+00 -5.9460e-01 +1.4271e+00 +8.7514e-01 -7.3234e-01
3 0 +2.561839439e+02 +3.915139439e+02 +3.915139439e+02 -1.9166e-01 +1.2156e-01 -8.6207e-01 -6.6241e-01 -9.0715e-01
6 0 +1.104091119e+02 +2.457391119e+02 +2.457391119e+02 -2.0700e+00 +1.6676e+00 -2.4110e+00 -1.0811e+00 +2.1834e+00
8 0 +1.073842471e+02 +2.427142471e+02 +2.427142471e+02 +7.8912e-01 -2.1298e+00 -3.2559e-01 -1.5195e+00 +2.1238e+00
14 0 +1.022238189e+02 +2.375538189e+02 +2.375538189e+02 -7.4755e-01 -6.1862e-01 -2.8700e+00 -1.8392e+00 +2.8095e+00
81 0 +8.710125612e+01 +2.224312561e+02 +2.224312561e+02 +5.3187e-01 -1.5865e+00 -1.4119e+00 -2.5357e+00 +1.8619e+00
107 0 +6.540100367e+01 +2.007310037e+02 +2.007310037e+02 -1.8650e+00 +8.0359e-01 -1.9422e+00 -2.9210e+00 +2.4676e+00
262 0 +5.101212891e+01 +1.863421289e+02 +1.863421289e+02 -1.1242e+00 -1.2684e+00 -8.1906e-02 -2.4002e+00 +2.5515e+00
390 0 +4.326791615e+01 +1.785979161e+02 +1.785979161e+02 +4.7308e-01 -1.0018e+00 +9.5966e-01 -1.3834e+00 +2.5139e+00
1833 0 +3.840717094e+01 +1.737371709e+02 +1.737371709e+02 +3.9054e-01 +1.4704e+00 +3.6199e-01 -1.6431e+00 +2.4274e+00
2872 0 +3.540804530e+01 +1.707380453e+02 +1.707380453e+02 -2.5641e+00 -7.4076e-01 +2.1863e-01 -1.7529e+00 +2.5401e+00
5940 0 +2.580034117e+01 +1.611303412e+02 +1.611303412e+02 -4.1744e-01 +2.1274e-01 +9.4573e-01 -2.6551e+00 +2.4163e+00
14067 0 +2.515948439e+01 +1.604894844e+02 +1.604894844e+02 -1.5510e+00 -1.2489e+00 +9.2420e-01 -2.1341e+00 +2.4768e+00
36833 0 +2.395154912e+01 +1.592815491e+02 +1.592815491e+02 -3.4836e-01 -9.5577e-02 +5.5550e-01 -2.6659e+00 +2.8397e+00
39758 0 +1.755492352e+01 +1.528849235e+02 +1.528849235e+02 -1.4112e+00 -1.2626e+00 +3.3223e-01 -2.1528e+00 +2.8910e+00
150325 0 +1.580771760e+01 +1.511377176e+02 +1.511377176e+02 +4.7894e-01 -1.3373e+00 +3.0646e-01 -2.9757e+00 +2.9018e+00
175049 0 +1.487271316e+01 +1.502027132e+02 +1.502027132e+02 -4.5149e-01 +8.7092e-01 -6.0864e-01 -2.2076e+00 +2.8745e+00
1044958 0 +1.336454895e+01 +1.486945490e+02 +1.486945490e+02 +5.3710e-01 +1.5479e+00 +4.8130e-01 -2.5656e+00 +2.8751e+00
1154114 0 +1.063423960e+01 +1.459642396e+02 +1.459642396e+02 +5.2303e-01 +1.5132e+00 +9.5742e-01 -2.6188e+00 +2.8244e+00
2356180 0 +9.353642375e+00 +1.446836424e+02 +1.446836424e+02 +4.7558e-01 -5.3920e-02 +9.3805e-01 -1.7132e+00 +2.8836e+00
3683436 0 +8.173521248e+00 +1.435035212e+02 +1.435035212e+02 +5.5056e-01 -5.4289e-02 +9.7839e-01 -2.1754e+00 +2.5120e+00
% f evaluations | g evaluations | best noise-free fitness - Fopt (4.066000000000e+01) + sum g_i+ | measured fitness | best measured fitness or single-digit g-values | x1 | x2...
1 0 +3.330983633e+02 +3.737583633e+02 +3.737583633e+02 -1.8332e+00 -2.4097e-01 +1.5140e-01 +1.6070e+00 -1.7881e+00
2 0 +2.911282690e+02 +3.317882690e+02 +3.317882690e+02 -1.8018e+00 -2.3847e+00 -1.2566e+00 -1.2907e+00 -1.5865e+00
3 0 +2.450035341e+02 +2.856635341e+02 +2.856635341e+02 +4.9124e-01 -1.2925e+00 +6.3298e-01 -1.3226e+00 -1.8101e+00
4 0 +1.469338615e+02 +1.875938615e+02 +1.875938615e+02 -5.9936e-01 -1.7560e+00 +3.8020e-01 -1.2901e+00 +1.2288e+00
9 0 +1.338986793e+02 +1.745586793e+02 +1.745586793e+02 +1.6088e+00 -1.6067e-02 +2.5156e+00 -1.5134e+00 -7.7334e-01
16 0 +1.050678866e+02 +1.457278866e+02 +1.457278866e+02 +1.6838e+00 -6.1847e-01 +2.4220e+00 -3.6687e-01 +7.7952e-01
52 0 +8.507941228e+01 +1.257394123e+02 +1.257394123e+02 +2.3592e-01 +1.1409e+00 +2.6487e+00 -2.0802e+00 +5.5297e-01
115 0 +8.050031291e+01 +1.211603129e+02 +1.211603129e+02 +2.5259e+00 -3.9172e-01 +2.1756e+00 -1.4797e+00 +1.7580e+00
251 0 +4.790473811e+01 +8.856473811e+01 +8.856473811e+01 +2.2247e+00 -3.0475e-01 +2.5273e+00 -2.6916e+00 +1.0599e+00
3352 0 +3.606506902e+01 +7.672506902e+01 +7.672506902e+01 +9.4386e-01 +1.1651e+00 +2.2192e+00 -2.6784e+00 +7.6061e-01
6050 0 +3.020430364e+01 +7.086430364e+01 +7.086430364e+01 +1.0657e+00 +1.2393e+00 +2.3767e+00 -2.7330e+00 +8.1460e-01
7335 0 +2.888793739e+01 +6.954793739e+01 +6.954793739e+01 +1.2022e+00 +2.0003e+00 +1.6104e+00 -2.2406e+00 +1.3780e+00
47879 0 +2.729677825e+01 +6.795677825e+01 +6.795677825e+01 +2.9597e+00 +1.8122e+00 +2.4154e+00 -1.7640e+00 +1.6909e+00
54324 0 +2.617451871e+01 +6.683451871e+01 +6.683451871e+01 +1.0703e+00 +1.1894e+00 +2.8353e+00 -2.3345e+00 +1.4986e+00
164657 0 +2.518128019e+01 +6.584128019e+01 +6.584128019e+01 +1.1293e+00 +5.2615e-01 +2.7946e+00 -1.5307e+00 +1.4101e+00
178509 0 +2.337088516e+01 +6.403088516e+01 +6.403088516e+01 +2.9295e+00 +2.4537e+00 +2.8107e+00 -2.7565e+00 +1.7192e+00
292588 0 +1.863456865e+01 +5.929456865e+01 +5.929456865e+01 +2.9207e+00 +1.1344e+00 +2.8247e+00 -2.2297e+00 +1.7940e+00
2623684 0 +1.605511111e+01 +5.671511111e+01 +5.671511111e+01 +2.1299e+00 +1.1316e+00 +2.7994e+00 -2.7064e+00 +1.6936e+00
3156944 0 +1.327833187e+01 +5.393833187e+01 +5.393833187e+01 +2.1319e+00 +1.3205e+00 +2.8168e+00 -2.2589e+00 +1.6906e+00
