% f evaluations | g evaluations | best noise-free fitness - Fopt (-4.620900000000e+02) + sum g_i+ | measured fitness | best measured fitness or single-digit g-values | x1 | x2...
1 0 +2.641450032e+02 -1.979449968e+02 -1.979449968e+02 +2.5727e+00 -1.7839e+00 -2.2073e+00 +2.5909e+00 +1.6213e+00 +1.4722e+00 -1.0230e+00 +1.6816e+00 +4.7916e-01 +1.7370e+00
15 0 +1.388382700e+02 -3.232517300e+02 -3.232517300e+02 +4.1828e-01 +2.6927e-01 +2.0813e+00 -1.0492e+00 +2.3685e+00 +2.8579e+00 +2.6978e+00 +2.6560e+00 +5.6190e-01 +1.7012e+00
1338 0 +1.146845417e+02 -3.474054583e+02 -3.474054583e+02 -2.6407e+00 +7.0089e-01 +1.2797e+00 -1.1127e+00 +1.7918e+00 +1.1194e+00 +2.2081e+00 +2.8367e+00 +9.5856e-01 +5.9497e-01
4255 0 +1.089096776e+02 -3.531803224e+02 -3.531803224e+02 +1.9948e+00 +4.2882e-01 -4.4048e-01 +5.2886e-01 +1.4672e+00 +2.1700e+00 +2.1935e+00 +2.1230e+00 +1.4279e+00 +4.7605e-01
4919 0 +1.029371724e+02 -3.591528276e+02 -3.591528276e+02 +8.8565e-01 +6.1526e-01 +7.5111e-01 +5.6098e-01 +1.9527e+00 +1.3057e+00 +1.5665e+00 +1.7130e+00 +1.7304e+00 -2.1462e-01
8876 0 +9.391723757e+01 -3.681727624e+02 -3.681727624e+02 +2.4765e-01 +2.0698e+00 +2.4446e+00 +2.2786e+00 +1.1495e+00 +3.6098e-01 +1.2404e+00 +1.7462e+00 +7.4932e-01 -2.5547e-01
41817 0 +9.158239557e+01 -3.705076044e+02 -3.705076044e+02 +1.6372e+00 +1.0699e+00 +1.4436e+00 -5.7158e-01 +1.0496e-01 +2.2343e+00 +2.0353e+00 +2.9844e+00 +1.0239e+00 -2.7939e-01
76028 0 +8.062973887e+01 -3.814602611e+02 -3.814602611e+02 +1.3164e+00 +2.8191e+00 +1.3139e+00 -1.7844e-01 +1.7025e+00 +1.6630e+00 +2.6256e+00 +2.6019e+00 +1.4659e+00 -1.2104e-01
155182 0 +7.794832061e+01 -3.841416794e+02 -3.841416794e+02 +2.3023e+00 +4.8917e-01 +1.4763e+00 -1.3605e+00 +2.3671e+00 +1.7237e+00 +2.2553e+00 +2.1291e+00 +1.7698e+00 +1.7761e+00
228156 0 +7.496509650e+01 -3.871249035e+02 -3.871249035e+02 -7.2022e-01 +6.1251e-01 +7.7626e-01 +1.4883e+00 +1.7399e+00 +2.7716e+00 +2.0774e+00 +2.3800e+00 +1.6544e+00 +9.0027e-02
586911 0 +7.134315760e+01 -3.907468424e+02 -3.907468424e+02 +1.3977e+00 +2.1450e+00 +1.5882e+00 +1.2498e+00 +5.5738e-01 +2.0640e+00 +2.4501e+00 +1.7278e+00 +1.8448e+00 +1.0079e+00
1258674 0 +6.748018818e+01 -3.946098118e+02 -3.946098118e+02 +1.3379e+00 +8.1754e-01 +2.0351e+00 +1.3523e+00 +1.8495e+00 +2.9272e+00 +2.4612e+00 +2.2821e+00 +1.4514e+00 +6.6457e-01
2846681 0 +4.830417049e+01 -4.137858295e+02 -4.137858295e+02 +5.1741e-01 +2.0586e+00 +1.3132e+00 +2.0614e+00 +1.5024e+00 +2.2361e+00 +2.0047e+00 +2.6233e+00 +1.4226e+00 +3.8377e-01
% f evaluations | g evaluations | best noise-free fitness - Fopt (7.766000000000e+01) + sum g_i+ | measured fitness | best measured fitness or single-digit g-values | x1 | x2...
1 0 +6.240722477e+03 +6.318382477e+03 +6.318382477e+03 +2.1674e+00 -2.0692e+00 +1.8864e+00 +4.6994e-01 +1.0324e+00 -1.7532e+00 -1.4089e+00 +2.4177e+00 +2.8600e+00 -1.4646e+00
2 0 +4.268587456e+03 +4.346247456e+03 +4.346247456e+03 -2.2770e+00 +5.6203e-01 +1.0583e+00 -1.7555e+00 +1.3380e+00 +1.9985e+00 -2.1335e+00 +5.4541e-01 +2.3460e+00 -1.8091e+00
3 0 +1.116836153e+03 +1.194496153e+03 +1.194496153e+03 +4.3780e-01 +2.6183e+00 -2.1131e+00 -1.9135e+00 +7.5844e-01 -2.4372e+00 -1.9904e+00 -8.8195e-01 +1.1198e+00 +6.8311e-01
5 0 +2.483778434e+02 +3.260378434e+02 +3.260378434e+02 -8.1863e-01 -5.5755e-01 -1.9146e+00 +2.8773e+00 +1.6560e+00 -1.4210e+00 -2.7715e+00 +2.2620e+00 -1.6171e+00 -2.9184e+00
68 0 +2.301872054e+02 +3.078472054e+02 +3.078472054e+02 +1.1184e+00 +1.6713e+00 -1.5470e+00 +1.4742e-02 -6.8831e-01 -7.2799e-01 -1.1743e+00 -2.4910e+00 -4.3040e-01 -2.9012e+00
101 0 +2.208829209e+02 +2.985429209e+02 +2.985429209e+02 +2.4230e+00 -1.4093e-01 -1.0080e+00 +2.6804e+00 -1.1278e+00 +5.1853e-01 -5.7313e-01 -1.3659e-01 +6.3843e-02 -1.2695e+00
379 0 +2.027747786e+02 +2.804347786e+02 +2.804347786e+02 +1.4889e+00 -1.8148e+00 -2.9520e-01 +2.6360e+00 +6.2080e-01 -6.0052e-01 -2.5254e+00 +1.8216e+00 -2.2947e+00 -2.9614e+00
408 0 +1.608705586e+02 +2.385305586e+02 +2.385305586e+02 -1.4045e+00 +1.5844e+00 -5.2936e-02 +9.6111e-01 +1.7075e+00 -2.3075e+00 +2.9379e-01 -7.1190e-01 -8.9092e-01 -2.1681e+00
1012 0 +1.318370850e+02 +2.094970850e+02 +2.094970850e+02 +1.9723e+00 -7.1784e-01 +1.3306e+00 +2.6707e+00 +2.2823e+00 -1.2912e+00 -2.4823e-01 +1.8782e+00 -3.2251e-01 -2.8581e+00
4033 0 +1.229627215e+02 +2.006227215e+02 +2.006227215e+02 -8.0043e-01 -2.5781e+00 +1.0586e+00 +2.6507e+00 +7.8889e-01 -1.5016e+00 +5.2148e-01 -1.0369e+00 -1.2877e+00 -2.6806e+00
23161 0 +1.185533993e+02 +1.962133993e+02 +1.962133993e+02 +2.2600e+00 -9.0210e-01 +1.1613e+00 +2.7296e+00 +1.9136e-01 -6.2182e-02 +6.7646e-02 -1.8468e-01 -1.9940e+00 -2.7613e+00
153345 0 +1.070375516e+02 +1.846975516e+02 +1.846975516e+02 -1.5573e+00 -4.3383e-01 +1.2467e+00 +1.4051e+00 +7.3578e-01 -4.7051e-01 -7.0260e-01 -6.5521e-01 -6.3027e-01 -2.9429e+00
254452 0 +9.683238764e+01 +1.744923876e+02 +1.744923876e+02 +1.4282e+00 -1.7542e+00 +2.6442e-01 +1.3031e+00 -6.7072e-02 -1.0900e+00 -8.2301e-01 +2.2746e-01 -6.1280e-01 -2.8967e+00
443953 0 +9.112881329e+01 +1.687888133e+02 +1.687888133e+02 +1.5023e+00 -2.7178e+00 +3.2370e-01 +1.3425e+00 +1.8656e+00 +1.1798e-02 -8.6629e-01 +5.8748e-01 -6.6145e-01 -2.8940e+00
1773613 0 +8.788718418e+01 +1.655471842e+02 +1.655471842e+02 -6.5983e-01 +3.2439e-02 -1.9544e+00 +2.6697e+00 +2.4028e+00 +1.3105e-01 -2.9220e-01 -7.4046e-01 -6.2630e-01 -2.6838e+00
1949929 0 +8.493446505e+01 +1.625944650e+02 +1.625944650e+02 +2.3097e+00 -2.7791e+00 +5.4070e-01 +2.4734e+00 +2.3791e+00 -1.2060e+00 +2.5517e-01 +4.5660e-01 -8.7370e-01 -2.9614e+00
% f evaluations | g evaluations | best noise-free fitness - Fopt (1.156800000000e+02) + sum g_i+ | measured fitness | best measured fitness or single-digit g-values | x1 | x2...
1 0 +8.500835348e+02 +9.657635348e+02 +9.657635348e+02 +2.4500e+00 +2.3548e+00 +7.1823e-01 +1.6268e+00 -1.2118e+00 -8.8273e-01 -1.1938e+00 -2.5453e+00 -1.5878e+00 +1.9908e+00
2 0 +3.933243151e+02 +5.090043151e+02 +5.090043151e+02 -4.4374e-01 +1.8112e-01 -2.8500e+00 +9.6118e-01 +1.4081e+00 -1.1669e+00 +7.1186e-01 +2.7393e+00 +1.5535e+00 +1.9851e+00
13 0 +3.830661038e+02 +4.987461038e+02 +4.987461038e+02 -6.9877e-01 -2.7965e+00 -1.9689e-01 -4.6457e-01 -8.9981e-01 -2.1112e+00 +2.7969e+00 +2.3931e+00 -8.4621e-01 -9.5986e-01
22 0 +3.442712709e+02 +4.599512709e+02 +4.599512709e+02 -2.4170e+00 -2.3110e+00 -8.0199e-01 +1.4964e+00 +1.6168e+00 -2.3835e+00 +3.0964e-01 +3.5512e-01 +1.1182e+00 -5.7679e-01
61 0 +3.078027233e+02 +4.234827233e+02 +4.234827233e+02 -6.2190e-01 -1.9005e+00 -1.2346e+00 -2.0654e+00 +5.4915e-01 -1.2578e+00 +7.3117e-01 +1.4984e+00 +2.6330e+00 +1.2364e+00
81 0 +2.569707702e+02 +3.726507702e+02 +3.726507702e+02 +1.1289e+00 -7.6803e-01 -1.7825e-01 +4.8599e-01 +1.6662e+00 -2.0764e-01 +1.4753e+00 +1.4654e+00 +1.2714e+00 -2.8046e+00
349 0 +2.390608587e+02 +3.547408587e+02 +3.547408587e+02 +1.0299e+00 +1.4432e+00 -4.1751e-01 -1.9211e+00 +2.6202e+00 -6.3533e-01 +2.0481e+00 +2.9142e+00 +2.7073e+00 -1.4445e+00
382 0 +1.937781064e+02 +3.094581064e+02 +3.094581064e+02 -1.2171e+00 +1.7573e+00 +1.6268e-01 -2.4231e-01 +1.1052e+00 -1.7573e+00 +1.6127e+00 +1.6198e+00 +2.5529e+00 -2.1741e+00
920 0 +1.828425873e+02 +2.985225873e+02 +2.985225873e+02 -1.1539e+00 -3.8146e-01 +2.2123e-01 -6.9014e-01 +2.2681e+00 -2.6072e+00 +1.9374e+00 +2.6948e+00 +2.8505e+00 -1.1610e+00
1036 0 +1.546008307e+02 +2.702808307e+02 +2.702808307e+02 -1.5244e+00 -1.7782e+00 -2.9561e-02 +1.8267e+00 +1.8155e+00 -2.2893e+00 +2.5497e+00 +2.0162e+00 +1.6524e+00 -2.3511e+00
3301 0 +1.414228584e+02 +2.571028584e+02 +2.571028584e+02 +1.6441e+00 -2.0804e+00 -7.6529e-01 +2.9877e+00 +1.1735e+00 -2.9547e+00 +2.1352e+00 +1.1598e+00 +2.8546e+00 -1.6484e+00
64308 0 +1.299318834e+02 +2.456118834e+02 +2.456118834e+02 +3.9686e-01 -2.4216e+00 -1.3507e+00 +2.5333e+00 +2.9530e+00 -1.0721e+00 +2.7077e+00 +2.7282e+00 +2.4460e+00 -1.6471e+00
106864 0 +1.081273571e+02 +2.238073571e+02 +2.238073571e+02 +1.1531e+00 +2.0821e+00 -6.1214e-01 +1.2826e+00 +2.4121e+00 -1.6086e+00 +2.9553e+00 +1.2427e+00 +2.6228e+00 -1.6440e+00
418142 0 +1.042506867e+02 +2.199306867e+02 +2.199306867e+02 +3.9887e-01 +1.4885e+00 -8.9319e-01 +1.1352e+00 +1.9127e+00 -2.8080e+00 +2.6633e+00 +2.4135e+00 +2.6222e+00 -1.5339e+00
3780897 0 +1.018100180e+02 +2.174900180e+02 +2.174900180e+02 +1.1585e+00 +6.2705e-01 -5.9871e-01 +2.3007e+00 +1.0778e+00 -2.5696e+00 +2.6019e+00 +1.4694e+00 +2.9644e+00 -1.2409e+00
4869563 0 +9.892448205e+01 +2.146044821e+02 +2.146044821e+02 +1.2220e+00 -1.3970e+00 +3.4750e-01 +2.0215e-01 +1.8157e+00 -2.7291e+00 +2.5725e+00 +1.5236e+00 +2.8599e+00 -1.6470e+00
5234318 0 +9.722696840e+01 +2.129069684e+02 +2.129069684e+02 +4.0891e-01 -2.4153e+00 +3.2987e-01 +1.8547e+00 +1.2015e+00 -7.7348e-01 +2.9980e+00 +2.0365e+00 +2.9218e+00 -1.9703e+00
7120838 0 +9.160931081e+01 +2.072893108e+02 +2.072893108e+02 -1.8773e+00 -2.5384e+00 -2.2194e+00 +2.9963e+00 +1.9277e+00 -2.7151e+00 +2.5687e+00 +2.6660e+00 +2.6115e+00 -1.2707e+00
% f evaluations | g evaluations | best noise-free fitness - Fopt (-3.710000000000e+00) + sum g_i+ | measured fitness | best measured fitness or single-digit g-values | x1 | x2...
1 0 +3.517127074e+03 +3.513417074e+03 +3.513417074e+03 -2.8518e+00 +8.0100e-01 -1.3575e+00 -2.2978e+00 -8.4837e-01 -1.1517e+00 +2.6189e+00 -1.2856e+00 +1.4299e+00 -2.9530e-01
2 0 +8.231190590e+02 +8.194090590e+02 +8.194090590e+02 -2.4025e+00 -1.9452e+00 +2.0516e+00 -2.9872e-01 +2.5002e+00 -2.8499e+00 +1.0988e+00 -1.8202e+00 +2.2551e+00 -2.7186e+00
3 0 +2.335065748e+02 +2.297965748e+02 +2.297965748e+02 -7.7254e-01 -2.7787e+00 +1.1051e+00 +2.7565e+00 -1.0262e+00 +1.7808e+00 -5.4813e-01 +1.6408e-02 +7.8028e-01 +1.1374e+00
51 0 +1.903978484e+02 +1.866878484e+02 +1.866878484e+02 +1.9617e+00 -4.5083e-01 +1.4028e+00 +2.9966e+00 +1.1551e+00 +1.8271e+00 -5.6474e-02 -2.6934e+00 +8.2528e-01 +6.4097e-01
251 0 +1.377259026e+02 +1.340159026e+02 +1.340159026e+02 +2.1450e+00 -2.7090e+00 +1.3763e+00 -4.3532e-02 +1.9500e+00 +1.5240e+00 +1.0127e-01 -1.6814e+00 +1.9717e+00 +8.5684e-01
2843 0 +1.334888225e+02 +1.297788225e+02 +1.297788225e+02 +8.8504e-01 -2.7878e-01 -2.2965e-01 +2.4017e+00 +2.5438e+00 +2.3129e+00 -3.5473e-01 -7.5650e-01 +2.3698e+00 -2.7351e-01
34451 0 +1.231536752e+02 +1.194436752e+02 +1.194436752e+02 -9.7308e-01 -2.2652e+00 -7.2322e-01 +2.5684e+00 +2.4545e+00 +1.0085e+00 -7.5110e-01 -1.6244e+00 +1.2521e+00 +1.7261e+00
57095 0 +1.022422675e+02 +9.853226747e+01 +9.853226747e+01 +1.6375e+00 -2.6371e+00 +8.7783e-01 +1.8031e+00 +2.4214e+00 +1.7190e+00 -2.9195e-01 -2.8533e+00 +1.0126e+00 +3.5434e-01
382407 0 +9.640610472e+01 +9.269610472e+01 +9.269610472e+01 +1.3191e-01 -1.1778e+00 +2.4459e-01 +2.6005e+00 +1.6548e+00 +1.0147e+00 -3.5426e-01 -1.9650e+00 +2.3204e+00 +6.3837e-01
2195613 0 +9.462412906e+01 +9.091412906e+01 +9.091412906e+01 +9.5973e-01 -6.3882e-01 +3.5213e-01 +2.0798e+00 +2.6203e+00 +2.7361e+00 -2.7477e-01 -1.1693e+00 +1.9602e+00 +1.1596e+00
2837577 0 +6.819791347e+01 +6.448791347e+01 +6.448791347e+01 +2.1368e+00 -4.2384e-01 +5.0572e-01 +2.5652e+00 +1.4853e+00 +2.2259e+00 -2.1748e-01 -2.3025e+00 +1.5550e+00 +9.2930e-01
% f evaluations | g evaluations | best noise-free fitness - Fopt (1.321800000000e+02) + sum g_i+ | measured fitness | best measured fitness or single-digit g-values | x1 | x2...
1 0 +3.443293766e+02 +4.765093766e+02 +4.765093766e+02 -2.3451e+00 +8.8266e-01 -1.6380e+00 -2.8910e+00 -2.3929e+00 -2.4875e+00 +3.3180e-01 +1.9853e+00 +1.0177e+00 -1.3067e+00
3 0 +3.012322779e+02 +4.334122779e+02 +4.334122779e+02 -2.0944e+00 +2.6880e+00 +2.0767e+00 +1.0695e+00 +2.1502e+00 +1.2165e+00 -2.6655e-01 -2.4364e+00 -8.6162e-01 +1.3323e+00
7 0 +2.675042622e+02 +3.996842622e+02 +3.996842622e+02 +3.1612e-01 +1.4019e+00 +3.4419e-02 +2.0766e+00 -6.8179e-02 +2.6390e+00 +5.5489e-01 +1.1061e+00 -1.0887e-01 +1.8262e+00
11 0 +2.074766319e+02 +3.396566319e+02 +3.396566319e+02 +1.0230e+00 +7.3878e-01 +3.3960e-01 -2.7096e+00 -1.1943e+00 -6.4225e-01 -6.0042e-01 -2.6698e-01 -1.0449e+00 -3.7465e-01
51 0 +1.875280224e+02 +3.197080224e+02 +3.197080224e+02 +1.3105e+00 +1.5046e+00 +2.1090e-01 -1.7701e+00 -1.8306e+00 -2.0053e+00 +2.2599e+00 +1.5172e+00 +2.7317e-01 +1.0539e+00
84 0 +1.860647168e+02 +3.182447168e+02 +3.182447168e+02 +1.5337e+00 -1.9238e+00 +5.2711e-01 -1.8768e+00 +4.7586e-01 -2.0667e+00 -9.7697e-01 +7.0748e-01 +2.2532e-01 -3.4309e-01
121 0 +1.650351936e+02 +2.972151936e+02 +2.972151936e+02 -1.1765e+00 -1.8833e-01 +2.4524e+00 -2.3204e+00 +2.4222e+00 +1.5286e+00 +2.1943e+00 +1.2676e+00 -4.6102e-01 -6.5822e-02
261 0 +1.450028817e+02 +2.771828817e+02 +2.771828817e+02 +2.6358e+00 +5.1165e-02 -1.2922e+00 +1.9937e+00 +1.9096e+00 +7.1698e-01 +1.0660e+00 -3.2075e-01 +1.4056e-01 +8.2961e-01
578 0 +1.357265875e+02 +2.679065875e+02 +2.679065875e+02 +8.0083e-01 +2.7078e+00 +8.0794e-01 -1.0122e+00 +2.3420e+00 -6.4437e-01 +8.3615e-01 +4.6721e-01 +9.2953e-01 +9.6922e-01
2377 0 +1.311256549e+02 +2.633056549e+02 +2.633056549e+02 +1.8590e+00 -1.1015e+00 +2.5460e+00 -2.2320e+00 +1.6050e+00 -1.7461e+00 +1.7267e+00 +1.1917e+00 -4.9638e-01 +1.1037e+00
4754 0 +1.083417658e+02 +2.405217658e+02 +2.405217658e+02 +1.8209e+00 -1.7419e+00 +2.6449e+00 -2.6893e+00 +1.3432e+00 -2.8139e-01 +9.0315e-01 +2.3794e-02 +7.7811e-01 +7.8080e-01
39051 0 +1.034975119e+02 +2.356775119e+02 +2.356775119e+02 +2.8444e+00 +5.1150e-01 +9.7109e-01 -2.4838e+00 +1.4288e+00 -1.0649e+00 +1.0451e+00 -1.8201e+00 -6.0693e-02 +7.7978e-01
51489 0 +1.011937594e+02 +2.333737594e+02 +2.333737594e+02 +7.7680e-01 +1.5864e+00 +2.7001e+00 +9.0192e-01 +1.4123e+00 -2.1303e+00 +1.6190e+00 +9.5800e-01 +1.0733e+00 -5.6291e-01
58653 0 +7.498734249e+01 +2.071673425e+02 +2.071673425e+02 +2.8468e+00 +1.9641e+00 +2.8485e+00 -2.1030e+00 +1.8658e+00 -2.0986e+00 +1.8270e+00 +5.4949e-01 +1.0277e+00 -5.0404e-01
392461 0 +5.593276827e+01 +1.881127683e+02 +1.881127683e+02 +1.7859e+00 +1.3998e+00 +2.0904e-01 -2.1180e+00 +2.5481e+00 -1.6614e+00 +1.8960e+00 +5.9874e-02 +9.0220e-01 -5.4817e-01
% f evaluations | g evaluations | best noise-free fitness - Fopt (-3.930000000000e+01) + sum g_i+ | measured fitness | best measured fitness or single-digit g-values | x1 | x2...
1 0 +3.909068307e+02 +3.516068307e+02 +3.516068307e+02 +2.1429e+00 +1.5132e+00 +7.5193e-01 +1.6658e+00 +3.5134e-01 -2.9128e+00 -9.3016e-01 -2.3510e+00 -4.5885e-01 -2.0126e+00
26 0 +3.661052897e+02 +3.268052897e+02 +3.268052897e+02 +2.2268e+00 +1.3151e+00 -1.9637e+00 +2.1121e+00 -5.6057e-01 -1.3898e+00 +1.4964e+00 -1.1959e+00 -9.5920e-01 -5.4844e-01
27 0 +2.252979440e+02 +1.859979440e+02 +1.859979440e+02 +1.4151e+00 +2.7915e-01 +7.6874e-01 +1.8782e+00 -1.3271e+00 +7.8974e-01 +7.1050e-01 +2.5646e+00 +1.4628e+00 -1.0080e+00
114 0 +2.030777696e+02 +1.637777696e+02 +1.637777696e+02 -4.7347e-01 -2.5747e+00 +9.8099e-01 +1.5149e+00 -3.7273e-01 -1.3312e+00 +2.2820e+00 +1.8779e+00 -1.1272e+00 -2.6996e+00
371 0 +1.616143852e+02 +1.223143852e+02 +1.223143852e+02 +4.8205e-01 -2.7638e+00 +2.7356e+00 +2.3023e+00 -1.4782e+00 -8.0690e-01 +2.9783e+00 +2.5106e+00 +2.1511e-01 -2.0350e+00
4140 0 +1.451668750e+02 +1.058668750e+02 +1.058668750e+02 -1.4637e+00 -2.2597e+00 -7.7110e-01 +2.8103e+00 +9.6006e-02 -9.0609e-01 +2.6852e+00 +1.1738e+00 +4.8556e-02 -2.9652e+00
9549 0 +1.421446234e+02 +1.028446234e+02 +1.028446234e+02 +9.8274e-01 -5.0067e-01 +1.4732e+00 +1.8997e+00 -5.2420e-01 -2.7607e+00 +2.2363e+00 +1.7554e+00 +7.3249e-01 -2.1773e+00
11490 0 +1.377281806e+02 +9.842818062e+01 +9.842818062e+01 +1.2173e+00 -2.8278e+00 +2.2524e+00 -9.4023e-02 +3.1103e-01 -7.4708e-01 +2.6382e+00 -3.6804e-01 +5.2920e-01 -2.7308e+00
12156 0 +1.225790560e+02 +8.327905599e+01 +8.327905599e+01 +2.3530e+00 +1.1526e+00 +5.6177e-01 +2.7072e+00 +4.3402e-01 -1.0233e+00 +2.5250e+00 +1.4953e+00 +1.7313e+00 -2.9696e+00
80427 0 +1.102090423e+02 +7.090904225e+01 +7.090904225e+01 -2.0818e+00 +4.7924e-01 +1.5305e-01 +2.5105e+00 +1.1788e+00 -2.9811e+00 +2.2809e+00 +9.0947e-01 +1.7808e+00 -2.8106e+00
147648 0 +9.682601633e+01 +5.752601633e+01 +5.752601633e+01 +2.4333e+00 +6.5785e-01 +2.3335e+00 +1.6976e+00 +3.9650e-01 -2.9687e+00 +1.8305e+00 +1.4329e+00 +1.0651e+00 -2.6007e+00
328343 0 +8.722368905e+01 +4.792368905e+01 +4.792368905e+01 +2.2664e+00 -1.3838e+00 +2.1369e+00 +1.9371e+00 -4.8572e-01 -1.9958e+00 +2.5890e+00 +2.0151e+00 +1.7840e+00 -2.7716e+00
3911487 0 +6.237920852e+01 +2.307920852e+01 +2.307920852e+01 +2.4353e+00 -1.2173e+00 +8.7300e-01 +2.2097e+00 +9.1041e-01 -2.8824e+00 +1.7939e+00 +1.7378e+00 +1.8082e+00 -2.7132e+00
% f evaluations | g evaluations | best noise-free fitness - Fopt (4.296000000000e+01) + sum g_i+ | measured fitness | best measured fitness or single-digit g-values | x1 | x2...
1 0 +2.176338401e+03 +2.219298401e+03 +2.219298401e+03 -2.5046e+00 +1.3696e-02 +2.3972e+00 -1.7409e-01 +2.6930e+00 +4.7965e-01 +1.9812e+00 -2.3210e+00 -2.7306e+00 +8.0799e-01
3 0 +8.824892143e+02 +9.254492143e+02 +9.254492143e+02 -6.9029e-01 +1.6688e-01 +6.7259e-01 +1.6449e+00 -1.9713e+00 -5.7993e-01 -1.9964e+00 -2.0179e+00 +2.8145e+00 -5.9741e-01
4 0 +7.825548895e+02 +8.255148895e+02 +8.255148895e+02 -1.4213e+00 -1.1945e+00 +1.2133e+00 -1.2667e+00 +5.3106e-01 +1.2876e+00 -3.0667e-01 +2.2858e+00 +2.6280e+00 -1.8851e+00
5 0 +3.505942166e+02 +3.935542166e+02 +3.935542166e+02 -1.8869e+00 -1.4347e+00 -2.7567e+00 -1.8820e+00 +5.7345e-01 -1.3336e+00 -2.8368e+00 -2.4366e+00 +6.0168e-02 -2.3743e+00
7 0 +2.952187615e+02 +3.381787615e+02 +3.381787615e+02 +2.3962e+00 +1.4676e+00 -8.9119e-01 -2.9732e+00 +2.5084e-01 -7.6652e-01 -1.3854e+00 +2.9816e-01 -6.9178e-02 +1.6575e-01
18 0 +2.948101159e+02 +3.377701159e+02 +3.377701159e+02 -7.3942e-01 -5.3659e-01 -1.8588e+00 +9.0545e-02 +3.6998e-01 +7.9039e-01 -2.1688e+00 +1.5296e+00 +2.2610e-01 +5.6950e-01
23 0 +2.253329584e+02 +2.682929584e+02 +2.682929584e+02 -4.0330e-01 +2.0537e+00 -1.1173e+00 +2.7197e+00 -2.0848e+00 -1.6626e+00 -1.5470e+00 -3.1821e-01 -1.0636e+00 +8.5907e-01
43 0 +1.919392356e+02 +2.348992356e+02 +2.348992356e+02 +2.3110e+00 +1.2823e+00 +2.1927e+00 -1.0555e+00 +3.7263e-01 -2.4323e+00 +5.3685e-01 -2.6782e+00 +9.8189e-01 +8.7609e-01
76 0 +1.622019314e+02 +2.051619314e+02 +2.051619314e+02 +1.0656e+00 +2.1196e-01 -1.7760e+00 +2.3864e+00 -1.2434e+00 -1.1278e+00 +4.0280e-01 -1.4677e+00 +1.8384e+00 +1.0466e+00
128 0 +1.158747899e+02 +1.588347899e+02 +1.588347899e+02 -1.6063e+00 -6.6913e-01 -2.8434e+00 +1.6816e+00 +1.8995e-01 -2.6382e+00 -2.4437e-01 -1.5675e+00 +1.4636e+00 +6.5280e-01
2745 0 +8.967260407e+01 +1.326326041e+02 +1.326326041e+02 +5.6538e-01 +1.9998e+00 +1.8824e+00 +2.9572e+00 -8.3037e-01 -2.6901e+00 -6.6119e-01 -6.6978e-01 +5.1150e-01 -2.7312e-02
59832 0 +8.676372900e+01 +1.297237290e+02 +1.297237290e+02 +1.3059e+00 +2.5319e+00 +1.3491e+00 +1.7298e+00 +4.1633e-01 -2.3842e+00 +3.9859e-01 +1.1459e-01 +1.5584e+00 -2.5048e-02
121676 0 +8.140452633e+01 +1.243645263e+02 +1.243645263e+02 -1.6055e+00 +6.8939e-02 +1.9652e+00 -9.5353e-01 +4.6445e-01 -2.7877e+00 +2.4729e-01 -1.5190e+00 +1.6227e+00 -3.4684e-01
304534 0 +7.908942911e+01 +1.220494291e+02 +1.220494291e+02 +5.5582e-01 +1.7711e+00 +2.0836e+00 +2.4159e+00 -2.2191e-01 -2.4159e+00 +3.5790e-01 -1.5852e+00 +5.7513e-01 +6.9604e-01
1775342 0 +6.898956070e+01 +1.119495607e+02 +1.119495607e+02 -3.2805e-01 -9.8505e-01 -3.4340e-01 -1.0700e+00 +2.9327e-01 -2.2445e+00 -5.8228e-01 -1.6049e+00 +5.2752e-01 +8.7521e-01
2441319 0 +6.205991205e+01 +1.050199121e+02 +1.050199121e+02 +1.3612e+00 +1.3324e+00 +2.0417e+00 +1.5777e+00 +1.0210e+00 -2.2657e+00 -5.0898e-02 -1.1541e+00 +1.7436e+00 -9.9412e-02
9447505 0 +6.165435408e+01 +1.046143541e+02 +1.046143541e+02 +1.0390e+00 +2.7152e+00 +1.4774e+00 +2.2703e-01 +4.2964e-01 -2.8149e+00 +4.4993e-01 -1.1229e+00 +1.4996e+00 +5.5962e-01
% f evaluations | g evaluations | best noise-free fitness - Fopt (2.842200000000e+02) + sum g_i+ | measured fitness | best measured fitness or single-digit g-values | x1 | x2...
1 0 +8.465532247e+02 +1.130773225e+03 +1.130773225e+03 -9.0150e-01 +2.8564e+00 +2.8780e+00 -1.1562e+00 -2.2732e+00 -1.3411e+00 +1.4710e+00 -1.3390e+00 -2.0436e+00 -4.3682e-01
2 0 +7.100457464e+02 +9.942657464e+02 +9.942657464e+02 +2.1706e+00 -6.2274e-01 -1.3574e+00 +2.0448e+00 -2.3437e+00 -1.0753e-02 -1.8571e+00 -1.8099e+00 -2.4858e+00 +2.2513e+00
4 0 +4.923662001e+02 +7.765862001e+02 +7.765862001e+02 +9.7521e-01 -1.0350e+00 -7.5742e-01 +3.5503e-01 -1.4477e+00 +8.1456e-02 -2.2173e+00 -2.7174e+00 -2.6561e+00 -2.5788e+00
5 0 +2.710652119e+02 +5.552852119e+02 +5.552852119e+02 -1.9981e+00 +6.7914e-01 -3.1729e-01 -1.7275e+00 +2.2181e-02 +3.5112e-01 +1.0129e+00 +2.9721e+00 +3.6025e-01 -5.0040e-01
43 0 +1.920023515e+02 +4.762223515e+02 +4.762223515e+02 +1.0969e+00 -1.0083e+00 +4.3926e-01 +2.8920e+00 -6.9263e-01 -2.1526e+00 +1.8832e+00 +2.6674e+00 -1.3869e+00 -2.0804e+00
130 0 +1.790188225e+02 +4.632388225e+02 +4.632388225e+02 -3.8491e-01 +2.2924e+00 -1.4068e+00 +2.4570e+00 -1.4259e+00 -3.6394e-01 +2.5281e+00 +1.8086e+00 -2.3471e-01 -2.6124e+00
133 0 +1.756859811e+02 +4.599059811e+02 +4.599059811e+02 -8.5339e-01 -2.1468e+00 +1.1866e+00 +2.6154e+00 +8.6991e-01 -6.4673e-01 +2.8879e+00 +1.0068e+00 -8.1968e-01 -2.9159e+00
2718 0 +1.729793533e+02 +4.571993533e+02 +4.571993533e+02 -1.9588e+00 -2.4680e+00 -1.5403e+00 +1.3392e+00 -1.2292e+00 -8.0874e-01 +2.3395e+00 +1.4104e+00 -2.4050e-01 -2.5844e+00
2799 0 +1.395589818e+02 +4.237789818e+02 +4.237789818e+02 +1.1851e+00 -9.4791e-02 +8.5267e-01 +2.4990e-01 +7.5562e-01 -7.3479e-01 +1.2217e+00 +1.7626e+00 +5.1914e-01 -1.7117e+00
4451 0 +1.368327155e+02 +4.210527155e+02 +4.210527155e+02 +1.0785e+00 +8.7454e-01 -1.2772e+00 +2.9831e+00 +6.8249e-01 -4.6091e-01 +2.8681e+00 +2.1228e-01 -4.9313e-01 -2.0049e+00
27271 0 +1.281481054e+02 +4.123681054e+02 +4.123681054e+02 +2.2943e+00 -2.0539e+00 +8.7564e-01 +1.8220e+00 +4.4490e-01 -1.8703e+00 +2.7324e+00 +1.3714e+00 -6.3130e-01 -2.2778e+00
58454 0 +1.123451093e+02 +3.965651093e+02 +3.965651093e+02 +2.3988e+00 -2.9571e+00 -2.1181e-02 +1.5179e+00 +8.8865e-03 -1.7567e+00 +2.3678e+00 +1.7395e+00 -1.4320e-01 -1.6696e+00
59473 0 +1.103133080e+02 +3.945333080e+02 +3.945333080e+02 +9.7392e-01 -2.4462e+00 +3.2150e-01 +2.9281e+00 +1.1660e+00 -2.3994e+00 +2.6245e+00 +1.6407e+00 +1.9545e-01 -1.7600e+00
97821 0 +1.058123283e+02 +3.900323283e+02 +3.900323283e+02 +1.1816e+00 +1.7511e+00 -4.2179e-01 +1.5785e+00 +1.1818e+00 -2.3554e+00 +1.5991e+00 +1.0426e+00 -3.3551e-01 -2.6100e+00
213334 0 +1.019697649e+02 +3.861897649e+02 +3.861897649e+02 +2.0914e+00 +2.2802e+00 +1.4753e-01 +2.2023e+00 +9.5183e-01 -2.3255e+00 +2.3973e+00 +2.3745e+00 +1.9665e-01 -2.2755e+00
573813 0 +8.056209687e+01 +3.647820969e+02 +3.647820969e+02 +1.0903e+00 -1.7959e+00 +1.1358e+00 -1.0257e+00 +1.2478e+00 -2.9905e+00 +2.3756e+00 +4.4487e-01 +1.3192e-01 -2.8481e+00
3429721 0 +7.194091255e+01 +3.561609125e+02 +3.561609125e+02 +2.3675e+00 -1.1506e+00 -1.3894e+00 +2.9802e+00 +1.7274e+00 -2.7757e+00 +2.9247e+00 +2.2282e+00 +2.7037e-01 -1.9040e+00
6430829 0 +6.872395545e+01 +3.529439555e+02 +3.529439555e+02 -9.4380e-01 +2.2947e+00 -6.6541e-02 +2.9786e+00 +1.2612e+00 -2.5344e+00 +2.9590e+00 +2.2013e+00 +2.9703e-01 -2.8582e+00
% f evaluations | g evaluations | best noise-free fitness - Fopt (-3.217000000000e+01) + sum g_i+ | measured fitness | best measured fitness or single-digit g-values | x1 | x2...
1 0 +1.690116941e+03 +1.657946941e+03 +1.657946941e+03 +2.6507e+00 +7.2350e-01 +1.1466e+00 +1.6735e+00 -1.6257e+00 +2.0863e+00 +2.0652e+00 +3.1542e-03 +1.0804e+00 -6.4259e-01
3 0 +3.988674261e+02 +3.666974261e+02 +3.666974261e+02 -1.8094e+00 -2.1119e+00 -2.6310e+00 -2.5068e+00 +7.8032e-01 +2.5538e+00 -1.3581e-01 -1.9508e+00 +5.8642e-01 -1.6467e-01
5 0 +3.223248268e+02 +2.901548268e+02 +2.901548268e+02 -2.3529e+00 +1.4130e+00 -1.3360e+00 +1.1246e+00 -6.8308e-01 +8.1520e-01 -5.9428e-01 +1.7105e+00 +7.9338e-01 +5.8546e-01
13 0 +2.945068052e+02 +2.623368052e+02 +2.623368052e+02 -2.7265e+00 -2.7756e+00 +2.7300e-01 -7.5468e-01 -1.2083e+00 -7.2826e-01 -4.5334e-01 +1.7387e+00 -3.3544e-01 -5.9831e-01
45 0 +2.855605046e+02 +2.533905046e+02 +2.533905046e+02 -1.5748e+00 +2.8346e+00 +1.3285e-01 -7.1968e-01 +1.1396e+00 +1.4652e-01 -2.3320e-01 -2.4721e+00 -1.6365e-03 -2.0179e+00
64 0 +2.572056866e+02 +2.250356866e+02 +2.250356866e+02 +1.6820e+00 +9.1483e-01 -2.9804e+00 -2.4598e+00 +1.7698e-01 +2.6811e+00 -4.3941e-01 +2.4627e+00 -5.5514e-01 -1.0839e+00
67 0 +2.415559949e+02 +2.093859949e+02 +2.093859949e+02 -2.2476e+00 -2.9158e+00 +3.1099e-01 -2.0349e+00 -3.6176e-01 -7.2749e-01 -3.0258e-01 +9.5956e-01 +1.1105e+00 -1.9498e+00
121 0 +2.166712476e+02 +1.845012476e+02 +1.845012476e+02 +1.5660e+00 -1.1117e+00 +4.6400e-02 +1.5060e+00 +1.3141e+00 +1.2333e-01 -1.9936e+00 +2.5276e+00 -1.6304e+00 -1.8061e+00
383 0 +2.131997722e+02 +1.810297722e+02 +1.810297722e+02 -5.5476e-01 -2.1166e-01 +3.2244e-01 -8.3143e-01 +2.4348e+00 -2.4640e+00 +3.8902e-01 +2.5300e+00 -5.5498e-01 -1.2096e+00
458 0 +1.953158181e+02 +1.631458181e+02 +1.631458181e+02 -1.1127e+00 +2.9053e+00 +3.1687e-01 +2.0887e+00 +1.8184e+00 +4.6623e-02 -7.8112e-02 +2.6227e+00 +1.0669e+00 -1.7544e-01
775 0 +1.947513052e+02 +1.625813052e+02 +1.625813052e+02 +5.7391e-01 +1.2570e+00 +5.6295e-01 +1.0361e-01 +1.7382e+00 +4.9098e-01 -2.3072e+00 +2.7298e+00 +1.2675e-01 -2.5621e+00
879 0 +1.734257218e+02 +1.412557218e+02 +1.412557218e+02 -6.3523e-01 -8.5321e-01 -4.4514e-01 +7.4117e-02 +2.0615e+00 +1.3474e+00 -1.8860e+00 +1.6763e+00 -8.1211e-01 -1.7632e+00
1650 0 +1.630736757e+02 +1.309036757e+02 +1.309036757e+02 -2.8782e-01 +2.1381e+00 -9.7927e-01 -4.4309e-01 +2.1719e+00 +1.9894e-01 -3.7182e-01 +2.4359e+00 +6.2565e-01 -1.3880e+00
2393 0 +1.496966638e+02 +1.175266638e+02 +1.175266638e+02 +1.5616e+00 -7.0479e-01 -7.5092e-01 +1.0413e+00 +1.6768e+00 +1.1447e+00 -8.4216e-01 +2.1576e+00 -6.7785e-01 -2.3113e+00
2444 0 +1.072363961e+02 +7.506639610e+01 +7.506639610e+01 -1.3409e+00 -2.6174e+00 -1.8916e-01 +1.3132e+00 +1.2614e+00 +2.8185e+00 +3.9982e-01 +2.5934e+00 +6.3382e-01 -2.6541e+00
23811 0 +1.013656504e+02 +6.919565038e+01 +6.919565038e+01 +5.7620e-01 +9.4445e-01 -5.1403e-01 -7.9423e-01 +1.7837e+00 +1.0546e+00 -9.2465e-01 +2.1037e+00 +3.0237e-01 -1.8463e+00
97091 0 +9.770949058e+01 +6.553949058e+01 +6.553949058e+01 -1.6405e-01 -8.9156e-01 +3.2572e-01 +4.5022e-01 +7.4137e-01 +1.2345e+00 -2.2595e-01 +2.7071e+00 +6.3227e-01 -2.6719e+00
232178 0 +9.467254011e+01 +6.250254011e+01 +6.250254011e+01 +1.4078e+00 +2.6505e+00 -1.7181e-01 -2.4853e-01 +1.1786e+00 +4.1257e-01 -8.4661e-01 +2.9814e+00 -2.2794e-01 -2.4176e+00
263276 0 +9.204103398e+01 +5.987103398e+01 +5.987103398e+01 -6.1696e-02 +2.6150e+00 +3.9286e-01 +2.6828e+00 +2.6487e+00 +1.1092e+00 -1.6794e-03 +2.6918e+00 +3.1268e-01 -2.3602e+00
291444 0 +8.903038968e+01 +5.686038968e+01 +5.686038968e+01 +1.3804e+00 +2.3192e+00 -8.8291e-01 -8.7915e-01 +2.9372e+00 +1.4409e+00 +3.3486e-01 +2.4855e+00 +4.8390e-01 -2.3965e+00
465246 0 +7.679403408e+01 +4.462403408e+01 +4.462403408e+01 -1.9103e+00 +2.3979e-01 +6.2070e-01 +6.0317e-01 +2.5417e+00 +4.8404e-01 -8.8627e-01 +2.7058e+00 +3.4399e-01 -2.3759e+00
2447591 0 +7.547064863e+01 +4.330064863e+01 +4.330064863e+01 +1.5544e+00 +1.8417e+00 -9.9314e-01 -1.0713e+00 +2.5124e+00 +5.7781e-01 +3.9829e-01 +2.7481e+00 +3.2371e-02 -2.7157e+00
5119500 0 +7.038478075e+01 +3.821478075e+01 +3.821478075e+01 +1.3634e+00 +1.7638e+00 -8.7361e-01 +4.9159e-01 +2.6057e+00 +2.8247e-01 -9.8619e-01 +2.6366e+00 +1.3832e+00 -1.7997e+00
% f evaluations | g evaluations | best noise-free fitness - Fopt (-5.858000000000e+01) + sum g_i+ | measured fitness | best measured fitness or single-digit g-values | x1 | x2...
1 0 +1.001666857e+03 +9.430868565e+02 +9.430868565e+02 -2.7943e+00 -2.3269e+00 +2.7000e+00 -7.5598e-02 +2.7219e+00 +1.9306e+00 -1.0316e+00 -6.1238e-01 -7.0755e-01 -7.6750e-01
2 0 +6.850839190e+02 +6.265039190e+02 +6.265039190e+02 -1.6546e+00 +8.8054e-01 +1.7815e+00 +5.8538e-03 -2.9499e+00 -2.9020e+00 -4.7246e-01 -2.3822e+00 -1.2769e+00 +7.4391e-01
4 0 +4.878215863e+02 +4.292415863e+02 +4.292415863e+02 +1.9197e+00 +2.2767e+00 +4.1306e-01 -1.9869e+00 -2.3228e+00 -1.0016e-02 -1.5747e+00 +1.9786e+00 +1.4756e+00 +2.2020e+00
5 0 +4.223265785e+02 +3.637465785e+02 +3.637465785e+02 +1.0114e+00 -2.1337e+00 -7.3723e-01 -1.2046e+00 -5.4299e-01 -2.2870e+00 +2.8216e+00 -1.3403e+00 -9.6286e-01 +6.4850e-02
7 0 +4.137623321e+02 +3.551823321e+02 +3.551823321e+02 -1.0077e+00 -2.6938e+00 -2.9750e+00 +2.9084e+00 -3.7138e-01 -1.4420e+00 -2.1891e+00 +1.0139e-01 +2.6619e+00 -1.2969e-01
9 0 +3.386235224e+02 +2.800435224e+02 +2.800435224e+02 -1.0686e+00 -2.8380e+00 -1.9057e+00 +1.9069e+00 +1.1818e+00 -4.5974e-01 +6.0536e-01 -3.2185e-01 +1.9862e+00 -2.4301e-01
22 0 +2.833532597e+02 +2.247732597e+02 +2.247732597e+02 +1.0893e+00 -6.5161e-01 +9.7288e-01 +1.1941e+00 +2.9755e+00 -1.2822e+00 -9.1994e-02 -6.6444e-01 +2.3845e+00 -1.0525e+00
73 0 +1.821050657e+02 +1.235250657e+02 +1.235250657e+02 +2.0284e-01 +4.9379e-01 +1.0954e+00 +6.2724e-01 +5.3386e-01 -2.8717e+00 +9.7177e-01 +2.5342e+00 +1.3933e+00 +2.2553e+00
183 0 +1.778501851e+02 +1.192701851e+02 +1.192701851e+02 +7.0212e-01 +3.8158e-02 +8.4577e-01 +9.6268e-01 +4.9154e-01 -1.9781e+00 +9.6402e-01 +6.4718e-01 +2.4102e+00 +1.6741e+00
563 0 +1.739060235e+02 +1.153260235e+02 +1.153260235e+02 +4.0417e-01 +1.9308e+00 -4.6869e-02 +2.6347e+00 +2.9231e+00 -2.7316e+00 +1.3016e+00 +3.3100e-01 +2.2113e+00 +9.6711e-01
632 0 +1.593361037e+02 +1.007561037e+02 +1.007561037e+02 +2.3231e+00 +1.2190e+00 -3.3755e-01 -3.4652e-02 +2.5617e+00 -2.9947e+00 +1.9453e+00 +2.6870e+00 +1.4359e+00 -1.2938e-01
3043 0 +1.582938829e+02 +9.971388293e+01 +9.971388293e+01 -4.2863e-01 -2.7422e+00 -4.5865e-02 +1.4243e+00 +1.0707e+00 -1.5153e+00 +2.8550e+00 +2.9479e+00 +1.8652e+00 +2.5259e+00
3381 0 +1.522616065e+02 +9.368160649e+01 +9.368160649e+01 +1.3936e-01 -2.3801e+00 +3.9384e-01 +4.7060e-01 +1.1351e+00 -2.3458e+00 +2.7174e+00 +2.8909e+00 +7.1179e-01 +1.5321e+00
17023 0 +9.191621763e+01 +3.333621763e+01 +3.333621763e+01 +1.8275e+00 +1.9215e+00 +3.2605e-01 +1.9041e+00 +2.3864e+00 -2.9109e+00 +2.8225e+00 +2.3946e+00 +2.2648e+00 +1.9282e+00
2286563 0 +8.131562624e+01 +2.273562624e+01 +2.273562624e+01 +6.0066e-01 -2.6686e+00 +4.9194e-01 +1.8334e+00 +2.8754e+00 -2.5979e+00 +2.2935e+00 +2.7140e+00 +2.7399e+00 +6.0018e-01
4417719 0 +7.165556633e+01 +1.307556633e+01 +1.307556633e+01 +2.6994e+00 -7.1054e-01 -4.9452e-01 +1.7160e+00 +2.4562e+00 -1.3751e+00 +2.7648e+00 +2.0814e+00 +1.9443e+00 +9.7025e-01
% f evaluations | g evaluations | best noise-free fitness - Fopt (-6.049200000000e+02) + sum g_i+ | measured fitness | best measured fitness or single-digit g-values | x1 | x2...
1 0 +4.346097558e+02 -1.703102442e+02 -1.703102442e+02 +2.0396e+00 +1.5328e+00 +1.2068e+00 +3.0591e-01 +6.3887e-01 -2.4646e+00 -2.9597e+00 -1.4711e-01 -1.8878e+00 +2.0996e+00
5 0 +2.794939786e+02 -3.254260214e+02 -3.254260214e+02 +7.4681e-01 +1.0302e+00 -2.0527e+00 -1.7247e+00 -6.1205e-01 -2.4040e+00 +1.3105e-01 -2.3398e+00 -1.4720e+00 +1.5108e+00
6 0 +2.432594380e+02 -3.616605620e+02 -3.616605620e+02 -1.4370e+00 -2.7455e+00 -6.4245e-02 -1.0653e+00 +8.0921e-01 -2.8778e-01 -3.6382e-01 +6.0214e-01 -8.5688e-01 -8.5764e-02
103 0 +2.340387042e+02 -3.708812958e+02 -3.708812958e+02 +6.7454e-01 -2.2503e-02 +1.0804e+00 +7.2815e-01 -9.5656e-01 -1.5075e+00 -1.2335e+00 -2.9490e+00 -2.4341e+00 +1.6353e+00
127 0 +2.080062844e+02 -3.969137156e+02 -3.969137156e+02 -2.6081e+00 -7.0354e-02 +2.1276e+00 +7.3264e-01 -2.5035e+00 -1.1290e+00 -1.3226e+00 -1.6961e+00 -9.9529e-01 -1.3138e-01
228 0 +1.692315810e+02 -4.356884190e+02 -4.356884190e+02 +1.2034e+00 -2.9217e+00 +1.3571e-01 -1.6570e+00 -9.6837e-01 -2.9409e+00 -5.8086e-02 -1.0205e+00 -3.0291e-01 +8.8079e-01
235 0 +1.641785685e+02 -4.407414315e+02 -4.407414315e+02 +2.1407e-01 +8.0193e-02 -9.4070e-01 -3.1145e-01 -1.8455e+00 -1.5273e+00 -5.6001e-01 -2.5586e+00 +5.7373e-01 -1.3500e-01
698 0 +1.559907429e+02 -4.489292571e+02 -4.489292571e+02 -7.8773e-01 +1.7173e+00 -2.4654e-01 +1.1468e+00 +3.2025e-01 -6.8283e-01 -3.2079e-01 -2.6375e+00 +3.3598e-01 +1.2812e+00
2350 0 +1.422984131e+02 -4.626215869e+02 -4.626215869e+02 +6.5677e-01 -8.5813e-02 +2.5436e+00 +1.9266e+00 -2.5091e-01 -1.5343e+00 +1.0449e-01 +4.5929e-01 -5.5625e-01 -1.1799e-01
7324 0 +1.227609806e+02 -4.821590194e+02 -4.821590194e+02 -8.5683e-01 -8.8159e-01 +2.2368e+00 +1.9749e+00 -2.2040e+00 -2.7402e+00 -3.3546e-01 -1.9376e+00 -7.2148e-01 -2.5388e-01
30391 0 +1.033666458e+02 -5.015533542e+02 -5.015533542e+02 -9.5511e-02 -2.7174e-01 -2.1474e-01 +2.2152e+00 -3.6401e-01 -2.8186e+00 -1.8458e-01 -2.8006e+00 -5.7708e-01 +3.4948e-01
94765 0 +9.321259798e+01 -5.117074020e+02 -5.117074020e+02 +1.1181e+00 -2.4948e+00 +8.2421e-01 -3.2736e-01 -9.3109e-02 -2.9782e+00 -4.1808e-01 -1.6030e+00 +1.5341e-01 +1.6462e-01
305227 0 +9.039606340e+01 -5.145239366e+02 -5.145239366e+02 -1.0098e+00 -2.7956e+00 +2.6029e-01 +1.8555e+00 +1.3449e-02 -2.8368e+00 -8.6703e-01 -9.6786e-01 +5.3058e-01 +2.7952e-01
639244 0 +8.060466984e+01 -5.243153302e+02 -5.243153302e+02 +8.8691e-03 +5.2706e-01 +1.3622e+00 +1.2418e+00 +1.6655e-01 -1.8594e+00 +4.3090e-02 -1.2884e+00 +4.9689e-01 -1.0492e+00
2192555 0 +7.695380893e+01 -5.279661911e+02 -5.279661911e+02 +2.7069e-01 +1.5372e+00 +4.7483e-03 +1.8767e+00 +4.1075e-01 -2.1827e+00 -4.6092e-01 -1.5890e+00 +9.7239e-02 -6.2555e-02
3447716 0 +7.475778018e+01 -5.301622198e+02 -5.301622198e+02 -1.0625e+00 -1.1542e+00 +6.5628e-01 +1.0965e+00 -1.2676e+00 -2.7549e+00 -3.5799e-01 -1.4955e+00 +1.2652e-01 +8.9481e-01
3832265 0 +7.168618718e+01 -5.332338128e+02 -5.332338128e+02 -2.5718e-01 -1.8481e+00 +2.1569e-01 +1.8191e+00 -7.2941e-01 -2.2122e+00 +9.9361e-02 -1.2157e+00 +1.5818e-01 -3.6233e-01
7233964 0 +6.866656427e+01 -5.362534357e+02 -5.362534357e+02 -8.0154e-01 -1.0383e+00 +7.3331e-01 +1.9441e+00 -3.9197e-01 -2.1778e+00 -1.1579e+00 -2.0841e+00 +3.1362e-02 -3.1086e-01
% f evaluations | g evaluations | best noise-free fitness - Fopt (1.337000000000e+02) + sum g_i+ | measured fitness | best measured fitness or single-digit g-values | x1 | x2...
1 0 +1.384228199e+03 +1.517928199e+03 +1.517928199e+03 +1.5246e+00 -3.7774e-01 +2.7826e+00 -1.6710e+00 +3.2909e-02 -1.1446e+00 -6.7370e-01 -2.7084e+00 +1.7263e+00 -1.9410e+00
3 0 +3.965266724e+02 +5.302266724e+02 +5.302266724e+02 +6.6199e-01 +2.7171e+00 +8.2629e-01 -1.6678e+00 -2.6468e+00 +1.1267e+00 +1.6076e+00 +2.0670e-01 +2.5174e+00 +2.7574e+00
4 0 +3.474115119e+02 +4.811115119e+02 +4.811115119e+02 +2.1111e+00 +2.8852e+00 -1.3251e+00 +1.4129e-01 -2.2748e-01 +1.0404e+00 +1.0279e+00 +1.4466e+00 -1.0015e-01 -1.7140e+00
6 0 +3.018342543e+02 +4.355342543e+02 +4.355342543e+02 +2.3035e+00 +4.1861e-01 -2.1227e+00 -9.7758e-01 +1.5541e+00 -1.9379e+00 -6.6529e-01 -1.0458e+00 -6.3829e-01 -1.6973e-01
9 0 +1.954949995e+02 +3.291949995e+02 +3.291949995e+02 -2.2796e+00 +2.6665e+00 -1.5754e+00 +1.9572e+00 +1.1290e+00 +2.3902e+00 +1.0614e+00 -1.9959e+00 +1.4162e+00 -1.0825e+00
198 0 +1.670125835e+02 +3.007125835e+02 +3.007125835e+02 +1.4367e+00 +1.0700e+00 -2.6272e-02 +1.3683e+00 +7.5098e-01 +2.6631e+00 +6.5829e-01 -6.7435e-01 +2.0857e+00 +2.9736e+00
255 0 +1.566231198e+02 +2.903231198e+02 +2.903231198e+02 -8.7610e-01 +8.6540e-01 -7.0814e-01 -1.0402e+00 +2.3924e+00 -7.2124e-01 +1.7979e+00 -2.4299e+00 +1.7667e+00 +1.3264e+00
379 0 +1.262656045e+02 +2.599656045e+02 +2.599656045e+02 +1.3521e+00 -4.4178e-01 -3.8132e-01 -8.1491e-01 +1.2373e+00 +1.8336e+00 +8.7584e-01 -2.5255e+00 +1.5061e+00 +1.4161e+00
4371 0 +1.163348049e+02 +2.500348049e+02 +2.500348049e+02 -5.0849e-01 +1.6857e+00 -2.0899e+00 +2.0119e+00 +1.9524e+00 +1.5274e+00 +5.9633e-01 -1.7655e+00 +1.2828e-02 +1.4058e+00
36467 0 +9.282010505e+01 +2.265201051e+02 +2.265201051e+02 +2.1070e+00 -4.3420e-01 -1.8208e+00 -1.2300e-01 +2.0181e+00 +1.4496e+00 +1.4326e+00 -1.0868e+00 +1.9041e+00 +6.2317e-01
417123 0 +8.436167046e+01 +2.180616705e+02 +2.180616705e+02 +2.2623e+00 -5.7126e-01 -2.0446e+00 +1.3191e+00 +2.8180e+00 +1.4569e+00 +6.2535e-01 -1.0573e+00 +2.2135e+00 -1.2533e-01
633443 0 +7.429028144e+01 +2.079902814e+02 +2.079902814e+02 +4.8165e-01 +2.0315e+00 +3.2796e-01 +1.2892e+00 +2.5122e+00 +2.4154e+00 +1.4054e+00 -2.3301e+00 +2.3197e+00 +1.2400e+00
1725958 0 +6.833510414e+01 +2.020351041e+02 +2.020351041e+02 +1.4684e+00 +9.4882e-02 +4.7022e-01 +1.1391e+00 +1.3050e+00 +1.7186e+00 +9.9770e-01 -2.7896e+00 +1.8707e+00 +1.9850e+00
2030958 0 +6.643316297e+01 +2.001331630e+02 +2.001331630e+02 +2.2441e+00 -1.5530e+00 -1.1054e+00 +1.0842e+00 +2.9144e+00 +2.1064e+00 +1.8467e+00 -1.0436e+00 +2.1257e+00 +9.6700e-01
3250894 0 +6.257159101e+01 +1.962715910e+02 +1.962715910e+02 -1.6920e-02 +8.9977e-01 +3.5680e-01 +2.4438e+00 +2.6076e+00 +1.4667e+00 +5.8352e-01 -1.9541e+00 +1.8270e+00 +3.1105e-01
% f evaluations | g evaluations | best noise-free fitness - Fopt (-2.098000000000e+01) + sum g_i+ | measured fitness | best measured fitness or single-digit g-values | x1 | x2...
1 0 +1.566904777e+03 +1.545924777e+03 +1.545924777e+03 +1.7161e+00 -1.1440e+00 +2.5190e+00 +1.7726e+00 +4.1488e-01 +1.4104e+00 +5.8712e-01 +4.9021e-01 +1.7137e+00 -2.3859e+00
2 0 +6.541780580e+02 +6.331980580e+02 +6.331980580e+02 +2.0107e+00 +2.3242e-02 -1.4091e+00 +1.3143e+00 -8.3156e-01 -1.1080e+00 -1.9159e+00 +2.1552e+00 -4.6803e-01 -2.2828e+00
4 0 +3.437931308e+02 +3.228131308e+02 +3.228131308e+02 -2.6149e-01 -3.0221e-01 -6.8690e-01 -1.5649e-01 +1.5709e+00 +2.9074e-01 +1.8949e+00 +2.5935e+00 +1.0850e+00 -2.1811e-01
29 0 +2.745688927e+02 +2.535888927e+02 +2.535888927e+02 -9.0439e-01 -3.8905e-02 -1.1768e+00 +5.2522e-01 -8.2939e-01 -2.1271e+00 +2.8132e+00 +3.1740e-01 -4.9843e-01 +2.6726e+00
354 0 +2.065157570e+02 +1.855357570e+02 +1.855357570e+02 +2.1139e+00 -7.4446e-01 -2.1840e+00 -1.4491e-01 +2.3967e+00 -9.8549e-01 +1.1252e+00 +2.4072e+00 -5.6951e-01 +2.3942e+00
530 0 +1.812959294e+02 +1.603159294e+02 +1.603159294e+02 +6.0165e-01 -1.6592e+00 -1.7875e+00 +2.7605e+00 +2.2729e+00 -2.8569e+00 +1.6121e+00 +2.9606e+00 +8.7006e-01 +2.8218e+00
4159 0 +1.757852984e+02 +1.548052984e+02 +1.548052984e+02 -6.4166e-01 +1.2600e+00 -6.6368e-01 +2.0256e+00 +1.8326e+00 -2.8145e+00 +1.0944e-03 +1.7606e+00 +1.8572e+00 +2.8084e+00
8621 0 +1.692000173e+02 +1.482200173e+02 +1.482200173e+02 -2.7432e+00 +3.4172e-01 +2.0323e-01 +1.8714e+00 -7.4244e-01 -9.8766e-01 +2.6192e+00 +1.9546e+00 +2.0441e+00 +2.9037e+00
25070 0 +1.262440738e+02 +1.052640738e+02 +1.052640738e+02 +2.0502e+00 +1.0448e+00 -5.3807e-01 +1.6618e+00 +1.9482e+00 -2.2026e+00 +2.6612e+00 +1.9669e+00 +1.0786e+00 +1.7046e+00
79169 0 +1.247499796e+02 +1.037699796e+02 +1.037699796e+02 +2.2304e+00 +2.5724e+00 -1.0911e+00 +4.4841e-01 -5.6034e-01 -1.1266e+00 +2.5564e+00 +1.8726e+00 +1.4567e+00 +2.5908e+00
183484 0 +1.211265529e+02 +1.001465529e+02 +1.001465529e+02 -5.5679e-02 +5.2528e-01 -1.2082e+00 +1.6084e+00 +1.6533e+00 -1.7522e+00 +1.3930e+00 +2.3707e+00 +1.7170e+00 +2.8832e+00
274745 0 +1.128061090e+02 +9.182610896e+01 +9.182610896e+01 -8.4225e-01 -7.4968e-01 +2.3490e-01 +1.2791e+00 +1.8968e+00 -2.1790e+00 +1.2287e+00 +2.8008e+00 +1.2833e+00 +2.9832e+00
550796 0 +1.045609645e+02 +8.358096449e+01 +8.358096449e+01 -8.1772e-01 +3.2451e-03 -1.6909e-01 +1.1428e+00 +2.6294e+00 -2.0435e+00 +1.7006e+00 +2.6818e+00 +1.8473e+00 +2.8493e+00
1901795 0 +9.512827722e+01 +7.414827722e+01 +7.414827722e+01 -1.8965e-02 +9.4875e-01 -1.2681e+00 -2.4310e-02 +8.9716e-01 -2.1171e+00 +2.5092e+00 +2.7480e+00 +1.3891e+00 +2.3669e+00
5277061 0 +8.140661494e+01 +6.042661494e+01 +6.042661494e+01 +1.0750e+00 +1.6821e+00 +1.4357e-01 +9.6537e-01 +1.8756e+00 -1.0291e+00 +2.1564e+00 +2.7044e+00 +1.3589e+00 +2.9848e+00
% f evaluations | g evaluations | best noise-free fitness - Fopt (1.353300000000e+02) + sum g_i+ | measured fitness | best measured fitness or single-digit g-values | x1 | x2...
1 0 +9.183683255e+02 +1.053698325e+03 +1.053698325e+03 +2.9457e+00 +2.7015e+00 -1.8098e+00 -2.7912e+00 +9.4273e-01 -1.6755e+00 -1.9546e+00 +1.0808e+00 +1.2041e+00 -1.1575e+00
2 0 +4.132737310e+02 +5.486037310e+02 +5.486037310e+02 -2.3053e+00 -1.7084e+00 -1.5549e+00 -1.9120e+00 -5.8103e-01 +2.6917e+00 -2.0244e+00 +8.0909e-01 -1.6886e+00 -2.9673e+00
3 0 +3.678601158e+02 +5.031901158e+02 +5.031901158e+02 -1.5518e-01 -5.3952e-01 +1.7039e+00 -1.0713e+00 +2.6755e+00 -2.2194e+00 -2.4553e+00 +7.8751e-01 +1.5945e-01 -1.8243e+00
14 0 +2.602261178e+02 +3.955561178e+02 +3.955561178e+02 -2.2849e+00 -9.2667e-01 -2.8240e+00 +2.5629e+00 +1.4568e+00 +1.9934e+00 +1.4246e-01 +2.2727e+00 -1.2144e-01 -1.9706e+00
83 0 +2.401950812e+02 +3.755250812e+02 +3.755250812e+02 -2.5046e+00 -7.0569e-01 -2.1029e+00 +9.8163e-01 +6.9273e-01 +1.0188e+00 -4.5460e-01 +2.3011e+00 +1.7040e-01 -1.2868e+00
167 0 +2.087053455e+02 +3.440353455e+02 +3.440353455e+02 -2.1142e+00 +2.1757e+00 +5.3410e-01 -6.8998e-01 +1.0595e+00 +1.4172e+00 -4.2686e-01 +2.8080e+00 +7.4676e-01 -2.5577e+00
356 0 +1.976922368e+02 +3.330222368e+02 +3.330222368e+02 +4.2223e-01 +3.2033e-01 +8.9446e-01 +3.0392e-01 +2.4286e+00 +2.9308e+00 -2.9840e-01 +1.2650e+00 +1.0990e+00 -2.7130e+00
793 0 +1.560941908e+02 +2.914241908e+02 +2.914241908e+02 +6.2185e-01 -2.0591e+00 -5.2544e-01 -1.6780e+00 +8.4680e-01 -1.2956e-01 +9.1672e-01 +1.8638e+00 +2.3289e+00 -2.9553e+00
2046 0 +1.419016998e+02 +2.772316998e+02 +2.772316998e+02 -1.5410e+00 +1.9209e-01 -1.2174e+00 +4.5711e-01 +1.2939e+00 -1.3976e+00 +2.2834e-01 +2.4397e+00 +2.1448e+00 -2.8477e+00
3342 0 +1.396007183e+02 +2.749307183e+02 +2.749307183e+02 -2.5433e+00 -3.3199e-01 -5.6794e-01 -1.8312e+00 +2.7605e+00 -1.1957e-01 -7.2384e-01 +1.5286e+00 +7.3834e-01 -2.7055e+00
10357 0 +1.141854781e+02 +2.495154781e+02 +2.495154781e+02 -4.5653e-01 -2.4582e+00 +1.0603e+00 -1.8140e+00 +8.1452e-01 +1.5759e+00 +1.0900e+00 +1.5194e+00 +2.1738e+00 -2.9487e+00
22768 0 +1.059651194e+02 +2.412951194e+02 +2.412951194e+02 -3.7675e-01 +1.8065e+00 +9.8279e-01 -1.9207e+00 -1.8376e-01 -7.0306e-01 +5.0568e-01 +2.7218e+00 +1.6715e+00 -1.9152e+00
321722 0 +7.435308110e+01 +2.096830811e+02 +2.096830811e+02 -3.0342e-01 +1.0365e+00 +8.5058e-01 -1.9507e+00 +2.0605e+00 -2.3222e+00 -1.0775e-02 +2.6386e+00 +2.5426e+00 -2.5969e+00
% f evaluations | g evaluations | best noise-free fitness - Fopt (4.066000000000e+01) + sum g_i+ | measured fitness | best measured fitness or single-digit g-values | x1 | x2...
1 0 +3.718715020e+02 +4.125315020e+02 +4.125315020e+02 +2.4975e+00 +1.3359e+00 -1.5715e+00 +3.0652e-02 -6.1285e-01 +1.1631e-01 -2.4397e+00 +1.1405e+00 +2.7142e+00 +1.1084e+00
9 0 +3.496489889e+02 +3.903089889e+02 +3.903089889e+02 +2.1167e+00 -1.6719e+00 -2.8425e+00 +2.3714e+00 -1.7814e-01 +2.5233e+00 -1.5090e+00 -5.6677e-01 +1.3269e+00 +2.6617e+00
13 0 +2.166347993e+02 +2.572947993e+02 +2.572947993e+02 +1.8661e+00 -3.1644e-01 -1.5180e+00 +1.4234e+00 -1.7719e+00 +1.7080e+00 +1.1529e+00 -2.7335e+00 +2.5146e+00 +2.5403e+00
45 0 +1.926714548e+02 +2.333314548e+02 +2.333314548e+02 +2.6881e+00 -8.0756e-01 +2.5559e-01 +1.9876e+00 +1.6001e+00 -9.4998e-02 +9.0722e-01 -2.9367e+00 +2.1661e+00 +7.7975e-01
282 0 +1.879120431e+02 +2.285720431e+02 +2.285720431e+02 +1.0595e+00 +1.4392e+00 +8.7177e-01 -7.6061e-01 -1.8684e+00 +2.9551e+00 +1.8436e+00 -2.6302e+00 +1.0813e+00 +2.8507e+00
450 0 +1.854425562e+02 +2.261025562e+02 +2.261025562e+02 +2.9169e+00 +5.0055e-01 -1.7729e+00 +2.0723e+00 +1.4568e+00 -3.7136e-01 +1.6660e+00 -1.1320e+00 +2.4960e+00 +2.2625e+00
628 0 +1.343328238e+02 +1.749928238e+02 +1.749928238e+02 -6.4943e-01 -7.1795e-01 +6.9142e-01 -2.9691e+00 -6.8395e-01 +2.2751e+00 +1.7138e+00 -2.9870e+00 +2.5949e+00 +1.3352e+00
2512 0 +1.270529919e+02 +1.677129919e+02 +1.677129919e+02 +8.3293e-01 -1.3631e+00 +2.4823e+00 +8.9805e-01 -7.4031e-01 +1.3341e+00 +8.2630e-01 -2.6422e+00 +1.7384e+00 +2.5867e+00
8805 0 +1.177563832e+02 +1.584163832e+02 +1.584163832e+02 +2.9910e+00 -3.4456e-01 +2.5847e+00 -1.7104e+00 -7.2282e-02 +9.3202e-01 +5.6019e-01 -1.5946e+00 +2.5398e+00 +2.0853e+00
26858 0 +1.118021563e+02 +1.524621563e+02 +1.524621563e+02 -7.6320e-01 -1.4916e+00 +1.7018e+00 -6.1947e-01 +1.6587e+00 +1.5791e+00 +2.1019e+00 -1.6301e+00 +8.2448e-01 +2.7789e+00
46278 0 +1.068914229e+02 +1.475514229e+02 +1.475514229e+02 +1.1867e+00 +1.2930e+00 +2.8798e+00 -1.3561e+00 +9.6110e-01 -4.1797e-01 -4.2503e-01 -1.7040e+00 +2.5551e+00 +2.5849e+00
167903 0 +7.981766421e+01 +1.204776642e+02 +1.204776642e+02 +9.9615e-01 +4.3475e-01 +2.5726e+00 -2.5627e+00 +1.4045e+00 -4.7575e-01 +1.7646e+00 -1.8537e+00 +1.7812e+00 +2.9712e+00
1003774 0 +7.633080202e+01 +1.169908020e+02 +1.169908020e+02 +2.1037e+00 -4.7326e-01 +2.2959e+00 -2.3185e+00 +1.0001e+00 -4.9308e-01 +2.0917e+00 -2.6293e+00 +2.4341e+00 +2.4089e+00
1770479 0 +6.718057697e+01 +1.078405770e+02 +1.078405770e+02 +9.9866e-01 +1.2037e+00 +2.5391e+00 -2.6669e+00 +9.4675e-01 +1.0918e-01 +2.0076e+00 -2.1249e+00 +2.0818e+00 +2.1538e+00
4715249 0 +5.396485388e+01 +9.462485388e+01 +9.462485388e+01 +1.0532e+00 +1.1397e+00 +2.8751e+00 -2.6239e+00 +4.1107e-02 +1.6253e+00 +2.1251e+00 -1.7109e+00 +2.1514e+00 +2.0152e+00
