% f evaluations | g evaluations | best noise-free fitness - Fopt (-1.000000000000e+03) + sum g_i+ | measured fitness | best measured fitness or single-digit g-values | x1 | x2...
1 0 +6.185524123e+01 -9.381447588e+02 -9.381447588e+02 +1.6667e+00 +1.6667e+00
2 0 +5.249843330e+00 -9.947501567e+02 -9.947501567e+02 -1.6667e+00 -1.6667e+00
14 0 +3.040043861e+00 -9.969599561e+02 -9.969599561e+02 -1.6667e+00 -4.1667e+00
32 0 +1.981514905e+00 -9.980184851e+02 -9.980184851e+02 -2.2917e+00 -4.1667e+00
36 0 +1.537508008e+00 -9.984624920e+02 -9.984624920e+02 +2.0833e+00 -1.6667e+00
47 0 +8.321477430e-01 -9.991678523e+02 -9.991678523e+02 +2.2917e+00 -2.0833e+00
80 0 +8.112209143e-01 -9.991887791e+02 -9.991887791e+02 +2.3958e+00 -2.2917e+00
199 0 +6.995960408e-01 -9.993004040e+02 -9.993004040e+02 +2.4479e+00 -2.2396e+00
338 0 +8.277850727e-03 -9.999917221e+02 -9.999917221e+02 +1.7708e+00 -1.0417e-01
364 0 +1.777836379e-04 -9.999998222e+02 -9.999998222e+02 +1.4583e+00 +5.2083e-01
453 0 +1.693135639e-04 -9.999998307e+02 -9.999998307e+02 +1.1979e+00 +1.0417e+00
583 0 +3.378137603e-05 -9.999999662e+02 -9.999999662e+02 +1.3542e+00 +7.2917e-01
610 0 +3.307777706e-05 -9.999999669e+02 -9.999999669e+02 +1.3021e+00 +8.3333e-01
1951 0 +3.105011001e-05 -9.999999689e+02 -9.999999689e+02 +1.3151e+00 +8.0729e-01
3860 0 +3.053932005e-05 -9.999999695e+02 -9.999999695e+02 +1.3411e+00 +7.1615e-01
3936 0 +2.808533100e-05 -9.999999719e+02 -9.999999719e+02 +1.3802e+00 +6.3802e-01
13678 0 +1.745532927e-07 -9.999999998e+02 -9.999999998e+02 +1.3802e+00 +6.5755e-01
13714 0 +3.089667189e-09 -1.000000000e+03 -1.000000000e+03 +1.3607e+00 +6.9661e-01
% f evaluations | g evaluations | best noise-free fitness - Fopt (1.000000000000e+03) + sum g_i+ | measured fitness | best measured fitness or single-digit g-values | x1 | x2...
1 0 +2.074296716e+01 +1.020742967e+03 +1.020742967e+03 +1.6667e+00 +1.6667e+00
2 0 +1.708051830e+01 +1.017080518e+03 +1.017080518e+03 -1.6667e+00 -1.6667e+00
5 0 +1.902715176e+00 +1.001902715e+03 +1.001902715e+03 -3.3333e+00 -3.3333e+00
14 0 +1.796935880e+00 +1.001796936e+03 +1.001796936e+03 -3.3205e+00 -3.3403e+00
17 0 +8.219648256e-01 +1.000821965e+03 +1.000821965e+03 -3.2256e+00 -3.3929e+00
20 0 +7.617028746e-01 +1.000761703e+03 +1.000761703e+03 -3.1460e+00 -3.4384e+00
23 0 +7.215009057e-01 +1.000721501e+03 +1.000721501e+03 -3.1756e+00 -3.4225e+00
38 0 +7.060757361e-01 +1.000706076e+03 +1.000706076e+03 -3.2256e+00 -3.4824e+00
121 0 +5.104680092e-01 +1.000510468e+03 +1.000510468e+03 -4.1667e-01 -1.6667e+00
252 0 +1.497495737e-02 +1.000014975e+03 +1.000014975e+03 -5.2083e-01 -1.4583e+00
297 0 +1.387929488e-02 +1.000013879e+03 +1.000013879e+03 -1.3542e+00 -1.0417e+00
450 0 +1.044035555e-02 +1.000010440e+03 +1.000010440e+03 -5.2083e-02 -1.7708e+00
451 0 +6.243743563e-03 +1.000006244e+03 +1.000006244e+03 -2.6042e-01 -1.6667e+00
627 0 +5.375586673e-03 +1.000005376e+03 +1.000005376e+03 -5.7292e-01 -1.5104e+00
844 0 +6.046729141e-06 +1.000000006e+03 +1.000000006e+03 -5.9896e-01 -1.4583e+00
983 0 +1.055119014e-06 +1.000000001e+03 +1.000000001e+03 -8.0729e-01 -1.3542e+00
1998 0 +1.824794253e-07 +1.000000000e+03 +1.000000000e+03 -7.5521e-01 -1.3802e+00
4933 0 +1.412180382e-07 +1.000000000e+03 +1.000000000e+03 -7.2917e-01 -1.3932e+00
29960 0 +1.286366569e-07 +1.000000000e+03 +1.000000000e+03 -6.8685e-01 -1.4193e+00
29961 0 +1.149584250e-07 +1.000000000e+03 +1.000000000e+03 -6.9987e-01 -1.4128e+00
% f evaluations | g evaluations | best noise-free fitness - Fopt (-4.913000000000e+01) + sum g_i+ | measured fitness | best measured fitness or single-digit g-values | x1 | x2...
1 0 +1.382034595e+01 -3.530965405e+01 -3.530965405e+01 +1.6667e+00 +1.6667e+00
5 0 +8.036269161e+00 -4.109373084e+01 -4.109373084e+01 +1.6667e+00 -3.3333e+00
10 0 +1.854013258e+00 -4.727598674e+01 -4.727598674e+01 +8.3333e-01 -1.6667e+00
21 0 +1.629464248e+00 -4.750053575e+01 -4.750053575e+01 +8.4318e-01 -1.7188e+00
24 0 +6.966843080e-01 -4.843331569e+01 -4.843331569e+01 +9.0107e-01 -2.0248e+00
122 0 +4.113316825e-01 -4.871866832e+01 -4.871866832e+01 +2.9167e+00 +4.1667e-01
181 0 +1.525785834e-01 -4.897742142e+01 -4.897742142e+01 +3.0208e+00 +5.2083e-01
193 0 +1.459941536e-01 -4.898400585e+01 -4.898400585e+01 +3.0168e+00 +5.2287e-01
196 0 +1.397654914e-01 -4.899023451e+01 -4.899023451e+01 +3.0097e+00 +5.2689e-01
208 0 +1.378770314e-01 -4.899212297e+01 -4.899212297e+01 +3.0044e+00 +5.3706e-01
214 0 +1.340464572e-01 -4.899595354e+01 -4.899595354e+01 +3.0133e+00 +5.8130e-01
217 0 +1.277680650e-01 -4.900223194e+01 -4.900223194e+01 +3.0346e+00 +6.5677e-01
220 0 +1.098308099e-01 -4.902016919e+01 -4.902016919e+01 +3.0964e+00 +8.5323e-01
224 0 +6.494117836e-02 -4.906505882e+01 -4.906505882e+01 +3.3991e+00 +1.7753e+00
227 0 +3.452564742e-02 -4.909547435e+01 -4.909547435e+01 +3.3962e+00 +1.7333e+00
230 0 +1.224208361e-02 -4.911775792e+01 -4.911775792e+01 +3.4803e+00 +1.9380e+00
233 0 +3.766503402e-03 -4.912623350e+01 -4.912623350e+01 +3.5349e+00 +2.0734e+00
236 0 +3.616768682e-03 -4.912638323e+01 -4.912638323e+01 +3.5448e+00 +2.0975e+00
239 0 +3.515011916e-03 -4.912648499e+01 -4.912648499e+01 +3.5501e+00 +2.1102e+00
242 0 +3.530588676e-04 -4.912964694e+01 -4.912964694e+01 +3.6248e+00 +2.2919e+00
245 0 +1.579872688e-06 -4.912999842e+01 -4.912999842e+01 +3.7377e+00 +2.5672e+00
248 0 +1.533783212e-06 -4.912999847e+01 -4.912999847e+01 +3.7356e+00 +2.5621e+00
251 0 +1.506766296e-06 -4.912999849e+01 -4.912999849e+01 +3.7348e+00 +2.5601e+00
254 0 +1.392063773e-06 -4.912999861e+01 -4.912999861e+01 +3.7307e+00 +2.5503e+00
260 0 +1.332703825e-06 -4.912999867e+01 -4.912999867e+01 +3.7279e+00 +2.5435e+00
263 0 +1.270215307e-06 -4.912999873e+01 -4.912999873e+01 +3.7301e+00 +2.5491e+00
266 0 +1.071099540e-06 -4.912999893e+01 -4.912999893e+01 +3.7353e+00 +2.5626e+00
269 0 +7.016253392e-07 -4.912999930e+01 -4.912999930e+01 +3.7428e+00 +2.5828e+00
272 0 +4.698813427e-07 -4.912999953e+01 -4.912999953e+01 +3.7452e+00 +2.5902e+00
275 0 +3.424318251e-07 -4.912999966e+01 -4.912999966e+01 +3.7462e+00 +2.5937e+00
278 0 +2.646464736e-08 -4.912999997e+01 -4.912999997e+01 +3.7520e+00 +2.6133e+00
281 0 +7.957716264e-09 -4.912999999e+01 -4.912999999e+01 +3.7535e+00 +2.6185e+00
% f evaluations | g evaluations | best noise-free fitness - Fopt (2.977300000000e+02) + sum g_i+ | measured fitness | best measured fitness or single-digit g-values | x1 | x2...
1 0 +4.580381654e+01 +3.435338165e+02 +3.435338165e+02 +1.6667e+00 +1.6667e+00
2 0 +2.682667622e+00 +3.004126676e+02 +3.004126676e+02 -1.6667e+00 -1.6667e+00
11 0 +1.912713512e+00 +2.996427135e+02 +2.996427135e+02 -8.3333e-01 +1.6667e+00
41 0 +7.524379131e-01 +2.984824379e+02 +2.984824379e+02 -4.5833e+00 -4.5833e+00
44 0 +5.425700141e-01 +2.982725700e+02 +2.982725700e+02 -1.0417e+00 +1.4583e+00
76 0 +4.941796473e-01 +2.982241796e+02 +2.982241796e+02 -2.9167e+00 +8.3333e-01
90 0 +4.858301071e-01 +2.982158301e+02 +2.982158301e+02 -3.5417e+00 +8.3333e-01
115 0 +3.549991853e-03 +2.977335500e+02 +2.977335500e+02 -4.5833e+00 +4.1667e-01
212 0 +8.093210465e-04 +2.977308093e+02 +2.977308093e+02 -3.2292e+00 +8.3333e-01
392 0 +6.289157380e-05 +2.977300629e+02 +2.977300629e+02 -3.6979e+00 +6.7708e-01
633 0 +2.122927077e-05 +2.977300212e+02 +2.977300212e+02 -3.5677e+00 +7.2917e-01
1071 0 +1.239440621e-06 +2.977300012e+02 +2.977300012e+02 -3.8021e+00 +6.5104e-01
1754 0 +2.541767685e-07 +2.977300003e+02 +2.977300003e+02 -3.7370e+00 +6.7708e-01
2648 0 +2.178398972e-07 +2.977300002e+02 +2.977300002e+02 -3.8542e+00 +6.3802e-01
8556 0 +2.880881311e-09 +2.977300000e+02 +2.977300000e+02 -3.7956e+00 +6.5755e-01
29663 0 +0.000000000e+00 +2.977300000e+02 +2.977300000e+02 -3.7826e+00 +6.6081e-01
% f evaluations | g evaluations | best noise-free fitness - Fopt (5.157000000000e+01) + sum g_i+ | measured fitness | best measured fitness or single-digit g-values | x1 | x2...
1 0 +6.784923481e+00 +5.835492348e+01 +5.835492348e+01 +1.6667e+00 +1.6667e+00
14 0 +3.925518502e+00 +5.549551850e+01 +5.549551850e+01 +8.3333e-01 +8.3333e-01
24 0 +3.353194762e+00 +5.492319476e+01 +5.492319476e+01 +8.0359e-01 +7.8818e-01
30 0 +3.199631711e+00 +5.476963171e+01 +5.476963171e+01 +7.5559e-01 +8.0669e-01
33 0 +2.705292588e+00 +5.427529259e+01 +5.427529259e+01 +5.6916e-01 +8.8847e-01
36 0 +2.166340959e+00 +5.373634096e+01 +5.373634096e+01 +1.6232e-01 +1.0695e+00
39 0 +2.080640310e+00 +5.365064031e+01 +5.365064031e+01 -1.4389e-02 +1.1484e+00
42 0 +2.034656329e+00 +5.360465633e+01 +5.360465633e+01 -2.0198e-01 +1.2322e+00
48 0 +1.965467569e+00 +5.353546757e+01 +5.353546757e+01 -8.1368e-01 +1.5056e+00
99 0 +8.172189879e-01 +5.238721899e+01 +5.238721899e+01 +3.3333e+00 +8.3333e-01
111 0 +1.943867357e-02 +5.158943867e+01 +5.158943867e+01 +3.2859e+00 +7.3024e-01
114 0 +1.901179366e-02 +5.158901179e+01 +5.158901179e+01 +3.2861e+00 +7.3127e-01
117 0 +1.780710430e-02 +5.158780710e+01 +5.158780710e+01 +3.2868e+00 +7.3586e-01
120 0 +1.748251416e-02 +5.158748251e+01 +5.158748251e+01 +3.2873e+00 +7.3918e-01
132 0 +1.731921161e-02 +5.158731921e+01 +5.158731921e+01 +3.2836e+00 +7.4425e-01
138 0 +1.656140772e-02 +5.158656141e+01 +5.158656141e+01 +3.2558e+00 +7.6112e-01
141 0 +1.556162521e-02 +5.158556163e+01 +5.158556163e+01 +3.2129e+00 +7.8325e-01
144 0 +1.431170061e-02 +5.158431170e+01 +5.158431170e+01 +3.1473e+00 +8.1466e-01
147 0 +1.055505530e-02 +5.158055506e+01 +5.158055506e+01 +3.0152e+00 +8.7565e-01
150 0 +3.996469538e-03 +5.157399647e+01 +5.157399647e+01 +1.5349e+00 +1.5439e+00
153 0 +6.494893050e-04 +5.157064949e+01 +5.157064949e+01 +1.8358e+00 +1.4019e+00
156 0 +2.513019580e-05 +5.157002513e+01 +5.157002513e+01 +2.0807e+00 +1.2849e+00
159 0 +2.407161939e-05 +5.157002407e+01 +5.157002407e+01 +2.0833e+00 +1.2836e+00
162 0 +1.030140125e-05 +5.157001030e+01 +5.157001030e+01 +2.1025e+00 +1.2739e+00
165 0 +4.547639826e-06 +5.157000455e+01 +5.157000455e+01 +2.2200e+00 +1.2140e+00
168 0 +1.577061958e-06 +5.157000158e+01 +5.157000158e+01 +2.1821e+00 +1.2330e+00
174 0 +1.462919577e-06 +5.157000146e+01 +5.157000146e+01 +2.1734e+00 +1.2372e+00
177 0 +1.421718522e-06 +5.157000142e+01 +5.157000142e+01 +2.1285e+00 +1.2588e+00
180 0 +1.115842259e-06 +5.157000112e+01 +5.157000112e+01 +2.1494e+00 +1.2487e+00
183 0 +9.149122988e-07 +5.157000091e+01 +5.157000091e+01 +2.1555e+00 +1.2455e+00
186 0 +4.776923319e-07 +5.157000048e+01 +5.157000048e+01 +2.1516e+00 +1.2465e+00
189 0 +3.709248801e-07 +5.157000037e+01 +5.157000037e+01 +2.1466e+00 +1.2486e+00
192 0 +5.012075377e-08 +5.157000005e+01 +5.157000005e+01 +2.1212e+00 +1.2592e+00
5257 0 +1.671306649e-08 +5.157000002e+01 +5.157000002e+01 +2.0378e+00 +1.2956e+00
15632 0 +1.156222140e-08 +5.157000001e+01 +5.157000001e+01 +2.0443e+00 +1.2923e+00
29704 0 +2.133923260e-09 +5.157000000e+01 +5.157000000e+01 +2.0687e+00 +1.2826e+00
% f evaluations | g evaluations | best noise-free fitness - Fopt (-1.044000000000e+01) + sum g_i+ | measured fitness | best measured fitness or single-digit g-values | x1 | x2...
1 0 +2.516552546e+01 +1.472552546e+01 +1.472552546e+01 +1.6667e+00 +1.6667e+00
4 0 +4.147474098e+00 -6.292525902e+00 -6.292525902e+00 +3.3333e+00 -1.6667e+00
10 0 +3.290883228e+00 -7.149116772e+00 -7.149116772e+00 +3.3108e+00 -1.7097e+00
13 0 +2.026600021e+00 -8.413399979e+00 -8.413399979e+00 +3.2244e+00 -1.8746e+00
19 0 +1.899088083e+00 -8.540911917e+00 -8.540911917e+00 +3.1857e+00 -1.9485e+00
23 0 +6.952030132e-01 -9.744796987e+00 -9.744796987e+00 +2.9839e+00 -2.3338e+00
251 0 +4.965245300e-01 -9.943475470e+00 -9.943475470e+00 +2.7083e+00 +1.4583e+00
271 0 +4.897196406e-01 -9.950280359e+00 -9.950280359e+00 +3.0208e+00 +1.4583e+00
275 0 +3.341268770e-01 -1.010587312e+01 -1.010587312e+01 +3.0208e+00 +1.4473e+00
279 0 +1.102435799e-01 -1.032975642e+01 -1.032975642e+01 +3.0213e+00 +1.3097e+00
282 0 +2.107607743e-02 -1.041892392e+01 -1.041892392e+01 +3.0214e+00 +1.3342e+00
285 0 +8.943498926e-03 -1.043105650e+01 -1.043105650e+01 +3.0215e+00 +1.3486e+00
288 0 +3.675335819e-03 -1.043632466e+01 -1.043632466e+01 +3.0217e+00 +1.3650e+00
324 0 +3.611994707e-03 -1.043638801e+01 -1.043638801e+01 +3.0575e+00 +1.3728e+00
327 0 +3.425809252e-03 -1.043657419e+01 -1.043657419e+01 +3.2115e+00 +1.3810e+00
330 0 +2.863427306e-03 -1.043713657e+01 -1.043713657e+01 +3.3787e+00 +1.3843e+00
336 0 +2.562201508e-03 -1.043743780e+01 -1.043743780e+01 +3.5803e+00 +1.3868e+00
339 0 +1.364895854e-03 -1.043863510e+01 -1.043863510e+01 +3.5714e+00 +1.3844e+00
342 0 +8.738175582e-04 -1.043912618e+01 -1.043912618e+01 +3.6214e+00 +1.3813e+00
345 0 +8.254304547e-04 -1.043917457e+01 -1.043917457e+01 +3.6294e+00 +1.3807e+00
348 0 +1.976826203e-04 -1.043980232e+01 -1.043980232e+01 +3.7055e+00 +1.3756e+00
351 0 +2.862000425e-05 -1.043997138e+01 -1.043997138e+01 +3.7759e+00 +1.3709e+00
354 0 +2.385226204e-05 -1.043997615e+01 -1.043997615e+01 +3.7871e+00 +1.3701e+00
357 0 +7.716329922e-07 -1.043999923e+01 -1.043999923e+01 +3.8454e+00 +1.3659e+00
360 0 +4.041265829e-07 -1.043999960e+01 -1.043999960e+01 +3.8517e+00 +1.3654e+00
363 0 +2.682566809e-07 -1.043999973e+01 -1.043999973e+01 +3.8549e+00 +1.3651e+00
366 0 +2.872116767e-08 -1.043999997e+01 -1.043999997e+01 +3.8693e+00 +1.3639e+00
369 0 +9.983530447e-09 -1.043999999e+01 -1.043999999e+01 +3.8747e+00 +1.3634e+00
% f evaluations | g evaluations | best noise-free fitness - Fopt (-1.039200000000e+02) + sum g_i+ | measured fitness | best measured fitness or single-digit g-values | x1 | x2...
1 0 +7.359463834e+01 -3.032536166e+01 -3.032536166e+01 +1.6667e+00 +1.6667e+00
2 0 +5.370361259e+01 -5.021638741e+01 -5.021638741e+01 -1.6667e+00 -1.6667e+00
6 0 +2.476735633e+01 -7.915264367e+01 -7.915264367e+01 -1.6667e+00 +3.3333e+00
8 0 +1.053276662e+01 -9.338723338e+01 -9.338723338e+01 +3.3333e+00 +3.3333e+00
16 0 +1.035368066e+01 -9.356631934e+01 -9.356631934e+01 +3.3133e+00 +3.3414e+00
19 0 +9.706862336e+00 -9.421313766e+01 -9.421313766e+01 +3.2219e+00 +3.3818e+00
22 0 +9.112066946e+00 -9.480793305e+01 -9.480793305e+01 +3.0559e+00 +3.4630e+00
34 0 +8.837405043e+00 -9.508259496e+01 -9.508259496e+01 +2.8998e+00 +3.6585e+00
62 0 +2.082453962e+00 -1.018375460e+02 -1.018375460e+02 -8.3333e-01 -3.3333e+00
76 0 +2.033072113e+00 -1.018869279e+02 -1.018869279e+02 -8.0501e-01 -3.3430e+00
79 0 +1.985891806e+00 -1.019341082e+02 -1.019341082e+02 -7.6483e-01 -3.3566e+00
82 0 +1.156483223e+00 -1.027635168e+02 -1.027635168e+02 -5.6494e-01 -3.4242e+00
91 0 +7.255147819e-01 -1.031944852e+02 -1.031944852e+02 -3.4295e-01 -3.4947e+00
94 0 +7.235600039e-01 -1.031964400e+02 -1.031964400e+02 -3.4244e-01 -3.4925e+00
100 0 +6.940133991e-01 -1.032259866e+02 -1.032259866e+02 -3.1690e-01 -3.4414e+00
118 0 +6.028534156e-02 -1.038597147e+02 -1.038597147e+02 -8.3333e-01 +4.1667e+00
147 0 +2.822577061e-02 -1.038917742e+02 -1.038917742e+02 -1.0417e+00 +3.9583e+00
173 0 +1.424080672e-02 -1.039057592e+02 -1.039057592e+02 -1.1979e+00 +3.9583e+00
191 0 +1.121236393e-03 -1.039188788e+02 -1.039188788e+02 -1.1198e+00 +3.9583e+00
403 0 +1.016811736e-03 -1.039189832e+02 -1.039189832e+02 -2.2917e+00 +3.3333e+00
672 0 +6.594314506e-04 -1.039193406e+02 -1.039193406e+02 -1.3021e+00 +3.8542e+00
674 0 +1.212605213e-06 -1.039199988e+02 -1.039199988e+02 -1.6146e+00 +3.6979e+00
1523 0 +9.449588561e-07 -1.039199991e+02 -1.039199991e+02 -1.7057e+00 +3.6458e+00
1698 0 +1.299632686e-07 -1.039199999e+02 -1.039199999e+02 -1.6927e+00 +3.6589e+00
12028 0 +4.366089001e-08 -1.039200000e+02 -1.039200000e+02 -1.7220e+00 +3.6393e+00
12069 0 +1.162675289e-08 -1.039200000e+02 -1.039200000e+02 -1.7155e+00 +3.6458e+00
18893 0 +3.715612706e-09 -1.039200000e+02 -1.039200000e+02 -1.6960e+00 +3.6556e+00
% f evaluations | g evaluations | best noise-free fitness - Fopt (1.000000000000e+03) + sum g_i+ | measured fitness | best measured fitness or single-digit g-values | x1 | x2...
1 0 +2.513347630e+01 +1.025133476e+03 +1.025133476e+03 +1.6667e+00 +1.6667e+00
12 0 +2.854710067e+00 +1.002854710e+03 +1.002854710e+03 +8.3333e-01 -1.6667e+00
22 0 +2.193050738e+00 +1.002193051e+03 +1.002193051e+03 +8.8403e-01 -1.6599e+00
25 0 +2.077354323e+00 +1.002077354e+03 +1.002077354e+03 +9.0824e-01 -1.6556e+00
28 0 +2.028569957e+00 +1.002028570e+03 +1.002028570e+03 +9.2935e-01 -1.6515e+00
31 0 +1.991938072e+00 +1.001991938e+03 +1.001991938e+03 +9.5362e-01 -1.6465e+00
34 0 +1.716598747e+00 +1.001716599e+03 +1.001716599e+03 +1.0633e+00 -1.6231e+00
43 0 +1.667950696e+00 +1.001667951e+03 +1.001667951e+03 +1.1153e+00 -1.6022e+00
46 0 +1.592841027e+00 +1.001592841e+03 +1.001592841e+03 +1.1079e+00 -1.5754e+00
49 0 +1.119289717e+00 +1.001119290e+03 +1.001119290e+03 +1.1047e+00 -1.3840e+00
52 0 +8.619487344e-01 +1.000861949e+03 +1.000861949e+03 +1.1202e+00 -5.4974e-01
55 0 +6.937448654e-01 +1.000693745e+03 +1.000693745e+03 +1.1151e+00 -8.4851e-01
96 0 +4.791001189e-02 +1.000047910e+03 +1.000047910e+03 -4.1667e+00 +8.3333e-01
114 0 +1.622027155e-02 +1.000016220e+03 +1.000016220e+03 -4.7917e+00 +8.3333e-01
272 0 +1.618939498e-02 +1.000016189e+03 +1.000016189e+03 -4.9479e+00 +8.3333e-01
295 0 +9.619189890e-03 +1.000009619e+03 +1.000009619e+03 -3.6458e+00 +7.2917e-01
321 0 +3.768368514e-03 +1.000003768e+03 +1.000003768e+03 -3.3333e+00 +7.2917e-01
907 0 +3.712334053e-03 +1.000003712e+03 +1.000003712e+03 -3.2552e+00 +7.2917e-01
1280 0 +1.596557510e-03 +1.000001597e+03 +1.000001597e+03 -3.2292e+00 +7.5521e-01
1352 0 +9.023792007e-04 +1.000000902e+03 +1.000000902e+03 -3.3073e+00 +7.5521e-01
1424 0 +5.146657574e-04 +1.000000515e+03 +1.000000515e+03 -3.3854e+00 +7.5521e-01
1496 0 +2.415233397e-04 +1.000000242e+03 +1.000000242e+03 -3.4635e+00 +7.5521e-01
1568 0 +1.403018497e-04 +1.000000140e+03 +1.000000140e+03 -3.5417e+00 +7.5521e-01
1640 0 +9.950998719e-05 +1.000000100e+03 +1.000000100e+03 -3.6198e+00 +7.5521e-01
2366 0 +9.752917424e-05 +1.000000098e+03 +1.000000098e+03 -3.6589e+00 +7.5521e-01
3963 0 +6.887689995e-05 +1.000000069e+03 +1.000000069e+03 -3.6458e+00 +7.6823e-01
4035 0 +2.808740885e-05 +1.000000028e+03 +1.000000028e+03 -3.6849e+00 +7.6823e-01
4107 0 +1.058654198e-05 +1.000000011e+03 +1.000000011e+03 -3.7240e+00 +7.6823e-01
4179 0 +3.934267966e-06 +1.000000004e+03 +1.000000004e+03 -3.7630e+00 +7.6823e-01
4251 0 +8.945930858e-07 +1.000000001e+03 +1.000000001e+03 -3.8021e+00 +7.6823e-01
4323 0 +2.502747520e-07 +1.000000000e+03 +1.000000000e+03 -3.8411e+00 +7.6823e-01
7641 0 +2.429718506e-07 +1.000000000e+03 +1.000000000e+03 -3.8607e+00 +7.6823e-01
13108 0 +1.369795655e-07 +1.000000000e+03 +1.000000000e+03 -3.9323e+00 +7.7474e-01
13184 0 +6.452887646e-08 +1.000000000e+03 +1.000000000e+03 -3.9518e+00 +7.7474e-01
% f evaluations | g evaluations | best noise-free fitness - Fopt (-4.913000000000e+01) + sum g_i+ | measured fitness | best measured fitness or single-digit g-values | x1 | x2...
1 0 +1.467868142e+01 -3.445131858e+01 -3.445131858e+01 +1.6667e+00 +1.6667e+00
16 0 +6.456706461e+00 -4.267329354e+01 -4.267329354e+01 +8.3333e-01 -1.6667e+00
28 0 +3.822154881e+00 -4.530784512e+01 -4.530784512e+01 +7.5256e-01 -1.6381e+00
31 0 +3.542250130e+00 -4.558774987e+01 -4.558774987e+01 +6.5871e-01 -1.6177e+00
34 0 +3.296704573e+00 -4.583329543e+01 -4.583329543e+01 +6.9131e-01 -1.6342e+00
40 0 +3.076936904e+00 -4.605306310e+01 -4.605306310e+01 +6.7240e-01 -1.7053e+00
43 0 +2.423926563e+00 -4.670607344e+01 -4.670607344e+01 +5.5009e-01 -2.0248e+00
46 0 +2.181770572e+00 -4.694822943e+01 -4.694822943e+01 +4.5011e-01 -2.2555e+00
49 0 +2.082321843e+00 -4.704767816e+01 -4.704767816e+01 +3.6519e-01 -2.4434e+00
52 0 +2.038685724e+00 -4.709131428e+01 -4.709131428e+01 +2.9076e-01 -2.6051e+00
58 0 +1.979367733e+00 -4.715063227e+01 -4.715063227e+01 +7.4867e-02 -3.0671e+00
105 0 +1.446851960e+00 -4.768314804e+01 -4.768314804e+01 -2.2917e+00 +8.3333e-01
114 0 +7.198005684e-01 -4.841019943e+01 -4.841019943e+01 -2.0833e+00 +1.0417e+00
130 0 +7.054033473e-01 -4.842459665e+01 -4.842459665e+01 -2.0680e+00 +1.0380e+00
171 0 +7.152538550e-04 -4.912928475e+01 -4.912928475e+01 -2.2917e+00 +1.4583e+00
183 0 +6.294228293e-04 -4.912937058e+01 -4.912937058e+01 -2.2915e+00 +1.4587e+00
186 0 +2.756452583e-04 -4.912972435e+01 -4.912972435e+01 -2.2905e+00 +1.4610e+00
189 0 +2.181929853e-04 -4.912978181e+01 -4.912978181e+01 -2.2900e+00 +1.4621e+00
192 0 +6.104526236e-05 -4.912993895e+01 -4.912993895e+01 -2.2884e+00 +1.4655e+00
195 0 +3.851567882e-07 -4.912999961e+01 -4.912999961e+01 -2.2855e+00 +1.4720e+00
198 0 +3.273587197e-07 -4.912999967e+01 -4.912999967e+01 -2.2854e+00 +1.4721e+00
201 0 +1.378784873e-07 -4.912999986e+01 -4.912999986e+01 -2.2852e+00 +1.4726e+00
204 0 +3.897708467e-08 -4.912999996e+01 -4.912999996e+01 -2.2849e+00 +1.4732e+00
207 0 +1.151870777e-08 -4.912999999e+01 -4.912999999e+01 -2.2847e+00 +1.4736e+00
2142 0 +1.036845276e-09 -4.913000000e+01 -4.913000000e+01 -2.2786e+00 +1.4714e+00
% f evaluations | g evaluations | best noise-free fitness - Fopt (3.930000000000e+00) + sum g_i+ | measured fitness | best measured fitness or single-digit g-values | x1 | x2...
1 0 +6.916406088e+01 +7.309406088e+01 +7.309406088e+01 +1.6667e+00 +1.6667e+00
2 0 +4.059400980e+01 +4.452400980e+01 +4.452400980e+01 -1.6667e+00 -1.6667e+00
3 0 +1.540164051e+01 +1.933164051e+01 +1.933164051e+01 -3.3333e+00 +1.6667e+00
4 0 +7.795098519e+00 +1.172509852e+01 +1.172509852e+01 +3.3333e+00 -1.6667e+00
10 0 +7.730962268e+00 +1.166096227e+01 +1.166096227e+01 +3.3420e+00 -1.6568e+00
13 0 +7.563887016e+00 +1.149388702e+01 +1.149388702e+01 +3.3807e+00 -1.6155e+00
28 0 +7.271719153e+00 +1.120171915e+01 +1.120171915e+01 +3.8124e+00 -1.8382e+00
40 0 +2.159735966e+00 +6.089735966e+00 +6.089735966e+00 -3.3333e+00 -3.3333e+00
52 0 +2.074669452e+00 +6.004669452e+00 +6.004669452e+00 -3.3046e+00 -3.3602e+00
55 0 +2.018317101e+00 +5.948317101e+00 +5.948317101e+00 -3.2677e+00 -3.3946e+00
58 0 +1.966358740e+00 +5.896358740e+00 +5.896358740e+00 -3.2260e+00 -3.4331e+00
61 0 +8.569405389e-01 +4.786940539e+00 +4.786940539e+00 -2.9279e+00 -3.7076e+00
67 0 +8.412603147e-01 +4.771260315e+00 +4.771260315e+00 -2.7497e+00 -3.8683e+00
70 0 +7.748188253e-01 +4.704818825e+00 +4.704818825e+00 -2.8275e+00 -3.7908e+00
76 0 +7.242306552e-01 +4.654230655e+00 +4.654230655e+00 -2.8115e+00 -3.7572e+00
79 0 +6.953398477e-01 +4.625339848e+00 +4.625339848e+00 -2.7676e+00 -3.7388e+00
158 0 +2.506746872e-01 +4.180674687e+00 +4.180674687e+00 +2.9167e+00 -2.0833e+00
173 0 +5.996945808e-03 +3.935996946e+00 +3.935996946e+00 +2.9407e+00 -2.0399e+00
176 0 +3.852846302e-03 +3.933852846e+00 +3.933852846e+00 +2.9421e+00 -2.0371e+00
179 0 +3.701596052e-03 +3.933701596e+00 +3.933701596e+00 +2.9425e+00 -2.0363e+00
185 0 +3.557248469e-03 +3.933557248e+00 +3.933557248e+00 +2.9433e+00 -2.0348e+00
188 0 +8.489052323e-04 +3.930848905e+00 +3.930848905e+00 +2.9474e+00 -2.0264e+00
191 0 +1.201701566e-04 +3.930120170e+00 +3.930120170e+00 +2.9526e+00 -2.0160e+00
194 0 +1.037313152e-04 +3.930103731e+00 +3.930103731e+00 +2.9536e+00 -2.0138e+00
209 0 +1.023283243e-04 +3.930102328e+00 +3.930102328e+00 +2.9540e+00 -2.0129e+00
215 0 +9.956964122e-05 +3.930099570e+00 +3.930099570e+00 +2.9516e+00 -2.0114e+00
218 0 +8.929620670e-05 +3.930089296e+00 +3.930089296e+00 +2.9416e+00 -2.0056e+00
221 0 +4.186368739e-05 +3.930041864e+00 +3.930041864e+00 +2.8965e+00 -1.9801e+00
224 0 +5.041807372e-08 +3.930000050e+00 +3.930000050e+00 +2.6880e+00 -1.8627e+00
2013 0 +2.014143075e-09 +3.930000002e+00 +3.930000002e+00 +2.6628e+00 -1.8490e+00
% f evaluations | g evaluations | best noise-free fitness - Fopt (3.438000000000e+01) + sum g_i+ | measured fitness | best measured fitness or single-digit g-values | x1 | x2...
1 0 +2.341164861e+01 +5.779164861e+01 +5.779164861e+01 +1.6667e+00 +1.6667e+00
2 0 +2.141412475e+01 +5.579412475e+01 +5.579412475e+01 -1.6667e+00 -1.6667e+00
7 0 +1.560178927e+01 +4.998178927e+01 +4.998178927e+01 +1.6667e+00 -3.3333e+00
17 0 +1.440071746e-01 +3.452400717e+01 +3.452400717e+01 +1.4338e+00 -3.2238e+00
23 0 +1.370942954e-01 +3.451709430e+01 +3.451709430e+01 +1.4422e+00 -3.2243e+00
32 0 +1.348431959e-01 +3.451484320e+01 +3.451484320e+01 +1.4519e+00 -3.2233e+00
41 0 +1.311432172e-01 +3.451114322e+01 +3.451114322e+01 +1.4793e+00 -3.1834e+00
44 0 +1.254184427e-01 +3.450541844e+01 +3.450541844e+01 +1.5167e+00 -3.1155e+00
47 0 +1.074642553e-01 +3.448746426e+01 +3.448746426e+01 +1.6191e+00 -2.9157e+00
52 0 +8.071077793e-02 +3.446071078e+01 +3.446071078e+01 +1.9035e+00 -2.3454e+00
55 0 +5.293782895e-02 +3.443293783e+01 +3.443293783e+01 +1.9146e+00 -2.3062e+00
58 0 +2.786528534e-02 +3.440786529e+01 +3.440786529e+01 +1.9890e+00 -2.1316e+00
61 0 +2.137031928e-04 +3.438021370e+01 +3.438021370e+01 +2.2709e+00 -1.4618e+00
64 0 +1.851547550e-04 +3.438018515e+01 +3.438018515e+01 +2.2753e+00 -1.4513e+00
67 0 +6.485420305e-05 +3.438006485e+01 +3.438006485e+01 +2.2997e+00 -1.3927e+00
70 0 +7.061436342e-06 +3.438000706e+01 +3.438000706e+01 +2.3312e+00 -1.3170e+00
73 0 +6.532719588e-06 +3.438000653e+01 +3.438000653e+01 +2.3344e+00 -1.3092e+00
76 0 +6.444366576e-06 +3.438000644e+01 +3.438000644e+01 +2.3353e+00 -1.3071e+00
79 0 +2.416395738e-06 +3.438000242e+01 +3.438000242e+01 +2.3430e+00 -1.2886e+00
83 0 +3.339862076e-07 +3.438000033e+01 +3.438000033e+01 +2.4006e+00 -1.1502e+00
86 0 +5.039103712e-08 +3.438000005e+01 +3.438000005e+01 +2.3927e+00 -1.1692e+00
89 0 +4.654770436e-08 +3.438000005e+01 +3.438000005e+01 +2.3918e+00 -1.1713e+00
900 0 +1.173560804e-08 +3.438000001e+01 +3.438000001e+01 +2.3698e+00 -1.2240e+00
11529 0 +3.075506072e-09 +3.438000000e+01 +3.438000000e+01 +2.3665e+00 -1.2272e+00
% f evaluations | g evaluations | best noise-free fitness - Fopt (-5.877400000000e+02) + sum g_i+ | measured fitness | best measured fitness or single-digit g-values | x1 | x2...
1 0 +3.441107490e+01 -5.533289251e+02 -5.533289251e+02 +1.6667e+00 +1.6667e+00
2 0 +6.404868969e+00 -5.813351310e+02 -5.813351310e+02 -1.6667e+00 -1.6667e+00
25 0 +4.012008319e+00 -5.837279917e+02 -5.837279917e+02 +4.1667e-01 -8.3333e-01
28 0 +2.799726071e+00 -5.849402739e+02 -5.849402739e+02 -1.6667e+00 -4.1667e-01
44 0 +2.047839388e+00 -5.856921606e+02 -5.856921606e+02 -4.1667e-01 -4.1667e+00
46 0 +1.937440412e+00 -5.858025596e+02 -5.858025596e+02 +2.0833e-01 -4.1667e-01
61 0 +1.737049550e+00 -5.860029504e+02 -5.860029504e+02 +1.0417e-01 -2.0833e-01
93 0 +3.999775940e-01 -5.873400224e+02 -5.873400224e+02 -1.4583e+00 -2.0833e+00
98 0 +1.291703579e-01 -5.876108296e+02 -5.876108296e+02 -2.9167e+00 -4.1667e-01
106 0 +1.285205920e-01 -5.876114794e+02 -5.876114794e+02 -2.9155e+00 -4.1612e-01
121 0 +1.240890288e-01 -5.876159110e+02 -5.876159110e+02 -2.8918e+00 -4.2872e-01
124 0 +1.112862061e-01 -5.876287138e+02 -5.876287138e+02 -2.8257e+00 -5.0403e-01
127 0 +3.419030991e-02 -5.877058097e+02 -5.877058097e+02 -2.3688e+00 -1.0481e+00
130 0 +9.566117087e-03 -5.877304339e+02 -5.877304339e+02 -2.0693e+00 -1.4256e+00
133 0 +9.229574642e-04 -5.877390770e+02 -5.877390770e+02 -1.8206e+00 -1.7473e+00
136 0 +8.988637729e-04 -5.877391011e+02 -5.877391011e+02 -1.8131e+00 -1.7572e+00
139 0 +7.471254876e-04 -5.877392529e+02 -5.877392529e+02 -1.7884e+00 -1.7897e+00
142 0 +1.988924283e-04 -5.877398011e+02 -5.877398011e+02 -1.3318e+00 -2.3904e+00
145 0 +7.341143146e-06 -5.877399927e+02 -5.877399927e+02 -1.4438e+00 -2.2433e+00
148 0 +6.521117371e-06 -5.877399935e+02 -5.877399935e+02 -1.4523e+00 -2.2322e+00
151 0 +6.437633942e-06 -5.877399936e+02 -5.877399936e+02 -1.4539e+00 -2.2301e+00
154 0 +3.018030498e-06 -5.877399970e+02 -5.877399970e+02 -1.4677e+00 -2.2120e+00
159 0 +1.782822210e-07 -5.877399998e+02 -5.877399998e+02 -1.5375e+00 -2.1206e+00
162 0 +1.769359415e-07 -5.877399998e+02 -5.877399998e+02 -1.5372e+00 -2.1210e+00
165 0 +1.703607495e-07 -5.877399998e+02 -5.877399998e+02 -1.5354e+00 -2.1233e+00
168 0 +1.594595460e-07 -5.877399998e+02 -5.877399998e+02 -1.5271e+00 -2.1344e+00
175 0 +1.583640596e-07 -5.877399998e+02 -5.877399998e+02 -1.5271e+00 -2.1344e+00
179 0 +2.802153176e-09 -5.877400000e+02 -5.877400000e+02 -1.5453e+00 -2.1135e+00
% f evaluations | g evaluations | best noise-free fitness - Fopt (4.491000000000e+01) + sum g_i+ | measured fitness | best measured fitness or single-digit g-values | x1 | x2...
1 0 +2.157508880e+01 +6.648508880e+01 +6.648508880e+01 +1.6667e+00 +1.6667e+00
2 0 +1.255123915e+01 +5.746123915e+01 +5.746123915e+01 -1.6667e+00 -1.6667e+00
5 0 +7.351631749e+00 +5.226163175e+01 +5.226163175e+01 -3.3333e+00 -3.3333e+00
14 0 +5.122788873e+00 +5.003278887e+01 +5.003278887e+01 -3.3781e+00 -3.2873e+00
18 0 +1.954165462e+00 +4.686416546e+01 +4.686416546e+01 -3.5566e+00 -3.0958e+00
24 0 +1.946041171e+00 +4.685604117e+01 +4.685604117e+01 -3.5482e+00 -3.0888e+00
27 0 +1.902712871e+00 +4.681271287e+01 +4.681271287e+01 -3.5121e+00 -3.0566e+00
30 0 +1.401997878e+00 +4.631199788e+01 +4.631199788e+01 -3.2721e+00 -2.8327e+00
36 0 +1.027560638e+00 +4.593756064e+01 +4.593756064e+01 -2.9283e+00 -2.4889e+00
39 0 +8.133956575e-01 +4.572339566e+01 +4.572339566e+01 -2.9197e+00 -2.4321e+00
42 0 +7.109201306e-01 +4.562092013e+01 +4.562092013e+01 -2.8829e+00 -2.3433e+00
45 0 +6.934318118e-01 +4.560343181e+01 +4.560343181e+01 -2.8629e+00 -2.2966e+00
123 0 +3.624017897e-01 +4.527240179e+01 +4.527240179e+01 -1.9792e+00 -1.0417e+00
136 0 +1.403864229e-01 +4.505038642e+01 +4.505038642e+01 -1.9271e+00 -1.1458e+00
156 0 +1.367950452e-01 +4.504679505e+01 +4.504679505e+01 -1.8952e+00 -1.1580e+00
159 0 +1.329018462e-01 +4.504290185e+01 +4.504290185e+01 -1.8559e+00 -1.1853e+00
162 0 +1.242131819e-01 +4.503421318e+01 +4.503421318e+01 -1.7693e+00 -1.2513e+00
165 0 +9.012140688e-02 +4.500012141e+01 +4.500012141e+01 -1.4884e+00 -1.4756e+00
171 0 +5.765555849e-02 +4.496765556e+01 +4.496765556e+01 -9.6741e-01 -1.8982e+00
174 0 +4.262317818e-02 +4.495262318e+01 +4.495262318e+01 -9.6073e-01 -1.9107e+00
177 0 +1.711270496e-02 +4.492711270e+01 +4.492711270e+01 -8.5574e-01 -2.0112e+00
180 0 +8.374390224e-03 +4.491837439e+01 +4.491837439e+01 -7.4714e-01 -2.1122e+00
183 0 +2.829533350e-04 +4.491028295e+01 +4.491028295e+01 -6.2808e-02 -2.7443e+00
186 0 +1.802905972e-04 +4.491018029e+01 +4.491018029e+01 -8.8459e-02 -2.7203e+00
189 0 +4.155804419e-06 +4.491000416e+01 +4.491000416e+01 -1.9436e-01 -2.6212e+00
192 0 +1.643919404e-06 +4.491000164e+01 +4.491000164e+01 -2.0667e-01 -2.6097e+00
195 0 +1.599738447e-06 +4.491000160e+01 +4.491000160e+01 -2.0784e-01 -2.6086e+00
198 0 +1.117830507e-06 +4.491000112e+01 +4.491000112e+01 -2.1390e-01 -2.6029e+00
202 0 +9.485259511e-08 +4.491000009e+01 +4.491000009e+01 -2.5730e-01 -2.5621e+00
205 0 +8.417585207e-08 +4.491000008e+01 +4.491000008e+01 -2.5501e-01 -2.5642e+00
208 0 +7.652574396e-08 +4.491000008e+01 +4.491000008e+01 -2.5103e-01 -2.5680e+00
217 0 +5.435283867e-08 +4.491000005e+01 +4.491000005e+01 -2.5184e-01 -2.5668e+00
220 0 +5.063901654e-08 +4.491000005e+01 +4.491000005e+01 -2.5160e-01 -2.5668e+00
4970 0 +4.549156785e-08 +4.491000005e+01 +4.491000005e+01 -1.8229e-01 -2.6237e+00
8033 0 +1.335820343e-09 +4.491000000e+01 +4.491000000e+01 -1.9857e-01 -2.6107e+00
% f evaluations | g evaluations | best noise-free fitness - Fopt (2.742300000000e+02) + sum g_i+ | measured fitness | best measured fitness or single-digit g-values | x1 | x2...
1 0 +6.601734262e+01 +3.402473426e+02 +3.402473426e+02 +1.6667e+00 +1.6667e+00
2 0 +5.713326018e+01 +3.313632602e+02 +3.313632602e+02 -1.6667e+00 -1.6667e+00
4 0 +2.981377254e+01 +3.040437725e+02 +3.040437725e+02 +3.3333e+00 -1.6667e+00
5 0 +2.008016609e+01 +2.943101661e+02 +2.943101661e+02 +1.6667e+00 -3.3333e+00
6 0 +1.006933379e+01 +2.842993338e+02 +2.842993338e+02 +3.3333e+00 +3.3333e+00
7 0 +2.949528523e+00 +2.771795285e+02 +2.771795285e+02 -3.3333e+00 -3.3333e+00
16 0 +4.261912201e-01 +2.746561912e+02 +2.746561912e+02 -3.3631e+00 -3.0879e+00
19 0 +4.564304611e-02 +2.742756430e+02 +2.742756430e+02 -3.3583e+00 -3.1244e+00
22 0 +2.321693637e-02 +2.742532169e+02 +2.742532169e+02 -3.3572e+00 -3.1319e+00
25 0 +3.130686657e-04 +2.742303131e+02 +2.742303131e+02 -3.3522e+00 -3.1639e+00
28 0 +2.729789060e-04 +2.742302730e+02 +2.742302730e+02 -3.3520e+00 -3.1646e+00
31 0 +2.238504689e-04 +2.742302239e+02 +2.742302239e+02 -3.3517e+00 -3.1660e+00
34 0 +1.196060325e-04 +2.742301196e+02 +2.742301196e+02 -3.3510e+00 -3.1696e+00
37 0 +7.983964304e-05 +2.742300798e+02 +2.742300798e+02 -3.3499e+00 -3.1752e+00
55 0 +7.918047356e-05 +2.742300792e+02 +2.742300792e+02 -3.3495e+00 -3.1747e+00
58 0 +7.724834717e-05 +2.742300772e+02 +2.742300772e+02 -3.3473e+00 -3.1744e+00
61 0 +6.686049585e-05 +2.742300669e+02 +2.742300669e+02 -3.3363e+00 -3.1730e+00
64 0 +2.701109065e-05 +2.742300270e+02 +2.742300270e+02 -3.2765e+00 -3.1655e+00
67 0 +2.512673331e-05 +2.742300251e+02 +2.742300251e+02 -3.2643e+00 -3.1640e+00
70 0 +6.478333205e-06 +2.742300065e+02 +2.742300065e+02 -3.1956e+00 -3.1555e+00
73 0 +5.484835867e-06 +2.742300055e+02 +2.742300055e+02 -3.1836e+00 -3.1540e+00
76 0 +5.118874128e-06 +2.742300051e+02 +2.742300051e+02 -2.8603e+00 -3.1141e+00
79 0 +8.765255188e-11 +2.742300000e+02 +2.742300000e+02 -3.0316e+00 -3.1353e+00
% f evaluations | g evaluations | best noise-free fitness - Fopt (6.897200000000e+02) + sum g_i+ | measured fitness | best measured fitness or single-digit g-values | x1 | x2...
1 0 +4.547844773e+01 +7.351984477e+02 +7.351984477e+02 +1.6667e+00 +1.6667e+00
3 0 +3.517999632e+01 +7.248999963e+02 +7.248999963e+02 -3.3333e+00 +1.6667e+00
6 0 +3.002679934e+01 +7.197467993e+02 +7.197467993e+02 -1.6667e+00 +3.3333e+00
10 0 +2.006126336e+01 +7.097812634e+02 +7.097812634e+02 -1.8143e+00 +3.4747e+00
13 0 +1.842552171e+01 +7.081455217e+02 +7.081455217e+02 -1.8839e+00 +3.5404e+00
40 0 +5.073602963e+00 +6.947936030e+02 +6.947936030e+02 +1.6667e+00 -3.3333e+00
45 0 +2.057283330e+00 +6.917772833e+02 +6.917772833e+02 +8.3333e-01 -1.6667e+00
49 0 +1.276812026e+00 +6.909968120e+02 +6.909968120e+02 +8.1214e-01 -1.6876e+00
54 0 +6.596187840e-01 +6.903796188e+02 +6.903796188e+02 +7.0021e-01 -1.7967e+00
57 0 +3.764679565e-01 +6.900964680e+02 +6.900964680e+02 +7.3134e-01 -1.7628e+00
60 0 +2.998330145e-01 +6.900198330e+02 +6.900198330e+02 +7.4321e-01 -1.7475e+00
63 0 +2.951013938e-01 +6.900151014e+02 +6.900151014e+02 +7.4526e-01 -1.7418e+00
69 0 +2.852282458e-01 +6.900052282e+02 +6.900052282e+02 +7.3550e-01 -1.7317e+00
72 0 +2.466035789e-01 +6.899666036e+02 +6.899666036e+02 +6.9394e-01 -1.6915e+00
75 0 +1.456536268e-01 +6.898656536e+02 +6.898656536e+02 +5.0958e-01 -1.5137e+00
78 0 +1.277823860e-01 +6.898477824e+02 +6.898477824e+02 +4.2600e-01 -1.4331e+00
81 0 +8.695777401e-02 +6.898069578e+02 +6.898069578e+02 +2.5055e-01 -1.2639e+00
84 0 +7.432299753e-08 +6.897200001e+02 +6.897200001e+02 -1.0891e+00 +2.7688e-02
90 0 +7.406413260e-08 +6.897200001e+02 +6.897200001e+02 -1.0891e+00 +2.7713e-02
6891 0 +1.197236088e-08 +6.897200000e+02 +6.897200000e+02 -1.1263e+00 +6.5104e-02
44963 0 +1.162823082e-08 +6.897200000e+02 +6.897200000e+02 -1.1165e+00 +5.5339e-02
94374 0 +2.890146789e-09 +6.897200000e+02 +6.897200000e+02 -1.1149e+00 +5.2083e-02
