% f evaluations | g evaluations | best noise-free fitness - Fopt (7.135000000000e+01) + sum g_i+ | measured fitness | best measured fitness or single-digit g-values | x1 | x2...
1 0 +5.261174816e+01 +1.239617482e+02 +1.239617482e+02 +1.9858e-01 +1.4657e+00 -1.2530e+00 -2.7882e+00 +1.2618e+00 +1.0189e+00 -1.1827e+00 -1.1760e+00 -5.6033e-03 +2.6559e+00 +1.6832e+00 -2.3380e+00 -2.7368e-01 +2.6372e+00 -3.6093e-01 -1.2898e+00 +5.9441e-01 +1.0239e+00 +1.1985e+00 -7.2395e-02
12 0 +4.719196412e+01 +1.185419641e+02 +1.185419641e+02 +9.1822e-02 -1.1760e+00 +1.0056e+00 +1.4581e+00 -2.9400e-01 +1.0660e+00 +2.1698e+00 -1.2618e+00 -2.3927e+00 +7.0355e-01 +2.8709e+00 -7.6688e-01 -1.3034e+00 +2.3345e+00 +9.3723e-01 +2.3718e+00 -2.8516e+00 -3.9682e-01 -9.1582e-01 +9.2612e-01
94 0 +4.257986693e+01 +1.139298669e+02 +1.139298669e+02 +2.1709e+00 +1.0500e+00 -1.4550e+00 -1.9555e+00 -2.9778e+00 -2.4787e+00 -2.5581e+00 +3.8128e-01 +2.7616e+00 +1.4005e-01 +2.2068e+00 -4.1091e-01 -5.2021e-01 +9.8213e-01 -1.4052e+00 +2.6576e+00 +1.1144e+00 +1.9021e+00 +1.5475e+00 +1.8303e+00
110 0 +3.821069301e+01 +1.095606930e+02 +1.095606930e+02 +7.8313e-01 -2.6705e+00 +5.8701e-01 -2.9691e+00 -2.6214e+00 -2.7565e+00 -2.0823e+00 -1.1665e+00 -1.0764e-01 -9.9266e-01 -1.7574e+00 -2.7592e+00 +1.5009e+00 -9.2031e-01 -2.3602e+00 +1.4771e+00 +1.8883e+00 -1.6337e+00 +5.7755e-01 +2.9412e+00
356 0 +2.611773593e+01 +9.746773593e+01 +9.746773593e+01 -1.1741e+00 +2.9573e+00 +2.9804e-01 +7.8920e-01 -1.8069e-01 +2.4870e+00 -2.5422e+00 -1.2776e+00 +2.3444e+00 -9.3726e-01 +1.1819e+00 -1.2929e+00 -1.6766e+00 +2.1454e+00 -7.0949e-01 +5.0540e-01 -2.6220e-01 +1.0614e+00 -2.5117e+00 +1.8321e+00
2428 0 +2.315256332e+01 +9.450256332e+01 +9.450256332e+01 -2.2762e-01 +1.1529e+00 +1.2795e+00 +4.0391e-01 +1.1511e+00 -1.1073e+00 +2.8520e+00 +2.0905e+00 +1.3285e-01 +2.9319e+00 -3.7229e-01 -2.9509e+00 +2.0600e+00 -2.2864e+00 +7.3970e-01 +7.1339e-01 +1.8558e+00 +2.7436e+00 +3.1612e-01 -1.8633e+00
7774 0 +2.114893621e+01 +9.249893621e+01 +9.249893621e+01 +2.4111e+00 -9.8854e-01 +2.5219e+00 +2.0675e+00 -1.5951e+00 -1.6771e+00 +2.9364e+00 +1.1159e+00 -1.1557e+00 -1.0194e+00 +2.1005e+00 -2.2470e+00 +2.6042e+00 -4.2085e-01 +2.6057e+00 -6.8444e-01 -2.4652e+00 +2.8515e+00 -3.2945e-01 -5.4378e-01
11900 0 +1.791426310e+01 +8.926426310e+01 +8.926426310e+01 +1.2028e+00 -1.4651e+00 -2.5442e-01 +2.5547e+00 -2.1409e+00 -2.7862e-01 -9.7715e-01 -2.4482e+00 -2.6837e+00 -9.6921e-01 -2.4885e+00 -1.6275e+00 -2.8763e+00 +1.7103e+00 +2.9850e+00 +2.1247e+00 -7.0183e-01 -2.8962e+00 -2.7544e+00 +7.6814e-01
17309 0 +1.716709291e+01 +8.851709291e+01 +8.851709291e+01 +9.6350e-01 -2.4552e+00 +1.4226e+00 -2.9431e+00 +9.2189e-01 +2.0139e+00 -7.8403e-01 +2.7308e+00 -1.2388e+00 -2.4051e+00 -1.6480e+00 -2.7401e+00 +1.7494e+00 -2.9527e+00 +2.4006e+00 -2.5234e+00 +2.3793e+00 -1.7130e+00 +1.0896e+00 -2.3828e+00
30346 0 +1.682468625e+01 +8.817468625e+01 +8.817468625e+01 +1.4786e+00 -6.3535e-01 +2.2415e+00 -2.1137e+00 -1.2759e+00 -7.4572e-01 +1.7632e+00 +1.4109e+00 -9.0135e-01 -3.5864e-01 +2.1138e+00 -2.8983e+00 +3.5122e-02 -1.9903e+00 +2.9634e+00 +1.4234e+00 +1.1424e+00 -1.5138e+00 +7.4637e-01 +5.2972e-01
132281 0 +1.648030677e+01 +8.783030677e+01 +8.783030677e+01 +1.9184e+00 +8.2843e-01 +2.0729e+00 +1.0471e+00 -1.9650e+00 +2.5216e+00 +2.5426e+00 -2.3164e+00 -3.6620e-01 -1.9924e+00 +2.2657e+00 +1.4872e+00 -1.2928e+00 -1.5565e+00 -1.3995e+00 +6.0863e-03 -8.9696e-01 -7.0826e-01 -1.3187e+00 +1.6056e+00
637077 0 +1.477622315e+01 +8.612622315e+01 +8.612622315e+01 +2.8957e+00 +1.0184e+00 -2.2969e+00 +6.2634e-01 +8.3111e-01 +6.0552e-01 +2.3995e-01 +2.6103e+00 -2.2150e+00 +2.6528e+00 -3.8577e-01 -1.2317e+00 -3.8437e-01 -1.3298e-02 -1.7759e+00 -1.3889e+00 +2.1684e+00 -2.5887e+00 +3.2646e-02 -1.9485e+00
3209548 0 +1.309897156e+01 +8.444897156e+01 +8.444897156e+01 +3.2778e-01 -2.0421e+00 -2.3323e+00 +6.9776e-01 -3.3746e-01 +2.0102e+00 -1.5740e+00 -1.8407e+00 +1.8475e+00 +1.9148e+00 -1.0449e+00 +2.1681e+00 -1.8918e+00 +2.2615e+00 +1.6880e+00 -1.7680e-01 -1.7062e+00 +7.2352e-01 -1.4939e+00 +9.6442e-01
3593460 0 +1.123562201e+01 +8.258562201e+01 +8.258562201e+01 +1.3809e-01 -2.6882e+00 -1.5034e+00 -2.5431e+00 +1.2145e+00 -9.3698e-01 -2.2875e+00 +3.5178e-01 -9.7847e-01 -2.3714e+00 -1.1357e-01 +4.4286e-01 -9.9691e-01 -2.2954e+00 -1.9309e+00 -1.0752e+00 +8.9588e-01 +8.9009e-01 +2.8093e-01 -2.6981e+00
16443743 0 +1.103449035e+01 +8.238449035e+01 +8.238449035e+01 -3.9918e-02 -3.1630e-01 -7.6732e-01 +1.8402e+00 +1.4981e+00 -1.8808e+00 -6.7147e-01 +2.7231e+00 -1.8985e+00 -2.6950e+00 +2.6683e+00 -1.3578e-01 +8.9383e-01 -1.7430e+00 +1.3016e+00 +1.9705e+00 +2.4573e+00 +8.7796e-02 -2.5425e+00 +2.3259e+00
% f evaluations | g evaluations | best noise-free fitness - Fopt (-3.552200000000e+02) + sum g_i+ | measured fitness | best measured fitness or single-digit g-values | x1 | x2...
1 0 +1.023187409e+02 -2.529012591e+02 -2.529012591e+02 -1.9597e+00 +1.3349e+00 -8.5926e-01 +8.0185e-01 +1.5567e+00 +2.8672e-01 -1.2972e+00 +2.1470e+00 -1.1577e+00 +2.9237e+00 -1.6503e+00 +1.2425e+00 -5.1912e-01 -1.1126e+00 -2.7621e+00 +2.8495e+00 +2.5775e+00 +1.0786e+00 +9.5563e-01 +3.3912e-01
2 0 +8.321473694e+01 -2.720052631e+02 -2.720052631e+02 -2.4076e+00 -9.4499e-01 +2.5347e-01 +3.2306e-01 -1.2756e+00 +2.3216e+00 +1.9930e+00 +1.8129e+00 -1.3355e+00 -1.4442e+00 +1.3179e+00 -1.6230e-01 -2.0243e+00 -2.3075e+00 +2.3451e+00 -2.5232e+00 +1.8657e+00 -1.6770e+00 -1.8157e+00 -2.8248e+00
4 0 +6.597056012e+01 -2.892494399e+02 -2.892494399e+02 -1.8546e+00 +2.0538e+00 +2.9283e+00 -3.7864e-01 -1.4344e+00 +2.8633e+00 -1.1198e-01 -1.8462e+00 +2.7072e-01 -1.0410e+00 +1.0132e-01 +1.2501e+00 -1.6484e+00 +2.8958e+00 -2.5755e+00 -1.1335e-02 -2.9871e+00 +2.0439e+00 -1.5847e+00 -2.7748e+00
8 0 +4.599380880e+01 -3.092261912e+02 -3.092261912e+02 -3.8961e-01 -1.7321e+00 +5.9196e-01 +2.2922e-01 +7.2583e-02 +7.9699e-01 +1.2740e+00 +1.5152e+00 -5.3004e-01 +2.4976e+00 -1.2915e+00 +2.4155e+00 +1.5511e+00 +9.3061e-01 +7.6237e-01 +9.0891e-01 +2.4407e+00 +8.8076e-01 +7.7944e-01 -6.1691e-01
135 0 +4.122880708e+01 -3.139911929e+02 -3.139911929e+02 -2.2345e+00 -1.0912e+00 -1.4580e+00 +1.9453e+00 +2.8344e+00 -1.2103e+00 -1.8511e+00 +1.2707e+00 -2.7052e-01 +1.9088e+00 +6.3838e-02 -1.6830e+00 -6.8941e-01 -3.9865e-01 +1.0435e+00 -2.1038e-01 -2.4150e+00 -2.0799e+00 -6.3510e-01 -1.5491e+00
155 0 +3.477711494e+01 -3.204428851e+02 -3.204428851e+02 +1.9715e+00 -1.8593e+00 -8.3101e-01 -2.4608e+00 -2.7240e+00 -9.6095e-01 +2.9104e+00 +9.1576e-01 -1.8118e+00 -2.3746e+00 -2.7900e-01 -1.7908e+00 +1.5409e+00 +8.5220e-01 +1.0365e+00 +1.2382e+00 +2.3243e+00 -1.0580e-01 -1.1672e+00 -1.8260e+00
655 0 +3.048224476e+01 -3.247377552e+02 -3.247377552e+02 +1.5347e+00 -2.3254e+00 -2.7302e+00 +3.4970e-01 -2.5803e+00 -1.9042e+00 +1.3259e+00 +1.4692e+00 +2.9447e+00 -6.3867e-01 +1.3003e+00 +1.0939e+00 -3.7670e-01 -1.6506e-01 -4.1797e-01 +7.3963e-01 +2.1084e+00 -8.7181e-01 +1.3325e+00 -1.3531e+00
1357 0 +2.596609699e+01 -3.292539030e+02 -3.292539030e+02 +2.2802e+00 +1.4723e+00 +1.0116e+00 +5.0707e-01 -9.0101e-01 -1.8364e+00 -2.4151e+00 -3.0222e-01 +3.7164e-01 +1.4861e+00 +1.2819e+00 +1.5201e+00 -1.9267e+00 -2.5126e-01 -1.3000e+00 +1.4566e+00 -2.8279e+00 +1.5360e+00 +2.0008e+00 +1.6706e+00
2468 0 +2.519238080e+01 -3.300276192e+02 -3.300276192e+02 -2.2811e+00 -9.1740e-01 +6.3009e-01 -1.5691e+00 +2.8258e+00 +4.9816e-01 -2.5731e+00 -4.7849e-01 +9.3616e-01 -5.1346e-01 -4.9920e-01 +1.1813e+00 +1.1010e+00 -2.6271e+00 +2.4711e+00 -2.1590e+00 +7.8182e-01 -3.8257e-01 -2.4997e+00 -2.6997e-01
20694 0 +2.052528617e+01 -3.346947138e+02 -3.346947138e+02 +1.6060e-01 +2.2143e+00 +1.8928e+00 -2.4613e+00 +7.5657e-01 +2.6249e+00 -2.1630e+00 +2.5051e+00 +2.0532e+00 +1.9136e+00 -1.4404e+00 -1.4791e-01 +4.9065e-01 -7.5330e-01 -1.9110e+00 -2.5273e+00 -1.9203e+00 -8.3545e-01 -5.7253e-01 -1.4300e+00
47823 0 +1.945840160e+01 -3.357615984e+02 -3.357615984e+02 -2.2390e+00 -2.3012e+00 -1.3712e+00 +1.8967e+00 -2.3205e+00 -2.6227e+00 -2.2254e+00 -1.6429e-01 -2.3777e+00 -3.7602e-02 -1.3470e+00 +1.4428e+00 +2.4651e+00 +1.0015e+00 +6.0468e-01 -2.1169e+00 +2.5499e+00 -1.8870e+00 -2.3346e+00 -2.2585e+00
92707 0 +1.604560443e+01 -3.391743956e+02 -3.391743956e+02 +1.9524e+00 -7.3896e-01 -1.4518e+00 +9.2319e-01 +1.8975e+00 +1.7846e+00 +2.4863e+00 +2.5609e+00 -2.8135e+00 -1.8617e+00 +2.5208e+00 -2.2539e+00 -2.8647e+00 -6.7861e-01 -1.1023e+00 +2.1974e+00 +2.3363e-01 -3.4414e-01 -1.6316e+00 -1.0775e+00
866049 0 +1.505966488e+01 -3.401603351e+02 -3.401603351e+02 -1.8853e+00 -1.7060e+00 +9.8713e-01 +9.9889e-01 -2.3161e+00 +1.8019e+00 +1.0101e+00 +9.5986e-01 -2.9070e+00 +1.0979e-01 -2.9496e+00 +1.0359e+00 -8.8423e-01 -2.3819e+00 -1.7975e+00 +8.2457e-01 +2.1400e+00 -1.7825e+00 +1.9170e+00 -1.9144e+00
2015732 0 +1.245197825e+01 -3.427680217e+02 -3.427680217e+02 +1.7177e-01 -1.8112e+00 +1.8601e+00 -1.4105e+00 -7.3908e-01 +2.6333e+00 +1.1244e+00 +2.0117e+00 +1.7939e-01 -1.7614e+00 -8.8040e-01 -1.3235e+00 -2.2976e+00 +2.8005e+00 +1.0963e-02 +2.3562e+00 +2.0516e+00 +2.0681e+00 -4.4189e-01 +2.8964e+00
19098958 0 +1.218197726e+01 -3.430380227e+02 -3.430380227e+02 +1.2597e+00 +9.2112e-01 -1.8741e+00 +2.9244e-01 -1.6759e+00 +5.3090e-01 -1.5308e+00 +2.7501e+00 -2.3994e+00 -3.4877e-01 -1.5799e+00 -1.3199e+00 -2.4087e+00 -1.1790e+00 -4.2131e-01 +2.9373e+00 -1.7387e+00 +1.2306e-01 -9.2710e-01 -2.4147e+00
19812425 0 +1.168561044e+01 -3.435343896e+02 -3.435343896e+02 +2.2213e+00 -2.6521e+00 +2.9325e+00 -2.8159e+00 -1.4776e+00 +1.2287e+00 +1.2030e+00 -1.5481e+00 -1.7816e+00 +2.3873e+00 -1.9564e+00 +2.7076e+00 +2.9537e+00 +8.3892e-01 +2.4494e+00 +2.6454e-01 +2.9843e+00 +1.8110e+00 +4.1403e-01 +1.3896e+00
% f evaluations | g evaluations | best noise-free fitness - Fopt (9.917000000000e+01) + sum g_i+ | measured fitness | best measured fitness or single-digit g-values | x1 | x2...
1 0 +9.273400374e+01 +1.919040037e+02 +1.919040037e+02 -1.9935e+00 +2.4719e+00 -1.8430e+00 +1.4819e+00 -1.5389e+00 +1.6473e+00 -1.1652e+00 +2.1646e+00 +1.8560e+00 -2.5360e+00 +2.3506e+00 +1.6824e+00 -8.1039e-01 -1.4553e-01 -8.1082e-01 -4.9460e-01 -8.7101e-01 -6.5607e-01 +1.7894e-01 -2.0651e+00
2 0 +4.833362571e+01 +1.475036257e+02 +1.475036257e+02 +7.4010e-01 +1.6273e+00 +7.5767e-01 -1.4139e+00 -1.3611e-01 -5.2597e-01 +9.4488e-01 -1.9756e-01 -1.1526e+00 -1.5054e+00 +1.7741e+00 -2.3486e+00 +2.8499e-02 -1.3272e+00 +1.2721e+00 +2.5113e+00 -1.6582e+00 -2.6493e+00 +2.3857e+00 -1.9450e+00
25 0 +4.596935132e+01 +1.451393513e+02 +1.451393513e+02 -2.7083e+00 +2.7568e+00 -1.2795e+00 +9.9907e-01 -9.3134e-01 +8.5875e-01 -1.0149e+00 -1.1657e-01 +5.5639e-01 -2.6335e+00 -2.8213e+00 -2.6965e+00 -2.0538e+00 -1.1099e+00 +1.2329e+00 +1.1776e+00 -1.2163e+00 +4.2597e-01 +5.4774e-01 -2.2379e+00
47 0 +4.262504332e+01 +1.417950433e+02 +1.417950433e+02 -6.3640e-01 +5.2375e-01 +2.7545e+00 -1.0605e-01 +2.7561e+00 +1.0141e+00 -1.8070e+00 -2.1719e+00 -1.6398e-01 -1.8126e-01 -3.3153e-01 +1.4246e+00 -2.6111e+00 +2.9610e-01 -1.5586e+00 +1.0556e+00 -2.4738e+00 -2.2731e+00 +2.3226e+00 -3.5458e-01
57 0 +4.057698197e+01 +1.397469820e+02 +1.397469820e+02 -1.7727e+00 -4.5659e-01 +1.4604e+00 +1.4649e+00 -9.8978e-01 +1.8143e+00 -5.3661e-01 +2.3844e+00 -1.7507e+00 -1.8852e+00 -2.1173e+00 -1.6436e+00 +3.7394e-01 -1.2273e-01 -8.9978e-01 -1.0986e+00 +4.6929e-01 -2.1420e+00 +2.1074e+00 -5.6398e-01
116 0 +3.257753520e+01 +1.317475352e+02 +1.317475352e+02 +2.3165e+00 +1.1434e+00 +1.7951e+00 +1.4343e-01 -2.6417e+00 +2.2274e+00 +9.5318e-01 +1.3514e+00 -2.6322e+00 -1.2405e+00 +1.4097e+00 +2.6745e+00 +1.9781e+00 +2.8084e+00 +1.2248e+00 -1.0887e+00 +9.7856e-01 +1.6365e+00 +2.1568e+00 +2.8419e+00
243 0 +3.175871941e+01 +1.309287194e+02 +1.309287194e+02 +2.3609e+00 +2.0718e+00 +1.1384e+00 +2.5620e+00 +1.1221e+00 -1.7106e+00 +1.8990e+00 -8.8668e-01 -1.2378e+00 +1.6382e+00 +2.7223e+00 -1.2170e+00 -1.8461e+00 -2.3576e+00 -1.0110e+00 -7.8881e-02 -2.2244e+00 +2.5736e+00 +2.8581e-02 +2.9058e-01
1492 0 +3.153060999e+01 +1.307006100e+02 +1.307006100e+02 -1.9247e+00 +1.6111e+00 -1.1867e+00 +1.5319e-01 +1.7147e+00 -4.7448e-01 -1.1530e+00 +2.8318e+00 -8.0051e-01 -8.4646e-02 +9.9307e-01 -2.9837e+00 +1.4177e-01 -4.4627e-01 -2.6523e+00 -1.9604e+00 -1.1211e+00 +1.4405e+00 +1.2165e+00 -2.7210e+00
1660 0 +2.642524661e+01 +1.255952466e+02 +1.255952466e+02 -2.0023e+00 -1.7047e-01 +2.3532e+00 -1.7653e+00 -1.3545e+00 +2.6174e+00 -1.9544e-01 -2.8948e+00 -1.8643e+00 +1.8654e+00 -1.0316e+00 -1.6239e-01 +1.2638e+00 +1.5412e+00 -8.8360e-01 +9.6576e-01 +8.6860e-01 +6.0963e-01 -1.3502e+00 -1.2944e+00
2286 0 +2.575986816e+01 +1.249298682e+02 +1.249298682e+02 +9.8235e-01 +2.5667e+00 +2.1515e+00 +2.8322e+00 +2.7224e+00 -2.7749e+00 +1.8735e+00 +2.3746e+00 +5.4224e-01 -1.3749e+00 -1.9078e+00 -1.0984e+00 +6.0428e-02 -2.0869e-01 +1.7380e+00 -2.3279e+00 +1.6557e+00 +2.9515e+00 -2.0780e-01 +1.3613e+00
3319 0 +2.212154212e+01 +1.212915421e+02 +1.212915421e+02 +1.5539e+00 -2.0008e+00 -1.4824e+00 +9.2970e-01 -7.6182e-01 +3.2947e-02 +2.7271e+00 +1.7176e+00 +1.9639e+00 -2.5639e+00 +1.5283e+00 +5.9088e-01 -1.2111e+00 -1.9415e+00 +1.2965e+00 -1.9141e+00 +9.4715e-01 +2.8493e+00 -2.0387e+00 +2.0635e+00
14707 0 +1.999701819e+01 +1.191670182e+02 +1.191670182e+02 -6.9428e-01 +1.0531e+00 +1.0951e+00 +2.3406e+00 +2.2868e+00 +1.4948e+00 +2.4038e+00 -1.4751e+00 -8.0302e-02 -8.0688e-01 +2.7474e-01 +2.0811e+00 -2.1800e+00 +2.3520e+00 +8.7764e-01 +1.3724e+00 +1.1058e+00 +2.0370e+00 +2.6859e+00 +2.8572e+00
21764 0 +1.942130803e+01 +1.185913080e+02 +1.185913080e+02 +1.4326e+00 -1.1944e+00 -1.7504e+00 -2.9274e+00 -1.5572e+00 +7.5806e-01 -1.2778e+00 +1.6117e+00 -8.8947e-02 -1.4484e+00 -6.0288e-01 +2.4270e+00 -1.1906e+00 -3.4129e-01 +1.9829e+00 +2.8032e+00 +1.9874e+00 +1.7996e+00 +1.0756e+00 -2.5501e+00
71362 0 +1.825119410e+01 +1.174211941e+02 +1.174211941e+02 -5.4034e-01 -3.7114e-01 -1.8142e+00 +1.3217e+00 +1.7327e-01 -1.4913e+00 +1.4024e+00 +2.0636e-01 +2.9780e+00 -6.9543e-01 +5.0854e-01 -2.2367e+00 -1.0802e+00 +2.1145e+00 +1.2416e+00 +9.6769e-01 +2.4404e+00 -6.1720e-01 -3.1761e-01 -6.4661e-01
383848 0 +1.433526080e+01 +1.135052608e+02 +1.135052608e+02 +1.8959e+00 -4.4280e-01 +2.5609e+00 +7.3537e-01 +5.5207e-01 +8.9582e-01 +2.9273e+00 -1.9910e+00 +2.3354e+00 +2.8174e+00 +1.6063e+00 -1.8829e+00 -1.2958e+00 -1.2891e+00 +2.3926e+00 -2.0924e+00 +1.4035e-01 +2.0513e+00 +2.5085e+00 +4.3796e-02
968132 0 +1.271565838e+01 +1.118856584e+02 +1.118856584e+02 -1.9573e+00 +8.8973e-01 -3.7898e-01 +4.6469e-01 -1.5140e+00 -1.9040e+00 -9.7370e-01 +1.0320e+00 -1.0751e+00 +2.6004e+00 -6.6292e-02 +1.3361e+00 -4.1528e-02 -2.9314e+00 +1.9668e+00 +2.2892e+00 +3.8800e-01 +1.7606e+00 -1.0036e+00 -1.4359e+00
7628265 0 +1.177450689e+01 +1.109445069e+02 +1.109445069e+02 +1.4755e+00 +9.7762e-01 -2.9524e+00 -2.0906e+00 -2.4132e+00 -6.2333e-01 +5.8031e-01 -3.3902e-01 +2.4040e+00 -1.3949e+00 -4.1024e-01 +6.3844e-01 -8.8152e-01 +2.5483e+00 +6.1457e-01 +8.1063e-01 +8.7580e-01 -7.6993e-01 +4.1479e-01 +1.4937e+00
13100150 0 +1.016825063e+01 +1.093382506e+02 +1.093382506e+02 -1.0513e+00 +1.6923e+00 +1.3837e+00 -3.8542e-01 -6.8371e-01 -2.2968e+00 -1.4045e+00 +7.9392e-01 -1.5081e+00 -2.1783e+00 +9.8350e-01 +2.8459e+00 -2.5012e+00 -1.4298e+00 -1.1261e+00 +1.0032e+00 +2.2157e+00 +9.3356e-01 -1.5823e+00 -2.3484e+00
% f evaluations | g evaluations | best noise-free fitness - Fopt (-5.179100000000e+02) + sum g_i+ | measured fitness | best measured fitness or single-digit g-values | x1 | x2...
1 0 +9.149680466e+01 -4.264131953e+02 -4.264131953e+02 -2.6509e+00 +2.5986e+00 +7.5605e-01 +9.7398e-01 -2.7500e+00 +6.0521e-01 +1.9962e+00 -2.9675e+00 -1.3626e+00 -1.6059e-01 +2.9671e+00 +1.1746e+00 -1.6001e+00 +3.0823e-01 +2.9915e+00 -1.5489e+00 +2.2877e+00 +5.5487e-01 +2.1826e+00 +2.3699e+00
4 0 +8.407771984e+01 -4.338322802e+02 -4.338322802e+02 -9.1769e-01 -4.5994e-01 -2.8391e+00 -1.1422e+00 +1.9838e+00 -2.2215e+00 +4.9593e-01 -2.7686e+00 -2.8378e+00 +1.8286e-01 +7.0126e-02 +1.7236e+00 +2.0432e+00 +1.7898e+00 +1.3368e+00 +8.3575e-02 -2.5222e+00 +1.7984e+00 +2.5668e+00 -2.4507e+00
6 0 +6.455432414e+01 -4.533556759e+02 -4.533556759e+02 +2.9882e-01 -1.5851e+00 +2.5469e+00 -1.8181e+00 +1.9335e+00 -2.1842e+00 -1.2867e+00 +2.1216e-01 -2.3420e+00 +1.9358e+00 -2.9329e+00 -2.0479e+00 -3.7814e-01 -2.5443e+00 +5.8764e-01 -1.8081e+00 +6.0352e-01 -1.9569e+00 -2.8053e+00 +1.7517e+00
8 0 +4.474901936e+01 -4.731609806e+02 -4.731609806e+02 +8.0952e-01 +2.9715e-01 -2.4785e+00 +1.1916e+00 +2.3941e+00 +2.5012e+00 +2.4472e+00 -5.5114e-01 +2.4164e+00 +1.2128e-01 +2.0443e+00 +2.4155e+00 -2.6200e-01 +2.9105e+00 -1.2894e+00 -1.1626e+00 +2.5632e-01 -6.4289e-01 +8.8337e-01 +2.3623e+00
77 0 +4.082160064e+01 -4.770883994e+02 -4.770883994e+02 +2.3279e+00 -1.6854e+00 +1.5018e+00 -2.6671e+00 +2.3404e+00 -9.9948e-02 -2.0783e+00 -2.3136e+00 -4.0824e-01 +2.8359e+00 +2.1385e+00 -2.1403e+00 +6.1961e-01 -1.4586e+00 -1.0483e+00 +1.4386e+00 +1.4084e-01 -2.1106e+00 -2.0395e+00 +1.9962e+00
150 0 +4.016653394e+01 -4.777434661e+02 -4.777434661e+02 -1.7010e+00 -5.7500e-01 -5.0192e-01 +2.3005e+00 -1.6078e+00 -1.9508e+00 -2.3260e+00 +2.0784e+00 -2.0094e+00 -2.0206e-01 +2.8873e+00 +8.2376e-01 -1.0317e+00 -2.8560e+00 +2.1475e+00 -1.2652e+00 +1.8736e+00 -1.9613e+00 -2.4199e+00 +1.0493e+00
202 0 +2.417345246e+01 -4.937365475e+02 -4.937365475e+02 -6.9745e-01 +1.9487e+00 -9.6970e-01 -1.9904e+00 +2.5964e+00 -2.6959e+00 +1.9910e+00 +2.3090e+00 +2.7996e+00 -2.6531e+00 +2.6747e+00 +3.1903e-01 -1.3942e+00 +2.2658e+00 -1.8837e+00 +1.7473e+00 -1.1707e+00 +1.7132e-01 +2.0449e+00 +6.8487e-01
12251 0 +2.296540649e+01 -4.949445935e+02 -4.949445935e+02 +5.8923e-01 -7.1913e-01 -2.6228e+00 -2.9957e+00 +2.6463e+00 -1.5873e-01 +1.1657e+00 -2.0893e+00 -8.5735e-01 +1.7528e+00 +2.7649e+00 -1.5892e+00 -1.3262e+00 -2.4719e+00 -4.7880e-01 -1.2464e+00 +2.8766e-01 +2.5455e-01 -1.3030e+00 +2.7999e+00
21548 0 +2.272942914e+01 -4.951805709e+02 -4.951805709e+02 +2.8130e+00 +7.5521e-01 +7.0923e-01 +1.0473e+00 +1.7774e+00 -2.6936e+00 +1.9928e+00 +3.7674e-01 -1.7168e+00 -2.7883e+00 -7.4495e-01 -1.4471e+00 -2.2808e+00 -2.8669e-01 +1.1903e+00 -7.1336e-01 -1.5107e+00 -1.6946e+00 -8.7274e-01 +3.9507e-01
35354 0 +2.034674629e+01 -4.975632537e+02 -4.975632537e+02 +3.9158e-01 +1.8424e+00 -1.0802e+00 +2.7519e+00 -2.8860e+00 +1.7322e+00 -2.9083e+00 -1.2800e-01 +1.3643e+00 +2.4417e+00 -8.2087e-01 -2.5186e+00 -1.0140e+00 -1.6793e+00 +8.4846e-01 +7.8747e-01 -8.9766e-01 +1.7305e-02 +1.5672e+00 -1.5401e+00
87791 0 +1.673388360e+01 -5.011761164e+02 -5.011761164e+02 +1.2643e+00 -1.8834e+00 +2.8713e+00 -7.7187e-01 +7.3521e-01 -1.8131e+00 -1.9425e+00 +2.5732e+00 -1.4326e-01 -1.1872e+00 +5.2261e-01 -2.5517e+00 +9.9109e-01 -1.2132e+00 -2.5554e+00 +1.5469e+00 +7.8921e-01 -2.9524e+00 -2.5796e+00 +8.1180e-02
691275 0 +1.633236443e+01 -5.015776356e+02 -5.015776356e+02 -2.3369e+00 +9.6055e-01 -2.9047e+00 +2.6651e-01 +1.3000e+00 +2.9504e+00 +1.3901e+00 +2.5732e+00 +1.7546e-01 +2.0690e+00 -8.2474e-01 -1.4272e+00 +1.5958e+00 -1.1818e+00 -2.7356e-01 +2.6274e+00 +4.4726e-01 +1.1361e+00 +1.2133e+00 -1.7696e+00
1412208 0 +1.550331412e+01 -5.024066859e+02 -5.024066859e+02 -1.5020e+00 -8.9274e-01 -1.5311e+00 -1.6603e+00 -2.2647e+00 +2.9659e+00 +1.7172e+00 -2.1747e+00 -4.0576e-01 -2.9087e+00 -2.1251e+00 +2.6069e+00 -1.0545e+00 -1.9976e+00 +5.1446e-01 +1.3618e+00 +4.5694e-01 +2.8871e-02 +3.6213e-01 -1.8210e+00
3458489 0 +1.279195486e+01 -5.051180451e+02 -5.051180451e+02 +1.3791e+00 -1.9539e+00 +8.3534e-01 +2.3029e+00 +3.9077e-01 -2.9273e+00 -2.4848e+00 -2.6181e+00 +1.0523e+00 +1.8562e-01 -2.5168e+00 +8.0290e-01 +2.0611e+00 -1.1232e+00 +1.5052e+00 -1.6247e+00 -2.9428e+00 -2.7355e+00 +2.7147e+00 +7.5456e-01
9904453 0 +1.219786912e+01 -5.057121309e+02 -5.057121309e+02 -1.3396e+00 -1.2629e+00 +2.5713e+00 -2.7034e+00 -6.2020e-02 -1.8181e+00 +2.7816e+00 +1.7759e+00 -3.5449e-01 -2.5869e+00 +9.3150e-01 -1.2386e+00 -1.4616e+00 +2.3444e+00 -2.2319e+00 -6.2080e-01 -1.3303e+00 +1.2533e+00 +1.5280e+00 +3.7408e-01
12995203 0 +1.177969533e+01 -5.061303047e+02 -5.061303047e+02 -8.0817e-01 -6.3053e-01 -3.0132e-01 +8.6966e-01 -1.5495e+00 +1.8165e+00 -2.4476e+00 +8.9184e-02 +2.2383e+00 -1.2402e+00 +9.1741e-01 -1.2498e+00 +5.5775e-01 +2.4239e+00 -2.8148e-01 -5.7550e-01 +1.9153e+00 +7.8618e-01 +9.5185e-01 -9.3372e-01
% f evaluations | g evaluations | best noise-free fitness - Fopt (-5.721000000000e+01) + sum g_i+ | measured fitness | best measured fitness or single-digit g-values | x1 | x2...
1 0 +9.278343813e+01 +3.557343813e+01 +3.557343813e+01 -7.0641e-01 +1.9060e+00 +1.2175e+00 +2.0207e+00 -3.5670e-01 +1.7434e-01 -1.1610e+00 +1.0478e+00 -6.9647e-01 -2.7195e+00 +3.1844e-01 -7.6182e-01 -2.7878e+00 +7.4109e-01 +2.2157e+00 +2.9016e-01 -4.1189e-01 +2.3707e+00 +2.7848e+00 +2.6411e+00
2 0 +5.103651559e+01 -6.173484407e+00 -6.173484407e+00 -3.4955e-01 +1.1352e+00 +7.8322e-01 +2.6378e+00 -1.9976e+00 +6.9527e-01 +3.9193e-01 +1.4138e+00 +2.6441e+00 +1.5520e+00 -8.1900e-01 +5.6013e-01 +5.4112e-01 +2.6349e+00 +2.5601e+00 +1.7145e+00 -2.8182e+00 -3.8825e-02 -1.0958e+00 -6.7859e-02
46 0 +4.480261973e+01 -1.240738027e+01 -1.240738027e+01 -1.9107e+00 +1.7524e-01 -2.8398e-01 +1.2268e+00 -1.1465e+00 -1.2814e+00 -2.2707e+00 +2.7074e+00 +2.7250e+00 -2.6015e+00 +2.9113e+00 +2.8245e+00 +6.4002e-01 -1.5455e+00 +2.7104e+00 -1.4751e+00 -6.5761e-01 +9.1661e-01 -1.6538e+00 -2.2135e+00
50 0 +3.969777911e+01 -1.751222089e+01 -1.751222089e+01 -2.0336e+00 -1.4096e+00 -9.1216e-01 -8.6858e-01 +1.7178e+00 +9.8318e-01 -6.5993e-01 +1.3420e+00 +2.1696e+00 +1.9313e+00 +2.3521e+00 -1.8939e-01 -2.2357e-01 -1.4403e+00 +2.5392e+00 +1.3068e+00 -6.9593e-01 +1.5886e+00 -2.3540e+00 -2.3965e+00
468 0 +3.664662107e+01 -2.056337893e+01 -2.056337893e+01 -1.7189e-02 +7.7666e-01 -9.4772e-01 +2.0275e+00 +1.0941e+00 +1.5719e+00 +9.2438e-01 +9.9024e-01 +1.2427e+00 -4.9043e-01 -1.7407e-01 +2.9313e+00 -2.7214e+00 -1.2993e+00 +2.2336e+00 +7.5737e-01 -7.5843e-01 -6.1134e-01 +9.3455e-01 +2.4404e+00
536 0 +3.499027620e+01 -2.221972380e+01 -2.221972380e+01 -2.3408e-01 -1.2535e+00 +1.2928e+00 -2.2893e+00 -2.4398e-01 +1.8943e+00 -4.0810e-01 +7.3508e-01 +1.4356e+00 -1.1695e+00 -2.1146e+00 -2.7631e+00 -1.3789e-01 +3.5877e-01 -3.0193e-01 -2.2036e-01 -1.8863e-01 +1.6115e-01 +1.3107e+00 +2.4041e+00
819 0 +3.055797653e+01 -2.665202347e+01 -2.665202347e+01 +1.7982e+00 +1.3094e+00 -2.7703e+00 +1.9790e+00 +2.7487e+00 +7.6538e-01 -2.5720e+00 +2.1248e+00 +2.5828e+00 +3.8705e-01 -1.8500e-01 +3.7727e-01 +1.0283e+00 -2.8523e+00 -5.2961e-01 +1.0386e+00 +1.6704e+00 +1.3532e+00 +6.5717e-01 +2.2753e+00
1142 0 +2.696379060e+01 -3.024620940e+01 -3.024620940e+01 +5.2285e-01 +2.5730e+00 +6.0797e-01 +1.7683e-01 +6.2069e-02 +1.1010e+00 -1.9842e+00 -3.9653e-01 +2.4272e+00 +6.4500e-03 -1.3777e+00 +4.1410e-01 -2.9575e+00 +2.5282e+00 +7.1617e-01 +2.5857e+00 -2.8731e+00 +2.3669e+00 +7.5246e-01 -1.3584e-02
4475 0 +2.620331296e+01 -3.100668704e+01 -3.100668704e+01 -1.9104e+00 +7.9935e-01 +2.2550e+00 +2.6007e+00 -2.1817e-01 -6.2179e-01 -2.5172e+00 +1.3534e+00 -5.7786e-01 -2.6831e-02 +4.2520e-01 +9.7774e-02 +1.3233e+00 -2.1106e+00 +2.0355e+00 -1.0685e+00 +4.3303e-01 +2.3069e+00 +2.0730e+00 -1.7022e+00
6209 0 +2.000758363e+01 -3.720241637e+01 -3.720241637e+01 +6.6466e-01 -1.3279e+00 -7.8803e-01 -2.3596e+00 -1.6622e+00 -3.0127e-01 -2.7823e+00 -2.6278e-01 +2.3953e+00 -1.1667e+00 -2.1391e+00 -3.1916e-01 +2.5812e+00 +2.7677e+00 -1.1933e+00 -7.3538e-01 +1.9962e+00 +9.2765e-01 +5.4771e-01 +2.0969e+00
16973 0 +1.801520843e+01 -3.919479157e+01 -3.919479157e+01 +2.8795e+00 +1.5162e+00 +1.5645e-01 -1.9177e+00 +1.6573e+00 -9.2999e-01 +8.4842e-03 -1.2362e+00 +2.6310e+00 -1.9125e+00 +1.8750e+00 +8.8532e-01 +2.9098e+00 -6.2993e-01 -1.7786e+00 +1.5059e-02 -1.3290e+00 +1.3643e+00 -1.0029e+00 +1.9180e+00
176492 0 +1.681463853e+01 -4.039536147e+01 -4.039536147e+01 +5.0584e-02 -5.4731e-02 -2.0731e+00 +6.5798e-01 -1.8719e+00 -1.1401e+00 -1.2179e+00 +1.0884e+00 +1.1680e+00 +5.0835e-01 +2.3349e+00 -1.4853e+00 +1.6628e-01 +2.8374e+00 +9.6986e-01 +1.0053e-01 +5.0901e-01 -1.4934e+00 -2.8537e+00 +2.2296e-01
410426 0 +1.615704848e+01 -4.105295152e+01 -4.105295152e+01 -2.6056e+00 +1.0615e+00 +1.7610e+00 -1.6009e+00 -1.7156e+00 -1.2345e+00 -1.7725e+00 +1.8664e+00 +1.8020e+00 -2.6610e+00 -1.2591e+00 -2.6634e-01 -1.7777e-02 +8.8751e-01 +2.4202e+00 +3.5956e-01 +2.0554e+00 -1.8516e+00 -2.1444e+00 +2.7913e+00
1405978 0 +1.519014369e+01 -4.201985631e+01 -4.201985631e+01 -2.7128e+00 +9.4170e-01 -9.5811e-01 +1.3292e+00 +2.7043e-01 +2.4978e+00 +2.7560e+00 -2.7691e+00 -1.7852e+00 -1.5436e+00 -2.2955e+00 -1.1121e+00 -4.2847e-01 +1.9017e+00 -1.1772e+00 +9.6379e-01 -1.3117e-01 -2.7680e+00 -2.8057e+00 -1.8550e+00
1900713 0 +1.272092939e+01 -4.448907061e+01 -4.448907061e+01 -2.7431e+00 -2.4264e+00 -1.3688e+00 -2.5814e+00 +9.7514e-01 +9.9973e-01 -1.9134e+00 +1.4694e+00 -1.2355e+00 +1.6407e+00 +2.9657e+00 -9.5219e-01 -1.3137e-02 -1.4879e+00 +1.9832e+00 -1.1630e+00 -5.9227e-01 -2.0119e+00 +5.9267e-01 +1.6237e+00
3246907 0 +1.131746257e+01 -4.589253743e+01 -4.589253743e+01 +4.6545e-01 +8.5612e-01 +2.0485e+00 -1.7629e+00 -2.0493e+00 -2.2323e+00 +1.8576e+00 -1.9042e+00 -1.4031e+00 -2.3197e-02 -1.3742e+00 -1.7570e+00 +2.3789e+00 -2.0421e+00 +1.5895e-01 -2.6871e+00 +1.5433e+00 +1.1931e+00 +2.0333e+00 -2.3315e+00
5632973 0 +1.108784374e+01 -4.612215626e+01 -4.612215626e+01 -7.1221e-01 -2.7170e+00 +5.6811e-01 +7.4689e-01 -2.2310e+00 +1.5612e+00 +1.5498e+00 -2.6702e+00 -7.1478e-01 -2.5314e+00 -2.8587e+00 +1.4626e+00 -2.1086e+00 +2.4933e+00 +1.5023e+00 +4.7297e-01 -2.8023e+00 +6.0656e-01 +7.5613e-01 +1.4745e+00
% f evaluations | g evaluations | best noise-free fitness - Fopt (6.626000000000e+01) + sum g_i+ | measured fitness | best measured fitness or single-digit g-values | x1 | x2...
1 0 +6.380937044e+01 +1.300693704e+02 +1.300693704e+02 -1.3135e+00 -2.9592e+00 +2.5816e+00 -6.9379e-01 +1.9577e+00 -2.4579e+00 +1.1408e+00 -1.1309e+00 -2.6998e+00 -8.7359e-01 +1.0031e+00 +9.7420e-01 -5.6831e-01 +5.5191e-01 +2.4938e+00 +1.3664e+00 -1.4092e+00 -3.2153e-01 +4.5515e-01 +7.0610e-01
3 0 +6.278108411e+01 +1.290410841e+02 +1.290410841e+02 +1.2146e+00 +2.6660e+00 +1.0662e+00 +1.0689e+00 -2.9551e+00 +2.7384e+00 +3.2012e-01 -1.1400e+00 -6.2689e-01 +2.4112e+00 -2.5310e+00 -2.0610e+00 -2.7911e+00 +1.9699e+00 +2.6631e+00 +3.7144e-01 +1.6638e+00 -3.1640e-01 +2.6810e+00 -1.1437e+00
12 0 +5.294044505e+01 +1.192004450e+02 +1.192004450e+02 +2.8530e+00 -1.9627e+00 +2.9891e+00 -1.2311e+00 -1.0682e+00 +5.0566e-01 +1.1690e+00 +2.0901e+00 -2.7208e+00 +4.3282e-01 -1.9168e-01 +1.7853e+00 +2.3276e+00 +8.9574e-01 +4.3717e-01 +1.8412e+00 -1.5618e-01 +2.4984e+00 -2.6861e+00 +2.7011e+00
15 0 +3.868742920e+01 +1.049474292e+02 +1.049474292e+02 +2.5177e+00 +1.5940e+00 +1.2279e+00 -2.9511e+00 -1.4443e+00 -4.0366e-02 -1.2727e+00 +1.4734e+00 -2.8808e+00 +9.1756e-01 -1.2809e+00 -1.6890e+00 +1.7405e+00 +9.4953e-01 +8.6568e-01 +2.8753e+00 +2.2393e+00 -2.5596e+00 +1.0076e+00 -2.2657e+00
61 0 +2.755691178e+01 +9.381691178e+01 +9.381691178e+01 +7.9893e-01 +2.4379e-01 +2.2826e-01 -1.5812e+00 -7.9815e-01 -3.7797e-01 +7.0575e-01 +2.4586e+00 -4.8392e-01 +1.8336e+00 -3.7878e-01 -2.2164e+00 +2.1065e+00 -2.6370e+00 +2.7166e+00 -9.4661e-01 +1.6872e+00 +2.6239e+00 +2.9427e+00 -1.3447e+00
1680 0 +2.570106442e+01 +9.196106442e+01 +9.196106442e+01 +2.7325e+00 -7.4785e-01 +1.4676e+00 -2.8226e+00 -1.6770e+00 +2.0893e+00 -2.1901e+00 -1.3081e+00 +1.4541e+00 -1.2373e+00 -2.7449e+00 -1.7472e+00 -1.0617e+00 -2.9683e+00 +1.4052e-01 +1.9913e+00 -7.3484e-01 -2.0826e+00 -1.3060e+00 +2.3411e+00
3143 0 +1.916274160e+01 +8.542274160e+01 +8.542274160e+01 +1.2196e+00 +5.8403e-01 -7.4798e-01 -6.7553e-01 +1.6116e+00 -2.3498e+00 +1.9152e-02 -2.2167e+00 -1.2499e-01 +2.2857e+00 -1.1471e+00 -2.3450e+00 -8.4495e-01 -1.1025e+00 -2.5057e+00 +5.0516e-01 +1.8543e+00 -1.1855e+00 +2.7417e+00 -5.2935e-01
54223 0 +1.739873045e+01 +8.365873045e+01 +8.365873045e+01 -2.4555e+00 +8.9068e-01 +5.0942e-01 +2.9522e-01 +4.4839e-01 -9.3424e-01 +7.9864e-01 -2.8591e+00 +2.3206e+00 -6.1989e-01 +1.0502e-01 +1.9490e-01 -1.0780e+00 -7.9031e-01 -1.4896e+00 -1.4041e+00 -2.1439e+00 +2.7515e+00 +8.5683e-01 -4.0447e-01
201938 0 +1.723064434e+01 +8.349064434e+01 +8.349064434e+01 -2.5079e+00 -2.4055e+00 -1.8572e+00 -9.2742e-02 -1.1994e+00 +2.3897e+00 -2.2825e+00 +1.6761e+00 -2.8077e-01 -1.1079e+00 +2.8165e+00 +1.4732e+00 +2.3615e+00 -8.1744e-01 -2.6256e+00 -2.7566e+00 -3.9325e-01 +1.9375e-01 +2.7926e-01 -2.8503e+00
509548 0 +1.596153421e+01 +8.222153421e+01 +8.222153421e+01 +2.5462e-01 -2.6727e+00 +1.6522e+00 +7.5729e-01 +5.7099e-02 -2.2873e+00 -1.8413e+00 -2.9470e+00 -1.9381e+00 +8.1521e-01 -9.2648e-01 +9.2766e-01 -3.2777e-02 +2.7768e+00 -2.3029e+00 +2.5980e+00 -9.1761e-01 -7.4347e-01 -7.1232e-01 -8.1641e-01
1788929 0 +1.353885518e+01 +7.979885518e+01 +7.979885518e+01 +3.6492e-01 +2.0162e+00 +1.1560e+00 -1.3598e+00 +4.1790e-01 +2.3337e+00 +1.4381e+00 -2.2914e+00 -1.1305e-01 +1.1871e+00 -2.8164e-01 -2.3176e+00 +2.2694e+00 +1.0759e+00 +6.8952e-01 -8.8337e-01 -6.7061e-01 -2.6350e+00 -5.7538e-01 +1.9922e+00
2625463 0 +1.346291847e+01 +7.972291847e+01 +7.972291847e+01 +2.6189e+00 -1.3378e+00 -2.2734e+00 -2.8852e+00 -1.6066e+00 -2.4819e+00 -1.6413e+00 +7.4213e-01 +1.5559e+00 -1.2971e+00 +1.8570e+00 +3.9367e-01 -2.4715e+00 +8.5223e-01 -1.4304e+00 -1.8560e+00 +1.0631e+00 +2.3423e-02 -4.1234e-01 +1.6919e+00
6175801 0 +1.292165539e+01 +7.918165539e+01 +7.918165539e+01 +7.8106e-01 -5.6282e-01 -2.0449e-01 -1.9572e+00 +4.6054e-01 +2.9998e+00 +1.0927e+00 +2.0695e+00 -1.6875e-01 -2.7744e+00 -2.5255e+00 +2.2051e+00 +2.0118e+00 +1.0939e+00 -1.5209e+00 -5.5061e-01 -7.8863e-01 -2.0027e+00 +6.0357e-01 -2.3209e+00
7635695 0 +1.183256364e+01 +7.809256364e+01 +7.809256364e+01 +1.7432e+00 -1.7023e+00 +2.6223e+00 -1.2902e+00 +2.5627e+00 +6.0810e-01 +1.6152e+00 -2.2490e+00 -7.2012e-01 +1.9662e+00 -2.4026e+00 -1.8988e+00 +2.9123e+00 -2.8186e+00 +1.4826e+00 -8.8902e-01 -5.4954e-01 +2.8456e+00 +2.6075e+00 -1.8280e+00
% f evaluations | g evaluations | best noise-free fitness - Fopt (-1.386200000000e+02) + sum g_i+ | measured fitness | best measured fitness or single-digit g-values | x1 | x2...
1 0 +9.032628182e+01 -4.829371818e+01 -4.829371818e+01 -1.6523e+00 +5.4320e-01 +1.7487e-01 +2.5476e+00 -7.0866e-01 -6.4557e-01 -1.1421e+00 +1.5148e-01 -1.4966e+00 -1.2177e+00 +1.1493e-02 -2.5045e+00 -1.6428e-01 -2.9225e+00 +2.2500e+00 -2.8992e-02 -2.1763e+00 +2.0800e+00 -3.5951e-02 +4.6489e-01
2 0 +7.981005513e+01 -5.880994487e+01 -5.880994487e+01 -2.5974e+00 -1.7874e+00 +9.7173e-01 +1.4701e+00 +1.1370e+00 +2.7709e+00 -2.4733e+00 +1.5284e+00 -2.1564e+00 -2.2668e+00 -7.7483e-01 +1.2840e+00 -1.3111e+00 +1.8371e+00 -2.5086e-01 -1.8754e+00 +2.1197e+00 +2.7275e+00 -2.6383e-02 -3.1313e-01
5 0 +7.857957365e+01 -6.004042635e+01 -6.004042635e+01 -1.5975e+00 -1.0490e+00 +2.3295e+00 +9.8344e-01 +1.8418e+00 +2.3270e+00 -2.3494e+00 -2.5629e+00 +4.7561e-01 +1.7451e+00 +1.3034e+00 +2.1533e+00 -5.5528e-02 -2.3268e+00 +1.1876e+00 -2.4382e+00 +6.1484e-01 -1.3625e+00 +1.7664e+00 +1.5975e+00
6 0 +5.389364749e+01 -8.472635251e+01 -8.472635251e+01 +2.5236e+00 +4.1556e-01 +4.7092e-01 +2.8123e+00 +2.5600e+00 -2.3177e+00 -1.3134e+00 -1.9265e+00 -1.3941e+00 -2.0227e+00 -7.3409e-01 +1.5303e+00 +2.8164e+00 -1.4562e-01 -2.4239e+00 +2.1417e+00 -1.0891e+00 +8.3162e-01 +1.2150e+00 -1.3692e+00
13 0 +5.075822424e+01 -8.786177576e+01 -8.786177576e+01 +4.0467e-01 +2.6086e+00 +1.6009e+00 +2.8949e+00 -2.5108e+00 -6.1935e-01 -2.4354e+00 -1.3101e-01 +3.1626e-01 +7.1450e-01 +1.5164e-01 -8.6184e-01 +3.4821e-01 -2.2279e+00 +1.2841e+00 -4.2750e-01 -7.6353e-01 -1.0247e+00 -1.0988e+00 -2.2823e+00
14 0 +4.219479311e+01 -9.642520689e+01 -9.642520689e+01 -4.5690e-01 +5.4793e-01 +1.4034e+00 +2.3036e+00 +1.0768e+00 -9.3811e-02 +1.4256e+00 -1.2571e+00 +4.7146e-01 -2.6933e+00 +2.4503e+00 +2.7391e+00 -2.1439e+00 +2.0066e+00 -2.1655e+00 -2.1133e+00 -7.9478e-01 -2.3261e+00 +1.9302e+00 +1.7325e+00
212 0 +3.111272365e+01 -1.075072764e+02 -1.075072764e+02 +1.3910e+00 -2.6725e+00 +1.8164e+00 -2.8807e+00 -2.4266e+00 -2.7048e+00 +1.2609e+00 -1.7864e+00 +3.2227e-01 -1.9045e+00 +2.6498e+00 +1.3285e+00 -8.0894e-01 -9.0096e-01 +7.2289e-01 +1.7121e+00 -1.7740e-01 +2.0563e-01 -1.0345e+00 -1.2936e+00
1222 0 +2.880258214e+01 -1.098174179e+02 -1.098174179e+02 -1.4332e+00 -2.1745e+00 +4.3693e-01 -1.4900e+00 -1.0429e+00 -1.3810e+00 -6.5560e-01 +2.1154e+00 +2.3746e+00 -1.9308e+00 +1.2381e+00 +3.4810e-01 -1.3219e+00 -1.1519e+00 -1.5195e+00 +8.2506e-01 -2.2316e+00 -3.5128e-01 -1.8563e+00 +2.2929e+00
1670 0 +2.602147165e+01 -1.125985284e+02 -1.125985284e+02 -8.6285e-01 -1.8180e+00 +8.2245e-01 +2.0601e+00 +1.3679e+00 +2.0526e+00 +1.1925e+00 -2.8467e+00 +1.5261e+00 +9.1231e-01 +2.8146e+00 +1.1012e+00 +1.1278e+00 -1.0929e+00 +3.9774e-01 -1.7865e+00 -2.8963e-01 -1.6853e+00 -1.4072e+00 -2.2792e+00
4399 0 +2.376417867e+01 -1.148558213e+02 -1.148558213e+02 -2.3963e-01 +1.7724e+00 +2.2312e+00 -2.4629e+00 -1.6179e+00 +8.6140e-01 +1.2764e+00 -2.7330e+00 +2.4331e+00 +1.6144e+00 +2.0692e+00 -1.5508e+00 -3.7856e-02 -2.4070e+00 -3.8562e-01 -8.0320e-01 -1.4543e+00 +1.9127e+00 +5.9878e-01 +2.9608e+00
5554 0 +2.141470583e+01 -1.172052942e+02 -1.172052942e+02 +5.6115e-01 +2.4269e+00 +1.0067e+00 +1.8455e+00 -2.2215e+00 -1.0589e+00 -1.3111e+00 -6.0714e-02 +2.9371e+00 +1.9492e+00 -9.1526e-01 -2.8323e+00 +2.1557e+00 -3.4974e-01 +2.4844e+00 -8.9803e-01 -2.1789e+00 +1.0394e+00 -1.6772e+00 -1.3327e+00
89192 0 +2.046663321e+01 -1.181533668e+02 -1.181533668e+02 +2.1893e+00 -1.0701e+00 +7.3809e-01 -1.1267e+00 +1.0910e+00 +9.4604e-01 +1.3044e-01 -1.0584e+00 -2.4455e+00 -1.5036e+00 +1.0576e+00 +4.5662e-01 +2.4462e+00 +1.5745e+00 +2.2230e+00 +3.3265e-01 +9.6665e-01 +7.9732e-01 -2.6073e+00 +2.1659e-01
188492 0 +1.843627980e+01 -1.201837202e+02 -1.201837202e+02 -4.3105e-01 +1.2893e+00 +3.1376e-01 -2.0965e+00 -1.9180e-01 +4.1089e-02 -9.3891e-02 -2.6617e+00 -9.6847e-01 +5.9906e-02 +2.5633e+00 +2.0867e+00 -4.2576e-01 +2.0677e+00 +6.9238e-01 +1.2206e-01 -1.2464e+00 -5.9598e-01 +9.4589e-01 -1.8793e+00
213136 0 +1.799945208e+01 -1.206205479e+02 -1.206205479e+02 -4.6923e-01 -2.0367e+00 -7.6945e-01 +8.0151e-02 +2.0744e+00 +2.0551e+00 +1.3681e+00 -1.1911e+00 +2.5850e-01 +1.2128e+00 -2.0495e+00 -1.4071e+00 -6.8966e-01 +2.8688e+00 -7.3680e-01 -2.8204e+00 -4.8332e-01 +8.8782e-01 -4.9145e-01 -2.1809e-01
351322 0 +1.750359741e+01 -1.211164026e+02 -1.211164026e+02 +8.7424e-01 -1.2057e+00 -2.9886e+00 +2.9255e+00 -1.6504e+00 +1.8661e-01 -1.8376e+00 -2.3980e+00 -2.6069e+00 -2.3092e+00 -2.1275e+00 +4.2406e-01 +4.4043e-01 -2.1381e+00 +1.0552e+00 +2.7443e+00 -1.6418e+00 -1.5725e+00 -2.1821e+00 -2.8713e+00
637217 0 +1.604200150e+01 -1.225779985e+02 -1.225779985e+02 -2.1651e+00 +2.5509e+00 +2.9001e+00 +1.6607e+00 -2.4254e-01 +8.1690e-01 -1.4956e-01 +6.0761e-01 +1.4186e-02 -1.1035e+00 -1.3627e+00 +7.2537e-03 -4.2559e-01 +1.1319e+00 +5.5027e-01 +1.8250e+00 -9.6779e-01 +3.3375e-01 +2.0438e+00 -2.9905e+00
1025968 0 +1.570896374e+01 -1.229110363e+02 -1.229110363e+02 -1.0713e+00 +4.6711e-01 +1.1519e+00 -8.2669e-01 +2.9305e+00 +1.7957e+00 +2.4899e+00 -1.0555e+00 +2.1229e+00 -2.1122e+00 -1.5984e+00 -1.9241e+00 +1.7306e+00 -2.4835e+00 +2.7861e+00 +9.2686e-01 -1.3477e+00 -2.5799e+00 -2.5093e-02 +1.8876e+00
1408078 0 +1.519088475e+01 -1.234291153e+02 -1.234291153e+02 +1.7583e+00 +1.1501e+00 +1.4023e+00 +2.9606e+00 +9.9326e-01 +8.0517e-01 -2.9603e+00 +1.9263e+00 +2.1649e+00 +2.0869e+00 +1.6883e+00 -1.2943e+00 +2.4398e-01 -1.1382e+00 -1.0875e+00 -1.2526e+00 -5.4881e-01 -2.5809e-03 -2.4759e+00 +1.9093e+00
1429557 0 +1.410491625e+01 -1.245150838e+02 -1.245150838e+02 +1.0861e+00 -9.8127e-01 -2.1623e+00 +8.6456e-01 -2.4028e+00 +1.5795e+00 -1.3267e+00 +2.3533e+00 +2.4867e+00 -5.2110e-01 -2.1060e-02 -1.3301e+00 -2.0457e+00 -2.9148e-01 +1.7559e+00 -1.6578e+00 -2.8826e+00 -2.5139e+00 -2.7362e+00 -3.8492e-01
3873647 0 +1.288819835e+01 -1.257318017e+02 -1.257318017e+02 +2.9204e+00 +2.9395e+00 -2.4130e+00 +9.6130e-01 +2.9959e+00 -4.5271e-01 -2.6038e+00 -3.2022e-01 +7.7640e-02 +1.2128e+00 -4.3207e-01 -1.9550e-01 -2.6230e+00 +2.4340e+00 -2.5106e+00 -2.1397e+00 -1.2150e+00 -1.5614e+00 +2.2188e+00 -3.3343e-01
% f evaluations | g evaluations | best noise-free fitness - Fopt (7.313900000000e+02) + sum g_i+ | measured fitness | best measured fitness or single-digit g-values | x1 | x2...
1 0 +1.141480765e+02 +8.455380765e+02 +8.455380765e+02 +1.8455e-01 +1.6559e+00 -2.8621e+00 +1.1923e+00 +2.7953e-01 -1.1878e+00 +1.7815e+00 +1.5787e+00 +2.5094e+00 -2.1011e+00 -1.7043e-01 +4.6088e-01 +2.5662e-01 +3.6830e-01 +2.1148e+00 +2.7134e+00 -1.0617e+00 +8.8801e-01 +2.6416e+00 -1.6074e+00
2 0 +5.697407163e+01 +7.883640716e+02 +7.883640716e+02 -9.5861e-01 -2.4215e-01 +2.9481e+00 -1.6030e+00 -7.8052e-01 -2.2645e+00 -2.1489e+00 +6.6605e-01 -2.9610e+00 -1.9928e+00 +5.5719e-01 -1.5785e+00 +1.6857e+00 +1.6048e+00 -2.1287e+00 -2.3299e+00 +3.6973e-02 -3.9227e-01 -3.9939e-01 -1.0357e-02
20 0 +5.584767170e+01 +7.872376717e+02 +7.872376717e+02 -1.8469e+00 -2.3373e+00 -6.7788e-01 +1.5757e+00 +2.3298e-01 +2.7658e+00 -1.9816e+00 +2.3059e+00 +2.0922e+00 +8.7813e-01 -2.0292e+00 -1.2249e+00 -2.2587e+00 +1.1456e+00 +1.5486e-03 -7.8091e-01 +1.3545e+00 +8.3044e-01 -1.8498e+00 +1.1285e+00
45 0 +5.223873788e+01 +7.836287379e+02 +7.836287379e+02 +2.2647e+00 +1.0696e-01 +2.7243e+00 +1.1616e-01 -2.4663e+00 -2.8185e+00 -9.7501e-01 -3.3185e-01 -1.3221e+00 +3.8400e-02 -1.5270e+00 +2.0779e+00 -4.2018e-01 +2.9883e+00 +3.6634e-01 -4.6138e-01 -3.5565e-01 -2.4971e+00 -2.1610e+00 -2.6595e+00
78 0 +4.150419808e+01 +7.728941981e+02 +7.728941981e+02 +2.5730e+00 -1.1294e+00 -1.8980e+00 +8.8561e-01 -1.3829e-01 +1.3549e+00 -8.5098e-01 -6.2817e-01 -2.1543e+00 -2.1466e+00 -2.2402e+00 +1.3284e+00 -2.8423e+00 +1.0157e+00 -1.9536e+00 +5.9323e-01 +2.3611e+00 -6.9014e-01 -2.4731e+00 +2.7678e+00
132 0 +3.939101441e+01 +7.707810144e+02 +7.707810144e+02 -2.2829e+00 -2.8485e+00 -2.4917e+00 +2.2171e+00 +4.0430e-01 -2.5526e+00 -7.3151e-01 -1.8287e+00 +2.7822e+00 -1.5312e+00 -2.6880e+00 -2.8077e+00 -2.4874e+00 -1.8872e+00 +2.9259e+00 +1.7730e+00 +1.7993e+00 -8.3812e-01 -9.1826e-01 -1.3219e+00
263 0 +3.722740274e+01 +7.686174027e+02 +7.686174027e+02 +2.3303e-01 +2.9641e+00 -1.3130e+00 -1.9344e+00 +1.0035e+00 +1.0449e-01 +8.0402e-02 -1.1436e+00 -1.3547e+00 -2.6159e+00 +1.3533e-01 +1.8553e+00 +2.8296e+00 -1.6905e+00 -2.0097e+00 -1.2668e-01 -2.0176e+00 -2.9241e+00 -1.0085e+00 -2.7790e+00
324 0 +3.672990599e+01 +7.681199060e+02 +7.681199060e+02 -2.2817e+00 +2.0831e+00 +1.7939e+00 -1.8230e+00 -3.2682e-01 -1.1210e-01 -5.8439e-01 -1.2168e-01 -2.3282e+00 -2.0134e+00 -2.0410e+00 +1.3583e+00 +1.0639e+00 -9.1798e-01 -2.6833e+00 +2.4662e+00 +2.9318e+00 +2.1203e+00 +8.1222e-01 +1.0926e+00
388 0 +3.230711765e+01 +7.636971177e+02 +7.636971177e+02 +1.2708e+00 -2.0407e-01 +2.5159e+00 -2.0308e+00 +4.8466e-03 +1.1690e-01 +1.8404e+00 +1.2791e-01 +3.0219e-01 +8.7224e-01 +2.7957e+00 -7.2820e-02 +2.4658e+00 +2.0560e+00 +8.8436e-01 +5.7467e-01 -2.1864e+00 -2.6242e+00 -1.3297e+00 +2.6225e+00
1327 0 +2.615965399e+01 +7.575496540e+02 +7.575496540e+02 -1.2975e-01 -2.3105e+00 +2.6674e+00 -3.7618e-02 +2.4216e-02 -1.4034e+00 +1.2519e+00 -6.7005e-01 -7.6685e-01 -2.3695e+00 +2.0273e+00 +1.9907e+00 -9.5032e-01 -1.0448e+00 -1.9341e+00 +1.9497e-01 +2.0572e-01 +8.1132e-02 -2.3163e+00 -2.7799e-01
6707 0 +2.488611398e+01 +7.562761140e+02 +7.562761140e+02 +1.3026e+00 -3.3152e-02 +3.2405e-01 -2.9401e+00 -4.6404e-01 +9.7508e-01 +2.1311e+00 -4.5941e-01 +1.8081e+00 +5.6840e-01 -2.5356e+00 +9.8219e-01 -2.1123e+00 +2.7586e+00 -7.6764e-02 +1.9240e+00 -1.1550e+00 +2.8720e+00 +2.3624e+00 +1.9209e+00
6966 0 +2.331490858e+01 +7.547049086e+02 +7.547049086e+02 -1.8299e+00 -2.5615e-01 -1.7760e+00 -1.2311e+00 +1.4092e+00 +2.0873e+00 -2.8492e+00 +1.4851e-01 -1.5354e+00 -1.0316e+00 -5.0187e-01 -1.4268e+00 +2.4162e+00 -9.9018e-01 -2.9528e+00 +1.7465e+00 +2.3531e+00 +2.7947e+00 +1.9583e+00 -8.7004e-01
44617 0 +2.140899494e+01 +7.527989949e+02 +7.527989949e+02 -1.3340e-01 -2.3341e+00 +4.0018e-01 +1.1839e+00 +2.1466e+00 -2.4096e+00 -1.2046e+00 -1.5795e+00 +2.0381e+00 -1.9367e+00 -1.7215e+00 +1.8639e+00 +2.9641e+00 -2.9005e+00 +1.3514e+00 +2.0898e-01 +1.7797e+00 +1.5727e+00 -2.0271e+00 -8.0940e-01
95338 0 +2.029443115e+01 +7.516844312e+02 +7.516844312e+02 -1.9668e+00 -2.3517e-01 -3.4335e-01 +1.8060e+00 -1.7434e+00 -1.0789e+00 +1.6173e+00 -9.6392e-01 -2.6673e+00 -1.5985e+00 -1.2498e+00 +4.4486e-01 +2.1321e+00 +1.2491e+00 +1.6117e+00 -9.2254e-01 -4.3546e-01 +1.8635e+00 -2.9917e+00 +9.3058e-01
115277 0 +1.865071361e+01 +7.500407136e+02 +7.500407136e+02 -2.1089e+00 -2.0687e+00 -6.9009e-01 +2.6874e+00 +1.0006e+00 +1.9500e+00 -1.1910e+00 +6.5930e-01 +1.6001e+00 +1.7433e+00 -2.7216e+00 +2.1270e+00 -2.7093e+00 -2.9966e+00 -2.5804e+00 +9.6687e-02 -4.5982e-01 -1.6919e+00 -1.2718e+00 -3.0096e-01
127290 0 +1.856961946e+01 +7.499596195e+02 +7.499596195e+02 -4.6697e-01 +2.1787e+00 -1.4848e+00 +1.3656e+00 -5.1636e-01 +2.8294e+00 +1.1403e+00 -8.4924e-02 -2.8147e+00 +1.3890e+00 -2.7175e+00 -1.8465e+00 -1.3186e+00 -1.2593e+00 -1.8027e+00 +1.0467e+00 -1.8282e+00 +8.4868e-01 -2.3732e+00 +1.0787e+00
156143 0 +1.790746801e+01 +7.492974680e+02 +7.492974680e+02 +2.9358e+00 -1.5379e+00 +1.2614e+00 -1.5421e+00 -7.8230e-01 +2.5254e+00 +1.7999e+00 +2.4895e+00 +4.1220e-01 -1.6949e-01 +1.6485e+00 -2.6701e+00 +5.2821e-01 -9.1288e-01 -2.9710e+00 +1.5871e+00 -8.4961e-01 +3.6672e-01 +1.4235e+00 +8.7603e-01
257753 0 +1.613608996e+01 +7.475260900e+02 +7.475260900e+02 -1.6842e+00 -8.1978e-01 +7.0482e-01 -1.6951e+00 -6.7945e-01 +6.7980e-01 -2.3467e+00 +8.1949e-01 +2.1415e+00 +1.0253e+00 +1.7427e+00 -7.6286e-01 -1.2553e+00 -2.9583e+00 -1.2469e+00 -2.7445e+00 +1.7701e+00 -2.0024e+00 -2.1543e+00 +2.7544e+00
396584 0 +1.159126895e+01 +7.429812690e+02 +7.429812690e+02 +1.1482e+00 +1.5539e+00 -2.5798e+00 -6.4995e-01 -2.2758e+00 +1.8967e-01 +1.5595e+00 -1.3087e+00 -2.3521e+00 +8.4633e-01 +1.7691e+00 -1.9685e+00 +1.0718e+00 -1.9301e+00 -1.9026e+00 -1.7811e+00 +1.7213e+00 -2.3441e+00 -1.4420e+00 -2.3805e+00
% f evaluations | g evaluations | best noise-free fitness - Fopt (7.526000000000e+01) + sum g_i+ | measured fitness | best measured fitness or single-digit g-values | x1 | x2...
1 0 +1.101433625e+02 +1.854033625e+02 +1.854033625e+02 -1.9250e+00 -7.5372e-01 +1.7796e+00 -2.2092e+00 +2.2745e+00 -7.2800e-01 -3.8811e-01 -8.6699e-01 +4.2075e-01 -9.9751e-01 +3.4781e-01 -1.6998e+00 +1.4923e+00 +9.8464e-01 -1.8991e+00 -2.1934e+00 +1.4407e-01 -2.6596e+00 +1.5803e+00 +2.9489e+00
2 0 +3.643949626e+01 +1.116994963e+02 +1.116994963e+02 -1.4428e+00 -2.5904e+00 +8.6909e-01 +2.1019e+00 +1.1363e+00 +8.3899e-01 -1.9062e+00 -1.8183e+00 -1.8305e+00 +2.6728e+00 -8.5162e-01 +2.0899e+00 +1.6958e+00 +2.2345e+00 +1.4986e+00 -1.6400e+00 +1.4713e+00 -2.3087e+00 +1.4388e+00 +1.3326e+00
28 0 +3.220130289e+01 +1.074613029e+02 +1.074613029e+02 -2.3754e+00 +5.4389e-01 -6.4351e-01 -2.0514e+00 +7.2658e-01 -1.7729e+00 +1.9339e+00 +1.2958e+00 +2.9241e+00 +2.1823e+00 -9.4583e-01 +2.2543e+00 +2.6144e+00 +2.8865e+00 -7.8244e-02 -5.1663e-01 +7.6694e-01 +1.2418e+00 +7.9077e-01 -7.1967e-01
701 0 +2.838922037e+01 +1.036492204e+02 +1.036492204e+02 -2.7838e+00 +1.6514e+00 -1.2432e-02 +4.0879e-01 +1.3619e+00 +2.7411e+00 +2.5471e+00 +2.8111e+00 +1.6609e-01 -2.9200e+00 +2.7238e+00 -1.8687e+00 +1.4416e+00 +7.0254e-01 +1.1132e+00 -1.8942e+00 +4.7889e-01 +5.5365e-02 +1.2792e-01 -2.0911e+00
4024 0 +2.784408922e+01 +1.031040892e+02 +1.031040892e+02 +2.1182e+00 +7.9976e-01 -2.1076e+00 -2.6352e+00 -2.4054e-01 -4.6215e-01 -5.9730e-01 +2.9937e+00 +2.2681e+00 -2.3907e+00 -2.6041e+00 -9.1795e-01 +1.5568e+00 -8.1198e-01 -6.3291e-01 +2.6253e+00 -1.1873e+00 -1.6796e+00 -1.6253e+00 -7.3405e-01
6300 0 +2.710660927e+01 +1.023666093e+02 +1.023666093e+02 +1.7834e-01 +2.1883e-01 -1.5999e+00 +2.3414e+00 +2.5066e+00 -5.7930e-01 +3.9371e-01 +1.5301e+00 +1.9277e+00 -8.7862e-01 +1.2418e+00 +2.4818e+00 -1.7822e-01 +8.3226e-01 +1.7028e+00 -1.2362e+00 +1.5982e+00 +1.7582e-01 +2.7209e+00 -5.2002e-01
7330 0 +2.634007002e+01 +1.016000700e+02 +1.016000700e+02 +1.2654e+00 +2.5152e+00 -9.8333e-01 +1.6584e+00 -2.6097e+00 -1.4665e+00 -1.0897e+00 +6.6013e-01 +1.8159e+00 +1.4661e+00 -1.4518e-01 -2.2630e+00 -2.5187e+00 -4.0668e-01 -1.4693e+00 +2.8734e-02 -2.5644e-01 +1.3212e+00 -2.8510e+00 +2.0717e+00
8249 0 +2.392652101e+01 +9.918652101e+01 +9.918652101e+01 -1.8901e+00 -2.7136e+00 +8.5118e-01 +4.0653e-01 +1.7348e+00 -2.4728e+00 -1.9505e+00 -6.6953e-02 -1.3887e+00 +1.3344e+00 -9.9453e-01 +1.3245e+00 -1.2752e+00 -2.9925e+00 -2.4924e+00 -9.8242e-01 -2.6900e-01 +2.9550e-01 -6.5538e-01 -9.1870e-01
48336 0 +2.267867161e+01 +9.793867161e+01 +9.793867161e+01 -6.9357e-01 +1.9413e+00 +2.3166e+00 +1.3086e+00 +2.5114e+00 -2.3051e+00 +4.4649e-02 +2.1278e+00 +1.5740e+00 -3.7129e-01 +1.9003e+00 +1.6831e+00 +1.4477e+00 -3.8286e-01 -1.6120e+00 +1.5212e+00 -3.9203e-01 +1.0740e+00 -1.9701e+00 +7.7108e-02
58806 0 +1.807083079e+01 +9.333083079e+01 +9.333083079e+01 +2.5235e-01 -1.4768e+00 -3.9329e-01 -1.2408e-02 -2.2096e+00 +1.6337e-01 +1.7568e+00 +2.9833e+00 -2.7257e+00 +2.9279e+00 -7.4015e-01 -2.2454e+00 -2.0260e+00 +2.2025e+00 +2.6607e-01 -2.1289e+00 -1.7775e+00 -2.7149e+00 -2.1777e+00 -2.0959e+00
235817 0 +1.500073165e+01 +9.026073165e+01 +9.026073165e+01 +2.9181e+00 +2.1413e+00 +1.9507e+00 +2.5831e-01 +2.1851e+00 +9.3762e-01 -2.7257e-01 -7.0437e-01 +2.2016e+00 -2.7533e+00 +2.3171e+00 -2.1311e+00 -2.5669e+00 +1.6473e+00 -1.8014e+00 -1.6743e+00 -8.1423e-01 -1.2572e+00 +2.1086e+00 -5.3316e-01
1463589 0 +1.364922538e+01 +8.890922538e+01 +8.890922538e+01 -2.6557e+00 +2.4692e+00 +1.1965e+00 -2.9802e+00 +7.9846e-01 +1.0152e+00 -2.5344e+00 +5.0896e-01 +2.8120e+00 -2.2530e+00 +4.9487e-01 +7.3966e-01 -1.1065e+00 -2.6627e+00 +5.8110e-01 +8.4036e-01 +1.6781e+00 +3.2564e-01 -2.8273e+00 -2.4277e+00
4973050 0 +1.339187712e+01 +8.865187712e+01 +8.865187712e+01 -1.7828e+00 +1.6549e+00 +2.6246e+00 +1.5541e+00 +7.6857e-01 +4.6451e-01 +3.5947e-02 +2.0175e+00 -2.0454e+00 -2.7834e-02 +2.9317e+00 +2.2941e+00 +1.0341e+00 -2.4058e+00 +1.4572e+00 +1.6777e+00 +1.3749e+00 -1.4991e+00 -4.1749e-01 -2.8578e+00
7686914 0 +1.308987723e+01 +8.834987723e+01 +8.834987723e+01 -2.6091e+00 +2.7394e+00 +8.6016e-01 -1.8567e-01 -2.8533e+00 +9.9948e-01 -7.5961e-01 +4.1275e-01 +1.4803e-01 -2.8400e+00 +2.6288e+00 +2.9792e+00 +1.8923e+00 -3.2409e-02 +2.0566e+00 -1.3911e+00 -1.1630e+00 -1.1049e+00 -4.1447e-01 -1.1674e+00
8613437 0 +1.274636894e+01 +8.800636894e+01 +8.800636894e+01 +2.1670e+00 +4.7821e-01 +2.3745e+00 +1.0311e+00 +2.5972e+00 -2.6075e+00 -1.2736e+00 -2.6940e+00 -5.4022e-01 +3.9633e-01 +1.1556e+00 +1.9084e+00 +4.9185e-01 +2.5706e+00 -1.5269e+00 -1.0258e+00 +1.5209e+00 -2.3960e+00 +2.5788e+00 -1.6095e-01
19931586 0 +1.241873480e+01 +8.767873480e+01 +8.767873480e+01 -1.9282e+00 -7.2648e-01 -2.8356e+00 +2.7639e+00 +5.1235e-01 -1.9583e-01 -1.8815e+00 -2.5413e+00 -4.4449e-01 -2.0584e+00 -1.2205e+00 +1.9374e+00 +1.2975e+00 -9.5959e-01 -1.8990e+00 -1.6362e+00 +2.2918e+00 +1.4723e+00 -2.0960e+00 +1.4412e+00
% f evaluations | g evaluations | best noise-free fitness - Fopt (-4.913000000000e+01) + sum g_i+ | measured fitness | best measured fitness or single-digit g-values | x1 | x2...
1 0 +6.949498883e+01 +2.036498883e+01 +2.036498883e+01 +6.3880e-02 -1.9996e+00 +2.9941e-01 +1.1134e-01 -7.1909e-01 +1.9677e+00 +9.9017e-01 -1.8348e-01 +8.8929e-01 -2.9750e+00 -3.1154e-01 +1.5366e+00 +9.1623e-01 +2.0896e+00 -2.7165e+00 -5.6355e-01 -1.1656e+00 +1.5736e+00 +2.9256e+00 +2.9078e+00
4 0 +4.853501086e+01 -5.949891396e-01 -5.949891396e-01 -2.5618e+00 +2.7956e+00 +1.7336e+00 +2.6168e+00 -2.1310e+00 -1.4561e+00 +2.6117e+00 -2.3179e+00 +1.8171e+00 +1.5765e+00 -1.2573e+00 +1.2695e+00 +1.4493e+00 +2.2462e-01 -2.6300e+00 -8.0693e-01 +2.1944e+00 +1.4009e+00 -1.1611e+00 +8.5528e-02
9 0 +3.773464241e+01 -1.139535759e+01 -1.139535759e+01 -2.0169e+00 -1.1209e+00 +2.2125e+00 +1.7414e+00 +2.1988e+00 -1.8358e+00 -1.3581e+00 +2.5964e+00 +7.8690e-01 +5.6291e-01 -1.3666e+00 +9.5741e-01 +1.8280e+00 -1.3829e+00 +2.4285e+00 +1.2171e+00 -1.3116e+00 +2.0380e+00 -2.9116e+00 +6.1832e-02
190 0 +3.103581609e+01 -1.809418391e+01 -1.809418391e+01 +8.0408e-02 +5.4650e-01 +1.9869e+00 +1.1543e+00 +7.7361e-01 -2.6065e+00 +3.0335e-01 -7.1166e-01 -4.5727e-01 -1.0713e+00 -5.3731e-01 +5.5442e-01 +4.4290e-01 +1.8765e+00 +3.9904e-01 -1.7643e+00 -2.9105e+00 -1.9305e+00 +2.7267e+00 -1.9205e+00
1492 0 +2.708855537e+01 -2.204144463e+01 -2.204144463e+01 -2.4438e+00 +1.2625e+00 +1.2520e+00 +2.5236e+00 -1.3844e+00 +1.5647e+00 -7.4084e-01 -1.8364e+00 +2.3420e+00 +1.9619e+00 -2.4175e+00 -7.1366e-02 -1.1218e+00 +1.6471e+00 -3.6056e-01 -2.6351e+00 -2.0184e+00 +1.8096e+00 -4.6183e-01 -2.5027e+00
5703 0 +2.073455454e+01 -2.839544546e+01 -2.839544546e+01 -2.7164e+00 -1.5100e+00 -2.5159e+00 -8.8397e-01 +3.5661e-01 -2.1421e+00 +1.2230e+00 +1.5399e+00 +1.6287e+00 -4.6046e-01 +2.9357e+00 +1.1892e+00 +1.1805e-01 +1.4346e-01 -2.0127e+00 +1.5323e-01 -2.6304e-01 -1.0478e-01 +1.4726e+00 +1.8741e+00
43625 0 +1.987179974e+01 -2.925820026e+01 -2.925820026e+01 -1.9497e+00 -1.9094e+00 +2.8887e-01 +5.6041e-01 -3.1509e-01 +1.4362e-01 +1.1568e+00 -2.0541e+00 -8.3087e-01 +1.5928e-02 -3.0916e-01 +2.2143e+00 +3.1150e-01 -5.3670e-02 -6.5498e-01 +9.4264e-02 +2.3363e+00 -2.4103e+00 -1.5302e+00 -4.9974e-01
54000 0 +1.611789444e+01 -3.301210556e+01 -3.301210556e+01 -1.4713e+00 +1.8437e+00 -2.3464e+00 -1.6236e+00 -2.7817e+00 -1.3634e-01 -2.1917e+00 +1.6284e+00 +6.4812e-01 -2.7898e+00 -4.5065e-01 -1.3139e+00 -4.5514e-01 +6.0762e-01 -5.4706e-02 -2.8476e+00 -1.6743e+00 -2.0319e+00 -1.2543e-01 +3.7073e-01
302337 0 +1.333085569e+01 -3.579914431e+01 -3.579914431e+01 +2.6552e-01 -6.2110e-01 -2.8272e+00 -1.7742e+00 -1.6929e-01 -1.5596e-01 +9.7225e-01 -2.8954e+00 -1.4797e+00 -2.8884e+00 -1.3601e+00 +3.5034e-01 -1.9316e+00 -6.5692e-01 +9.0384e-01 -1.3275e+00 -2.2548e+00 +1.4550e+00 +6.8420e-01 -2.4904e+00
4610632 0 +1.258120852e+01 -3.654879148e+01 -3.654879148e+01 +2.8272e+00 +6.1143e-01 -1.9023e+00 +1.8621e+00 -2.5477e+00 +5.5224e-01 +2.5072e-01 +1.9131e-01 -2.5526e+00 -2.8053e+00 -4.3624e-01 +2.6466e+00 -1.7856e+00 +1.8531e+00 +2.5612e+00 +3.6765e-01 +6.7192e-01 +1.1781e-01 -2.0089e+00 -1.9959e+00
17567765 0 +1.184428012e+01 -3.728571988e+01 -3.728571988e+01 -9.3833e-02 -8.5146e-01 +2.0600e-01 -2.8929e-01 -2.0771e+00 +2.7019e+00 -1.5969e+00 +4.3958e-01 +9.8803e-01 +2.0082e+00 -2.1503e+00 +2.3582e+00 -2.0297e+00 -7.4721e-01 -2.7712e+00 -9.7153e-01 +1.3646e+00 -2.8515e-01 +6.3177e-01 +2.9055e-01
19232141 0 +1.024085709e+01 -3.888914291e+01 -3.888914291e+01 -2.1358e+00 +1.0431e+00 +1.9445e-02 +2.9894e+00 +5.1436e-01 -2.7075e+00 +1.5851e+00 +2.9078e+00 +2.4287e+00 +1.6068e-01 +1.4652e+00 +1.5576e+00 -1.0400e+00 -2.4137e-01 +1.0622e+00 +1.6265e+00 +1.7131e+00 -2.4600e+00 -2.0569e+00 +9.1532e-01
% f evaluations | g evaluations | best noise-free fitness - Fopt (-1.418900000000e+02) + sum g_i+ | measured fitness | best measured fitness or single-digit g-values | x1 | x2...
1 0 +1.134557740e+02 -2.843422598e+01 -2.843422598e+01 -1.0614e+00 -2.3637e+00 +1.9261e-01 -2.1365e+00 +2.4245e+00 +5.0240e-01 +2.5318e+00 -9.6360e-01 +1.4847e+00 +6.3772e-01 +2.7694e+00 +2.7867e-01 +9.1646e-01 +2.0459e+00 +3.6967e-01 -1.0230e+00 -3.9901e-01 -1.1589e-01 -6.4203e-01 -1.6845e+00
2 0 +7.173408324e+01 -7.015591676e+01 -7.015591676e+01 -1.0376e+00 -7.4168e-01 -2.6811e+00 -1.4354e-02 +9.0334e-01 -2.5847e+00 +2.1915e+00 +2.6389e+00 -1.3700e+00 -2.7205e+00 -2.9003e-01 +1.7921e-02 -1.4378e+00 +2.6277e+00 -2.0942e+00 -2.7330e+00 +1.2696e+00 +2.1268e+00 -2.1477e+00 +2.1623e+00
3 0 +6.654766172e+01 -7.534233828e+01 -7.534233828e+01 +1.3042e+00 +2.3072e+00 +1.9170e+00 +2.0883e+00 -2.7768e+00 -1.3737e+00 -2.1222e+00 +2.5672e+00 -2.0811e-01 -2.3301e+00 -2.7561e+00 +1.6456e+00 -1.8869e+00 +2.8622e+00 -2.4448e-01 +4.6971e-02 -1.8497e+00 +1.3889e+00 -1.1150e+00 +2.7090e+00
5 0 +3.291371683e+01 -1.089762832e+02 -1.089762832e+02 +4.4398e-01 +2.5327e-01 +8.4960e-01 +3.9874e-01 -1.3054e+00 +2.9433e+00 +5.2549e-01 +2.5659e+00 +1.2384e+00 +5.7479e-01 -1.5013e+00 +3.2572e-01 -2.8156e+00 -2.7019e+00 -2.2191e+00 -2.3505e+00 +1.4821e+00 +4.9205e-01 +3.4563e-03 +2.7716e+00
81 0 +2.775974194e+01 -1.141302581e+02 -1.141302581e+02 -1.2187e+00 -2.4697e+00 -1.4119e-01 -5.9420e-01 +2.5546e+00 +7.0431e-01 -1.1013e+00 -2.4789e+00 +2.4340e+00 -2.0663e+00 +1.2486e+00 -1.8056e-01 -5.2854e-02 +2.2843e+00 +5.9085e-02 -1.4667e+00 -2.4478e+00 +1.6681e+00 -2.8183e+00 +2.7307e+00
271 0 +2.478275994e+01 -1.171072401e+02 -1.171072401e+02 -8.3922e-01 -1.0315e+00 +5.8642e-01 -1.1432e+00 +1.1649e+00 -1.8696e-01 -1.5824e+00 -3.3211e-01 +2.5135e+00 -8.3540e-01 +1.4469e+00 +4.8905e-02 -2.1903e+00 +4.3450e-03 +1.1497e+00 +2.6287e+00 +1.4278e+00 -2.2127e+00 -2.0855e+00 -2.1008e+00
419 0 +2.410929662e+01 -1.177807034e+02 -1.177807034e+02 +2.9590e+00 +4.0582e-01 -2.7316e+00 -5.6062e-01 +1.0364e-01 +1.6061e+00 -2.3901e+00 -2.6736e+00 +2.2294e-02 -7.6662e-01 -2.8235e+00 +2.3602e+00 -2.4700e-01 -2.9015e-03 +8.9485e-01 +9.2349e-01 +1.7816e+00 +1.7781e+00 +1.8222e+00 -1.4218e+00
4091 0 +2.083222629e+01 -1.210577737e+02 -1.210577737e+02 -1.6592e+00 -2.2813e+00 -7.6879e-01 -4.1039e-01 -1.3633e+00 +1.0576e+00 +1.1931e+00 -1.1025e+00 -1.2017e+00 +1.1424e+00 -1.9953e+00 -4.7234e-02 -2.0012e+00 -1.1988e+00 +2.4510e+00 -9.8698e-01 -2.4797e+00 +2.3245e+00 -2.2694e+00 +5.6243e-01
36826 0 +1.976969079e+01 -1.221203092e+02 -1.221203092e+02 +1.9385e-01 -2.2109e+00 -9.8276e-02 +2.5557e-01 -1.9899e+00 +1.8218e+00 +1.9923e+00 +2.8421e+00 -2.9511e+00 -2.3146e+00 +1.9988e+00 +2.6662e+00 -2.1027e-01 +7.9908e-01 +1.8176e+00 +1.4515e+00 +2.1249e+00 -1.9750e+00 +2.0955e+00 +1.0708e+00
46522 0 +1.745193691e+01 -1.244380631e+02 -1.244380631e+02 -1.5083e+00 +6.5456e-01 +1.0241e-01 +8.5002e-01 +2.6408e+00 +1.8482e+00 -2.1916e+00 +6.9486e-01 -1.9750e+00 -5.1651e-01 -2.6451e+00 +1.9671e+00 +1.2120e+00 +2.5014e+00 -2.5181e+00 -1.0367e+00 -4.3659e-02 -2.3597e+00 -2.5129e+00 -2.9447e+00
318954 0 +1.575739123e+01 -1.261326088e+02 -1.261326088e+02 +1.1719e+00 -2.2497e+00 -8.9768e-01 -3.0089e-02 -1.5919e+00 +1.2103e+00 +2.4234e+00 -2.6173e+00 -1.1287e-02 +1.5057e+00 -7.8006e-01 -2.2459e+00 -1.2166e+00 +1.7955e+00 -5.8312e-01 +2.3897e+00 +5.2484e-02 +1.9360e+00 +2.5063e+00 +2.8455e+00
341265 0 +1.339664129e+01 -1.284933587e+02 -1.284933587e+02 -6.4456e-01 -1.2256e-01 +1.1170e-01 +2.3945e-01 -2.8091e+00 +2.4463e+00 -7.6586e-01 -4.5761e-01 -2.4307e+00 -8.0189e-01 -8.6584e-01 -5.4025e-01 -1.2214e+00 -1.8704e-01 -2.7761e+00 -2.7375e+00 +2.5501e+00 +7.0877e-01 +2.7893e+00 -1.2164e+00
2062319 0 +1.050233404e+01 -1.313876660e+02 -1.313876660e+02 +1.2670e+00 -2.0716e-01 -1.7285e+00 -2.2945e+00 +2.8289e+00 +7.9301e-01 +1.1165e-01 -3.8398e-01 +1.2205e+00 +2.6847e+00 +1.6676e+00 -2.4926e+00 -9.8944e-01 -8.5384e-01 -1.1880e+00 +1.1510e-01 -2.2175e+00 -4.1756e-02 +2.0167e+00 -7.9387e-02
% f evaluations | g evaluations | best noise-free fitness - Fopt (1.095700000000e+02) + sum g_i+ | measured fitness | best measured fitness or single-digit g-values | x1 | x2...
1 0 +1.051607076e+02 +2.147307076e+02 +2.147307076e+02 -2.7974e+00 -1.8801e+00 +1.7235e+00 +1.9159e+00 +1.2186e+00 +7.9330e-01 +2.8816e+00 -1.1191e+00 +4.6154e-01 -1.9578e+00 -1.0881e+00 -2.4895e+00 +2.9089e+00 -4.4815e-01 +1.4134e+00 +1.1089e+00 +9.3590e-01 +3.2521e-01 +9.3442e-01 -2.4624e-01
2 0 +4.658756293e+01 +1.561575629e+02 +1.561575629e+02 +1.9611e+00 +2.3505e+00 -2.4199e+00 +8.0282e-01 +1.6224e+00 +1.4450e+00 +9.1218e-02 +6.8252e-02 +1.4350e+00 -5.4844e-01 -2.2987e+00 +1.0700e-01 -1.9021e+00 -5.0341e-01 +1.9186e+00 +6.4624e-01 +2.5346e+00 -2.4337e+00 +1.3275e+00 -1.3350e+00
10 0 +3.935644649e+01 +1.489264465e+02 +1.489264465e+02 -1.2731e+00 -2.2859e+00 -1.0990e+00 -2.5173e+00 -1.1015e+00 -2.4601e+00 +1.1717e+00 +1.3127e+00 +2.2909e-01 -1.4670e+00 +2.7353e+00 +9.7824e-02 -1.7047e+00 +1.2265e+00 +2.8689e+00 +9.8755e-01 -2.7358e+00 -2.9733e+00 -8.2157e-01 +6.6081e-01
13 0 +3.442959143e+01 +1.439995914e+02 +1.439995914e+02 +9.8486e-01 +1.6322e+00 -1.6230e+00 +1.6662e+00 +2.7967e+00 +5.9525e-01 +9.7399e-01 +4.5973e-02 -1.0983e-01 -5.4477e-02 -2.5446e+00 +1.0754e+00 -2.0523e+00 +2.9522e+00 -8.8898e-01 +1.3338e+00 +2.2957e+00 +1.8817e+00 +3.6207e-01 -2.1849e+00
65 0 +3.184160860e+01 +1.414116086e+02 +1.414116086e+02 -1.2510e+00 +5.9039e-01 +8.3289e-01 -2.4601e+00 +2.1370e-01 -1.6002e+00 -2.8748e+00 +3.0926e-01 +5.5445e-01 -1.4618e+00 -1.6553e+00 +2.7754e-01 +2.8688e+00 +1.4007e+00 -2.1664e+00 -1.7275e+00 -1.8608e+00 -2.7944e+00 -2.6838e+00 +1.1098e+00
121 0 +2.832903007e+01 +1.378990301e+02 +1.378990301e+02 -1.2323e+00 +1.7585e+00 +1.6857e+00 +1.8956e+00 -7.7889e-01 -7.0594e-01 +1.7457e+00 -1.2673e+00 -4.0316e-01 -2.4454e+00 +1.8892e+00 +1.5868e+00 +5.1705e-01 -2.1101e+00 -7.1417e-01 -1.9039e+00 -2.8356e+00 +1.6876e+00 -2.3542e+00 +1.0451e+00
123 0 +2.719902576e+01 +1.367690258e+02 +1.367690258e+02 +3.4604e-01 -7.0006e-01 +2.4279e-02 -2.2659e+00 +5.1000e-01 -2.2514e+00 -2.9306e-01 -1.9416e+00 +7.9664e-01 -1.3304e+00 -1.5676e+00 -2.7534e+00 -9.4911e-01 +6.5427e-01 +1.5563e+00 +1.1544e+00 -2.7882e+00 -2.5141e+00 -6.6885e-01 +2.1853e-01
977 0 +2.428021558e+01 +1.338502156e+02 +1.338502156e+02 +1.4273e+00 -9.1189e-01 -1.2626e+00 +1.3883e+00 -2.9763e+00 -1.8308e+00 -1.3548e+00 +1.5761e+00 -4.6997e-01 -2.9956e+00 -6.0716e-03 -1.2688e+00 +1.3535e+00 +1.6186e+00 -2.8412e+00 +3.4379e-01 -1.8383e+00 -5.3271e-01 +1.5578e+00 -1.3527e+00
8877 0 +1.861702497e+01 +1.281870250e+02 +1.281870250e+02 +8.7642e-02 +1.6986e+00 +1.6912e+00 -2.9453e+00 -1.0066e+00 -1.5164e+00 -2.5725e+00 +1.6476e+00 -9.9221e-01 +1.0140e+00 +2.6021e+00 -1.7165e+00 -1.8805e+00 -1.0903e+00 +2.7333e+00 +2.9626e+00 +2.1616e+00 -1.8517e+00 +2.6393e+00 +9.1101e-01
57738 0 +1.765782738e+01 +1.272278274e+02 +1.272278274e+02 +1.0287e+00 -2.4279e+00 -2.7384e+00 -6.3298e-01 -1.7934e-01 -2.6797e+00 +2.4318e+00 +1.6474e+00 -2.0244e+00 +1.2580e+00 -2.8161e+00 +2.0101e+00 +1.0971e+00 -1.8087e+00 -2.7152e+00 -1.7228e+00 +1.3999e+00 +2.1597e+00 +2.8362e+00 -2.3741e+00
155529 0 +1.645035773e+01 +1.260203577e+02 +1.260203577e+02 +6.2036e-01 +2.8599e+00 -1.6863e+00 -4.9477e-01 -4.6831e-02 -2.8435e+00 +6.4602e-01 -5.0928e-01 -1.0970e+00 +1.1683e+00 +2.5873e+00 +1.9871e+00 +6.7436e-01 -2.5671e+00 +9.3574e-01 -1.9663e-01 +2.3050e+00 -1.4568e+00 -1.0450e+00 -1.5169e+00
353012 0 +1.619898844e+01 +1.257689884e+02 +1.257689884e+02 +2.7028e+00 +2.0679e+00 +1.4857e+00 +1.2138e+00 +5.0403e-01 +1.9950e+00 -2.0798e+00 -1.1426e+00 -4.0482e-02 -5.7654e-01 +2.0977e+00 +1.9857e+00 +4.1898e-01 -8.3992e-01 -1.6433e+00 -2.8107e+00 -2.6310e+00 -3.7841e-01 -9.1464e-01 +1.9437e+00
838331 0 +1.533181210e+01 +1.249018121e+02 +1.249018121e+02 +2.5054e+00 +2.4406e+00 -7.6218e-01 -2.1244e+00 -1.4634e+00 -1.7886e+00 +3.2768e-01 -2.8494e+00 +1.2575e-01 +1.1583e+00 -8.3013e-02 +2.4515e+00 +2.8278e+00 +2.2341e+00 -2.2822e+00 -2.3734e+00 +1.9263e+00 -6.2394e-01 -1.0521e-01 +2.4160e-01
913787 0 +1.377031636e+01 +1.233403164e+02 +1.233403164e+02 +6.6047e-01 +1.9381e+00 +2.5272e+00 -2.3668e+00 +8.6689e-01 +3.9334e-01 +2.8624e+00 -1.5852e+00 -1.4028e+00 -1.8650e+00 +1.2559e+00 +3.1530e-02 +1.3147e+00 +2.2048e+00 -2.0539e+00 +2.5557e+00 -2.1062e+00 +1.1441e+00 -6.8995e-01 -2.5168e+00
1309885 0 +1.312301795e+01 +1.226930180e+02 +1.226930180e+02 +2.8691e+00 +1.0634e+00 +1.1829e+00 +1.8736e+00 -7.8080e-01 +2.8283e+00 -2.4963e+00 +1.4138e+00 -2.7188e+00 +7.5729e-01 +2.4340e+00 -6.6807e-01 -2.2751e-01 -2.3355e+00 -2.9302e+00 -1.6103e+00 +7.1268e-01 +4.1263e-01 +6.1117e-01 -5.0107e-01
5364836 0 +1.269694745e+01 +1.222669474e+02 +1.222669474e+02 -2.4011e+00 +8.6060e-01 -1.0104e+00 -6.2137e-01 -1.4000e+00 +2.1834e+00 -1.5076e+00 -1.1815e+00 -2.1610e+00 +1.8406e+00 -7.1803e-01 +2.9386e+00 -4.5497e-01 +3.0041e-01 +7.5223e-01 -1.1789e+00 -6.3446e-01 -2.5552e+00 +2.1689e+00 -1.5628e+00
19844672 0 +1.067198853e+01 +1.202419885e+02 +1.202419885e+02 +1.7334e-01 -6.1514e-01 +4.3080e-01 +2.8964e+00 -6.6314e-02 -1.1886e+00 +2.7302e+00 +1.4797e+00 -2.7664e+00 -1.4177e-01 +2.6026e+00 -2.0542e+00 -1.1894e+00 +1.4676e+00 -9.9462e-01 +1.2307e+00 +1.5566e+00 +7.4691e-01 +1.1387e+00 +2.4951e+00
% f evaluations | g evaluations | best noise-free fitness - Fopt (7.836000000000e+01) + sum g_i+ | measured fitness | best measured fitness or single-digit g-values | x1 | x2...
1 0 +1.055507229e+02 +1.839107229e+02 +1.839107229e+02 +7.2029e-01 -6.9853e-01 +1.8907e+00 +1.3174e-01 -2.5219e+00 -6.7200e-01 +9.1025e-01 +2.3212e+00 -1.9808e-01 -2.1769e+00 +4.7629e-01 +1.7509e+00 -1.5010e+00 -2.5432e+00 -8.8596e-01 -1.9872e+00 +8.4998e-01 -2.6499e+00 -3.0041e-01 +1.7286e+00
2 0 +4.645370124e+01 +1.248137012e+02 +1.248137012e+02 +2.7902e+00 -1.4348e+00 +7.6717e-01 +2.2484e+00 +1.0519e+00 -1.3608e+00 +2.9181e+00 +1.2840e+00 -8.8128e-01 -2.5057e+00 -2.1672e+00 -2.6283e+00 -1.4233e+00 -1.2008e+00 +5.8881e-01 +2.4204e+00 -2.7475e+00 +1.2761e+00 -2.3817e+00 +2.5730e+00
12 0 +4.166247020e+01 +1.200224702e+02 +1.200224702e+02 -2.5923e+00 -2.0085e+00 +9.8622e-01 +1.5596e+00 +6.6531e-01 -2.9482e+00 -3.7497e-01 -1.9337e+00 -7.0126e-01 -7.8797e-01 -2.9107e+00 -2.3850e+00 +1.0773e+00 -2.7981e-01 -1.7852e+00 -2.5077e-01 -2.4460e+00 +1.9352e-01 -1.8106e+00 -2.6768e+00
34 0 +3.961474209e+01 +1.179747421e+02 +1.179747421e+02 +1.2725e+00 +2.9114e+00 +1.4253e+00 +5.0563e-01 -4.9576e-01 -1.0419e+00 -1.8302e+00 +1.9479e-01 +9.3838e-01 -1.8662e+00 -2.7739e+00 +2.1216e+00 -2.4769e+00 +2.6136e+00 -2.3979e+00 +9.6295e-01 -1.8904e+00 -7.4915e-01 +2.8521e+00 +5.8242e-01
36 0 +3.608688704e+01 +1.144468870e+02 +1.144468870e+02 +2.3720e+00 -1.9498e+00 +1.1326e+00 +2.3612e+00 +6.1329e-02 +2.1008e+00 -3.7709e-01 -1.1197e+00 +2.9370e+00 -2.7373e+00 +1.1323e+00 +2.7859e-01 +1.0056e+00 +8.7330e-01 +1.2067e+00 -2.2717e+00 -2.3073e+00 +2.6733e+00 +5.6945e-01 +2.6493e+00
60 0 +3.124088566e+01 +1.096008857e+02 +1.096008857e+02 +2.2595e-01 +1.4510e+00 +1.8940e+00 -2.1173e+00 -2.0732e+00 +2.2693e-02 -5.7206e-01 +1.7648e+00 +2.7189e+00 +2.5594e+00 +6.6862e-01 +2.6125e+00 -2.9835e+00 -2.6163e-01 +2.9367e+00 +2.5913e+00 +7.6121e-01 +1.6133e+00 +2.2978e+00 -1.6993e+00
820 0 +2.699648306e+01 +1.053564831e+02 +1.053564831e+02 -2.3182e+00 -1.2598e+00 +1.1786e+00 -2.2234e+00 +1.6100e-01 -2.2067e+00 +2.6901e+00 +1.2646e-02 +2.8341e+00 -1.4575e+00 -2.7172e+00 -6.1209e-01 +9.7077e-01 -1.8791e+00 -2.0774e+00 -2.9672e+00 -1.4182e-03 +8.2436e-01 +4.5259e-02 +1.0883e+00
2492 0 +2.681353920e+01 +1.051735392e+02 +1.051735392e+02 +2.3099e+00 +1.3526e+00 -2.2719e+00 -5.5135e-01 +2.3710e-01 -2.2850e+00 -7.9211e-01 -2.1747e+00 +1.9580e+00 +8.4841e-01 -1.0041e+00 +1.2877e+00 -2.8749e+00 -1.9141e+00 +2.1261e-01 -2.5904e+00 -3.4919e-02 +2.3290e+00 -1.4337e+00 -4.3192e-01
2895 0 +2.139712150e+01 +9.975712150e+01 +9.975712150e+01 -1.9210e+00 -7.3092e-01 +2.2359e+00 -3.0485e-01 +2.7034e+00 -1.7855e-01 -5.7096e-01 +2.9516e+00 -1.9921e+00 +1.6472e+00 -9.2655e-01 +4.2168e-01 +4.2067e-01 -1.9007e+00 +1.8253e+00 +1.3488e+00 +2.6980e+00 +8.1493e-01 -2.7389e+00 +2.9608e+00
4261 0 +2.097082539e+01 +9.933082539e+01 +9.933082539e+01 +2.1030e-01 +2.6774e-01 +9.1329e-01 -4.7861e-01 -2.9832e+00 -2.3379e+00 +2.3844e+00 +1.0301e+00 -2.5054e+00 +2.4524e+00 +1.2837e+00 -4.3313e-01 +2.3495e+00 +2.0537e+00 +2.3551e+00 -9.4620e-01 -1.6351e+00 +1.1501e-01 +2.2467e+00 +2.0257e+00
20809 0 +1.857933881e+01 +9.693933881e+01 +9.693933881e+01 +1.8197e-02 +1.8260e+00 +2.7218e+00 +2.4461e+00 +1.2848e+00 -1.4400e-01 +2.7081e+00 -1.6214e+00 -1.9462e-01 -1.9638e+00 -1.8828e+00 +1.1443e+00 +3.6578e-01 +4.4454e-01 +2.1785e-01 -2.6074e+00 -2.1250e+00 +2.3333e+00 +7.1718e-01 +2.2897e-01
63848 0 +1.681258524e+01 +9.517258524e+01 +9.517258524e+01 -2.4721e+00 +2.8660e+00 +2.1352e+00 -4.7016e-01 +1.8892e+00 -2.1668e-02 -2.7818e+00 +4.6229e-01 -5.4905e-01 -3.9711e-01 -2.1438e+00 -2.0093e+00 +2.4554e+00 -7.3852e-01 +1.8222e+00 +2.8878e+00 -1.0474e+00 +6.3222e-01 +2.3341e+00 -9.0342e-01
1143777 0 +1.632405001e+01 +9.468405001e+01 +9.468405001e+01 +9.0244e-01 +1.2386e-01 -1.4117e+00 -2.6665e+00 -1.1056e+00 -5.5217e-01 +9.2410e-01 +1.5984e+00 -2.0139e+00 -2.5970e+00 -5.8346e-01 +2.5579e+00 -2.4460e+00 +1.6997e+00 +2.5179e+00 -2.8354e+00 -7.5721e-01 -1.3056e+00 -2.8997e+00 -2.5902e+00
1187020 0 +1.292254148e+01 +9.128254148e+01 +9.128254148e+01 -2.9205e+00 -8.2417e-01 +2.0767e-01 -1.6099e+00 -1.9464e+00 +1.5070e+00 +1.3636e+00 -2.2601e+00 +4.5055e-01 -2.2461e+00 -2.2793e+00 -2.6391e+00 +2.7876e+00 +2.7684e+00 -6.4397e-01 +1.0094e+00 -1.4172e+00 +2.8265e+00 +2.5852e+00 -1.0349e+00
11488300 0 +1.240102603e+01 +9.076102603e+01 +9.076102603e+01 -2.8169e+00 -5.3676e-01 +1.0608e+00 +2.1045e+00 +2.4935e-01 +1.0590e+00 -8.8334e-01 +2.1845e+00 +1.2359e+00 +8.0064e-01 -2.5362e+00 -1.5125e+00 -1.2552e+00 -2.8279e+00 +2.7100e+00 +2.7751e+00 +1.5389e+00 +2.5760e+00 +2.3100e+00 -2.8662e+00
% f evaluations | g evaluations | best noise-free fitness - Fopt (1.140900000000e+02) + sum g_i+ | measured fitness | best measured fitness or single-digit g-values | x1 | x2...
1 0 +6.272749329e+01 +1.768174933e+02 +1.768174933e+02 -1.3500e+00 -2.2254e+00 +2.6926e+00 -2.3509e-01 +7.7014e-01 -2.5156e+00 +2.1459e+00 +2.6190e+00 -9.8147e-01 +1.6199e+00 +1.1096e+00 -2.5306e+00 -1.2436e+00 -9.2598e-02 -7.4086e-01 -5.7009e-02 +7.0581e-01 -1.2958e+00 +1.8784e+00 +5.3080e-01
9 0 +6.152106215e+01 +1.756110622e+02 +1.756110622e+02 -1.3908e+00 +1.3149e+00 +1.6921e-01 -1.7346e+00 -4.7770e-01 -2.2692e-01 +1.1755e+00 -4.3335e-01 +6.0096e-01 -1.3005e-01 +1.9703e+00 -2.5917e+00 -2.8958e-01 -2.5649e-01 -2.4907e+00 +8.3562e-01 +2.7874e+00 -2.5486e+00 +2.3318e+00 +2.0411e+00
16 0 +4.194470997e+01 +1.560347100e+02 +1.560347100e+02 -1.0055e-01 -3.1617e-01 +1.4477e+00 +2.9562e+00 +1.3779e+00 -8.9734e-01 -1.8148e+00 +1.5707e+00 +1.3772e+00 -6.4442e-01 +2.4442e+00 +1.1126e+00 +1.2388e-01 +1.7658e+00 -6.4260e-01 +2.0039e-02 +2.6515e+00 -7.0848e-02 +1.8184e+00 -5.0637e-01
35 0 +3.238614835e+01 +1.464761484e+02 +1.464761484e+02 -1.3215e+00 -3.3251e-01 +9.6740e-01 +1.3358e+00 -2.0328e+00 +2.5385e+00 +2.2763e+00 -2.1588e+00 +4.2979e-01 +2.5045e+00 -2.6728e+00 -2.2829e-01 +1.3074e+00 +9.8048e-01 +5.1077e-01 +1.3470e+00 -2.5366e-01 -2.9641e+00 +2.3809e+00 -1.1108e+00
1138 0 +2.082896264e+01 +1.349189626e+02 +1.349189626e+02 -7.9069e-01 +1.5441e+00 +2.6012e+00 +1.9549e+00 +2.8689e+00 -2.1853e+00 -2.3544e+00 +1.7009e-01 +6.4355e-02 +1.5406e+00 -2.0796e+00 -8.3075e-01 -2.2811e+00 +6.8232e-01 -2.7138e+00 +1.2211e+00 -1.3418e+00 -1.1333e+00 -2.6075e+00 -4.9645e-01
18386 0 +1.944508140e+01 +1.335350814e+02 +1.335350814e+02 +6.3057e-01 -1.0514e+00 +6.5105e-01 +1.5119e+00 +2.5288e-01 +2.2801e+00 +2.4298e+00 -7.2991e-01 +1.8879e-01 -3.9167e-01 +6.2113e-01 -6.3884e-01 -2.8559e+00 +4.5978e-01 +1.1858e+00 +1.0949e+00 -1.0661e+00 +2.6270e+00 +1.6640e-01 +1.6558e+00
64901 0 +1.823436611e+01 +1.323243661e+02 +1.323243661e+02 -2.0660e+00 +6.0881e-01 -1.4635e+00 -1.7438e+00 +7.5647e-01 -1.3973e+00 +2.8833e+00 -2.7082e+00 -1.5934e+00 +2.2680e+00 -2.4290e+00 +7.5405e-01 +1.1883e+00 -2.1350e+00 +7.1347e-01 +4.3177e-01 -1.1496e+00 -9.7007e-01 -6.4778e-01 -1.9954e-01
147419 0 +1.750091580e+01 +1.315909158e+02 +1.315909158e+02 -2.7521e+00 +1.9845e+00 -2.8344e+00 -1.3492e+00 -2.0753e+00 +2.3495e+00 +1.1833e+00 +9.6085e-01 +1.7277e+00 -2.1262e+00 -6.9425e-01 -1.1570e+00 +3.6315e-02 +2.6573e+00 -1.8539e+00 +4.6437e-02 -1.4206e+00 -1.1799e+00 -1.8274e+00 -8.2963e-01
278958 0 +1.585124896e+01 +1.299412490e+02 +1.299412490e+02 +2.6029e+00 +2.1857e+00 -9.4327e-01 -1.2594e-01 -7.0133e-01 +1.2802e+00 +1.7920e-01 -2.8852e-01 +2.0600e+00 +2.7960e+00 -2.8949e+00 -2.9570e+00 +5.0108e-01 +9.3367e-01 +1.9476e+00 +2.5806e+00 +7.1287e-01 -9.5793e-01 +2.1040e+00 +7.9338e-01
878429 0 +1.091847885e+01 +1.250084788e+02 +1.250084788e+02 +3.2717e-01 -2.1751e+00 -2.0899e+00 +2.2308e+00 +5.0465e-01 -3.6275e-01 -2.4961e-02 +2.8554e+00 -2.3225e+00 -1.0917e+00 +1.1641e+00 +2.0079e+00 -2.0084e+00 -2.1952e+00 -2.5187e+00 -2.8306e+00 +8.4308e-01 +2.8553e+00 +1.8550e+00 -7.8313e-01
6408979 0 +1.054130756e+01 +1.246313076e+02 +1.246313076e+02 -6.8489e-01 -1.7316e+00 +5.8971e-01 -1.5458e+00 +1.5316e+00 +3.2818e-02 +1.8961e+00 -1.9311e+00 -2.3309e+00 -7.1761e-01 +1.6970e+00 -1.9013e+00 -1.1620e-01 +2.7292e+00 +2.6959e+00 -2.1420e+00 +1.6041e+00 +1.3870e+00 +1.6209e+00 +2.9834e+00
% f evaluations | g evaluations | best noise-free fitness - Fopt (-5.445900000000e+02) + sum g_i+ | measured fitness | best measured fitness or single-digit g-values | x1 | x2...
1 0 +1.111310564e+02 -4.334589436e+02 -4.334589436e+02 +2.3488e+00 +2.8847e+00 +2.3876e+00 -1.1363e+00 +1.1689e-01 +2.7304e+00 -1.5998e-01 +1.6264e+00 +2.8151e+00 +3.3761e-01 -7.9524e-01 +1.8857e-01 -2.8110e+00 -2.9637e+00 -6.3854e-01 +1.8772e+00 -1.8084e+00 -1.3853e+00 -2.9120e+00 +1.2903e+00
3 0 +7.853649503e+01 -4.660535050e+02 -4.660535050e+02 -1.3016e+00 +1.9974e+00 -2.2021e+00 +2.5246e+00 -2.3570e+00 +1.9428e+00 -2.8468e+00 -8.8448e-01 -5.2070e-02 +1.5801e+00 +1.2778e+00 +1.0707e+00 -1.7308e-01 -1.1405e+00 +1.8017e+00 -2.2772e-01 -5.9041e-01 -5.9561e-01 -2.9719e+00 -1.1251e+00
5 0 +6.552764276e+01 -4.790623572e+02 -4.790623572e+02 -7.9399e-01 -4.7204e-01 +2.5210e+00 +1.4706e+00 -2.5570e+00 +4.7643e-02 +1.3136e+00 +7.1068e-02 +1.4254e+00 +2.1502e+00 +5.8908e-01 -2.6236e+00 -2.5988e+00 -8.7953e-02 +7.0136e-01 -2.0519e+00 +1.8135e+00 +1.4535e+00 -1.3970e-01 +2.6433e-01
35 0 +4.936278084e+01 -4.952272192e+02 -4.952272192e+02 -3.6017e-01 +2.3192e+00 -2.7502e+00 -5.6704e-01 +2.2778e-01 +2.0311e+00 -1.6752e+00 -2.5977e+00 +2.2146e+00 -2.7460e+00 -4.1314e-01 +2.6855e-01 +2.2228e+00 -2.7476e+00 -9.1683e-01 -1.0075e+00 +2.1544e+00 +1.8573e+00 +1.6853e+00 -1.8978e+00
42 0 +4.098479965e+01 -5.036052003e+02 -5.036052003e+02 +1.3009e+00 -2.1445e-02 +4.7147e-01 +1.1824e+00 -1.2806e-01 -1.5410e-01 -5.2813e-01 +2.3797e+00 +5.9513e-02 +2.8900e+00 +6.5148e-01 -9.9203e-01 -2.5599e+00 -8.6227e-01 -1.0524e+00 -2.7774e-01 -5.6153e-01 +1.7072e+00 -1.4384e+00 +1.0928e+00
95 0 +4.042110849e+01 -5.041688915e+02 -5.041688915e+02 -1.4036e+00 -1.8435e+00 +1.2165e+00 +1.5641e+00 +3.5688e-01 -6.6789e-01 +1.3013e+00 +2.8494e+00 +2.8885e-01 -2.4695e+00 -1.7604e+00 -2.8251e+00 -2.1290e+00 -2.7270e+00 -2.6908e+00 +1.9111e-01 -1.9508e+00 +2.9323e+00 -1.7071e+00 +1.2281e+00
308 0 +2.921103782e+01 -5.153789622e+02 -5.153789622e+02 -1.0213e+00 +2.8417e+00 -2.3526e+00 -2.8681e+00 +2.1960e+00 +2.0130e+00 -6.9975e-01 -1.7501e+00 +1.9070e+00 -3.7008e-01 -2.1874e+00 -2.5529e+00 -1.3287e+00 -1.3971e+00 -2.4941e+00 +2.2197e+00 -2.3225e+00 -2.5374e+00 -1.5748e+00 +7.9660e-01
2135 0 +2.726164604e+01 -5.173283540e+02 -5.173283540e+02 -2.3348e+00 +4.0759e-01 +2.1506e+00 +4.8175e-01 +1.7516e+00 +4.5611e-01 +1.5579e+00 +1.0016e+00 -1.4572e-01 -1.3410e+00 +1.8355e+00 +1.5633e+00 +2.3154e+00 -7.8577e-01 -9.0981e-01 -1.3523e+00 +2.5937e+00 +4.0023e-01 +7.6487e-01 +1.7218e+00
3234 0 +2.423352124e+01 -5.203564788e+02 -5.203564788e+02 -2.1867e+00 -2.2758e+00 -1.6206e+00 -8.3715e-01 -2.8260e+00 +4.5077e-03 +2.1601e+00 +9.2131e-01 -2.3687e+00 -1.8251e+00 +1.6821e+00 -1.6979e+00 -2.9212e+00 -2.0343e+00 +5.0433e-02 +2.9243e+00 -7.4301e-01 +1.9994e+00 -2.1761e+00 -1.4875e+00
17928 0 +2.309171840e+01 -5.214982816e+02 -5.214982816e+02 +2.8676e+00 +2.5228e+00 -2.7702e+00 +2.3326e+00 -1.8922e-01 -2.9430e+00 +8.3971e-01 -5.6980e-01 +4.4720e-01 +2.5923e+00 +1.0843e+00 +7.5782e-01 -4.3101e-01 +2.7324e+00 +2.2567e+00 +2.7384e+00 -2.9193e+00 +2.4265e+00 -4.7257e-01 +1.2602e+00
21868 0 +1.945797148e+01 -5.251320285e+02 -5.251320285e+02 +2.5655e+00 -1.2596e+00 -9.1347e-01 -1.8199e+00 -1.4777e+00 +1.5110e+00 -2.5973e+00 +2.3711e+00 -5.5441e-01 -3.9375e-01 -8.1151e-01 +2.0172e+00 -5.4135e-01 -2.4641e+00 +5.6851e-01 +9.8228e-02 +2.8138e+00 +1.6896e+00 +1.7564e+00 -2.4912e+00
32136 0 +1.696529011e+01 -5.276247099e+02 -5.276247099e+02 -8.8794e-01 -1.4598e+00 -1.4381e+00 +2.9270e+00 +8.9114e-02 -2.0730e+00 -4.9731e-01 +7.8265e-01 +2.0498e+00 -2.9587e-01 +4.3886e-01 -1.0488e+00 -1.9125e+00 +6.1054e-01 -6.6731e-01 +2.9565e+00 -1.1149e+00 +1.3754e+00 +8.9144e-01 +1.7701e+00
127665 0 +1.527822263e+01 -5.293117774e+02 -5.293117774e+02 -1.6480e+00 -1.8922e+00 -8.7925e-01 +1.2812e-01 +1.5135e+00 -2.2349e+00 -2.7899e+00 +6.7615e-01 -1.8848e+00 -2.7385e+00 -2.1635e+00 -2.2863e+00 +2.1103e+00 -1.1030e+00 +1.7078e+00 -1.2094e+00 +3.2247e-01 +2.2509e+00 +4.4548e-01 -5.5522e-02
468837 0 +1.500647322e+01 -5.295835268e+02 -5.295835268e+02 +1.2852e+00 -2.7279e+00 -6.0678e-02 +2.7773e+00 +1.0021e+00 -3.5325e-01 -1.7408e+00 +1.3869e+00 +1.8629e+00 +2.8912e+00 -5.8982e-01 +1.8412e-01 -2.7491e+00 -1.4792e+00 -1.9395e+00 +6.0071e-01 -1.4702e-02 +1.6008e+00 +1.9183e+00 +4.3704e-01
630264 0 +1.236003072e+01 -5.322299693e+02 -5.322299693e+02 -1.1261e+00 +2.8402e+00 +2.9265e+00 +1.5974e+00 +2.2634e+00 -2.2313e+00 +1.9291e+00 -2.4564e-01 +2.9902e+00 +1.3032e-01 +6.6210e-01 -2.9929e+00 -2.1979e+00 +2.0081e+00 +1.2065e+00 -1.1448e+00 +2.3876e+00 +6.7725e-01 +1.3737e+00 -1.8602e-01
