% f evaluations | g evaluations | best noise-free fitness - Fopt (7.135000000000e+01) + sum g_i+ | measured fitness | best measured fitness or single-digit g-values | x1 | x2...
1 0 +1.111361553e+02 +1.824861553e+02 +1.824861553e+02 +8.6717e-02 +1.6450e+00 -2.0944e+00 -1.6456e+00 -2.2815e+00
3 0 +6.794428077e+01 +1.392942808e+02 +1.392942808e+02 +6.2720e-01 +2.4537e+00 -2.0362e+00 +2.5568e+00 -2.6537e+00
4 0 +5.889626446e+01 +1.302462645e+02 +1.302462645e+02 +7.0558e-01 -2.6361e+00 -6.6329e-01 -5.0739e-01 -2.0024e-01
5 0 +5.679690222e+01 +1.281469022e+02 +1.281469022e+02 +2.7755e+00 +2.8631e-01 -8.6308e-01 +5.6022e-01 -1.7656e+00
7 0 +4.292096786e+01 +1.142709679e+02 +1.142709679e+02 +1.2889e+00 +2.5575e+00 +7.6239e-01 +1.2787e+00 -1.1010e+00
14 0 +3.840108033e+01 +1.097510803e+02 +1.097510803e+02 +2.0989e+00 -1.3366e+00 +8.9972e-01 +1.3017e+00 -1.4105e+00
26 0 +3.289795769e+01 +1.042479577e+02 +1.042479577e+02 +8.6818e-01 -2.5175e-01 -9.4970e-01 -1.4084e+00 +9.2223e-02
52 0 +3.124956367e+01 +1.025995637e+02 +1.025995637e+02 +2.3444e+00 -1.3215e+00 +7.1644e-01 +1.1583e+00 -2.0968e+00
53 0 +3.046758133e+01 +1.018175813e+02 +1.018175813e+02 +1.1714e+00 -1.7835e+00 -6.6057e-01 +1.7366e+00 +2.4179e+00
54 0 +2.412667441e+01 +9.547667441e+01 +9.547667441e+01 +1.8459e+00 -1.0462e+00 +1.9195e+00 -1.4654e+00 +9.6783e-01
80 0 +2.394699449e+01 +9.529699449e+01 +9.529699449e+01 +2.8254e+00 +2.2097e+00 -1.8262e+00 +2.6309e+00 +2.8389e+00
106 0 +1.180680592e+01 +8.315680592e+01 +8.315680592e+01 -1.6774e-01 +2.7547e+00 +3.0340e-01 -8.2322e-01 +2.9804e+00
240 0 +1.008852828e+01 +8.143852828e+01 +8.143852828e+01 +1.8862e+00 -1.0732e+00 -1.6974e-01 -4.7453e-01 +6.1386e-01
413 0 +6.278106358e+00 +7.762810636e+01 +7.762810636e+01 -2.5457e+00 +2.6886e+00 -3.8664e-01 -2.9098e-01 -8.9447e-01
3071 0 +2.703482383e+00 +7.405348238e+01 +7.405348238e+01 -1.8175e+00 +1.4491e+00 +1.7773e+00 +1.3381e+00 -8.0812e-02
7451 0 +2.540475667e+00 +7.389047567e+01 +7.389047567e+01 -1.7392e+00 +1.4118e+00 +1.8305e+00 +1.2969e+00 -1.7358e-01
20683 0 +2.218405304e+00 +7.356840530e+01 +7.356840530e+01 +1.3962e+00 +1.8437e+00 +2.6266e+00 +8.8849e-01 -1.7925e+00
52701 0 +1.499164804e+00 +7.284916480e+01 +7.284916480e+01 +1.8691e+00 +1.0740e+00 -2.0377e+00 +1.6999e+00 +1.5431e+00
69792 0 +8.168396418e-01 +7.216683964e+01 +7.216683964e+01 -4.9099e-01 +2.5107e-01 -5.6273e-01 +5.7569e-01 -1.4897e+00
617556 0 +5.984495980e-01 +7.194844960e+01 +7.194844960e+01 -2.5219e+00 -1.1434e+00 +3.5988e-01 -2.7799e+00 +2.7211e+00
942136 0 +5.529274418e-01 +7.190292744e+01 +7.190292744e+01 +1.9538e+00 +1.7647e+00 +1.4881e+00 -2.5923e+00 -6.1191e-02
1130905 0 +5.240011231e-01 +7.187400112e+01 +7.187400112e+01 +2.1735e+00 +1.6600e+00 +1.4138e+00 -2.3309e+00 -4.6593e-02
% f evaluations | g evaluations | best noise-free fitness - Fopt (-3.552200000000e+02) + sum g_i+ | measured fitness | best measured fitness or single-digit g-values | x1 | x2...
1 0 +6.199374730e+01 -2.932262527e+02 -2.932262527e+02 +3.4979e-01 -1.9243e-01 -2.4071e+00 +8.5848e-02 +6.4192e-01
3 0 +2.087473369e+01 -3.343452663e+02 -3.343452663e+02 -2.2730e-01 -1.4027e+00 +1.5421e+00 +1.4028e+00 +1.3246e+00
148 0 +1.349019865e+01 -3.417298013e+02 -3.417298013e+02 -1.6479e+00 +1.1369e-02 +1.7551e+00 -3.7468e-01 +2.8076e+00
337 0 +6.613176162e+00 -3.486068238e+02 -3.486068238e+02 -2.2521e+00 -9.1250e-01 +2.8612e+00 +9.9490e-01 -1.8064e-01
1361 0 +2.888864776e+00 -3.523311352e+02 -3.523311352e+02 +2.2099e+00 +2.6612e+00 -1.2719e+00 -1.1831e+00 +1.1789e-01
2579 0 +1.567644451e+00 -3.536523555e+02 -3.536523555e+02 +1.4733e+00 +5.3211e-01 +5.3531e-01 +2.7700e+00 +1.2545e+00
86077 0 +7.196840602e-01 -3.545003159e+02 -3.545003159e+02 +2.8980e+00 +1.0471e+00 -2.9208e+00 +9.4193e-01 +8.1051e-01
411165 0 +1.069090855e-01 -3.551130909e+02 -3.551130909e+02 +2.9309e+00 -2.0243e+00 +1.0371e+00 -5.7181e-01 -7.6899e-01
% f evaluations | g evaluations | best noise-free fitness - Fopt (9.917000000000e+01) + sum g_i+ | measured fitness | best measured fitness or single-digit g-values | x1 | x2...
1 0 +6.538177631e+01 +1.645517763e+02 +1.645517763e+02 -1.6935e+00 -4.4876e-01 +1.4364e+00 -3.0885e-01 -8.2250e-01
3 0 +5.964642676e+01 +1.588164268e+02 +1.588164268e+02 +1.6631e+00 +2.9447e+00 -2.0631e+00 -2.2082e+00 +2.1219e+00
8 0 +4.356960850e+01 +1.427396085e+02 +1.427396085e+02 -2.7905e+00 -2.5223e+00 -2.2103e+00 +1.4212e+00 +1.0930e+00
10 0 +3.810329911e+01 +1.372732991e+02 +1.372732991e+02 +1.7216e+00 +1.5872e+00 +2.9296e-01 +1.0467e+00 +2.6547e+00
11 0 +2.119035933e+01 +1.203603593e+02 +1.203603593e+02 +7.1687e-01 +1.5026e+00 +2.7542e-01 -1.7589e+00 +2.8205e+00
18 0 +2.037196750e+01 +1.195419675e+02 +1.195419675e+02 -1.3491e+00 -2.2781e+00 -2.5204e+00 +2.5683e+00 -1.9699e+00
63 0 +1.246693447e+01 +1.116369345e+02 +1.116369345e+02 +1.4181e+00 +1.2234e+00 +3.4660e-01 +1.5988e-01 +2.3858e+00
76 0 +7.529122498e+00 +1.066991225e+02 +1.066991225e+02 +2.4159e+00 -1.5349e+00 -8.0325e-01 +1.9930e+00 -1.6677e+00
446 0 +7.215627026e+00 +1.063856270e+02 +1.063856270e+02 -5.8333e-01 -1.3928e-01 -1.0320e+00 +2.9862e+00 -1.4435e-01
1450 0 +6.230367585e+00 +1.054003676e+02 +1.054003676e+02 -2.5844e+00 -2.1718e+00 +4.5336e-01 -1.1647e+00 +7.8489e-01
4230 0 +5.915046866e+00 +1.050850469e+02 +1.050850469e+02 -2.2363e+00 -1.3579e+00 -1.2064e+00 +8.7744e-01 -2.3019e+00
4790 0 +5.857068014e+00 +1.050270680e+02 +1.050270680e+02 -5.1209e-01 +1.9099e+00 -2.2059e+00 -2.5683e+00 -2.4670e+00
6902 0 +4.227855255e+00 +1.033978553e+02 +1.033978553e+02 +2.0191e+00 -2.2404e+00 -1.6130e-01 -2.9914e+00 +2.5165e+00
10759 0 +3.483250726e+00 +1.026532507e+02 +1.026532507e+02 +1.7494e+00 -5.0478e-01 +2.1669e+00 -9.9302e-01 -2.6327e+00
25565 0 +2.610092216e+00 +1.017800922e+02 +1.017800922e+02 +2.8574e+00 -1.7259e+00 -2.0499e+00 -1.4891e+00 -1.2320e+00
26104 0 +1.918446495e+00 +1.010884465e+02 +1.010884465e+02 -2.3920e+00 +2.6215e+00 -2.0764e+00 -9.7305e-01 -1.7198e+00
47160 0 +9.265285697e-01 +1.000965286e+02 +1.000965286e+02 +2.2751e+00 +1.2231e+00 -2.7735e+00 -1.1069e-02 +1.7024e+00
182493 0 +4.982474049e-01 +9.966824740e+01 +9.966824740e+01 +2.5640e+00 -1.6702e+00 +7.6724e-01 +1.7954e+00 -2.0949e+00
415339 0 +2.132523638e-01 +9.938325236e+01 +9.938325236e+01 +2.1240e+00 -2.5206e+00 -4.5971e-01 -2.5682e+00 +2.6195e+00
% f evaluations | g evaluations | best noise-free fitness - Fopt (-5.179100000000e+02) + sum g_i+ | measured fitness | best measured fitness or single-digit g-values | x1 | x2...
1 0 +3.960445254e+01 -4.783055475e+02 -4.783055475e+02 -1.6789e+00 +2.1100e+00 -3.6833e-01 -1.3275e+00 +5.6027e-01
2 0 +1.836789330e+01 -4.995421067e+02 -4.995421067e+02 -2.4845e+00 +9.0006e-01 -2.6915e+00 +4.7587e-01 +9.2428e-01
13 0 +1.397147578e+01 -5.039385242e+02 -5.039385242e+02 +2.9190e+00 +6.3571e-01 +2.2419e+00 +2.0997e-01 +1.5257e+00
62 0 +1.102571822e+01 -5.068842818e+02 -5.068842818e+02 -2.7787e-01 -1.4258e+00 -2.1283e+00 +2.9815e+00 -2.3140e+00
250 0 +9.269776240e+00 -5.086402238e+02 -5.086402238e+02 +2.3046e+00 -5.1896e-01 -8.2826e-01 +5.9804e-01 -8.9220e-01
410 0 +7.755323065e+00 -5.101546769e+02 -5.101546769e+02 -4.9385e-02 -2.0946e+00 -1.5273e+00 -1.1596e+00 -2.7019e+00
640 0 +7.557409440e+00 -5.103525906e+02 -5.103525906e+02 -8.9592e-01 +9.1755e-03 -2.8144e+00 +2.5751e+00 +1.0431e-02
1215 0 +5.120225526e+00 -5.127897745e+02 -5.127897745e+02 +5.2131e-01 -2.0915e+00 +2.2161e+00 -1.1230e+00 +6.1079e-01
2809 0 +3.764816298e+00 -5.141451837e+02 -5.141451837e+02 +1.8432e+00 +1.0900e+00 +2.4682e+00 -2.0387e+00 +9.2720e-01
3588 0 +2.707904218e+00 -5.152020958e+02 -5.152020958e+02 -1.2568e+00 +1.7827e-01 -2.6816e+00 +6.2044e-02 +7.2316e-01
11178 0 +1.247129012e+00 -5.166628710e+02 -5.166628710e+02 -8.7524e-02 -2.1065e+00 -1.4305e+00 -1.5261e+00 -2.1453e+00
209011 0 +1.126947939e+00 -5.167830521e+02 -5.167830521e+02 +1.2316e+00 +6.0693e-01 +7.6796e-02 -2.1467e+00 -1.9851e+00
463803 0 +9.883699141e-01 -5.169216301e+02 -5.169216301e+02 +4.2994e-01 +9.0359e-02 -3.1754e-01 +1.8747e+00 -3.8139e-02
1638067 0 +9.010093653e-01 -5.170089906e+02 -5.170089906e+02 +3.0007e-01 -1.0838e-01 -3.5908e-01 +2.0087e+00 -1.3216e-01
1699586 0 +6.078450680e-01 -5.173021549e+02 -5.173021549e+02 +4.9224e-01 +6.8115e-02 -4.8667e-01 +2.0554e+00 +2.0551e-02
2542607 0 +5.028818140e-01 -5.174071182e+02 -5.174071182e+02 -2.8051e+00 +1.7428e+00 -2.2215e+00 -2.2777e+00 -2.2651e+00
3221510 0 +4.961108915e-01 -5.174138891e+02 -5.174138891e+02 +1.6332e+00 -2.1506e+00 +1.5653e+00 -1.9703e+00 -1.9495e+00
3337607 0 +4.896615974e-01 -5.174203384e+02 -5.174203384e+02 -1.0809e+00 +6.5075e-01 -2.8463e+00 -2.6633e-01 +6.4787e-01
% f evaluations | g evaluations | best noise-free fitness - Fopt (-5.721000000000e+01) + sum g_i+ | measured fitness | best measured fitness or single-digit g-values | x1 | x2...
1 0 +8.058733430e+01 +2.337733430e+01 +2.337733430e+01 -7.3395e-01 -1.7961e+00 +2.1313e+00 +2.5083e+00 -1.2284e+00
2 0 +4.592115402e+01 -1.128884598e+01 -1.128884598e+01 -7.2391e-01 -5.6025e-01 +1.0846e-01 -2.3236e+00 +1.1380e+00
8 0 +4.015293056e+01 -1.705706944e+01 -1.705706944e+01 -7.3789e-01 +2.2043e+00 +5.6941e-01 -3.4121e-02 +1.8130e+00
9 0 +2.350365187e+01 -3.370634813e+01 -3.370634813e+01 -7.1221e-01 -1.7536e+00 +2.6638e+00 +6.5746e-01 +5.2714e-01
24 0 +2.108314187e+01 -3.612685813e+01 -3.612685813e+01 +8.5458e-01 -6.8254e-01 -1.9487e+00 -1.5792e+00 +2.3363e+00
39 0 +1.492532561e+01 -4.228467439e+01 -4.228467439e+01 -1.4898e+00 -1.7220e+00 -1.1004e+00 -1.1866e+00 -1.9179e+00
215 0 +9.280339504e+00 -4.792966050e+01 -4.792966050e+01 +2.1531e+00 -7.8987e-02 -1.4181e-01 -1.3062e+00 -5.6905e-01
1574 0 +8.761226475e+00 -4.844877352e+01 -4.844877352e+01 -1.9595e+00 +1.5233e+00 -2.6280e+00 +2.1095e+00 -1.7714e+00
2146 0 +7.023752773e+00 -5.018624723e+01 -5.018624723e+01 -2.2629e-01 -2.3428e+00 +2.1780e+00 -1.0536e+00 +2.9612e+00
2623 0 +6.585784149e+00 -5.062421585e+01 -5.062421585e+01 -6.2281e-01 +2.8858e+00 -1.6302e+00 +1.5612e+00 +2.8305e+00
2855 0 +5.270404983e+00 -5.193959502e+01 -5.193959502e+01 +1.7641e+00 +4.7434e-01 +1.7943e+00 +1.2171e-01 -2.2670e+00
3169 0 +3.426973863e+00 -5.378302614e+01 -5.378302614e+01 -1.3408e+00 +1.4685e+00 -1.3419e+00 +2.9013e+00 +1.8326e+00
10235 0 +1.859687469e+00 -5.535031253e+01 -5.535031253e+01 +1.8811e+00 +5.7709e-01 -7.9845e-01 +5.3608e-01 +1.1886e+00
65986 0 +1.280139656e+00 -5.592986034e+01 -5.592986034e+01 +2.5858e+00 +2.5749e+00 -2.0867e+00 +8.2311e-02 -2.5874e+00
236472 0 +1.198133788e+00 -5.601186621e+01 -5.601186621e+01 -2.4901e+00 -2.8059e-01 -1.8301e+00 +2.4076e+00 +1.6797e+00
322774 0 +8.504143601e-01 -5.635958564e+01 -5.635958564e+01 -2.6352e+00 +2.2344e+00 -2.6286e+00 +2.3615e+00 -2.1321e+00
1139121 0 +7.712490129e-01 -5.643875099e+01 -5.643875099e+01 -1.5787e-01 -2.3040e+00 -2.0461e+00 +2.1855e+00 -3.2034e-01
1211431 0 +4.198167840e-01 -5.679018322e+01 -5.679018322e+01 -1.4881e+00 -1.9906e+00 +2.3604e-01 -1.6526e+00 -1.1595e+00
4424212 0 +2.796386799e-01 -5.693036132e+01 -5.693036132e+01 +9.2069e-01 -2.8392e+00 -1.8411e+00 +2.5655e+00 +2.5971e+00
% f evaluations | g evaluations | best noise-free fitness - Fopt (6.626000000000e+01) + sum g_i+ | measured fitness | best measured fitness or single-digit g-values | x1 | x2...
1 0 +5.541075165e+01 +1.216707517e+02 +1.216707517e+02 -2.9407e+00 -3.2439e-01 +1.0460e+00 -6.9159e-01 -4.2493e-01
3 0 +1.946539645e+01 +8.572539645e+01 +8.572539645e+01 -1.9977e+00 -2.4676e+00 -1.7612e+00 -2.4234e+00 +5.6017e-02
19 0 +1.332791078e+01 +7.958791078e+01 +7.958791078e+01 +2.6120e+00 -1.2065e+00 +6.6820e-01 +1.4547e+00 -1.3861e+00
68 0 +9.211453026e+00 +7.547145303e+01 +7.547145303e+01 -1.5234e+00 -8.7299e-01 -1.6841e+00 +5.9696e-01 -5.6411e-01
1209 0 +4.723474830e+00 +7.098347483e+01 +7.098347483e+01 -9.8050e-01 -1.8522e+00 -5.4871e-01 +1.6028e+00 +5.0298e-01
5098 0 +4.670915221e+00 +7.093091522e+01 +7.093091522e+01 +1.1097e+00 -1.0476e+00 +1.3512e+00 -1.6439e+00 +1.4884e+00
5159 0 +3.609354569e+00 +6.986935457e+01 +6.986935457e+01 +1.8653e+00 -5.5666e-01 -2.6748e+00 -5.0968e-01 +6.9133e-02
5518 0 +1.533414274e+00 +6.779341427e+01 +6.779341427e+01 +2.1020e-01 +1.7848e+00 -2.3974e+00 -1.5769e-01 -2.4934e+00
129275 0 +1.033656873e+00 +6.729365687e+01 +6.729365687e+01 -1.3389e+00 -2.3740e+00 +7.9467e-01 +8.3876e-01 +1.8858e+00
351552 0 +7.641147983e-01 +6.702411480e+01 +6.702411480e+01 -1.8853e+00 -1.4436e+00 +1.5341e+00 +1.9004e+00 -8.9521e-01
1133944 0 +7.524035700e-01 +6.701240357e+01 +6.701240357e+01 +9.5696e-01 -7.5897e-01 +6.6834e-01 -1.4662e+00 +5.3373e-01
2078200 0 +7.364330570e-01 +6.699643306e+01 +6.699643306e+01 -2.2269e+00 -1.3257e+00 +1.8363e+00 +2.0465e+00 -7.7683e-01
3684215 0 +6.123500473e-01 +6.687235005e+01 +6.687235005e+01 -2.2925e+00 -1.8626e+00 +1.0310e+00 -2.3821e+00 -1.1116e+00
4693620 0 +3.525401621e-01 +6.661254016e+01 +6.661254016e+01 -7.7313e-01 +2.5372e+00 +3.1118e-01 +1.5000e+00 +1.7398e+00
% f evaluations | g evaluations | best noise-free fitness - Fopt (-1.386200000000e+02) + sum g_i+ | measured fitness | best measured fitness or single-digit g-values | x1 | x2...
1 0 +8.383002470e+01 -5.478997530e+01 -5.478997530e+01 -3.6838e-01 -3.7493e-01 +3.9300e-01 -2.2741e+00 +2.4373e+00
2 0 +3.086978480e+01 -1.077502152e+02 -1.077502152e+02 -7.4779e-01 -2.2663e+00 -2.0753e+00 +1.0257e+00 +1.2238e+00
15 0 +1.238038847e+01 -1.262396115e+02 -1.262396115e+02 +7.1875e-01 +2.4085e-01 -1.4126e+00 -1.5773e+00 -2.0143e+00
229 0 +1.200102956e+01 -1.266189704e+02 -1.266189704e+02 +2.3925e+00 -1.7653e+00 +2.4451e-01 -1.3297e+00 -6.3406e-01
266 0 +9.569405486e+00 -1.290505945e+02 -1.290505945e+02 -1.8068e+00 -2.3904e+00 +6.1103e-01 +2.5985e+00 +1.2590e+00
958 0 +5.591676597e+00 -1.330283234e+02 -1.330283234e+02 -2.8732e+00 +3.7044e-01 +4.6889e-01 +2.1044e+00 -2.9708e+00
3623 0 +4.851525651e+00 -1.337684743e+02 -1.337684743e+02 +1.5420e+00 -2.8399e+00 +1.2141e+00 +1.8510e-01 -2.4301e+00
3899 0 +1.954383822e+00 -1.366656162e+02 -1.366656162e+02 +2.2439e+00 +2.9439e+00 -4.8220e-01 +2.0949e+00 -6.5479e-01
33530 0 +1.868298168e+00 -1.367517018e+02 -1.367517018e+02 +1.4539e+00 +1.3793e+00 -2.4186e+00 -1.0967e+00 -2.8130e+00
41418 0 +1.240839905e+00 -1.373791601e+02 -1.373791601e+02 +9.4191e-01 -2.2946e+00 +1.7872e+00 -2.0163e+00 +5.7099e-02
83046 0 +1.024169365e+00 -1.375958306e+02 -1.375958306e+02 -2.4415e+00 -1.1563e-01 +1.9595e+00 +1.3230e+00 -1.3230e+00
151525 0 +9.644212712e-01 -1.376555787e+02 -1.376555787e+02 +2.0317e+00 +2.7844e+00 +8.1995e-01 +1.1400e+00 +1.0156e+00
428741 0 +9.449150187e-01 -1.376750850e+02 -1.376750850e+02 +2.9706e+00 -2.1310e+00 -4.2050e-01 -2.9184e+00 -2.9216e+00
629617 0 +8.962719745e-01 -1.377237280e+02 -1.377237280e+02 -2.7402e+00 -4.8724e-01 -2.5828e+00 +8.0466e-01 +1.0200e+00
664832 0 +2.967117668e-01 -1.383232882e+02 -1.383232882e+02 -1.8142e+00 -6.3847e-02 -2.9829e-02 +2.0852e+00 -2.8863e+00
% f evaluations | g evaluations | best noise-free fitness - Fopt (7.313900000000e+02) + sum g_i+ | measured fitness | best measured fitness or single-digit g-values | x1 | x2...
1 0 +1.124936992e+02 +8.438836992e+02 +8.438836992e+02 +1.1593e+00 -1.3285e+00 +1.0757e+00 +2.4527e+00 -3.0734e-01
2 0 +5.885621532e+01 +7.902462153e+02 +7.902462153e+02 +2.0202e+00 +1.0925e+00 +2.9320e+00 -7.8295e-02 +2.3927e+00
9 0 +4.413363160e+01 +7.755236316e+02 +7.755236316e+02 +1.3305e+00 +1.4511e+00 +2.5774e+00 -1.8600e-01 +1.6953e+00
16 0 +2.291570006e+01 +7.543057001e+02 +7.543057001e+02 +2.4656e+00 +1.7712e+00 +2.6462e+00 -2.3758e-01 +2.3645e+00
53 0 +2.066627046e+01 +7.520562705e+02 +7.520562705e+02 -1.5007e+00 +9.8139e-01 -2.7532e+00 -1.3096e+00 +2.2731e+00
70 0 +5.247540653e+00 +7.366375407e+02 +7.366375407e+02 -2.1529e+00 +2.9736e-01 -2.6673e+00 +2.4645e+00 -2.1391e+00
652 0 +2.463720125e+00 +7.338537201e+02 +7.338537201e+02 +1.3693e+00 +1.3043e+00 -1.7307e+00 +2.5158e+00 -1.6809e+00
23920 0 +2.385654302e+00 +7.337756543e+02 +7.337756543e+02 -1.5794e+00 -1.5363e+00 +1.9513e+00 -8.7992e-01 +9.2740e-01
29956 0 +1.136018045e+00 +7.325260180e+02 +7.325260180e+02 -2.1235e+00 +8.5307e-01 -2.9677e+00 +2.4099e+00 -2.4002e+00
55661 0 +6.522289052e-01 +7.320422289e+02 +7.320422289e+02 +1.6498e+00 +1.6777e+00 +1.5952e+00 -1.4260e+00 +6.6899e-01
1959004 0 +4.057850974e-01 +7.317957851e+02 +7.317957851e+02 +2.0060e+00 +9.6076e-01 -5.9196e-01 -4.9255e-01 +2.5145e+00
% f evaluations | g evaluations | best noise-free fitness - Fopt (7.526000000000e+01) + sum g_i+ | measured fitness | best measured fitness or single-digit g-values | x1 | x2...
1 0 +7.928487050e+01 +1.545448705e+02 +1.545448705e+02 +2.4302e-01 +1.6176e+00 -2.2814e+00 -2.2937e+00 -3.7301e-01
6 0 +6.778153519e+01 +1.430415352e+02 +1.430415352e+02 -7.3346e-01 +2.6715e+00 -1.4785e+00 -2.8677e+00 -1.1392e-01
7 0 +2.103016298e+01 +9.629016298e+01 +9.629016298e+01 +2.2286e+00 +5.4115e-01 -2.0626e+00 +1.3093e+00 -2.5018e+00
73 0 +2.074460526e+01 +9.600460526e+01 +9.600460526e+01 +1.1341e+00 -2.7329e+00 +1.5812e+00 +1.0195e+00 +1.0631e+00
86 0 +1.397728666e+01 +8.923728666e+01 +8.923728666e+01 +2.0117e+00 -5.6306e-01 +9.1622e-01 -1.2314e+00 +2.5295e+00
132 0 +1.286622193e+01 +8.812622193e+01 +8.812622193e+01 -6.8980e-01 -1.0063e-01 -2.5823e+00 -6.8851e-01 +1.7194e+00
175 0 +1.156376961e+01 +8.682376961e+01 +8.682376961e+01 +1.7784e+00 -2.1240e+00 -5.4126e-01 -2.3596e+00 +4.6215e-01
327 0 +1.073064838e+01 +8.599064838e+01 +8.599064838e+01 +2.8962e+00 +2.5508e+00 -5.4721e-01 +2.7044e+00 +2.3855e-01
425 0 +1.000984686e+01 +8.526984686e+01 +8.526984686e+01 +1.0658e+00 +1.4230e+00 +1.8578e-01 -1.0077e-01 -2.1480e+00
495 0 +6.837327543e+00 +8.209732754e+01 +8.209732754e+01 +2.9027e+00 +2.6144e+00 -9.4551e-01 +2.3149e+00 -6.1443e-01
1106 0 +2.915893728e+00 +7.817589373e+01 +7.817589373e+01 -1.9857e+00 -1.4628e+00 +1.7809e+00 +2.3531e+00 -1.8290e+00
12352 0 +7.992370597e-01 +7.605923706e+01 +7.605923706e+01 +1.3609e+00 +1.2818e+00 +1.6171e+00 +7.5084e-01 +1.3690e+00
74277 0 +7.148417713e-01 +7.597484177e+01 +7.597484177e+01 -5.3049e-01 +2.0545e-01 +2.7587e+00 -1.9611e+00 +1.7283e+00
144069 0 +7.032348000e-01 +7.596323480e+01 +7.596323480e+01 -2.1543e+00 +7.1045e-01 -1.8765e+00 -2.0478e+00 +4.9662e-01
666241 0 +5.754089017e-01 +7.583540890e+01 +7.583540890e+01 +1.2724e+00 +1.3272e+00 -1.2088e+00 -1.3290e+00 -2.0426e+00
2143052 0 +2.993187964e-01 +7.555931880e+01 +7.555931880e+01 +2.5905e+00 +2.4963e+00 -2.0669e+00 +1.4803e+00 -2.3686e+00
% f evaluations | g evaluations | best noise-free fitness - Fopt (-4.913000000000e+01) + sum g_i+ | measured fitness | best measured fitness or single-digit g-values | x1 | x2...
1 0 +1.506172963e+02 +1.014872963e+02 +1.014872963e+02 -2.0779e+00 -1.4431e+00 -2.1191e+00 +2.3492e-01 +1.6397e+00
2 0 +1.285736817e+02 +7.944368167e+01 +7.944368167e+01 +2.3187e+00 +2.4335e+00 -7.5298e-01 -2.1250e+00 -2.4534e+00
3 0 +8.091728876e+01 +3.178728876e+01 +3.178728876e+01 +2.8060e+00 +2.6955e+00 -5.6794e-01 -4.7171e-01 +2.5429e-01
4 0 +4.731365485e+01 -1.816345145e+00 -1.816345145e+00 -2.0076e+00 +2.7536e+00 +5.4530e-02 +8.4009e-02 +2.7204e+00
16 0 +3.166121550e+01 -1.746878450e+01 -1.746878450e+01 +1.7276e+00 +1.6512e+00 +1.1047e+00 +8.1827e-01 -1.9027e+00
29 0 +2.794067829e+01 -2.118932171e+01 -2.118932171e+01 -1.2587e-01 +1.5048e+00 -2.9732e+00 +8.9242e-01 +2.2880e+00
41 0 +1.852651422e+01 -3.060348578e+01 -3.060348578e+01 -1.7189e+00 +1.3867e+00 +1.9622e+00 +2.4944e+00 -1.2036e-01
54 0 +1.645410450e+01 -3.267589550e+01 -3.267589550e+01 +1.6624e-01 +2.7959e+00 +3.4952e-01 +1.8979e+00 +1.1444e+00
101 0 +1.306405922e+01 -3.606594078e+01 -3.606594078e+01 -2.2933e+00 +4.2888e-01 -1.3796e+00 -1.3349e+00 +1.2906e+00
278 0 +9.866666104e+00 -3.926333390e+01 -3.926333390e+01 -2.4111e+00 +3.6007e-01 +4.2905e-01 -1.6986e+00 +1.3441e+00
637 0 +9.575883501e+00 -3.955411650e+01 -3.955411650e+01 -1.6669e+00 +8.4065e-01 -9.1992e-01 -1.9732e+00 +2.3509e+00
963 0 +7.906294360e+00 -4.122370564e+01 -4.122370564e+01 -1.6330e+00 -1.4707e+00 +2.6999e+00 +5.4832e-01 -2.1091e+00
2689 0 +4.902594228e+00 -4.422740577e+01 -4.422740577e+01 -5.5617e-01 -1.4597e+00 -2.4834e+00 -1.5666e+00 -2.3608e+00
3208 0 +4.264193480e+00 -4.486580652e+01 -4.486580652e+01 +2.1649e+00 +1.3242e+00 +2.9833e+00 +2.0341e+00 +1.9731e+00
6030 0 +1.785476442e+00 -4.734452356e+01 -4.734452356e+01 -2.7439e+00 +4.7040e-01 -1.1294e-01 -2.2518e+00 +1.7796e+00
58220 0 +1.268775455e+00 -4.786122455e+01 -4.786122455e+01 +2.2827e+00 +1.6442e+00 +2.5376e+00 +2.1341e+00 +2.0624e+00
284249 0 +9.810194884e-01 -4.814898051e+01 -4.814898051e+01 +5.1461e-01 +1.5381e+00 -1.1452e+00 +3.7459e-01 -1.9542e+00
1152062 0 +7.625115457e-01 -4.836748845e+01 -4.836748845e+01 +1.0082e+00 -1.3096e-01 +1.4101e+00 -1.4105e+00 +2.9313e+00
2376136 0 +6.321123414e-01 -4.849788766e+01 -4.849788766e+01 +1.0668e+00 -2.0763e+00 +1.2485e+00 +2.1881e+00 -1.0673e-01
2645713 0 +4.830956784e-01 -4.864690432e+01 -4.864690432e+01 -8.9535e-01 +2.5450e+00 -7.1066e-01 +2.7742e+00 +7.7734e-02
3623019 0 +2.667121528e-01 -4.886328785e+01 -4.886328785e+01 -2.2953e+00 +1.4918e-02 -2.2944e+00 +7.0386e-01 -1.7541e-01
% f evaluations | g evaluations | best noise-free fitness - Fopt (-1.418900000000e+02) + sum g_i+ | measured fitness | best measured fitness or single-digit g-values | x1 | x2...
1 0 +1.052411303e+02 -3.664886970e+01 -3.664886970e+01 -2.4927e+00 +7.7517e-01 -9.5391e-01 -2.3897e+00 +3.2841e-01
2 0 +9.799522988e+01 -4.389477012e+01 -4.389477012e+01 -2.0195e+00 -2.2981e+00 +2.4126e+00 -4.5486e-01 +1.6177e+00
3 0 +5.272376635e+01 -8.916623365e+01 -8.916623365e+01 -1.1942e+00 -2.2688e+00 +2.7297e+00 -1.9760e+00 -4.3678e-02
5 0 +3.941498377e+01 -1.024750162e+02 -1.024750162e+02 +5.4446e-02 +3.5857e-01 -2.7689e+00 +5.6344e-01 +7.8496e-01
23 0 +3.188994194e+01 -1.100000581e+02 -1.100000581e+02 -1.7691e+00 -2.5062e+00 +6.1900e-01 -2.4178e-01 -5.5074e-01
30 0 +2.691810568e+01 -1.149718943e+02 -1.149718943e+02 -1.2230e+00 -8.2904e-01 -2.4549e+00 -1.3605e+00 -1.2025e-01
32 0 +1.597392099e+01 -1.259160790e+02 -1.259160790e+02 -1.8390e+00 -2.7586e+00 +1.1981e+00 +2.7024e+00 +4.9452e-01
113 0 +1.059812967e+01 -1.312918703e+02 -1.312918703e+02 +6.0273e-01 +9.4881e-01 +2.8561e+00 +1.5161e+00 -4.2155e-01
144 0 +5.305844173e+00 -1.365841558e+02 -1.365841558e+02 +8.1028e-02 +2.2373e+00 +5.6180e-01 -1.0152e+00 +3.5757e-01
2127 0 +4.923171241e+00 -1.369668288e+02 -1.369668288e+02 -8.9214e-01 +1.9993e-01 +1.9792e+00 -5.9483e-01 +2.1610e+00
5867 0 +4.007871638e+00 -1.378821284e+02 -1.378821284e+02 +2.7943e+00 +2.0055e-01 +2.0079e+00 -1.6842e+00 +1.7320e+00
13098 0 +2.800135175e+00 -1.390898648e+02 -1.390898648e+02 +2.5175e+00 -2.8522e+00 +7.2766e-01 -1.2222e+00 -2.2632e+00
51499 0 +1.615016276e+00 -1.402749837e+02 -1.402749837e+02 +2.6623e+00 -2.6031e+00 +1.1084e+00 -7.7741e-01 -1.6725e+00
79271 0 +1.541661752e+00 -1.403483382e+02 -1.403483382e+02 -2.8327e-01 -2.4771e+00 -3.8240e-01 +2.5266e+00 +1.6208e+00
112263 0 +9.970491649e-01 -1.408929508e+02 -1.408929508e+02 -3.1503e-02 -1.5336e+00 -2.2466e+00 +8.6053e-01 +2.3911e+00
192262 0 +8.333772925e-01 -1.410566227e+02 -1.410566227e+02 -2.9814e+00 +2.7552e+00 -9.3797e-01 -1.4904e-01 -2.4867e+00
789916 0 +5.196560378e-01 -1.413703440e+02 -1.413703440e+02 -1.0164e+00 -2.4639e+00 +2.6477e+00 +1.8462e+00 +2.4243e+00
1071193 0 +2.154782286e-01 -1.416745218e+02 -1.416745218e+02 -1.8836e-01 +1.1915e+00 +2.4916e+00 +1.0075e+00 -4.3867e-01
% f evaluations | g evaluations | best noise-free fitness - Fopt (1.095700000000e+02) + sum g_i+ | measured fitness | best measured fitness or single-digit g-values | x1 | x2...
1 0 +7.316203980e+01 +1.827320398e+02 +1.827320398e+02 -1.9788e+00 +1.9004e+00 +1.6585e+00 +2.0567e+00 +1.7630e+00
2 0 +5.852208914e+01 +1.680920891e+02 +1.680920891e+02 +4.9347e-01 -1.0422e+00 +1.9694e+00 +1.8079e+00 -2.7941e+00
6 0 +3.472638955e+01 +1.442963896e+02 +1.442963896e+02 -9.1330e-01 -2.1761e+00 -1.7211e+00 +2.3582e+00 +2.7277e+00
20 0 +3.132380694e+01 +1.408938069e+02 +1.408938069e+02 -1.3280e+00 -1.7907e+00 +1.6397e+00 -8.7155e-01 +1.6710e+00
53 0 +2.759249118e+01 +1.371624912e+02 +1.371624912e+02 -1.8729e+00 +2.4763e+00 -2.6307e+00 +2.3537e+00 +2.0597e+00
62 0 +1.882426585e+01 +1.283942659e+02 +1.283942659e+02 +6.6499e-01 -6.6275e-01 -1.1750e+00 -9.2793e-01 -1.9786e+00
81 0 +1.549491585e+01 +1.250649158e+02 +1.250649158e+02 -2.1218e+00 -5.6647e-01 -2.5911e-01 +2.0826e+00 +2.1220e+00
154 0 +1.465065566e+01 +1.242206557e+02 +1.242206557e+02 -8.0781e-01 -1.2477e+00 -1.6454e+00 +2.2554e+00 +1.2500e+00
204 0 +3.666864711e+00 +1.132368647e+02 +1.132368647e+02 +2.8416e+00 +1.5038e+00 +2.6897e+00 -9.3344e-01 +8.3513e-01
16688 0 +2.613503967e+00 +1.121835040e+02 +1.121835040e+02 +3.9749e-01 -9.5608e-01 -7.7882e-01 +1.8964e+00 -9.3772e-01
30865 0 +1.859119119e+00 +1.114291191e+02 +1.114291191e+02 +2.8568e+00 +1.0763e+00 +7.6806e-01 +2.3949e-01 +4.1156e-01
35007 0 +1.496120907e+00 +1.110661209e+02 +1.110661209e+02 +8.1934e-01 -2.6734e+00 +7.9233e-01 -1.5629e+00 -1.3593e+00
58943 0 +1.451170853e+00 +1.110211709e+02 +1.110211709e+02 -1.4528e+00 +2.7862e+00 +1.6280e-01 +7.6123e-01 +1.9464e+00
260589 0 +1.354290299e+00 +1.109242903e+02 +1.109242903e+02 -1.1884e-01 -1.9269e+00 +2.1680e+00 -1.4590e+00 +1.7044e+00
294094 0 +3.085900860e-01 +1.098785901e+02 +1.098785901e+02 +3.6344e-01 +2.1964e-01 +5.8022e-01 -2.3326e+00 -1.6605e+00
2561226 0 +1.267611055e-01 +1.096967611e+02 +1.096967611e+02 +4.9450e-01 +2.4437e+00 +1.6970e+00 +1.2480e-01 -1.2316e+00
% f evaluations | g evaluations | best noise-free fitness - Fopt (7.836000000000e+01) + sum g_i+ | measured fitness | best measured fitness or single-digit g-values | x1 | x2...
1 0 +1.188964944e+02 +1.972564944e+02 +1.972564944e+02 -1.3024e+00 -7.4150e-01 -1.8161e+00 -2.5749e+00 +2.2114e+00
3 0 +6.231325221e+01 +1.406732522e+02 +1.406732522e+02 +8.1436e-01 -2.4536e+00 -9.0630e-02 -6.5697e-01 -2.5805e-01
4 0 +5.843417760e+01 +1.367941776e+02 +1.367941776e+02 -2.6113e+00 -3.9056e-01 +2.9509e+00 +2.3251e+00 +1.5592e+00
7 0 +5.110424087e+01 +1.294642409e+02 +1.294642409e+02 -2.5375e+00 +9.1612e-01 -2.1744e+00 +2.6916e+00 -1.7222e+00
13 0 +3.766079596e+01 +1.160207960e+02 +1.160207960e+02 -6.3639e-01 -1.3214e+00 -2.5156e+00 +2.0683e+00 -1.4646e+00
15 0 +3.504921140e+01 +1.134092114e+02 +1.134092114e+02 +1.6041e+00 +9.4407e-01 +2.1974e+00 -1.5575e-01 -1.4724e+00
16 0 +3.365055150e+01 +1.120105515e+02 +1.120105515e+02 -2.3285e+00 +1.5658e+00 +2.8690e-01 -2.0289e+00 +1.0768e+00
33 0 +2.932264882e+01 +1.076826488e+02 +1.076826488e+02 +1.9294e+00 +1.6041e+00 -2.8468e+00 -6.1930e-01 +5.4163e-01
76 0 +2.381401997e+01 +1.021740200e+02 +1.021740200e+02 +2.1601e+00 +3.1185e-01 +1.8621e+00 -1.0610e+00 +1.3917e+00
103 0 +1.549422476e+01 +9.385422476e+01 +9.385422476e+01 -2.0145e+00 +1.7571e+00 -2.0141e-01 -9.1220e-01 -5.4422e-01
137 0 +1.155052394e+01 +8.991052394e+01 +8.991052394e+01 -1.5446e-01 +1.2913e+00 +2.9777e+00 +2.6055e+00 +1.1991e+00
733 0 +7.252301716e+00 +8.561230172e+01 +8.561230172e+01 -3.8840e-01 -2.6535e+00 +5.6618e-01 +2.0950e+00 +4.0524e-01
1097 0 +4.607346848e+00 +8.296734685e+01 +8.296734685e+01 -1.2976e-01 +1.8381e+00 +2.2508e+00 -2.8513e-01 +5.7914e-04
5044 0 +4.252216199e+00 +8.261221620e+01 +8.261221620e+01 -2.0400e+00 -2.4405e+00 -1.3114e+00 +7.7681e-02 +2.5555e+00
8544 0 +1.591547739e+00 +7.995154774e+01 +7.995154774e+01 +2.8436e+00 -5.6139e-01 -1.5144e+00 +3.4880e-01 +8.8692e-01
35960 0 +1.335114727e+00 +7.969511473e+01 +7.969511473e+01 -1.1395e+00 +1.3656e+00 +2.5788e+00 -1.6873e-01 -2.5212e+00
82831 0 +6.206849458e-01 +7.898068495e+01 +7.898068495e+01 +2.3944e+00 -9.3854e-01 -1.3457e+00 +2.1109e-01 +7.4072e-01
2336314 0 +4.732490242e-01 +7.883324902e+01 +7.883324902e+01 +1.4035e+00 -2.7256e+00 +2.8594e+00 -5.9547e-01 -2.1174e+00
4359539 0 +4.548209088e-01 +7.881482091e+01 +7.881482091e+01 -2.6405e+00 +1.6783e+00 +2.2078e-01 +2.4567e+00 +2.4382e-01
% f evaluations | g evaluations | best noise-free fitness - Fopt (1.140900000000e+02) + sum g_i+ | measured fitness | best measured fitness or single-digit g-values | x1 | x2...
1 0 +1.834528668e+02 +2.975428668e+02 +2.975428668e+02 -3.6861e-01 -8.1937e-01 -1.5175e+00 -1.9445e+00 +1.1837e+00
2 0 +8.436155764e+01 +1.984515576e+02 +1.984515576e+02 -2.5866e+00 +2.6381e+00 +1.1150e+00 -2.8733e-03 -2.4453e-01
3 0 +5.961038991e+01 +1.737003899e+02 +1.737003899e+02 +2.6139e+00 +1.9321e+00 +2.1021e+00 +1.5018e+00 +9.5327e-01
5 0 +4.048040292e+01 +1.545704029e+02 +1.545704029e+02 +2.0477e+00 +1.5954e+00 +1.3527e+00 -8.8205e-01 -2.3628e-01
6 0 +2.770933933e+01 +1.417993393e+02 +1.417993393e+02 -1.5527e+00 +2.4870e+00 +1.2452e-01 -1.5251e+00 -1.6518e+00
32 0 +1.724736162e+01 +1.313373616e+02 +1.313373616e+02 -1.0598e+00 -8.1371e-01 -5.2001e-01 -6.8996e-01 -1.3534e+00
78 0 +1.676910873e+01 +1.308591087e+02 +1.308591087e+02 +1.7425e+00 +2.1827e+00 +1.7851e+00 +1.0211e-01 +1.2919e+00
256 0 +1.521261810e+01 +1.293026181e+02 +1.293026181e+02 -1.2472e+00 -5.1729e-01 +3.3940e-01 +8.5647e-01 +2.7682e+00
281 0 +1.497527174e+01 +1.290652717e+02 +1.290652717e+02 -2.1704e+00 +4.4612e-01 +2.9584e+00 +2.7359e+00 +4.4575e-01
477 0 +1.384422519e+01 +1.279342252e+02 +1.279342252e+02 +2.5050e+00 -1.0502e+00 +1.2256e+00 -1.8421e+00 +4.4921e-01
480 0 +9.003119497e+00 +1.230931195e+02 +1.230931195e+02 +5.7703e-01 +1.0837e+00 +1.6874e+00 +2.6643e+00 +2.3069e+00
804 0 +4.179621582e+00 +1.182696216e+02 +1.182696216e+02 +2.5318e+00 +3.2673e-01 -2.8271e+00 +3.8073e-01 -1.0394e+00
2563 0 +1.504225845e+00 +1.155942258e+02 +1.155942258e+02 -1.4751e+00 +1.3806e+00 -1.7191e+00 +2.4308e+00 -1.9260e+00
95200 0 +1.136048044e+00 +1.152260480e+02 +1.152260480e+02 -6.3269e-01 -1.7184e-01 +9.4925e-01 +4.1413e-01 +1.2237e+00
213673 0 +9.801432065e-01 +1.150701432e+02 +1.150701432e+02 +1.2093e+00 -1.2611e+00 +2.5379e+00 -1.3699e+00 +2.7068e+00
637592 0 +8.183142103e-01 +1.149083142e+02 +1.149083142e+02 +2.8607e+00 +2.7632e+00 +1.4782e+00 +1.4839e+00 -2.0459e+00
981227 0 +2.366849572e-01 +1.143266850e+02 +1.143266850e+02 -2.8499e+00 -1.2190e+00 -2.7476e+00 +1.4987e+00 -2.3730e+00
% f evaluations | g evaluations | best noise-free fitness - Fopt (-5.445900000000e+02) + sum g_i+ | measured fitness | best measured fitness or single-digit g-values | x1 | x2...
1 0 +7.803835811e+01 -4.665516419e+02 -4.665516419e+02 -2.6756e+00 -1.2862e+00 -9.4578e-01 -1.1502e+00 +2.5592e+00
2 0 +3.517488751e+01 -5.094151125e+02 -5.094151125e+02 +2.5534e+00 -9.9573e-01 +1.5454e+00 +2.6412e+00 +7.4426e-01
15 0 +3.103759116e+01 -5.135524088e+02 -5.135524088e+02 +2.2897e+00 +2.3504e+00 +2.0147e+00 +2.2199e+00 +3.4897e-01
30 0 +1.800666058e+01 -5.265833394e+02 -5.265833394e+02 +2.2850e+00 +7.6162e-02 -2.8865e+00 -6.3089e-01 -2.8100e-01
280 0 +1.766126026e+01 -5.269287397e+02 -5.269287397e+02 -2.5684e+00 +2.7345e-01 -2.3957e+00 +5.8806e-01 -7.8498e-01
302 0 +5.019711965e+00 -5.395702880e+02 -5.395702880e+02 -1.0219e+00 +2.5864e+00 -2.8774e+00 -2.1455e+00 +1.5016e+00
3776 0 +3.445717977e+00 -5.411442820e+02 -5.411442820e+02 -3.1079e-01 +2.0622e+00 +6.6179e-01 -2.1866e+00 -1.4558e+00
4719 0 +2.563790956e+00 -5.420262090e+02 -5.420262090e+02 +5.6284e-01 -2.6616e+00 +1.8181e+00 -1.3513e+00 +2.2671e+00
15937 0 +2.081787831e+00 -5.425082122e+02 -5.425082122e+02 +8.1563e-01 -1.7759e-01 -2.9810e+00 +2.3382e+00 +1.7314e+00
70414 0 +1.894540349e+00 -5.426954597e+02 -5.426954597e+02 -1.0564e+00 +1.2198e+00 -7.5457e-01 +1.0884e+00 +1.0535e+00
107729 0 +1.549581172e+00 -5.430404188e+02 -5.430404188e+02 +2.3669e+00 -1.2402e+00 -2.0426e+00 -3.1583e-01 +4.8048e-01
132333 0 +8.738572860e-01 -5.437161427e+02 -5.437161427e+02 -5.0042e-01 +2.2663e+00 +9.2117e-01 -2.5725e+00 -1.3052e+00
1008011 0 +8.132570359e-01 -5.437767430e+02 -5.437767430e+02 -4.3563e-01 +2.3468e+00 +1.0290e+00 -2.7029e+00 -1.1813e+00
1078267 0 +2.923283142e-01 -5.442976717e+02 -5.442976717e+02 -3.3339e-01 -1.8005e+00 -2.8070e+00 -2.1238e+00 -2.3074e+00
