% f evaluations | g evaluations | best noise-free fitness - Fopt (-4.620900000000e+02) + sum g_i+ | measured fitness | best measured fitness or single-digit g-values | x1 | x2...
1 0 +3.924758918e+01 -4.228424108e+02 -4.228424108e+02 +1.6667e+00 +1.6667e+00 +1.6667e+00 +1.6667e+00 +1.6667e+00
3 0 +2.423897594e+01 -4.378510241e+02 -4.378510241e+02 -3.3333e+00 +1.6667e+00 +1.6667e+00 +1.6667e+00 +1.6667e+00
16 0 +2.008478437e+01 -4.420052156e+02 -4.420052156e+02 -3.3343e+00 +1.6481e+00 +1.6583e+00 +1.6210e+00 +1.6324e+00
24 0 +1.752902502e+01 -4.445609750e+02 -4.445609750e+02 -3.3365e+00 +1.5977e+00 +1.6382e+00 +1.6367e+00 +1.5704e+00
31 0 +1.187455930e+01 -4.502154407e+02 -4.502154407e+02 -3.3399e+00 +1.4869e+00 +1.6018e+00 +1.6433e+00 +1.5890e+00
37 0 +1.104780214e+01 -4.510421979e+02 -4.510421979e+02 -3.3358e+00 +1.5059e+00 +1.6188e+00 +1.6459e+00 +1.6178e+00
43 0 +1.095626898e+01 -4.511337310e+02 -4.511337310e+02 -3.3373e+00 +1.4909e+00 +1.6209e+00 +1.6456e+00 +1.6128e+00
313 0 +8.276923037e+00 -4.538130770e+02 -4.538130770e+02 -3.3333e+00 +2.2917e+00 +1.6667e+00 +1.6667e+00 +2.2917e+00
503 0 +7.868262048e+00 -4.542217380e+02 -4.542217380e+02 -3.3333e+00 +2.2917e+00 +1.5885e+00 +1.6667e+00 +2.2917e+00
589 0 +7.631788919e+00 -4.544582111e+02 -4.544582111e+02 -3.3333e+00 +2.2917e+00 +1.6276e+00 +1.6667e+00 +2.2917e+00
608 0 +6.873205876e+00 -4.552167941e+02 -4.552167941e+02 -3.3464e+00 +2.2786e+00 +1.6146e+00 +1.6536e+00 +2.3177e+00
660 0 +6.716092241e+00 -4.553739078e+02 -4.553739078e+02 -3.3464e+00 +2.2982e+00 +1.6146e+00 +1.6536e+00 +2.3177e+00
701 0 +6.361073991e+00 -4.557289260e+02 -4.557289260e+02 -3.3529e+00 +2.2917e+00 +1.6081e+00 +1.6471e+00 +2.3112e+00
712 0 +6.068113048e+00 -4.560218870e+02 -4.560218870e+02 -3.3489e+00 +2.2932e+00 +1.6099e+00 +1.6440e+00 +2.2978e+00
728 0 +5.982556180e+00 -4.561074438e+02 -4.561074438e+02 -3.3318e+00 +2.2996e+00 +1.6186e+00 +1.6460e+00 +2.2994e+00
7711 0 +5.860434948e+00 -4.562295651e+02 -4.562295651e+02 -2.3503e+00 +2.2786e+00 +1.6146e+00 +1.6536e+00 +2.3177e+00
7795 0 +5.703321312e+00 -4.563866787e+02 -4.563866787e+02 -2.3503e+00 +2.2982e+00 +1.6146e+00 +1.6536e+00 +2.3177e+00
8042 0 +5.320894948e+00 -4.567691051e+02 -4.567691051e+02 -2.3568e+00 +2.2917e+00 +1.6081e+00 +1.6471e+00 +2.3112e+00
8272 0 +5.227972950e+00 -4.568620271e+02 -4.568620271e+02 -2.3470e+00 +2.3014e+00 +1.6178e+00 +1.6471e+00 +2.3112e+00
8533 0 +5.125405832e+00 -4.569645942e+02 -4.569645942e+02 -2.3454e+00 +2.2982e+00 +1.6146e+00 +1.6439e+00 +2.3079e+00
9706 0 +2.790190067e+00 -4.592998099e+02 -4.592998099e+02 -3.3333e+00 +2.2917e+00 +1.6667e+00 +7.2917e-01 +2.2917e+00
9882 0 +2.381529078e+00 -4.597084709e+02 -4.597084709e+02 -3.3333e+00 +2.2917e+00 +1.5885e+00 +7.2917e-01 +2.2917e+00
9964 0 +2.145055949e+00 -4.599449441e+02 -4.599449441e+02 -3.3333e+00 +2.2917e+00 +1.6276e+00 +7.2917e-01 +2.2917e+00
10115 0 +2.098289172e+00 -4.599917108e+02 -4.599917108e+02 -3.3268e+00 +2.2982e+00 +1.6146e+00 +7.3568e-01 +2.2982e+00
10141 0 +2.055322076e+00 -4.600346779e+02 -4.600346779e+02 -3.3366e+00 +2.2982e+00 +1.6146e+00 +7.3568e-01 +2.2982e+00
10213 0 +2.000287326e+00 -4.600897127e+02 -4.600897127e+02 -3.3366e+00 +2.2982e+00 +1.6146e+00 +7.2591e-01 +2.2982e+00
18316 0 +1.120328414e+00 -4.609696716e+02 -4.609696716e+02 -3.3333e+00 +2.2917e+00 +2.2135e+00 +7.2917e-01 +2.2917e+00
18332 0 +1.056541872e+00 -4.610334581e+02 -4.610334581e+02 -3.3352e+00 +2.2948e+00 +2.2136e+00 +7.2816e-01 +2.3048e+00
18338 0 +1.005371008e+00 -4.610846290e+02 -4.610846290e+02 -3.3400e+00 +2.3026e+00 +2.2136e+00 +7.2595e-01 +2.2999e+00
18353 0 +9.988020970e-01 -4.610911979e+02 -4.610911979e+02 -3.3369e+00 +2.3003e+00 +2.2135e+00 +7.2973e-01 +2.2986e+00
28064 0 +7.037125915e-01 -4.613862874e+02 -4.613862874e+02 -2.3958e+00 +2.2917e+00 +2.2135e+00 +7.2917e-01 +2.2917e+00
28266 0 +1.720166946e-01 -4.619179833e+02 -4.619179833e+02 -2.3568e+00 +2.2917e+00 +2.2135e+00 +7.2917e-01 +2.2917e+00
29027 0 +9.981397369e-02 -4.619901860e+02 -4.619901860e+02 -2.3503e+00 +2.2982e+00 +2.2201e+00 +7.3568e-01 +2.2982e+00
29567 0 +8.551686034e-02 -4.620044831e+02 -4.620044831e+02 -2.3503e+00 +2.2982e+00 +2.2103e+00 +7.3568e-01 +2.2982e+00
29655 0 +3.048211048e-02 -4.620595179e+02 -4.620595179e+02 -2.3503e+00 +2.2982e+00 +2.2103e+00 +7.2591e-01 +2.2982e+00
29760 0 +2.014780234e-02 -4.620698522e+02 -4.620698522e+02 -2.3470e+00 +2.3014e+00 +2.2135e+00 +7.2917e-01 +2.3014e+00
30281 0 +1.372791307e-02 -4.620762721e+02 -4.620762721e+02 -2.3454e+00 +2.2982e+00 +2.2152e+00 +7.2591e-01 +2.2982e+00
31058 0 +1.305346873e-02 -4.620769465e+02 -4.620769465e+02 -2.3421e+00 +2.3014e+00 +2.2135e+00 +7.2917e-01 +2.3014e+00
31331 0 +1.030955447e-02 -4.620796904e+02 -4.620796904e+02 -2.3405e+00 +2.3031e+00 +2.2152e+00 +7.2591e-01 +2.2982e+00
31539 0 +8.781183625e-03 -4.620812188e+02 -4.620812188e+02 -2.3405e+00 +2.2982e+00 +2.2152e+00 +7.2591e-01 +2.2982e+00
37773 0 +7.799346035e-03 -4.620822007e+02 -4.620822007e+02 -2.3405e+00 +2.3006e+00 +2.2152e+00 +7.2591e-01 +2.2982e+00
39221 0 +6.982496385e-03 -4.620830175e+02 -4.620830175e+02 -2.3405e+00 +2.3006e+00 +2.2127e+00 +7.2591e-01 +2.2982e+00
47005 0 +2.651785151e-03 -4.620873482e+02 -4.620873482e+02 -2.3405e+00 +2.3006e+00 +2.2127e+00 +7.2835e-01 +2.2982e+00
49306 0 +2.522030503e-03 -4.620874780e+02 -4.620874780e+02 -2.3397e+00 +2.3014e+00 +2.2135e+00 +7.2917e-01 +2.2990e+00
51540 0 +2.241835743e-03 -4.620877582e+02 -4.620877582e+02 -2.3397e+00 +2.2990e+00 +2.2135e+00 +7.2917e-01 +2.2990e+00
86458 0 +1.964723893e-03 -4.620880353e+02 -4.620880353e+02 -2.3409e+00 +2.2990e+00 +2.2135e+00 +7.2917e-01 +2.2990e+00
112538 0 +1.649353394e-03 -4.620883506e+02 -4.620883506e+02 -2.3409e+00 +2.3002e+00 +2.2135e+00 +7.2917e-01 +2.2990e+00
226890 0 +1.002152942e-04 -4.620898998e+02 -4.620898998e+02 -2.3409e+00 +2.3002e+00 +2.2135e+00 +7.2795e-01 +2.2990e+00
% f evaluations | g evaluations | best noise-free fitness - Fopt (7.766000000000e+01) + sum g_i+ | measured fitness | best measured fitness or single-digit g-values | x1 | x2...
1 0 +6.608691644e+02 +7.385291644e+02 +7.385291644e+02 +1.6667e+00 +1.6667e+00 +1.6667e+00 +1.6667e+00 +1.6667e+00
2 0 +1.949321120e+02 +2.725921120e+02 +2.725921120e+02 -1.6667e+00 -1.6667e+00 -1.6667e+00 -1.6667e+00 -1.6667e+00
4 0 +1.804904192e+02 +2.581504192e+02 +2.581504192e+02 +3.3333e+00 -1.6667e+00 -1.6667e+00 -1.6667e+00 -1.6667e+00
14 0 +1.605657072e+02 +2.382257072e+02 +2.382257072e+02 +3.4140e+00 -1.6603e+00 -1.7997e+00 -1.6963e+00 -1.8168e+00
21 0 +1.561264042e+02 +2.337864042e+02 +2.337864042e+02 +3.3770e+00 -1.6610e+00 -1.8697e+00 -1.7860e+00 -1.8833e+00
29 0 +1.527462010e+02 +2.304062010e+02 +2.304062010e+02 +3.3740e+00 -1.6607e+00 -1.9216e+00 -1.8594e+00 -1.8678e+00
35 0 +1.513100073e+02 +2.289700073e+02 +2.289700073e+02 +3.3990e+00 -1.6617e+00 -1.8676e+00 -1.8139e+00 -1.8227e+00
108 0 +2.789075169e+01 +1.055507517e+02 +1.055507517e+02 +3.3333e+00 -1.6667e+00 -1.6667e+00 +3.3333e+00 -1.6667e+00
120 0 +9.157904191e+00 +8.681790419e+01 +8.681790419e+01 +3.4140e+00 -1.6603e+00 -1.7997e+00 +3.3120e+00 -1.8168e+00
128 0 +7.516969843e+00 +8.517696984e+01 +8.517696984e+01 +3.3953e+00 -1.6607e+00 -1.8299e+00 +3.3347e+00 -1.8450e+00
135 0 +7.118131338e+00 +8.477813134e+01 +8.477813134e+01 +3.3823e+00 -1.6616e+00 -1.8642e+00 +3.3189e+00 -1.8428e+00
142 0 +7.016077752e+00 +8.467607775e+01 +8.467607775e+01 +3.3934e+00 -1.6616e+00 -1.8750e+00 +3.3248e+00 -1.8370e+00
7573 0 +6.663636269e+00 +8.432363627e+01 +8.432363627e+01 +2.3698e+00 -8.3333e-01 -2.0833e-01 +2.9167e+00 -2.0833e+00
7665 0 +6.517612753e+00 +8.417761275e+01 +8.417761275e+01 +2.4089e+00 -8.3333e-01 -2.0833e-01 +2.9167e+00 -2.0833e+00
7744 0 +6.284507168e+00 +8.394450717e+01 +8.394450717e+01 +2.3958e+00 -8.4635e-01 -2.2135e-01 +2.9036e+00 -2.0964e+00
7866 0 +6.147477196e+00 +8.380747720e+01 +8.380747720e+01 +2.3958e+00 -8.5612e-01 -2.2135e-01 +2.9232e+00 -2.0964e+00
7889 0 +5.996165856e+00 +8.365616586e+01 +8.365616586e+01 +2.3991e+00 -8.5286e-01 -2.1810e-01 +2.9167e+00 -2.1029e+00
9170 0 +3.659423785e+00 +8.131942379e+01 +8.131942379e+01 +2.3698e+00 -8.3333e-01 -1.8490e+00 +2.9167e+00 -2.0833e+00
9199 0 +3.077503239e+00 +8.073750324e+01 +8.073750324e+01 +2.3874e+00 -8.6379e-01 -1.8626e+00 +2.9157e+00 -2.1117e+00
9211 0 +3.001767102e+00 +8.066176710e+01 +8.066176710e+01 +2.4035e+00 -8.5588e-01 -1.8689e+00 +2.9129e+00 -2.1034e+00
26835 0 +2.762213475e+00 +8.042221348e+01 +8.042221348e+01 +2.3958e+00 -8.6589e-01 -1.2370e+00 +2.9036e+00 -2.0964e+00
26867 0 +2.657159056e+00 +8.031715906e+01 +8.031715906e+01 +2.3958e+00 -8.6589e-01 -1.2370e+00 +2.9232e+00 -2.0964e+00
26886 0 +2.581768126e+00 +8.024176813e+01 +8.024176813e+01 +2.3893e+00 -8.7240e-01 -1.2435e+00 +2.9167e+00 -2.1029e+00
26910 0 +2.567848604e+00 +8.022784860e+01 +8.022784860e+01 +2.3991e+00 -8.7240e-01 -1.2435e+00 +2.9167e+00 -2.1029e+00
26934 0 +2.483694746e+00 +8.014369475e+01 +8.014369475e+01 +2.3991e+00 -8.6263e-01 -1.2435e+00 +2.9167e+00 -2.1029e+00
27001 0 +2.444073218e+00 +8.010407322e+01 +8.010407322e+01 +2.3958e+00 -8.6589e-01 -1.2467e+00 +2.9134e+00 -2.1061e+00
27054 0 +2.357496625e+00 +8.001749663e+01 +8.001749663e+01 +2.3942e+00 -8.6263e-01 -1.2484e+00 +2.9167e+00 -2.1029e+00
27181 0 +2.322977552e+00 +7.998297755e+01 +7.998297755e+01 +2.3958e+00 -8.6100e-01 -1.2492e+00 +2.9183e+00 -2.1012e+00
27515 0 +2.288333580e+00 +7.994833358e+01 +7.994833358e+01 +2.3971e+00 -8.5978e-01 -1.2498e+00 +2.9171e+00 -2.1025e+00
32741 0 +2.107460559e+00 +7.976746056e+01 +7.976746056e+01 +2.3958e+00 -8.6589e-01 -1.8620e+00 +2.9232e+00 -2.4674e+00
32751 0 +2.033203733e+00 +7.969320373e+01 +7.969320373e+01 +2.3962e+00 -8.6351e-01 -1.8631e+00 +2.9187e+00 -2.4612e+00
32770 0 +1.990685923e+00 +7.965068592e+01 +7.965068592e+01 +2.3984e+00 -8.5678e-01 -1.8673e+00 +2.9165e+00 -2.4635e+00
213832 0 +1.715340721e+00 +7.937534072e+01 +7.937534072e+01 +2.3958e+00 -8.4635e-01 -1.2370e+00 +3.3333e+00 -2.0964e+00
213945 0 +1.504107620e+00 +7.916410762e+01 +7.916410762e+01 +2.3893e+00 -8.5286e-01 -1.2435e+00 +3.3268e+00 -2.1029e+00
214046 0 +1.429282401e+00 +7.908928240e+01 +7.908928240e+01 +2.3958e+00 -8.5612e-01 -1.2467e+00 +3.3236e+00 -2.0964e+00
214076 0 +1.410430618e+00 +7.907043062e+01 +7.907043062e+01 +2.3958e+00 -8.5612e-01 -1.2467e+00 +3.3236e+00 -2.1061e+00
214187 0 +1.362235031e+00 +7.902223503e+01 +7.902223503e+01 +2.3942e+00 -8.5775e-01 -1.2484e+00 +3.3268e+00 -2.1029e+00
214277 0 +1.347219618e+00 +7.900721962e+01 +7.900721962e+01 +2.3966e+00 -8.5775e-01 -1.2484e+00 +3.3219e+00 -2.1029e+00
214340 0 +1.314055734e+00 +7.897405573e+01 +7.897405573e+01 +2.3958e+00 -8.5612e-01 -1.2492e+00 +3.3236e+00 -2.1012e+00
215112 0 +1.287002728e+00 +7.894700273e+01 +7.894700273e+01 +2.3971e+00 -8.5612e-01 -1.2498e+00 +3.3236e+00 -2.1025e+00
219015 0 +1.179541023e+00 +7.883954102e+01 +7.883954102e+01 +2.3893e+00 -8.5286e-01 -1.8685e+00 +3.3268e+00 -2.4544e+00
219025 0 +1.110186858e+00 +7.877018686e+01 +7.877018686e+01 +2.3915e+00 -8.5421e-01 -1.8683e+00 +3.3187e+00 -2.4705e+00
219031 0 +1.016548290e+00 +7.867654829e+01 +7.867654829e+01 +2.3967e+00 -8.5921e-01 -1.8678e+00 +3.3257e+00 -2.4664e+00
219051 0 +9.958825016e-01 +7.865588250e+01 +7.865588250e+01 +2.3980e+00 -8.5586e-01 -1.8681e+00 +3.3226e+00 -2.4644e+00
% f evaluations | g evaluations | best noise-free fitness - Fopt (1.156800000000e+02) + sum g_i+ | measured fitness | best measured fitness or single-digit g-values | x1 | x2...
1 0 +1.309323723e+03 +1.425003723e+03 +1.425003723e+03 +1.6667e+00 +1.6667e+00 +1.6667e+00 +1.6667e+00 +1.6667e+00
2 0 +2.385038252e+02 +3.541838252e+02 +3.541838252e+02 -1.6667e+00 -1.6667e+00 -1.6667e+00 -1.6667e+00 -1.6667e+00
14 0 +1.306750312e+02 +2.463550312e+02 +2.463550312e+02 -1.6667e+00 -1.6667e+00 -1.6667e+00 +3.3333e+00 -1.6667e+00
17 0 +1.127688218e+02 +2.284488218e+02 +2.284488218e+02 -3.3333e+00 -3.3333e+00 -3.3333e+00 +1.6667e+00 -3.3333e+00
29 0 +1.023932227e+02 +2.180732227e+02 +2.180732227e+02 -3.1086e+00 -3.2577e+00 -3.0197e+00 +1.3479e+00 -2.8065e+00
35 0 +6.747651984e+01 +1.831565198e+02 +1.831565198e+02 -3.1770e+00 -3.2659e+00 -3.1693e+00 +1.5033e+00 -2.9878e+00
43 0 +6.598115935e+01 +1.816611594e+02 +1.816611594e+02 -3.1802e+00 -3.2676e+00 -3.1526e+00 +1.5533e+00 -2.9906e+00
119 0 +5.710985371e+01 +1.727898537e+02 +1.727898537e+02 -3.3333e+00 -8.3333e-01 -8.3333e-01 +1.6667e+00 -3.3333e+00
125 0 +4.575163074e+01 +1.614316307e+02 +1.614316307e+02 -3.3333e+00 -8.3333e-01 -8.3333e-01 +4.1667e+00 -3.3333e+00
143 0 +4.504538802e+01 +1.607253880e+02 +1.607253880e+02 -3.2772e+00 -8.8684e-01 -8.4106e-01 +4.3442e+00 -3.2016e+00
149 0 +4.417892873e+01 +1.598589287e+02 +1.598589287e+02 -3.0737e+00 -1.1072e+00 -8.3046e-01 +4.3291e+00 -3.2423e+00
155 0 +2.335828208e+01 +1.390382821e+02 +1.390382821e+02 -3.1316e+00 -1.0014e+00 -8.5888e-01 +4.2526e+00 -3.2012e+00
167 0 +1.868231628e+01 +1.343623163e+02 +1.343623163e+02 -3.1503e+00 -9.8095e-01 -8.4977e-01 +4.1839e+00 -3.2127e+00
175 0 +1.779961670e+01 +1.334796167e+02 +1.334796167e+02 -3.1483e+00 -1.0135e+00 -8.1788e-01 +4.1930e+00 -3.2724e+00
182 0 +1.576691902e+01 +1.314469190e+02 +1.314469190e+02 -3.1949e+00 -9.7045e-01 -8.1630e-01 +4.2106e+00 -3.2493e+00
195 0 +1.498793409e+01 +1.306679341e+02 +1.306679341e+02 -3.1631e+00 -9.8145e-01 -8.3732e-01 +4.2102e+00 -3.2402e+00
1670 0 +1.361971374e+01 +1.292997137e+02 +1.292997137e+02 -2.2917e+00 -1.0417e+00 -4.1667e-01 +2.7083e+00 -2.9167e+00
1680 0 +1.283170224e+01 +1.285117022e+02 +1.285117022e+02 -2.2917e+00 -1.0417e+00 -4.1667e-01 +2.7083e+00 -3.5417e+00
1687 0 +1.194281558e+01 +1.276228156e+02 +1.276228156e+02 -2.1504e+00 -9.8521e-01 -3.0034e-01 +2.5618e+00 -3.6226e+00
1693 0 +7.242445696e+00 +1.229224457e+02 +1.229224457e+02 -2.1339e+00 -9.7438e-01 -3.1723e-01 +2.6700e+00 -3.5543e+00
1701 0 +5.544961406e+00 +1.212249614e+02 +1.212249614e+02 -2.1477e+00 -9.7487e-01 -3.3768e-01 +2.7313e+00 -3.5852e+00
1707 0 +4.262374691e+00 +1.199423747e+02 +1.199423747e+02 -2.1756e+00 -9.9139e-01 -3.8836e-01 +2.6601e+00 -3.6313e+00
1713 0 +2.232798671e+00 +1.179127987e+02 +1.179127987e+02 -2.1886e+00 -9.8642e-01 -3.4525e-01 +2.6705e+00 -3.5976e+00
1719 0 +2.104616910e+00 +1.177846169e+02 +1.177846169e+02 -2.1624e+00 -9.7620e-01 -3.4339e-01 +2.6871e+00 -3.6062e+00
1725 0 +2.004535432e+00 +1.176845354e+02 +1.176845354e+02 -2.1730e+00 -9.8724e-01 -3.5378e-01 +2.6822e+00 -3.6051e+00
1731 0 +1.995176420e+00 +1.176751764e+02 +1.176751764e+02 -2.1769e+00 -9.8080e-01 -3.5199e-01 +2.6804e+00 -3.6044e+00
36775 0 +1.562497382e+00 +1.172424974e+02 +1.172424974e+02 -2.1615e+00 -9.8958e-01 +2.6042e-01 +3.0729e+00 -3.2552e+00
36838 0 +1.353440316e+00 +1.170334403e+02 +1.170334403e+02 -2.1745e+00 -1.0026e+00 +2.4740e-01 +3.0990e+00 -3.2292e+00
36884 0 +1.341514910e+00 +1.170215149e+02 +1.170215149e+02 -2.1745e+00 -9.6354e-01 +2.4740e-01 +3.0990e+00 -3.2292e+00
37000 0 +1.220449532e+00 +1.169004495e+02 +1.169004495e+02 -2.1745e+00 -9.8307e-01 +2.4740e-01 +3.0990e+00 -3.2292e+00
37063 0 +1.070897106e+00 +1.167508971e+02 +1.167508971e+02 -2.1810e+00 -9.8958e-01 +2.4089e-01 +3.0924e+00 -3.2357e+00
37210 0 +1.043509163e+00 +1.167235092e+02 +1.167235092e+02 -2.1842e+00 -9.8307e-01 +2.3763e-01 +3.0892e+00 -3.2389e+00
37294 0 +1.011332563e+00 +1.166913326e+02 +1.166913326e+02 -2.1794e+00 -9.8307e-01 +2.4251e-01 +3.0892e+00 -3.2389e+00
39576 0 +9.983111675e-01 +1.166783112e+02 +1.166783112e+02 -2.1794e+00 -9.8307e-01 +2.4251e-01 +3.0892e+00 -3.2438e+00
86996 0 +6.916030050e-01 +1.163716030e+02 +1.163716030e+02 -2.1745e+00 -9.6354e-01 +2.4740e-01 +3.0990e+00 -3.6198e+00
87010 0 +1.409475511e-01 +1.158209476e+02 +1.158209476e+02 -2.1753e+00 -9.6868e-01 +2.4727e-01 +3.0936e+00 -3.6004e+00
87017 0 +1.666668167e-02 +1.156966667e+02 +1.156966667e+02 -2.1770e+00 -9.7999e-01 +2.4666e-01 +3.0857e+00 -3.6044e+00
87025 0 +1.752990485e-03 +1.156817530e+02 +1.156817530e+02 -2.1776e+00 -9.8467e-01 +2.4433e-01 +3.0882e+00 -3.6052e+00
87031 0 +1.637622505e-03 +1.156816376e+02 +1.156816376e+02 -2.1783e+00 -9.8297e-01 +2.4603e-01 +3.0895e+00 -3.6045e+00
87037 0 +7.008230982e-05 +1.156800701e+02 +1.156800701e+02 -2.1784e+00 -9.8280e-01 +2.4489e-01 +3.0888e+00 -3.6047e+00
87043 0 +1.723116570e-05 +1.156800172e+02 +1.156800172e+02 -2.1784e+00 -9.8321e-01 +2.4469e-01 +3.0887e+00 -3.6048e+00
87049 0 +1.440289736e-05 +1.156800144e+02 +1.156800144e+02 -2.1784e+00 -9.8335e-01 +2.4488e-01 +3.0888e+00 -3.6048e+00
87055 0 +4.174713979e-07 +1.156800004e+02 +1.156800004e+02 -2.1784e+00 -9.8317e-01 +2.4479e-01 +3.0888e+00 -3.6048e+00
87061 0 +5.626122856e-08 +1.156800001e+02 +1.156800001e+02 -2.1784e+00 -9.8321e-01 +2.4479e-01 +3.0888e+00 -3.6048e+00
87064 0 +5.622781885e-08 +1.156800001e+02 +1.156800001e+02 -2.1784e+00 -9.8321e-01 +2.4479e-01 +3.0888e+00 -3.6048e+00
87067 0 +4.618968319e-09 +1.156800000e+02 +1.156800000e+02 -2.1784e+00 -9.8320e-01 +2.4480e-01 +3.0888e+00 -3.6048e+00
% f evaluations | g evaluations | best noise-free fitness - Fopt (-3.710000000000e+00) + sum g_i+ | measured fitness | best measured fitness or single-digit g-values | x1 | x2...
1 0 +1.302275628e+02 +1.265175628e+02 +1.265175628e+02 +1.6667e+00 +1.6667e+00 +1.6667e+00 +1.6667e+00 +1.6667e+00
5 0 +1.137766605e+02 +1.100666605e+02 +1.100666605e+02 +1.6667e+00 -3.3333e+00 +1.6667e+00 +1.6667e+00 +1.6667e+00
17 0 +1.094793803e+02 +1.057693803e+02 +1.057693803e+02 +1.5912e+00 -3.1532e+00 +2.0364e+00 +2.0064e+00 +2.0851e+00
23 0 +7.255745239e+01 +6.884745239e+01 +6.884745239e+01 +1.4503e+00 -2.9656e+00 +1.9888e+00 +1.9414e+00 +2.4276e+00
31 0 +6.212638854e+01 +5.841638854e+01 +5.841638854e+01 +1.2021e+00 -2.7547e+00 +1.8824e+00 +1.7982e+00 +3.0675e+00
39 0 +5.651508848e+01 +5.280508848e+01 +5.280508848e+01 +1.0278e+00 -2.5975e+00 +1.8012e+00 +1.7107e+00 +3.5482e+00
51 0 +4.876396477e+01 +4.505396477e+01 +4.505396477e+01 +1.0976e+00 -2.5660e+00 +1.7757e+00 +1.8322e+00 +3.5601e+00
57 0 +4.664534680e+01 +4.293534680e+01 +4.293534680e+01 +1.1654e+00 -2.5126e+00 +1.8219e+00 +1.7308e+00 +3.5210e+00
63 0 +3.936794488e+01 +3.565794488e+01 +3.565794488e+01 +1.1824e+00 -2.4418e+00 +1.7672e+00 +1.7555e+00 +3.5403e+00
71 0 +3.344545269e+01 +2.973545269e+01 +2.973545269e+01 +1.2120e+00 -2.3133e+00 +1.7367e+00 +1.7868e+00 +3.5620e+00
77 0 +3.129586012e+01 +2.758586012e+01 +2.758586012e+01 +1.1964e+00 -2.3210e+00 +1.7637e+00 +1.8436e+00 +3.5191e+00
83 0 +3.018046928e+01 +2.647046928e+01 +2.647046928e+01 +1.1872e+00 -2.3029e+00 +1.7651e+00 +1.8143e+00 +3.5145e+00
527 0 +2.856719243e+01 +2.485719243e+01 +2.485719243e+01 +4.1667e+00 -8.3333e-01 +2.2917e+00 +4.7917e+00 +2.9167e+00
539 0 +1.919445412e+01 +1.548445412e+01 +1.548445412e+01 +4.1667e+00 -8.3333e-01 +2.2917e+00 +4.7917e+00 +3.5417e+00
563 0 +1.276961627e+01 +9.059616270e+00 +9.059616270e+00 +4.1406e+00 -8.3115e-01 +2.3419e+00 +4.8435e+00 +3.5277e+00
571 0 +1.199651564e+01 +8.286515636e+00 +8.286515636e+00 +4.1122e+00 -8.2750e-01 +2.3530e+00 +4.8257e+00 +3.5135e+00
579 0 +1.152877075e+01 +7.818770746e+00 +7.818770746e+00 +4.1007e+00 -8.2325e-01 +2.3365e+00 +4.8291e+00 +3.5062e+00
585 0 +1.128073221e+01 +7.570732214e+00 +7.570732214e+00 +4.1256e+00 -8.0714e-01 +2.3257e+00 +4.8262e+00 +3.5127e+00
591 0 +1.114149361e+01 +7.431493611e+00 +7.431493611e+00 +4.1169e+00 -7.9699e-01 +2.3303e+00 +4.8277e+00 +3.5196e+00
603 0 +1.095739684e+01 +7.247396839e+00 +7.247396839e+00 +4.1149e+00 -7.4398e-01 +2.3331e+00 +4.8286e+00 +3.5122e+00
3054 0 +9.061990654e+00 +5.351990654e+00 +5.351990654e+00 +4.1146e+00 -8.0729e-01 +2.3177e+00 +3.4896e+00 +3.4896e+00
3075 0 +8.520851300e+00 +4.810851300e+00 +4.810851300e+00 +4.1169e+00 -8.0397e-01 +2.3463e+00 +3.5056e+00 +3.5111e+00
3082 0 +8.364228998e+00 +4.654228998e+00 +4.654228998e+00 +4.1189e+00 -7.9720e-01 +2.3304e+00 +3.5133e+00 +3.5288e+00
3088 0 +8.252836399e+00 +4.542836399e+00 +4.542836399e+00 +4.1174e+00 -7.8364e-01 +2.3294e+00 +3.4912e+00 +3.5212e+00
3100 0 +8.004029511e+00 +4.294029511e+00 +4.294029511e+00 +4.1177e+00 -7.6614e-01 +2.3313e+00 +3.5044e+00 +3.5142e+00
4650 0 +6.188536230e+00 +2.478536230e+00 +2.478536230e+00 +4.1146e+00 -1.4323e+00 +2.3177e+00 +3.4896e+00 +3.4896e+00
4677 0 +5.402831440e+00 +1.692831440e+00 +1.692831440e+00 +4.1169e+00 -1.4476e+00 +2.3463e+00 +3.5056e+00 +3.5111e+00
4684 0 +5.228591348e+00 +1.518591348e+00 +1.518591348e+00 +4.1190e+00 -1.4681e+00 +2.3279e+00 +3.5132e+00 +3.5293e+00
4691 0 +5.051534035e+00 +1.341534035e+00 +1.341534035e+00 +4.1179e+00 -1.4737e+00 +2.3296e+00 +3.5008e+00 +3.5227e+00
4698 0 +4.994068544e+00 +1.284068544e+00 +1.284068544e+00 +4.1167e+00 -1.4708e+00 +2.3314e+00 +3.5049e+00 +3.5105e+00
5197 0 +4.654090975e+00 +9.440909753e-01 +9.440909753e-01 +4.1146e+00 -1.4714e+00 +1.7708e+00 +3.4896e+00 +3.4896e+00
5229 0 +4.353241544e+00 +6.432415435e-01 +6.432415435e-01 +4.1183e+00 -1.4628e+00 +1.7904e+00 +3.4883e+00 +3.5288e+00
5236 0 +4.060486662e+00 +3.504866622e-01 +3.504866622e-01 +4.1164e+00 -1.4621e+00 +1.7779e+00 +3.4962e+00 +3.5102e+00
5255 0 +3.979970393e+00 +2.699703933e-01 +2.699703933e-01 +4.1173e+00 -1.4638e+00 +1.7829e+00 +3.5032e+00 +3.5137e+00
8397 0 +3.740637843e+00 +3.063784296e-02 +3.063784296e-02 +3.0990e+00 -1.4714e+00 +1.7708e+00 +3.4896e+00 +3.4896e+00
8435 0 +3.631489657e+00 -7.851034349e-02 -7.851034349e-02 +3.1084e+00 -1.4672e+00 +1.7944e+00 +3.5216e+00 +3.5327e+00
8441 0 +3.377748837e+00 -3.322511633e-01 -3.322511633e-01 +3.1216e+00 -1.4626e+00 +1.7907e+00 +3.4881e+00 +3.5294e+00
8448 0 +3.066953487e+00 -6.430465132e-01 -6.430465132e-01 +3.1248e+00 -1.4619e+00 +1.7781e+00 +3.4963e+00 +3.5105e+00
8454 0 +2.995835564e+00 -7.141644359e-01 -7.141644359e-01 +3.1223e+00 -1.4646e+00 +1.7859e+00 +3.5048e+00 +3.5111e+00
28473 0 +2.737037580e+00 -9.729624198e-01 -9.729624198e-01 +3.0990e+00 -2.2917e+00 +1.7708e+00 +3.4896e+00 +3.4896e+00
28513 0 +2.634850275e+00 -1.075149725e+00 -1.075149725e+00 +3.1084e+00 -2.2968e+00 +1.7944e+00 +3.5216e+00 +3.5327e+00
28519 0 +2.385203259e+00 -1.324796741e+00 -1.324796741e+00 +3.1215e+00 -2.2985e+00 +1.7906e+00 +3.4880e+00 +3.5293e+00
28526 0 +2.073042543e+00 -1.636957457e+00 -1.636957457e+00 +3.1248e+00 -2.2959e+00 +1.7780e+00 +3.4961e+00 +3.5105e+00
28532 0 +2.000478427e+00 -1.709521573e+00 -1.709521573e+00 +3.1226e+00 -2.2949e+00 +1.7858e+00 +3.5048e+00 +3.5112e+00
28538 0 +1.992052344e+00 -1.717947656e+00 -1.717947656e+00 +3.1218e+00 -2.2951e+00 +1.7835e+00 +3.5039e+00 +3.5153e+00
69658 0 +1.267855507e+00 -2.442144493e+00 -2.442144493e+00 +3.1510e+00 -2.2786e+00 +1.7839e+00 +3.5026e+00 +3.1510e+00
69707 0 +1.225107888e+00 -2.484892112e+00 -2.484892112e+00 +3.1473e+00 -2.2880e+00 +1.7830e+00 +3.5048e+00 +3.1581e+00
69715 0 +1.186888970e+00 -2.523111030e+00 -2.523111030e+00 +3.1368e+00 -2.3049e+00 +1.7821e+00 +3.5052e+00 +3.1607e+00
69727 0 +1.117485697e+00 -2.592514303e+00 -2.592514303e+00 +3.1235e+00 -2.2926e+00 +1.7839e+00 +3.4936e+00 +3.1496e+00
69733 0 +1.094043596e+00 -2.615956404e+00 -2.615956404e+00 +3.1124e+00 -2.2817e+00 +1.7855e+00 +3.5063e+00 +3.1560e+00
69739 0 +9.989941916e-01 -2.711005808e+00 -2.711005808e+00 +3.1182e+00 -2.2961e+00 +1.7816e+00 +3.5045e+00 +3.1534e+00
146292 0 +5.701982247e-01 -3.139801775e+00 -3.139801775e+00 +3.1120e+00 -2.2786e+00 +1.7839e+00 +3.9323e+00 +3.1510e+00
146338 0 +4.404542283e-01 -3.269545772e+00 -3.269545772e+00 +3.1135e+00 -2.2833e+00 +1.7834e+00 +3.8921e+00 +3.1546e+00
146344 0 +3.154356149e-01 -3.394564385e+00 -3.394564385e+00 +3.1177e+00 -2.3031e+00 +1.7827e+00 +3.9040e+00 +3.1413e+00
146352 0 +1.545292365e-01 -3.555470764e+00 -3.555470764e+00 +3.1205e+00 -2.3139e+00 +1.7825e+00 +3.9146e+00 +3.1507e+00
146358 0 +9.910021014e-03 -3.700089979e+00 -3.700089979e+00 +3.1191e+00 -2.2899e+00 +1.7838e+00 +3.9100e+00 +3.1526e+00
146364 0 +3.060357083e-03 -3.706939643e+00 -3.706939643e+00 +3.1199e+00 -2.2924e+00 +1.7821e+00 +3.9105e+00 +3.1527e+00
146370 0 +1.199891887e-03 -3.708800108e+00 -3.708800108e+00 +3.1207e+00 -2.2965e+00 +1.7839e+00 +3.9108e+00 +3.1527e+00
146376 0 +4.493409639e-04 -3.709550659e+00 -3.709550659e+00 +3.1201e+00 -2.2942e+00 +1.7833e+00 +3.9105e+00 +3.1528e+00
146382 0 +5.934895093e-05 -3.709940651e+00 -3.709940651e+00 +3.1199e+00 -2.2953e+00 +1.7830e+00 +3.9102e+00 +3.1528e+00
146388 0 +1.882377898e-06 -3.709998118e+00 -3.709998118e+00 +3.1200e+00 -2.2953e+00 +1.7832e+00 +3.9104e+00 +3.1528e+00
146394 0 +1.356857862e-07 -3.709999864e+00 -3.709999864e+00 +3.1200e+00 -2.2952e+00 +1.7832e+00 +3.9104e+00 +3.1528e+00
146400 0 +4.874201220e-08 -3.709999951e+00 -3.709999951e+00 +3.1200e+00 -2.2952e+00 +1.7832e+00 +3.9104e+00 +3.1528e+00
146406 0 +9.484257824e-10 -3.709999999e+00 -3.709999999e+00 +3.1200e+00 -2.2952e+00 +1.7832e+00 +3.9104e+00 +3.1528e+00
% f evaluations | g evaluations | best noise-free fitness - Fopt (1.321800000000e+02) + sum g_i+ | measured fitness | best measured fitness or single-digit g-values | x1 | x2...
1 0 +8.064284479e+02 +9.386084479e+02 +9.386084479e+02 +1.6667e+00 +1.6667e+00 +1.6667e+00 +1.6667e+00 +1.6667e+00
2 0 +1.410731319e+02 +2.732531319e+02 +2.732531319e+02 -1.6667e+00 -1.6667e+00 -1.6667e+00 -1.6667e+00 -1.6667e+00
10 0 +6.907940464e+01 +2.012594046e+02 +2.012594046e+02 -1.6667e+00 -1.6667e+00 +3.3333e+00 -1.6667e+00 -1.6667e+00
22 0 +2.789150432e+01 +1.600715043e+02 +1.600715043e+02 -1.7756e+00 -1.5707e+00 +3.5129e+00 -1.5111e+00 -1.8916e+00
37 0 +2.562293919e+01 +1.578029392e+02 +1.578029392e+02 -1.7736e+00 -1.5530e+00 +3.4586e+00 -1.4970e+00 -1.8441e+00
44 0 +2.505322654e+01 +1.572332265e+02 +1.572332265e+02 -1.7576e+00 -1.5685e+00 +3.4496e+00 -1.4940e+00 -1.8628e+00
706 0 +2.090431071e+01 +1.530843107e+02 +1.530843107e+02 -2.7083e+00 +2.2917e+00 +2.9167e+00 -2.0833e+00 -2.0833e+00
727 0 +1.856971512e+01 +1.507497151e+02 +1.507497151e+02 -2.8024e+00 +2.3012e+00 +2.8820e+00 -1.8351e+00 -2.1836e+00
734 0 +1.490128651e+01 +1.470812865e+02 +1.470812865e+02 -2.7890e+00 +2.3075e+00 +2.8664e+00 -1.8469e+00 -2.1136e+00
740 0 +5.264605260e+00 +1.374446053e+02 +1.374446053e+02 -2.7272e+00 +2.3190e+00 +2.8514e+00 -1.9607e+00 -2.1441e+00
747 0 +4.575112564e+00 +1.367551126e+02 +1.367551126e+02 -2.7654e+00 +2.3177e+00 +2.8586e+00 -1.9866e+00 -2.1437e+00
754 0 +4.131576871e+00 +1.363115769e+02 +1.363115769e+02 -2.7791e+00 +2.3139e+00 +2.8680e+00 -1.9592e+00 -2.1351e+00
760 0 +3.984786058e+00 +1.361647861e+02 +1.361647861e+02 -2.7659e+00 +2.3127e+00 +2.8674e+00 -1.9655e+00 -2.1334e+00
766 0 +3.980634739e+00 +1.361606347e+02 +1.361606347e+02 -2.7666e+00 +2.3138e+00 +2.8647e+00 -1.9655e+00 -2.1320e+00
27307 0 +3.507984825e+00 +1.356879848e+02 +1.356879848e+02 -3.7760e+00 +2.3177e+00 +3.4896e+00 -2.3698e+00 -2.1354e+00
27377 0 +3.108057119e+00 +1.352880571e+02 +1.352880571e+02 -3.7760e+00 +2.3177e+00 +3.4505e+00 -2.3698e+00 -2.1354e+00
27475 0 +3.062032852e+00 +1.352420329e+02 +1.352420329e+02 -3.7565e+00 +2.3177e+00 +3.4701e+00 -2.3698e+00 -2.1354e+00
27657 0 +3.009446466e+00 +1.351894465e+02 +1.351894465e+02 -3.7663e+00 +2.3177e+00 +3.4603e+00 -2.3698e+00 -2.1354e+00
65895 0 +2.709354769e+00 +1.348893548e+02 +1.348893548e+02 -3.7760e+00 +1.4583e+00 +3.4896e+00 -2.3698e+00 -2.1354e+00
66229 0 +2.309427062e+00 +1.344894271e+02 +1.344894271e+02 -3.7760e+00 +1.4583e+00 +3.4505e+00 -2.3698e+00 -2.1354e+00
66237 0 +2.069143700e+00 +1.342491437e+02 +1.342491437e+02 -3.7687e+00 +1.4803e+00 +3.4712e+00 -2.3766e+00 -2.1292e+00
66244 0 +2.017203975e+00 +1.341972040e+02 +1.341972040e+02 -3.7653e+00 +1.4862e+00 +3.4664e+00 -2.3700e+00 -2.1299e+00
66262 0 +1.990494790e+00 +1.341704948e+02 +1.341704948e+02 -3.7650e+00 +1.4833e+00 +3.4617e+00 -2.3725e+00 -2.1305e+00
202000 0 +1.917830300e+00 +1.340978303e+02 +1.340978303e+02 -3.7760e+00 +1.4583e+00 +3.4896e+00 -1.9792e+00 -2.1354e+00
202474 0 +1.517902594e+00 +1.336979026e+02 +1.336979026e+02 -3.7760e+00 +1.4583e+00 +3.4505e+00 -1.9792e+00 -2.1354e+00
202613 0 +1.078916166e+00 +1.332589162e+02 +1.332589162e+02 -3.7630e+00 +1.4714e+00 +3.4635e+00 -1.9661e+00 -2.1224e+00
203185 0 +1.064184267e+00 +1.332441843e+02 +1.332441843e+02 -3.7630e+00 +1.4909e+00 +3.4635e+00 -1.9661e+00 -2.1224e+00
203189 0 +1.039093562e+00 +1.332190936e+02 +1.332190936e+02 -3.7630e+00 +1.4811e+00 +3.4635e+00 -1.9661e+00 -2.1224e+00
203862 0 +1.014469161e+00 +1.331944692e+02 +1.331944692e+02 -3.7614e+00 +1.4827e+00 +3.4603e+00 -1.9645e+00 -2.1257e+00
204401 0 +9.993472872e-01 +1.331793473e+02 +1.331793473e+02 -3.7630e+00 +1.4811e+00 +3.4635e+00 -1.9661e+00 -2.1322e+00
% f evaluations | g evaluations | best noise-free fitness - Fopt (1.104800000000e+02) + sum g_i+ | measured fitness | best measured fitness or single-digit g-values | x1 | x2...
1 0 +1.820136887e+02 +2.924936887e+02 +2.924936887e+02 +1.6667e+00 +1.6667e+00 +1.6667e+00 +1.6667e+00 +1.6667e+00
5 0 +1.793298145e+02 +2.898098145e+02 +2.898098145e+02 +1.6667e+00 -3.3333e+00 +1.6667e+00 +1.6667e+00 +1.6667e+00
9 0 +9.825650811e+01 +2.087365081e+02 +2.087365081e+02 +1.6667e+00 -3.3333e+00 -3.3333e+00 +1.6667e+00 +1.6667e+00
21 0 +7.977495426e+01 +1.902549543e+02 +1.902549543e+02 +1.4943e+00 -3.1371e+00 -3.3997e+00 +1.2356e+00 +1.9766e+00
28 0 +7.209589916e+01 +1.825758992e+02 +1.825758992e+02 +1.4779e+00 -3.1231e+00 -3.2909e+00 +1.2188e+00 +1.9075e+00
36 0 +6.796463135e+01 +1.784446314e+02 +1.784446314e+02 +1.4781e+00 -3.1272e+00 -3.2985e+00 +1.2474e+00 +1.8254e+00
42 0 +6.565386860e+01 +1.761338686e+02 +1.761338686e+02 +1.4969e+00 -3.1552e+00 -3.3497e+00 +1.2799e+00 +1.8620e+00
128 0 +3.177814813e+01 +1.422581481e+02 +1.422581481e+02 +3.3333e+00 -1.6667e+00 -1.6667e+00 +3.3333e+00 +3.3333e+00
141 0 +2.478678667e+01 +1.352667867e+02 +1.352667867e+02 +3.3862e+00 -1.6662e+00 -1.7193e+00 +3.1715e+00 +3.3943e+00
149 0 +1.959812153e+01 +1.300781215e+02 +1.300781215e+02 +3.4450e+00 -1.6659e+00 -1.7291e+00 +3.1458e+00 +3.3393e+00
156 0 +1.766278615e+01 +1.281427862e+02 +1.281427862e+02 +3.5591e+00 -1.6655e+00 -1.6930e+00 +3.1787e+00 +3.3572e+00
162 0 +1.534580851e+01 +1.258258085e+02 +1.258258085e+02 +3.5399e+00 -1.6656e+00 -1.7647e+00 +3.2720e+00 +3.3805e+00
168 0 +1.347593298e+01 +1.239559330e+02 +1.239559330e+02 +3.4035e+00 -1.6663e+00 -1.6868e+00 +3.2827e+00 +3.3581e+00
174 0 +1.262495521e+01 +1.231049552e+02 +1.231049552e+02 +3.4856e+00 -1.6660e+00 -1.7011e+00 +3.2110e+00 +3.3417e+00
180 0 +8.785662900e+00 +1.192656629e+02 +1.192656629e+02 +3.5263e+00 -1.6655e+00 -1.7231e+00 +3.2615e+00 +3.3554e+00
186 0 +8.429094701e+00 +1.189090947e+02 +1.189090947e+02 +3.4883e+00 -1.6660e+00 -1.7129e+00 +3.2809e+00 +3.3553e+00
192 0 +8.232478984e+00 +1.187124790e+02 +1.187124790e+02 +3.4808e+00 -1.6659e+00 -1.7087e+00 +3.2595e+00 +3.3521e+00
198 0 +7.973928630e+00 +1.184539286e+02 +1.184539286e+02 +3.4987e+00 -1.6658e+00 -1.7132e+00 +3.2663e+00 +3.3521e+00
2627 0 +5.717058576e+00 +1.161970586e+02 +1.161970586e+02 +1.5104e+00 -1.6146e+00 -2.2396e+00 +2.7604e+00 +3.6979e+00
2655 0 +2.274153630e+00 +1.127541536e+02 +1.127541536e+02 +1.5075e+00 -1.6379e+00 -2.2622e+00 +2.8209e+00 +3.6484e+00
2662 0 +1.279951941e+00 +1.117599519e+02 +1.117599519e+02 +1.5015e+00 -1.6715e+00 -2.2759e+00 +2.8084e+00 +3.6645e+00
2669 0 +1.256781702e+00 +1.117367817e+02 +1.117367817e+02 +1.4954e+00 -1.6764e+00 -2.2597e+00 +2.7920e+00 +3.6526e+00
2676 0 +1.088122569e+00 +1.115681226e+02 +1.115681226e+02 +1.4915e+00 -1.6680e+00 -2.2488e+00 +2.7967e+00 +3.6608e+00
2682 0 +1.068999469e+00 +1.115489995e+02 +1.115489995e+02 +1.4919e+00 -1.6559e+00 -2.2682e+00 +2.7982e+00 +3.6629e+00
2688 0 +1.002499485e+00 +1.114824995e+02 +1.114824995e+02 +1.4933e+00 -1.6679e+00 -2.2632e+00 +2.7999e+00 +3.6628e+00
2694 0 +9.966387905e-01 +1.114766388e+02 +1.114766388e+02 +1.4937e+00 -1.6662e+00 -2.2594e+00 +2.7978e+00 +3.6621e+00
23309 0 +9.701117480e-01 +1.114501117e+02 +1.114501117e+02 +1.4974e+00 -8.8542e-01 -2.2526e+00 +2.7865e+00 +3.6458e+00
23492 0 +3.812542633e-01 +1.108612543e+02 +1.108612543e+02 +1.5104e+00 -8.7240e-01 -2.2396e+00 +2.7995e+00 +3.6589e+00
23514 0 +3.305467706e-01 +1.108105468e+02 +1.108105468e+02 +1.4909e+00 -8.7240e-01 -2.2396e+00 +2.7995e+00 +3.6589e+00
23546 0 +7.849454377e-02 +1.105584945e+02 +1.105584945e+02 +1.4909e+00 -8.7240e-01 -2.2591e+00 +2.7995e+00 +3.6589e+00
23646 0 +3.389916986e-02 +1.105138992e+02 +1.105138992e+02 +1.4909e+00 -8.6263e-01 -2.2591e+00 +2.7995e+00 +3.6589e+00
23743 0 +3.258981616e-02 +1.105125898e+02 +1.105125898e+02 +1.4974e+00 -8.6589e-01 -2.2624e+00 +2.7962e+00 +3.6654e+00
23817 0 +2.975800568e-02 +1.105097580e+02 +1.105097580e+02 +1.4925e+00 -8.6589e-01 -2.2624e+00 +2.7962e+00 +3.6654e+00
23819 0 +2.222563464e-02 +1.105022256e+02 +1.105022256e+02 +1.4974e+00 -8.6100e-01 -2.2624e+00 +2.7962e+00 +3.6654e+00
23851 0 +1.939382416e-02 +1.104993938e+02 +1.104993938e+02 +1.4925e+00 -8.6100e-01 -2.2624e+00 +2.7962e+00 +3.6654e+00
23984 0 +1.376373898e-02 +1.104937637e+02 +1.104937637e+02 +1.4909e+00 -8.6263e-01 -2.2640e+00 +2.7995e+00 +3.6637e+00
24014 0 +1.236804332e-02 +1.104923680e+02 +1.104923680e+02 +1.4933e+00 -8.6263e-01 -2.2640e+00 +2.7995e+00 +3.6637e+00
24048 0 +1.137569357e-02 +1.104913757e+02 +1.104913757e+02 +1.4933e+00 -8.6019e-01 -2.2640e+00 +2.7995e+00 +3.6637e+00
24072 0 +4.856814616e-03 +1.104848568e+02 +1.104848568e+02 +1.4933e+00 -8.6019e-01 -2.2616e+00 +2.7995e+00 +3.6637e+00
24133 0 +2.329529695e-03 +1.104823295e+02 +1.104823295e+02 +1.4925e+00 -8.6100e-01 -2.2624e+00 +2.7987e+00 +3.6629e+00
24165 0 +2.110958634e-03 +1.104821110e+02 +1.104821110e+02 +1.4937e+00 -8.6100e-01 -2.2624e+00 +2.7987e+00 +3.6629e+00
26405 0 +1.247748339e-03 +1.104812477e+02 +1.104812477e+02 +1.4925e+00 -8.6100e-01 -2.2599e+00 +2.7987e+00 +3.6629e+00
26623 0 +1.029177278e-03 +1.104810292e+02 +1.104810292e+02 +1.4937e+00 -8.6100e-01 -2.2599e+00 +2.7987e+00 +3.6629e+00
29685 0 +6.619512090e-04 +1.104806620e+02 +1.104806620e+02 +1.4937e+00 -8.6100e-01 -2.2611e+00 +2.7987e+00 +3.6629e+00
48180 0 +5.349623569e-04 +1.104805350e+02 +1.104805350e+02 +1.4933e+00 -8.6141e-01 -2.2616e+00 +2.7983e+00 +3.6625e+00
51762 0 +3.284573870e-04 +1.104803285e+02 +1.104803285e+02 +1.4933e+00 -8.6141e-01 -2.2603e+00 +2.7983e+00 +3.6625e+00
58224 0 +3.181237675e-04 +1.104803181e+02 +1.104803181e+02 +1.4933e+00 -8.6019e-01 -2.2603e+00 +2.7983e+00 +3.6625e+00
118622 0 +1.881815433e-04 +1.104801882e+02 +1.104801882e+02 +1.4933e+00 -8.6080e-01 -2.2603e+00 +2.7983e+00 +3.6625e+00
170664 0 +7.284605958e-05 +1.104800728e+02 +1.104800728e+02 +1.4933e+00 -8.6080e-01 -2.2609e+00 +2.7983e+00 +3.6625e+00
% f evaluations | g evaluations | best noise-free fitness - Fopt (-1.509000000000e+01) + sum g_i+ | measured fitness | best measured fitness or single-digit g-values | x1 | x2...
1 0 +5.305406844e+02 +5.154506844e+02 +5.154506844e+02 +1.6667e+00 +1.6667e+00 +1.6667e+00 +1.6667e+00 +1.6667e+00
2 0 +2.953242818e+02 +2.802342818e+02 +2.802342818e+02 -1.6667e+00 -1.6667e+00 -1.6667e+00 -1.6667e+00 -1.6667e+00
13 0 +1.411279792e+02 +1.260379792e+02 +1.260379792e+02 -3.3333e+00 -3.3333e+00 -3.3333e+00 -3.3333e+00 +1.6667e+00
18 0 +3.570821270e+01 +2.061821270e+01 +2.061821270e+01 -1.6667e+00 -1.6667e+00 -1.6667e+00 -1.6667e+00 +3.3333e+00
31 0 +3.383378453e+01 +1.874378453e+01 +1.874378453e+01 -1.6538e+00 -1.6961e+00 -1.6775e+00 -1.7404e+00 +3.3296e+00
43 0 +2.969966954e+01 +1.460966954e+01 +1.460966954e+01 -1.5805e+00 -1.7874e+00 -1.6824e+00 -1.6964e+00 +3.3520e+00
52 0 +2.910625351e+01 +1.401625351e+01 +1.401625351e+01 -1.5766e+00 -1.7617e+00 -1.6750e+00 -1.6872e+00 +3.3314e+00
211 0 +1.921711433e+01 +4.127114329e+00 +4.127114329e+00 -1.6667e+00 -1.6667e+00 -1.6667e+00 -2.9167e+00 +3.3333e+00
233 0 +1.811962123e+01 +3.029621232e+00 +3.029621232e+00 -1.6410e+00 -1.7255e+00 -1.6883e+00 -2.8773e+00 +3.3258e+00
241 0 +1.720248029e+01 +2.112480291e+00 +2.112480291e+00 -1.6000e+00 -1.8251e+00 -1.7164e+00 -2.8847e+00 +3.3221e+00
247 0 +1.455502246e+01 -5.349775393e-01 -5.349775393e-01 -1.5740e+00 -1.7936e+00 -1.6850e+00 -2.9137e+00 +3.3475e+00
255 0 +1.414223125e+01 -9.477687469e-01 -9.477687469e-01 -1.5719e+00 -1.7841e+00 -1.6803e+00 -2.9180e+00 +3.3300e+00
261 0 +1.394535984e+01 -1.144640157e+00 -1.144640157e+00 -1.5715e+00 -1.7732e+00 -1.6833e+00 -2.9113e+00 +3.3311e+00
3841 0 +1.127151494e+01 -3.818485060e+00 -3.818485060e+00 +3.6458e-01 -1.8229e+00 -1.6667e+00 -2.9167e+00 +3.3333e+00
3866 0 +1.086214229e+01 -4.227857712e+00 -4.227857712e+00 +3.7225e-01 -1.8079e+00 -1.6775e+00 -2.8970e+00 +3.3296e+00
3880 0 +1.042666434e+01 -4.663335660e+00 -4.663335660e+00 +4.0028e-01 -1.7472e+00 -1.6954e+00 -2.9044e+00 +3.3371e+00
3893 0 +1.001452804e+01 -5.075471959e+00 -5.075471959e+00 +3.9112e-01 -1.7804e+00 -1.6877e+00 -2.9127e+00 +3.3333e+00
3899 0 +9.987426193e+00 -5.102573807e+00 -5.102573807e+00 +3.8859e-01 -1.7675e+00 -1.6836e+00 -2.9059e+00 +3.3313e+00
9688 0 +7.827848519e+00 -7.262151481e+00 -7.262151481e+00 +3.6458e-01 -1.0417e+00 +3.6458e-01 -2.9167e+00 +3.3333e+00
9715 0 +6.295059610e+00 -8.794940390e+00 -8.794940390e+00 +3.7225e-01 -1.0375e+00 +4.5464e-01 -2.8970e+00 +3.3296e+00
9723 0 +5.725314438e+00 -9.364685562e+00 -9.364685562e+00 +3.7730e-01 -1.0335e+00 +4.5212e-01 -2.9142e+00 +3.3294e+00
9730 0 +3.620178848e+00 -1.146982115e+01 -1.146982115e+01 +3.9975e-01 -1.0145e+00 +4.0903e-01 -2.9127e+00 +3.3315e+00
9736 0 +3.448854965e+00 -1.164114504e+01 -1.164114504e+01 +3.9213e-01 -9.9454e-01 +4.1205e-01 -2.9095e+00 +3.3236e+00
9749 0 +3.102293933e+00 -1.198770607e+01 -1.198770607e+01 +3.8759e-01 -9.6608e-01 +4.1366e-01 -2.9082e+00 +3.3294e+00
9755 0 +3.020923019e+00 -1.206907698e+01 -1.206907698e+01 +3.9253e-01 -9.4710e-01 +4.1103e-01 -2.9092e+00 +3.3270e+00
9762 0 +2.996195289e+00 -1.209380471e+01 -1.209380471e+01 +3.9349e-01 -9.3682e-01 +4.1205e-01 -2.9093e+00 +3.3311e+00
12964 0 +2.857814234e+00 -1.223218577e+01 -1.223218577e+01 +3.6458e-01 -9.6354e-01 -1.0417e-01 -2.9167e+00 +3.3333e+00
13000 0 +2.657193198e+00 -1.243280680e+01 -1.243280680e+01 +3.6842e-01 -9.6121e-01 -1.0672e-01 -2.9068e+00 +3.3315e+00
13006 0 +2.537061924e+00 -1.255293808e+01 -1.255293808e+01 +3.9957e-01 -9.3849e-01 -1.4214e-01 -2.9073e+00 +3.3149e+00
13014 0 +2.326954403e+00 -1.276304560e+01 -1.276304560e+01 +4.0892e-01 -9.3164e-01 -1.5205e-01 -2.9076e+00 +3.3253e+00
13021 0 +2.037726124e+00 -1.305227388e+01 -1.305227388e+01 +4.0041e-01 -9.4012e-01 -1.2886e-01 -2.9101e+00 +3.3322e+00
13033 0 +1.990392484e+00 -1.309960752e+01 -1.309960752e+01 +3.9164e-01 -9.4229e-01 -1.3531e-01 -2.9091e+00 +3.3300e+00
18970 0 +1.806402657e+00 -1.328359734e+01 -1.328359734e+01 +3.6458e-01 -1.7839e+00 -1.0417e-01 -2.9167e+00 +3.3333e+00
18994 0 +1.339286871e+00 -1.375071313e+01 -1.375071313e+01 +3.6458e-01 -1.7839e+00 -1.4323e-01 -2.9167e+00 +3.3333e+00
19026 0 +1.148803155e+00 -1.394119684e+01 -1.394119684e+01 +3.6842e-01 -1.7813e+00 -1.4074e-01 -2.9068e+00 +3.3315e+00
19033 0 +1.087403165e+00 -1.400259683e+01 -1.400259683e+01 +3.8200e-01 -1.7744e+00 -1.3337e-01 -2.9099e+00 +3.3242e+00
19040 0 +1.026043714e+00 -1.406395629e+01 -1.406395629e+01 +3.9408e-01 -1.7697e+00 -1.3241e-01 -2.9114e+00 +3.3324e+00
19046 0 +1.017486308e+00 -1.407251369e+01 -1.407251369e+01 +3.9439e-01 -1.7770e+00 -1.3839e-01 -2.9089e+00 +3.3281e+00
19058 0 +9.975739653e-01 -1.409242603e+01 -1.409242603e+01 +3.9031e-01 -1.7712e+00 -1.3571e-01 -2.9093e+00 +3.3303e+00
136414 0 +7.377567343e-01 -1.435224327e+01 -1.435224327e+01 +3.6458e-01 -1.7839e+00 -1.0417e-01 -3.3854e+00 +3.3333e+00
136434 0 +2.706409483e-01 -1.481935905e+01 -1.481935905e+01 +3.6458e-01 -1.7839e+00 -1.4323e-01 -3.3854e+00 +3.3333e+00
136460 0 +1.038235456e-01 -1.498617645e+01 -1.498617645e+01 +3.7992e-01 -1.7736e+00 -1.3327e-01 -3.3730e+00 +3.3258e+00
136468 0 +6.799811427e-02 -1.502200189e+01 -1.502200189e+01 +3.8747e-01 -1.7703e+00 -1.3214e-01 -3.3712e+00 +3.3323e+00
136476 0 +2.738772333e-02 -1.506261228e+01 -1.506261228e+01 +3.9367e-01 -1.7691e+00 -1.3267e-01 -3.3769e+00 +3.3333e+00
136482 0 +1.161404751e-02 -1.507838595e+01 -1.507838595e+01 +3.9352e-01 -1.7748e+00 -1.3433e-01 -3.3759e+00 +3.3316e+00
136489 0 +9.855563790e-03 -1.508014444e+01 -1.508014444e+01 +3.9270e-01 -1.7748e+00 -1.3648e-01 -3.3754e+00 +3.3307e+00
136495 0 +6.146696680e-03 -1.508385330e+01 -1.508385330e+01 +3.9082e-01 -1.7728e+00 -1.3630e-01 -3.3763e+00 +3.3305e+00
136503 0 +4.591056054e-03 -1.508540894e+01 -1.508540894e+01 +3.8862e-01 -1.7704e+00 -1.3592e-01 -3.3787e+00 +3.3305e+00
136509 0 +9.597151977e-04 -1.508904028e+01 -1.508904028e+01 +3.9030e-01 -1.7722e+00 -1.3523e-01 -3.3779e+00 +3.3304e+00
136515 0 +7.122458082e-04 -1.508928775e+01 -1.508928775e+01 +3.9097e-01 -1.7723e+00 -1.3518e-01 -3.3780e+00 +3.3304e+00
136521 0 +3.999526747e-04 -1.508960005e+01 -1.508960005e+01 +3.9160e-01 -1.7726e+00 -1.3523e-01 -3.3785e+00 +3.3303e+00
136529 0 +3.724284560e-04 -1.508962757e+01 -1.508962757e+01 +3.9190e-01 -1.7731e+00 -1.3523e-01 -3.3788e+00 +3.3303e+00
136535 0 +1.370895998e-04 -1.508986291e+01 -1.508986291e+01 +3.9153e-01 -1.7731e+00 -1.3518e-01 -3.3785e+00 +3.3303e+00
136541 0 +5.267125416e-05 -1.508994733e+01 -1.508994733e+01 +3.9094e-01 -1.7733e+00 -1.3519e-01 -3.3784e+00 +3.3304e+00
136547 0 +1.190995195e-05 -1.508998809e+01 -1.508998809e+01 +3.9099e-01 -1.7735e+00 -1.3521e-01 -3.3784e+00 +3.3304e+00
136553 0 +5.875638754e-06 -1.508999412e+01 -1.508999412e+01 +3.9111e-01 -1.7735e+00 -1.3520e-01 -3.3784e+00 +3.3304e+00
136559 0 +5.570316862e-06 -1.508999443e+01 -1.508999443e+01 +3.9128e-01 -1.7735e+00 -1.3519e-01 -3.3784e+00 +3.3304e+00
136565 0 +3.139278069e-06 -1.508999686e+01 -1.508999686e+01 +3.9118e-01 -1.7735e+00 -1.3520e-01 -3.3784e+00 +3.3304e+00
136572 0 +1.603642849e-06 -1.508999840e+01 -1.508999840e+01 +3.9113e-01 -1.7736e+00 -1.3521e-01 -3.3784e+00 +3.3304e+00
136578 0 +7.557875836e-07 -1.508999924e+01 -1.508999924e+01 +3.9115e-01 -1.7736e+00 -1.3520e-01 -3.3784e+00 +3.3304e+00
136586 0 +3.067502128e-07 -1.508999969e+01 -1.508999969e+01 +3.9121e-01 -1.7736e+00 -1.3519e-01 -3.3784e+00 +3.3304e+00
136592 0 +1.237599836e-07 -1.508999988e+01 -1.508999988e+01 +3.9121e-01 -1.7736e+00 -1.3520e-01 -3.3784e+00 +3.3304e+00
136599 0 +4.662408948e-08 -1.508999995e+01 -1.508999995e+01 +3.9120e-01 -1.7736e+00 -1.3520e-01 -3.3784e+00 +3.3304e+00
136605 0 +2.406754440e-08 -1.508999998e+01 -1.508999998e+01 +3.9119e-01 -1.7736e+00 -1.3520e-01 -3.3784e+00 +3.3304e+00
136609 0 +2.383922393e-08 -1.508999998e+01 -1.508999998e+01 +3.9119e-01 -1.7736e+00 -1.3520e-01 -3.3784e+00 +3.3304e+00
136611 0 +4.626196315e-09 -1.509000000e+01 -1.509000000e+01 +3.9120e-01 -1.7736e+00 -1.3520e-01 -3.3784e+00 +3.3304e+00
% f evaluations | g evaluations | best noise-free fitness - Fopt (-1.583000000000e+02) + sum g_i+ | measured fitness | best measured fitness or single-digit g-values | x1 | x2...
1 0 +4.955763526e+02 +3.372763526e+02 +3.372763526e+02 +1.6667e+00 +1.6667e+00 +1.6667e+00 +1.6667e+00 +1.6667e+00
2 0 +3.104859966e+02 +1.521859966e+02 +1.521859966e+02 -1.6667e+00 -1.6667e+00 -1.6667e+00 -1.6667e+00 -1.6667e+00
4 0 +2.998597282e+02 +1.415597282e+02 +1.415597282e+02 +3.3333e+00 -1.6667e+00 -1.6667e+00 -1.6667e+00 -1.6667e+00
6 0 +2.543680856e+02 +9.606808560e+01 +9.606808560e+01 +3.3333e+00 +3.3333e+00 -1.6667e+00 -1.6667e+00 -1.6667e+00
17 0 +1.712992750e+02 +1.299927505e+01 +1.299927505e+01 +3.3178e+00 +3.5073e+00 -1.7525e+00 -2.1040e+00 -9.9523e-01
23 0 +1.131811017e+02 -4.511889835e+01 -4.511889835e+01 +3.2863e+00 +3.6131e+00 -1.9202e+00 -2.0878e+00 -1.2846e-01
30 0 +6.621250946e+01 -9.208749054e+01 -9.208749054e+01 +3.1892e+00 +3.7091e+00 -2.0492e+00 -1.9995e+00 +2.4230e+00
42 0 +6.120278422e+01 -9.709721578e+01 -9.709721578e+01 +3.1190e+00 +3.5087e+00 -1.9681e+00 -1.6747e+00 +2.9740e+00
51 0 +5.444753600e+01 -1.038524640e+02 -1.038524640e+02 +3.1012e+00 +3.4244e+00 -1.9177e+00 -1.5699e+00 +2.8854e+00
61 0 +4.725258736e+01 -1.110474126e+02 -1.110474126e+02 +2.9229e+00 +3.5899e+00 -1.6865e+00 -1.5660e+00 +2.8352e+00
69 0 +4.055177549e+01 -1.177482245e+02 -1.177482245e+02 +2.9181e+00 +3.6863e+00 -1.7119e+00 -1.6861e+00 +2.9016e+00
76 0 +2.922696116e+01 -1.290730388e+02 -1.290730388e+02 +2.8763e+00 +4.3399e+00 -1.8735e+00 -2.5040e+00 +3.3481e+00
84 0 +1.620424130e+01 -1.420957587e+02 -1.420957587e+02 +2.8981e+00 +4.2313e+00 -1.8554e+00 -2.3839e+00 +3.2830e+00
91 0 +1.401247734e+01 -1.442875227e+02 -1.442875227e+02 +2.9646e+00 +4.3017e+00 -1.8890e+00 -2.4135e+00 +3.2827e+00
97 0 +1.259011398e+01 -1.457098860e+02 -1.457098860e+02 +2.9226e+00 +4.3387e+00 -1.8650e+00 -2.4236e+00 +3.2762e+00
103 0 +1.161768455e+01 -1.466823155e+02 -1.466823155e+02 +2.9061e+00 +4.3563e+00 -1.8832e+00 -2.4015e+00 +3.2486e+00
115 0 +1.086174358e+01 -1.474382564e+02 -1.474382564e+02 +2.9304e+00 +4.3666e+00 -1.8727e+00 -2.4065e+00 +3.2450e+00
127 0 +9.979464130e+00 -1.483205359e+02 -1.483205359e+02 +2.9245e+00 +4.3634e+00 -1.8796e+00 -2.4011e+00 +3.2030e+00
136 0 +8.669098932e+00 -1.496309011e+02 -1.496309011e+02 +2.9198e+00 +4.3630e+00 -1.8856e+00 -2.3975e+00 +3.1423e+00
142 0 +8.310827415e+00 -1.499891726e+02 -1.499891726e+02 +2.9233e+00 +4.3599e+00 -1.8818e+00 -2.4032e+00 +3.1512e+00
149 0 +7.991190817e+00 -1.503088092e+02 -1.503088092e+02 +2.9279e+00 +4.3551e+00 -1.8765e+00 -2.4100e+00 +3.1386e+00
14811 0 +6.240386591e+00 -1.520596134e+02 -1.520596134e+02 +2.9167e+00 +3.5417e+00 -2.3958e+00 -3.3333e+00 +2.9167e+00
14836 0 +5.282138054e+00 -1.530178619e+02 -1.530178619e+02 +2.9392e+00 +3.5316e+00 -2.4322e+00 -3.2470e+00 +2.8543e+00
14842 0 +3.637151275e+00 -1.546628487e+02 -1.546628487e+02 +2.9360e+00 +3.5184e+00 -2.4334e+00 -3.3079e+00 +2.8685e+00
14849 0 +3.198621143e+00 -1.551013789e+02 -1.551013789e+02 +2.9253e+00 +3.5189e+00 -2.4132e+00 -3.2949e+00 +2.8921e+00
14855 0 +3.001883715e+00 -1.552981163e+02 -1.552981163e+02 +2.9319e+00 +3.5241e+00 -2.4232e+00 -3.2849e+00 +2.8856e+00
35680 0 +2.673689420e+00 -1.556263106e+02 -1.556263106e+02 +1.9271e+00 +3.5286e+00 -2.4089e+00 -3.3073e+00 +2.8646e+00
35847 0 +2.584780857e+00 -1.557152191e+02 -1.557152191e+02 +1.9401e+00 +3.5417e+00 -2.3958e+00 -3.2943e+00 +2.8776e+00
36019 0 +2.498888550e+00 -1.558011114e+02 -1.558011114e+02 +1.9401e+00 +3.5221e+00 -2.3958e+00 -3.2943e+00 +2.8776e+00
36039 0 +2.094456271e+00 -1.562055437e+02 -1.562055437e+02 +1.9401e+00 +3.5221e+00 -2.4154e+00 -3.2943e+00 +2.8776e+00
36152 0 +2.018668258e+00 -1.562813317e+02 -1.562813317e+02 +1.9368e+00 +3.5189e+00 -2.4186e+00 -3.2878e+00 +2.8841e+00
39131 0 +1.994724756e+00 -1.563052752e+02 -1.563052752e+02 +1.9328e+00 +3.5246e+00 -2.4202e+00 -3.2845e+00 +2.8825e+00
195593 0 +1.837366590e+00 -1.564626334e+02 -1.564626334e+02 +1.9401e+00 +3.5026e+00 -2.4349e+00 -2.3958e+00 +2.5260e+00
195900 0 +1.646581250e+00 -1.566534188e+02 -1.566534188e+02 +1.9466e+00 +3.5091e+00 -2.4479e+00 -2.4089e+00 +2.5130e+00
195984 0 +1.614560492e+00 -1.566854395e+02 -1.566854395e+02 +1.9271e+00 +3.5091e+00 -2.4479e+00 -2.4089e+00 +2.5130e+00
195986 0 +1.239583960e+00 -1.570604160e+02 -1.570604160e+02 +1.9466e+00 +3.5091e+00 -2.4284e+00 -2.4089e+00 +2.5130e+00
195995 0 +1.085696242e+00 -1.572143038e+02 -1.572143038e+02 +1.9434e+00 +3.5160e+00 -2.4251e+00 -2.4119e+00 +2.5238e+00
196002 0 +1.023251511e+00 -1.572767485e+02 -1.572767485e+02 +1.9362e+00 +3.5294e+00 -2.4160e+00 -2.4093e+00 +2.5205e+00
196022 0 +9.964729907e-01 -1.573035270e+02 -1.573035270e+02 +1.9328e+00 +3.5245e+00 -2.4199e+00 -2.4099e+00 +2.5201e+00
% f evaluations | g evaluations | best noise-free fitness - Fopt (-4.071000000000e+01) + sum g_i+ | measured fitness | best measured fitness or single-digit g-values | x1 | x2...
1 0 +1.067864793e+03 +1.027154793e+03 +1.027154793e+03 +1.6667e+00 +1.6667e+00 +1.6667e+00 +1.6667e+00 +1.6667e+00
2 0 +2.248289487e+02 +1.841189487e+02 +1.841189487e+02 -1.6667e+00 -1.6667e+00 -1.6667e+00 -1.6667e+00 -1.6667e+00
6 0 +1.686183147e+02 +1.279083147e+02 +1.279083147e+02 -1.6667e+00 +3.3333e+00 -1.6667e+00 -1.6667e+00 -1.6667e+00
10 0 +1.053583375e+02 +6.464833750e+01 +6.464833750e+01 -1.6667e+00 +3.3333e+00 +3.3333e+00 -1.6667e+00 -1.6667e+00
22 0 +9.659716725e+01 +5.588716725e+01 +5.588716725e+01 -1.7186e+00 +3.2620e+00 +3.3838e+00 -1.6649e+00 -1.1864e+00
28 0 +7.136978665e+01 +3.065978665e+01 +3.065978665e+01 -1.8485e+00 +3.2308e+00 +3.5529e+00 -1.6602e+00 -1.2312e+00
37 0 +6.895721084e+01 +2.824721084e+01 +2.824721084e+01 -1.9287e+00 +3.2228e+00 +3.6347e+00 -1.6557e+00 -1.2311e+00
43 0 +6.672361876e+01 +2.601361876e+01 +2.601361876e+01 -2.0495e+00 +3.2217e+00 +3.5881e+00 -1.6433e+00 -1.2461e+00
49 0 +6.595024106e+01 +2.524024106e+01 +2.524024106e+01 -1.9965e+00 +3.2319e+00 +3.5845e+00 -1.6319e+00 -1.2386e+00
61 0 +6.043760387e+01 +1.972760387e+01 +1.972760387e+01 -1.9869e+00 +3.2344e+00 +3.5768e+00 -1.4362e+00 -1.2273e+00
72 0 +5.326635127e+01 +1.255635127e+01 +1.255635127e+01 -1.9997e+00 +3.2307e+00 +3.5872e+00 -1.2663e+00 -1.2417e+00
79 0 +5.026434836e+01 +9.554348363e+00 +9.554348363e+00 -2.0045e+00 +3.2286e+00 +3.5879e+00 -1.3259e+00 -1.2430e+00
85 0 +4.995731688e+01 +9.247316883e+00 +9.247316883e+00 -1.9830e+00 +3.2353e+00 +3.5726e+00 -1.3122e+00 -1.2237e+00
196 0 +3.725931914e+01 -3.450680859e+00 -3.450680859e+00 +4.1667e+00 +4.1667e+00 +4.1667e+00 -3.3333e+00 -3.3333e+00
211 0 +3.616225281e+01 -4.547747187e+00 -4.547747187e+00 +4.1456e+00 +4.0010e+00 +4.0701e+00 -3.5075e+00 -3.4934e+00
217 0 +3.541489466e+01 -5.295105337e+00 -5.295105337e+00 +4.1150e+00 +3.8929e+00 +4.2116e+00 -3.5002e+00 -3.3523e+00
223 0 +3.314166666e+01 -7.568333342e+00 -7.568333342e+00 +4.0994e+00 +3.9103e+00 +4.1994e+00 -3.2887e+00 -3.4341e+00
229 0 +1.810406354e+01 -2.260593646e+01 -2.260593646e+01 +4.1046e+00 +3.9783e+00 +4.1073e+00 -3.4050e+00 -3.4104e+00
237 0 +1.709598387e+01 -2.361401613e+01 -2.361401613e+01 +4.1043e+00 +3.9851e+00 +4.1343e+00 -3.4220e+00 -3.4285e+00
243 0 +1.647469581e+01 -2.423530419e+01 -2.423530419e+01 +4.0998e+00 +3.9999e+00 +4.1317e+00 -3.3897e+00 -3.4343e+00
249 0 +1.617641878e+01 -2.453358122e+01 -2.453358122e+01 +4.0985e+00 +4.0222e+00 +4.1297e+00 -3.3965e+00 -3.4320e+00
948 0 +1.435920032e+01 -2.635079968e+01 -2.635079968e+01 -8.8542e-01 +4.7396e+00 +3.4896e+00 -3.3854e+00 -2.7604e+00
979 0 +1.011263867e+01 -3.059736133e+01 -3.059736133e+01 -8.8748e-01 +4.7422e+00 +3.5613e+00 -3.4011e+00 -2.7211e+00
987 0 +9.809108029e+00 -3.090089197e+01 -3.090089197e+01 -8.9007e-01 +4.7456e+00 +3.6119e+00 -3.4053e+00 -2.7530e+00
994 0 +9.556952935e+00 -3.115304706e+01 -3.115304706e+01 -8.9298e-01 +4.7501e+00 +3.6079e+00 -3.3891e+00 -2.7476e+00
1002 0 +9.239290147e+00 -3.147070985e+01 -3.147070985e+01 -8.9733e-01 +4.7571e+00 +3.5897e+00 -3.3835e+00 -2.7400e+00
1008 0 +9.087017312e+00 -3.162298269e+01 -3.162298269e+01 -9.0201e-01 +4.7672e+00 +3.5860e+00 -3.4000e+00 -2.7347e+00
4258 0 +7.702729187e+00 -3.300727081e+01 -3.300727081e+01 +1.0417e+00 +4.0104e+00 +4.0885e+00 -3.4115e+00 -2.3958e+00
4279 0 +4.821539465e+00 -3.588846053e+01 -3.588846053e+01 +1.0677e+00 +4.0365e+00 +4.1146e+00 -3.3854e+00 -2.3698e+00
4304 0 +4.605138664e+00 -3.610486134e+01 -3.610486134e+01 +1.0647e+00 +4.0414e+00 +4.1497e+00 -3.4011e+00 -2.3777e+00
4310 0 +4.352814966e+00 -3.635718503e+01 -3.635718503e+01 +1.0536e+00 +4.0589e+00 +4.1275e+00 -3.4132e+00 -2.3951e+00
4317 0 +4.047823103e+00 -3.666217690e+01 -3.666217690e+01 +1.0500e+00 +4.0651e+00 +4.1270e+00 -3.3950e+00 -2.3881e+00
4336 0 +3.979856309e+00 -3.673014369e+01 -3.673014369e+01 +1.0539e+00 +4.0607e+00 +4.1312e+00 -3.3973e+00 -2.3814e+00
18628 0 +3.099567119e+00 -3.761043288e+01 -3.761043288e+01 +1.0677e+00 +4.0365e+00 +3.5677e+00 -3.3854e+00 -2.7604e+00
18663 0 +2.831195293e+00 -3.787880471e+01 -3.787880471e+01 +1.0647e+00 +4.0414e+00 +3.5800e+00 -3.4011e+00 -2.7211e+00
18670 0 +2.387144697e+00 -3.832285530e+01 -3.832285530e+01 +1.0590e+00 +4.0504e+00 +3.5957e+00 -3.4129e+00 -2.7370e+00
18677 0 +2.042635229e+00 -3.866736477e+01 -3.866736477e+01 +1.0555e+00 +4.0588e+00 +3.5877e+00 -3.3915e+00 -2.7411e+00
18684 0 +2.001476833e+00 -3.870852317e+01 -3.870852317e+01 +1.0539e+00 +4.0607e+00 +3.5795e+00 -3.3966e+00 -2.7418e+00
18690 0 +1.992902587e+00 -3.871709741e+01 -3.871709741e+01 +1.0533e+00 +4.0612e+00 +3.5848e+00 -3.3976e+00 -2.7415e+00
32741 0 +1.324844456e+00 -3.938515554e+01 -3.938515554e+01 +1.0807e+00 +4.0495e+00 +3.5807e+00 -2.9818e+00 -2.7474e+00
32759 0 +1.172478429e+00 -3.953752157e+01 -3.953752157e+01 +1.0612e+00 +4.0495e+00 +3.5807e+00 -2.9818e+00 -2.7474e+00
32769 0 +1.064338220e+00 -3.964566178e+01 -3.964566178e+01 +1.0587e+00 +4.0524e+00 +3.5827e+00 -2.9918e+00 -2.7373e+00
32775 0 +1.003350655e+00 -3.970664935e+01 -3.970664935e+01 +1.0554e+00 +4.0618e+00 +3.5854e+00 -2.9923e+00 -2.7425e+00
32782 0 +9.975503500e-01 -3.971244965e+01 -3.971244965e+01 +1.0531e+00 +4.0633e+00 +3.5835e+00 -2.9897e+00 -2.7419e+00
109434 0 +9.393041676e-01 -3.977069583e+01 -3.977069583e+01 +1.0677e+00 +3.2161e+00 +3.5677e+00 -2.9948e+00 -2.7604e+00
109685 0 +3.011820895e-01 -4.040881791e+01 -4.040881791e+01 +1.0807e+00 +3.2292e+00 +3.5807e+00 -2.9818e+00 -2.7474e+00
109711 0 +1.488160622e-01 -4.056118394e+01 -4.056118394e+01 +1.0612e+00 +3.2292e+00 +3.5807e+00 -2.9818e+00 -2.7474e+00
109721 0 +5.294180157e-02 -4.065705820e+01 -4.065705820e+01 +1.0587e+00 +3.2294e+00 +3.5827e+00 -2.9918e+00 -2.7373e+00
109727 0 +7.677162932e-03 -4.070232284e+01 -4.070232284e+01 +1.0556e+00 +3.2297e+00 +3.5853e+00 -2.9922e+00 -2.7424e+00
109734 0 +3.687524931e-03 -4.070631248e+01 -4.070631248e+01 +1.0522e+00 +3.2297e+00 +3.5832e+00 -2.9901e+00 -2.7437e+00
109741 0 +2.635114294e-03 -4.070736489e+01 -4.070736489e+01 +1.0528e+00 +3.2296e+00 +3.5831e+00 -2.9889e+00 -2.7419e+00
109747 0 +1.396347550e-03 -4.070860365e+01 -4.070860365e+01 +1.0539e+00 +3.2294e+00 +3.5821e+00 -2.9912e+00 -2.7424e+00
109753 0 +1.756314589e-04 -4.070982437e+01 -4.070982437e+01 +1.0532e+00 +3.2296e+00 +3.5836e+00 -2.9904e+00 -2.7425e+00
109759 0 +1.264902554e-05 -4.070998735e+01 -4.070998735e+01 +1.0536e+00 +3.2296e+00 +3.5832e+00 -2.9903e+00 -2.7424e+00
109766 0 +1.780823041e-06 -4.070999822e+01 -4.070999822e+01 +1.0536e+00 +3.2296e+00 +3.5832e+00 -2.9904e+00 -2.7424e+00
109771 0 +1.776329015e-06 -4.070999822e+01 -4.070999822e+01 +1.0536e+00 +3.2296e+00 +3.5832e+00 -2.9904e+00 -2.7424e+00
109772 0 +1.197663480e-07 -4.070999988e+01 -4.070999988e+01 +1.0536e+00 +3.2296e+00 +3.5832e+00 -2.9904e+00 -2.7424e+00
109778 0 +2.140577493e-08 -4.070999998e+01 -4.070999998e+01 +1.0536e+00 +3.2296e+00 +3.5832e+00 -2.9904e+00 -2.7424e+00
109784 0 +9.028077841e-09 -4.070999999e+01 -4.070999999e+01 +1.0536e+00 +3.2296e+00 +3.5832e+00 -2.9904e+00 -2.7424e+00
% f evaluations | g evaluations | best noise-free fitness - Fopt (8.139000000000e+01) + sum g_i+ | measured fitness | best measured fitness or single-digit g-values | x1 | x2...
1 0 +2.545061390e+02 +3.358961390e+02 +3.358961390e+02 +1.6667e+00 +1.6667e+00 +1.6667e+00 +1.6667e+00 +1.6667e+00
2 0 +1.959769942e+02 +2.773669942e+02 +2.773669942e+02 -1.6667e+00 -1.6667e+00 -1.6667e+00 -1.6667e+00 -1.6667e+00
6 0 +1.366280318e+02 +2.180180318e+02 +2.180180318e+02 +3.3333e+00 +3.3333e+00 -1.6667e+00 -1.6667e+00 -1.6667e+00
9 0 +1.204593219e+02 +2.018493219e+02 +2.018493219e+02 +1.6667e+00 +1.6667e+00 -3.3333e+00 +1.6667e+00 +1.6667e+00
21 0 +9.349277780e+01 +1.748827778e+02 +1.748827778e+02 +1.7505e+00 +1.7125e+00 -3.5032e+00 +1.6903e+00 +1.5118e+00
27 0 +9.021799758e+01 +1.716079976e+02 +1.716079976e+02 +2.9104e+00 +2.3208e+00 -4.9925e+00 +1.9334e+00 +3.9590e-01
33 0 +8.884263386e+01 +1.702326339e+02 +1.702326339e+02 +2.9172e+00 +2.3244e+00 -5.0000e+00 +1.9356e+00 +3.8840e-01
40 0 +7.884596555e+01 +1.602359655e+02 +1.602359655e+02 +2.9539e+00 +2.3970e+00 -4.9996e+00 +1.9347e+00 +2.9414e-01
47 0 +7.131304451e+01 +1.527030445e+02 +1.527030445e+02 +2.9136e+00 +2.5649e+00 -4.9993e+00 +2.0295e+00 +2.3708e-01
53 0 +6.019916459e+01 +1.415891646e+02 +1.415891646e+02 +2.8214e+00 +2.5682e+00 -4.9980e+00 +1.9659e+00 +2.7091e-01
66 0 +5.622178295e+01 +1.376117829e+02 +1.376117829e+02 +2.8484e+00 +2.6404e+00 -4.9971e+00 +1.9870e+00 +3.4172e-01
72 0 +5.348706196e+01 +1.348770620e+02 +1.348770620e+02 +2.8788e+00 +2.6202e+00 -4.9967e+00 +1.9791e+00 +3.1128e-01
317 0 +4.364864204e+01 +1.250386420e+02 +1.250386420e+02 +8.3333e-01 +3.3333e+00 -4.1667e+00 +8.3333e-01 +8.3333e-01
336 0 +2.854016585e+01 +1.099301659e+02 +1.099301659e+02 +8.7874e-01 +3.4980e+00 -3.7845e+00 +1.8416e-01 +1.0270e+00
342 0 +1.574301896e+01 +9.713301896e+01 +9.713301896e+01 +8.8332e-01 +3.4560e+00 -3.4821e+00 +3.9592e-01 +9.4083e-01
348 0 +3.628675744e+00 +8.501867574e+01 +8.501867574e+01 +8.7123e-01 +3.4159e+00 -3.5454e+00 +2.8043e-01 +1.0045e+00
355 0 +2.091314814e+00 +8.348131481e+01 +8.348131481e+01 +8.6857e-01 +3.4216e+00 -3.6140e+00 +2.9314e-01 +9.8802e-01
361 0 +2.031442859e+00 +8.342144286e+01 +8.342144286e+01 +8.6971e-01 +3.4309e+00 -3.6004e+00 +2.9523e-01 +9.7823e-01
374 0 +1.990850366e+00 +8.338085037e+01 +8.338085037e+01 +8.6967e-01 +3.4235e+00 -3.6028e+00 +2.9876e-01 +9.8185e-01
139725 0 +1.919190936e+00 +8.330919094e+01 +8.330919094e+01 +8.5286e-01 +3.4310e+00 -2.9948e+00 +3.2552e-01 +9.8958e-01
139874 0 +1.709682100e+00 +8.309968210e+01 +8.309968210e+01 +8.4635e-01 +3.4245e+00 -3.0013e+00 +3.1901e-01 +1.0026e+00
139962 0 +1.468122393e+00 +8.285812239e+01 +8.285812239e+01 +8.4635e-01 +3.4245e+00 -3.0013e+00 +3.1901e-01 +9.8307e-01
140050 0 +1.400003541e+00 +8.279000354e+01 +8.279000354e+01 +8.5612e-01 +3.4245e+00 -3.0013e+00 +3.1901e-01 +9.8307e-01
140325 0 +1.338654820e+00 +8.272865482e+01 +8.272865482e+01 +8.5286e-01 +3.4212e+00 -3.0046e+00 +3.1576e-01 +9.8958e-01
140417 0 +1.307654271e+00 +8.269765427e+01 +8.269765427e+01 +8.5286e-01 +3.4212e+00 -3.0046e+00 +3.1576e-01 +9.7982e-01
140439 0 +1.277267029e+00 +8.266726703e+01 +8.266726703e+01 +8.5775e-01 +3.4212e+00 -3.0046e+00 +3.1576e-01 +9.7982e-01
140508 0 +1.245187439e+00 +8.263518744e+01 +8.263518744e+01 +8.5612e-01 +3.4245e+00 -3.0062e+00 +3.1413e-01 +9.8307e-01
140649 0 +1.221243286e+00 +8.261124329e+01 +8.261124329e+01 +8.5775e-01 +3.4237e+00 -3.0070e+00 +3.1331e-01 +9.8470e-01
140830 0 +1.202070448e+00 +8.259207045e+01 +8.259207045e+01 +8.5856e-01 +3.4245e+00 -3.0074e+00 +3.1291e-01 +9.8185e-01
143699 0 +1.174698861e+00 +8.256469886e+01 +8.256469886e+01 +8.6873e-01 +3.4249e+00 -3.0076e+00 +3.1270e-01 +9.8226e-01
% f evaluations | g evaluations | best noise-free fitness - Fopt (4.144000000000e+01) + sum g_i+ | measured fitness | best measured fitness or single-digit g-values | x1 | x2...
1 0 +1.283999786e+03 +1.325439786e+03 +1.325439786e+03 +1.6667e+00 +1.6667e+00 +1.6667e+00 +1.6667e+00 +1.6667e+00
2 0 +1.493827192e+02 +1.908227192e+02 +1.908227192e+02 -1.6667e+00 -1.6667e+00 -1.6667e+00 -1.6667e+00 -1.6667e+00
4 0 +1.433394079e+02 +1.847794079e+02 +1.847794079e+02 +3.3333e+00 -1.6667e+00 -1.6667e+00 -1.6667e+00 -1.6667e+00
15 0 +1.319118553e+02 +1.733518553e+02 +1.733518553e+02 +3.3052e+00 -1.7472e+00 -1.6472e+00 -1.7700e+00 -1.4975e+00
30 0 +1.301219217e+02 +1.715619217e+02 +1.715619217e+02 +3.3044e+00 -1.7480e+00 -1.6444e+00 -1.7699e+00 -1.4843e+00
36 0 +1.138477151e+02 +1.552877151e+02 +1.552877151e+02 +3.2648e+00 -1.7859e+00 -1.4972e+00 -1.7606e+00 -1.4839e+00
43 0 +1.040378897e+02 +1.454778897e+02 +1.454778897e+02 +3.1253e+00 -2.0591e+00 +4.2698e-01 -1.8291e+00 -1.4736e+00
49 0 +8.334835182e+01 +1.247883518e+02 +1.247883518e+02 +3.2336e+00 -1.8811e+00 -3.6652e-01 -1.7970e+00 -1.4870e+00
56 0 +8.309375946e+01 +1.245337595e+02 +1.245337595e+02 +3.2693e+00 -1.9067e+00 -2.8125e-01 -1.7750e+00 -1.4871e+00
69 0 +8.067488661e+01 +1.221148866e+02 +1.221148866e+02 +3.2902e+00 -1.8903e+00 -3.5013e-01 -1.7784e+00 -1.4852e+00
195 0 +7.500129474e+01 +1.164412947e+02 +1.164412947e+02 +4.1667e+00 -3.3333e+00 +1.6667e+00 -3.3333e+00 -3.3333e+00
207 0 +5.955071881e+01 +1.009907188e+02 +1.009907188e+02 +4.2261e+00 -3.4514e+00 +1.7476e+00 -3.5567e+00 -3.7443e+00
213 0 +4.891748990e+01 +9.035748990e+01 +9.035748990e+01 +4.2636e+00 -3.4112e+00 +1.9368e+00 -3.4529e+00 -3.6332e+00
220 0 +4.182939185e+01 +8.326939185e+01 +8.326939185e+01 +4.2948e+00 -3.3840e+00 +2.0417e+00 -3.4100e+00 -3.7256e+00
226 0 +3.751996927e+01 +7.895996927e+01 +7.895996927e+01 +4.3051e+00 -3.3991e+00 +1.9574e+00 -3.4854e+00 -3.7048e+00
238 0 +3.684341078e+01 +7.828341078e+01 +7.828341078e+01 +4.3249e+00 -3.4047e+00 +1.9481e+00 -3.4686e+00 -3.7185e+00
826 0 +3.554019943e+01 +7.698019943e+01 +7.698019943e+01 +4.1667e-01 -3.3333e+00 +3.5417e+00 -8.3333e-01 -3.3333e+00
850 0 +3.121790626e+01 +7.265790626e+01 +7.265790626e+01 +3.7411e-01 -3.3628e+00 +3.6735e+00 -9.9464e-01 -3.4361e+00
857 0 +1.988262258e+01 +6.132262258e+01 +6.132262258e+01 +3.0161e-01 -3.4093e+00 +3.6006e+00 -1.0446e+00 -3.3926e+00
864 0 +1.731565823e+01 +5.875565823e+01 +5.875565823e+01 +2.5924e-01 -3.4293e+00 +3.5722e+00 -9.7584e-01 -3.4351e+00
872 0 +1.020034332e+01 +5.164034332e+01 +5.164034332e+01 +2.2785e-01 -3.4405e+00 +3.5994e+00 -8.8041e-01 -3.4234e+00
878 0 +8.655766874e+00 +5.009576687e+01 +5.009576687e+01 +3.1570e-01 -3.3785e+00 +3.5918e+00 -9.1691e-01 -3.4032e+00
884 0 +7.354918392e+00 +4.879491839e+01 +4.879491839e+01 +3.1237e-01 -3.3978e+00 +3.5927e+00 -8.8358e-01 -3.4063e+00
891 0 +6.988326254e+00 +4.842832625e+01 +4.842832625e+01 +2.9263e-01 -3.4117e+00 +3.5971e+00 -8.9102e-01 -3.4071e+00
30168 0 +6.845479164e+00 +4.828547916e+01 +4.828547916e+01 +2.2721e+00 -2.6107e+00 +3.1315e+00 -1.7708e+00 -3.0208e+00
30200 0 +6.515268498e+00 +4.795526850e+01 +4.795526850e+01 +2.2721e+00 -2.6107e+00 +3.1315e+00 -1.7708e+00 -3.0404e+00
30214 0 +6.384096891e+00 +4.782409689e+01 +4.782409689e+01 +2.2819e+00 -2.6107e+00 +3.1315e+00 -1.7708e+00 -3.0404e+00
30224 0 +4.096000926e+00 +4.553600093e+01 +4.553600093e+01 +2.2862e+00 -2.6059e+00 +3.0793e+00 -1.7679e+00 -3.0438e+00
30230 0 +4.050387793e+00 +4.549038779e+01 +4.549038779e+01 +2.2911e+00 -2.5972e+00 +3.0925e+00 -1.7680e+00 -3.0496e+00
30262 0 +3.980241203e+00 +4.542024120e+01 +4.542024120e+01 +2.2872e+00 -2.6005e+00 +3.0874e+00 -1.7685e+00 -3.0448e+00
95224 0 +3.188903210e+00 +4.462890321e+01 +4.462890321e+01 +2.2917e+00 -3.4115e+00 +2.5260e+00 -1.7708e+00 -3.4115e+00
95248 0 +3.032130492e+00 +4.447213049e+01 +4.447213049e+01 +2.2875e+00 -3.4082e+00 +2.5382e+00 -1.7679e+00 -3.4015e+00
95255 0 +2.992445707e+00 +4.443244571e+01 +4.443244571e+01 +2.2855e+00 -3.4050e+00 +2.5425e+00 -1.7685e+00 -3.4068e+00
99972 0 +2.694704742e+00 +4.413470474e+01 +4.413470474e+01 +2.2786e+00 -2.6042e+00 +2.5521e+00 -1.3542e+00 -3.0729e+00
100057 0 +2.497817775e+00 +4.393781778e+01 +4.393781778e+01 +2.2917e+00 -2.6302e+00 +2.5260e+00 -1.7708e+00 -3.4115e+00
100074 0 +2.438130718e+00 +4.387813072e+01 +4.387813072e+01 +2.2833e+00 -2.5974e+00 +2.5505e+00 -1.7650e+00 -3.3916e+00
100081 0 +2.150346819e+00 +4.359034682e+01 +4.359034682e+01 +2.2836e+00 -2.5867e+00 +2.5504e+00 -1.7679e+00 -3.4091e+00
100088 0 +2.027676229e+00 +4.346767623e+01 +4.346767623e+01 +2.2878e+00 -2.5909e+00 +2.5384e+00 -1.7702e+00 -3.4059e+00
100102 0 +1.991291024e+00 +4.343129102e+01 +4.343129102e+01 +2.2864e+00 -2.6014e+00 +2.5398e+00 -1.7690e+00 -3.4059e+00
152538 0 +1.886361293e+00 +4.332636129e+01 +4.332636129e+01 +2.2917e+00 -2.6302e+00 +2.5260e+00 -1.3802e+00 -3.4115e+00
152690 0 +1.600301438e+00 +4.304030144e+01 +4.304030144e+01 +2.2917e+00 -2.5911e+00 +2.5260e+00 -1.3802e+00 -3.4115e+00
152828 0 +1.210682352e+00 +4.265068235e+01 +4.265068235e+01 +2.2917e+00 -2.6107e+00 +2.5260e+00 -1.3607e+00 -3.4115e+00
152838 0 +1.050527421e+00 +4.249052742e+01 +4.249052742e+01 +2.2875e+00 -2.6059e+00 +2.5382e+00 -1.3624e+00 -3.4015e+00
152845 0 +1.002790717e+00 +4.244279072e+01 +4.244279072e+01 +2.2855e+00 -2.6016e+00 +2.5425e+00 -1.3610e+00 -3.4070e+00
152851 0 +9.988695917e-01 +4.243886959e+01 +4.243886959e+01 +2.2871e+00 -2.5981e+00 +2.5383e+00 -1.3625e+00 -3.4060e+00
221021 0 +8.756858147e-01 +4.231568581e+01 +4.231568581e+01 +1.3021e+00 -2.6042e+00 +2.5521e+00 -1.3542e+00 -3.3854e+00
221466 0 +7.386398264e-01 +4.217863983e+01 +4.217863983e+01 +1.3151e+00 -2.5911e+00 +2.5260e+00 -1.3802e+00 -3.4115e+00
221484 0 +6.270894145e-01 +4.206708941e+01 +4.206708941e+01 +1.2760e+00 -2.5911e+00 +2.5260e+00 -1.3802e+00 -3.4115e+00
221628 0 +2.374703282e-01 +4.167747033e+01 +4.167747033e+01 +1.2760e+00 -2.6107e+00 +2.5260e+00 -1.3607e+00 -3.4115e+00
221645 0 +9.679130414e-02 +4.153679130e+01 +4.153679130e+01 +1.2826e+00 -2.6042e+00 +2.5326e+00 -1.3542e+00 -3.4049e+00
221654 0 +4.701571300e-02 +4.148701571e+01 +4.148701571e+01 +1.2837e+00 -2.6020e+00 +2.5356e+00 -1.3664e+00 -3.4068e+00
221661 0 +3.229374263e-02 +4.147229374e+01 +4.147229374e+01 +1.2856e+00 -2.5998e+00 +2.5435e+00 -1.3650e+00 -3.4058e+00
221668 0 +1.995313127e-02 +4.145995313e+01 +4.145995313e+01 +1.2888e+00 -2.5984e+00 +2.5434e+00 -1.3613e+00 -3.4081e+00
221676 0 +7.855551328e-03 +4.144785555e+01 +4.144785555e+01 +1.2901e+00 -2.5979e+00 +2.5412e+00 -1.3602e+00 -3.4058e+00
221682 0 +2.647607072e-03 +4.144264761e+01 +4.144264761e+01 +1.2889e+00 -2.6004e+00 +2.5375e+00 -1.3608e+00 -3.4065e+00
221688 0 +4.467604405e-04 +4.144044676e+01 +4.144044676e+01 +1.2894e+00 -2.6014e+00 +2.5385e+00 -1.3615e+00 -3.4065e+00
221694 0 +2.365739235e-05 +4.144002366e+01 +4.144002366e+01 +1.2897e+00 -2.6006e+00 +2.5391e+00 -1.3616e+00 -3.4064e+00
221700 0 +1.314957304e-05 +4.144001315e+01 +4.144001315e+01 +1.2897e+00 -2.6009e+00 +2.5393e+00 -1.3616e+00 -3.4063e+00
221706 0 +2.138907718e-06 +4.144000214e+01 +4.144000214e+01 +1.2896e+00 -2.6008e+00 +2.5392e+00 -1.3616e+00 -3.4064e+00
221711 0 +2.133359231e-06 +4.144000213e+01 +4.144000213e+01 +1.2896e+00 -2.6008e+00 +2.5392e+00 -1.3616e+00 -3.4064e+00
221713 0 +4.241990084e-07 +4.144000042e+01 +4.144000042e+01 +1.2896e+00 -2.6008e+00 +2.5392e+00 -1.3616e+00 -3.4064e+00
221719 0 +1.182716858e-08 +4.144000001e+01 +4.144000001e+01 +1.2896e+00 -2.6008e+00 +2.5392e+00 -1.3616e+00 -3.4064e+00
221721 0 +1.174517195e-08 +4.144000001e+01 +4.144000001e+01 +1.2896e+00 -2.6008e+00 +2.5392e+00 -1.3616e+00 -3.4064e+00
221725 0 +5.624876565e-09 +4.144000001e+01 +4.144000001e+01 +1.2896e+00 -2.6008e+00 +2.5392e+00 -1.3616e+00 -3.4064e+00
% f evaluations | g evaluations | best noise-free fitness - Fopt (-2.709000000000e+01) + sum g_i+ | measured fitness | best measured fitness or single-digit g-values | x1 | x2...
1 0 +1.454927607e+02 +1.184027607e+02 +1.184027607e+02 +1.6667e+00 +1.6667e+00 +1.6667e+00 +1.6667e+00 +1.6667e+00
5 0 +9.139443959e+01 +6.430443959e+01 +6.430443959e+01 +1.6667e+00 -3.3333e+00 +1.6667e+00 +1.6667e+00 +1.6667e+00
18 0 +6.972581056e+01 +4.263581056e+01 +4.263581056e+01 +1.6489e+00 -3.4039e+00 +1.5794e+00 +1.8625e+00 +1.5752e+00
32 0 +5.884947309e+01 +3.175947309e+01 +3.175947309e+01 +1.5592e+00 -3.4639e+00 +1.6578e+00 +1.8559e+00 +1.5354e+00
39 0 +5.567229630e+01 +2.858229630e+01 +2.858229630e+01 +1.4644e+00 -3.4453e+00 +1.6195e+00 +1.7277e+00 +1.5070e+00
45 0 +4.457594937e+01 +1.748594937e+01 +1.748594937e+01 +1.2705e+00 -3.3968e+00 +1.6247e+00 +1.7345e+00 +1.5035e+00
54 0 +4.246784795e+01 +1.537784795e+01 +1.537784795e+01 +1.1614e+00 -3.4049e+00 +1.6249e+00 +1.7386e+00 +1.5025e+00
60 0 +4.103423096e+01 +1.394423096e+01 +1.394423096e+01 +1.1867e+00 -3.4559e+00 +1.6472e+00 +1.8547e+00 +1.5200e+00
66 0 +3.781605851e+01 +1.072605851e+01 +1.072605851e+01 +1.1785e+00 -3.4352e+00 +1.6388e+00 +1.8004e+00 +1.5163e+00
308 0 +2.732586578e+01 +2.358657757e-01 +2.358657757e-01 -8.3333e-01 -2.7083e+00 +1.6667e+00 +2.2917e+00 +2.9167e+00
328 0 +1.176332118e+01 -1.532667882e+01 -1.532667882e+01 -8.2602e-01 -2.6835e+00 +1.6230e+00 +2.2231e+00 +3.0191e+00
336 0 +1.024582501e+01 -1.684417499e+01 -1.684417499e+01 -8.1906e-01 -2.6654e+00 +1.6344e+00 +2.2503e+00 +3.0456e+00
344 0 +8.643617850e+00 -1.844638215e+01 -1.844638215e+01 -8.0614e-01 -2.6257e+00 +1.6318e+00 +2.2818e+00 +3.0402e+00
352 0 +7.724692529e+00 -1.936530747e+01 -1.936530747e+01 -7.9788e-01 -2.6160e+00 +1.6519e+00 +2.2755e+00 +3.0283e+00
358 0 +7.349859028e+00 -1.974014097e+01 -1.974014097e+01 -7.8043e-01 -2.6411e+00 +1.6293e+00 +2.2697e+00 +3.0085e+00
364 0 +6.973320044e+00 -2.011667996e+01 -2.011667996e+01 -7.8157e-01 -2.6298e+00 +1.6379e+00 +2.2700e+00 +3.0183e+00
28348 0 +6.177524259e+00 -2.091247574e+01 -2.091247574e+01 +1.8880e-01 -1.0807e+00 +1.6341e+00 +1.7904e+00 +3.3333e+00
28375 0 +6.051961005e+00 -2.103803900e+01 -2.103803900e+01 +1.8659e-01 -1.0806e+00 +1.6413e+00 +1.8092e+00 +3.3288e+00
28389 0 +6.015530977e+00 -2.107446902e+01 -2.107446902e+01 +1.8023e-01 -1.0799e+00 +1.6338e+00 +1.8009e+00 +3.3312e+00
37960 0 +4.559495767e+00 -2.253050423e+01 -2.253050423e+01 +1.1849e+00 -2.6432e+00 +1.1068e+00 +2.7083e+00 +3.3333e+00
37988 0 +4.320187620e+00 -2.276981238e+01 -2.276981238e+01 +1.1841e+00 -2.6406e+00 +1.1023e+00 +2.7273e+00 +3.3311e+00
37995 0 +4.161343343e+00 -2.292865666e+01 -2.292865666e+01 +1.1814e+00 -2.6327e+00 +1.0827e+00 +2.7234e+00 +3.3204e+00
38003 0 +4.053305830e+00 -2.303669417e+01 -2.303669417e+01 +1.1803e+00 -2.6299e+00 +1.0793e+00 +2.7209e+00 +3.3272e+00
38029 0 +3.979900029e+00 -2.311009997e+01 -2.311009997e+01 +1.1808e+00 -2.6328e+00 +1.0893e+00 +2.7192e+00 +3.3279e+00
54603 0 +3.207528341e+00 -2.388247166e+01 -2.388247166e+01 +1.8880e-01 -3.4440e+00 +5.0130e-01 +1.7904e+00 +3.3333e+00
54632 0 +3.055979279e+00 -2.403402072e+01 -2.403402072e+01 +1.8659e-01 -3.4405e+00 +4.9846e-01 +1.8092e+00 +3.3288e+00
54647 0 +3.000399958e+00 -2.408960004e+01 -2.408960004e+01 +1.8159e-01 -3.4333e+00 +4.9075e-01 +1.8012e+00 +3.3274e+00
80956 0 +2.314494603e+00 -2.477550540e+01 -2.477550540e+01 +1.1849e+00 -2.6432e+00 +1.1068e+00 +1.7708e+00 +3.0208e+00
81005 0 +1.709204175e+00 -2.538079582e+01 -2.538079582e+01 +1.1833e+00 -2.6379e+00 +1.0978e+00 +1.8249e+00 +3.0120e+00
81012 0 +1.504725840e+00 -2.558527416e+01 -2.558527416e+01 +1.1821e+00 -2.6321e+00 +1.0839e+00 +1.8169e+00 +3.0283e+00
81020 0 +1.110223124e+00 -2.597977688e+01 -2.597977688e+01 +1.1812e+00 -2.6286e+00 +1.0771e+00 +1.8049e+00 +3.0180e+00
81027 0 +1.069513219e+00 -2.602048678e+01 -2.602048678e+01 +1.1805e+00 -2.6313e+00 +1.0956e+00 +1.7975e+00 +3.0146e+00
81033 0 +1.001361244e+00 -2.608863876e+01 -2.608863876e+01 +1.1810e+00 -2.6343e+00 +1.0919e+00 +1.8031e+00 +3.0180e+00
81039 0 +9.957198890e-01 -2.609428011e+01 -2.609428011e+01 +1.1806e+00 -2.6324e+00 +1.0901e+00 +1.8024e+00 +3.0181e+00
103626 0 +9.146378421e-01 -2.617536216e+01 -2.617536216e+01 +1.1784e+00 -2.6302e+00 +1.1003e+00 +1.7839e+00 +3.3464e+00
103715 0 +3.657884342e-01 -2.672421157e+01 -2.672421157e+01 +1.1849e+00 -2.6237e+00 +1.1068e+00 +1.7904e+00 +3.3333e+00
103746 0 +1.114933955e-01 -2.697850660e+01 -2.697850660e+01 +1.1833e+00 -2.6270e+00 +1.0978e+00 +1.8092e+00 +3.3288e+00
103753 0 +9.988342649e-02 -2.699011657e+01 -2.699011657e+01 +1.1821e+00 -2.6319e+00 +1.0816e+00 +1.8045e+00 +3.3229e+00
103760 0 +7.927419087e-02 -2.701072581e+01 -2.701072581e+01 +1.1812e+00 -2.6348e+00 +1.0801e+00 +1.8024e+00 +3.3319e+00
103766 0 +5.040754502e-02 -2.703959245e+01 -2.703959245e+01 +1.1803e+00 -2.6360e+00 +1.0980e+00 +1.7998e+00 +3.3279e+00
103772 0 +1.017585850e-02 -2.707982414e+01 -2.707982414e+01 +1.1812e+00 -2.6290e+00 +1.0891e+00 +1.8022e+00 +3.3265e+00
103778 0 +6.892236238e-03 -2.708310776e+01 -2.708310776e+01 +1.1810e+00 -2.6361e+00 +1.0877e+00 +1.8018e+00 +3.3276e+00
103784 0 +5.724898224e-04 -2.708942751e+01 -2.708942751e+01 +1.1806e+00 -2.6330e+00 +1.0900e+00 +1.8014e+00 +3.3284e+00
103790 0 +8.756212988e-06 -2.708999124e+01 -2.708999124e+01 +1.1808e+00 -2.6328e+00 +1.0896e+00 +1.8017e+00 +3.3280e+00
103796 0 +2.009073818e-06 -2.708999799e+01 -2.708999799e+01 +1.1808e+00 -2.6328e+00 +1.0896e+00 +1.8016e+00 +3.3280e+00
103803 0 +8.729835805e-07 -2.708999913e+01 -2.708999913e+01 +1.1808e+00 -2.6328e+00 +1.0896e+00 +1.8016e+00 +3.3280e+00
103808 0 +8.707794237e-07 -2.708999913e+01 -2.708999913e+01 +1.1808e+00 -2.6328e+00 +1.0896e+00 +1.8016e+00 +3.3280e+00
103809 0 +1.753629562e-07 -2.708999982e+01 -2.708999982e+01 +1.1808e+00 -2.6328e+00 +1.0896e+00 +1.8016e+00 +3.3280e+00
103814 0 +1.737436577e-07 -2.708999983e+01 -2.708999983e+01 +1.1808e+00 -2.6328e+00 +1.0896e+00 +1.8016e+00 +3.3280e+00
103816 0 +3.390298176e-08 -2.708999997e+01 -2.708999997e+01 +1.1808e+00 -2.6328e+00 +1.0896e+00 +1.8016e+00 +3.3280e+00
103822 0 +3.167293983e-09 -2.709000000e+01 -2.709000000e+01 +1.1808e+00 -2.6328e+00 +1.0896e+00 +1.8016e+00 +3.3280e+00
% f evaluations | g evaluations | best noise-free fitness - Fopt (5.175000000000e+01) + sum g_i+ | measured fitness | best measured fitness or single-digit g-values | x1 | x2...
1 0 +1.009431582e+02 +1.526931582e+02 +1.526931582e+02 +1.6667e+00 +1.6667e+00 +1.6667e+00 +1.6667e+00 +1.6667e+00
23 0 +9.586825755e+01 +1.476182576e+02 +1.476182576e+02 +4.1667e+00 +1.6667e+00 +1.6667e+00 +1.6667e+00 +1.6667e+00
35 0 +6.811100338e+01 +1.198610034e+02 +1.198610034e+02 +4.1027e+00 +1.8412e+00 +1.4724e+00 +2.0194e+00 +1.1704e+00
41 0 +5.049205062e+01 +1.022420506e+02 +1.022420506e+02 +4.1010e+00 +1.8777e+00 +1.4344e+00 +1.7318e+00 +1.1807e+00
66 0 +4.467445839e+01 +9.642445839e+01 +9.642445839e+01 +4.1200e+00 +1.9064e+00 +1.5121e+00 +1.7194e+00 +1.0281e+00
73 0 +4.286296950e+01 +9.461296950e+01 +9.461296950e+01 +4.1177e+00 +1.9176e+00 +1.4570e+00 +1.7314e+00 +1.0408e+00
79 0 +4.217489379e+01 +9.392489379e+01 +9.392489379e+01 +4.1108e+00 +1.9259e+00 +1.4573e+00 +1.7416e+00 +1.0316e+00
227 0 +4.067204078e+01 +9.242204078e+01 +9.242204078e+01 -1.6667e+00 +2.0833e+00 +3.3333e+00 +8.3333e-01 +8.3333e-01
237 0 +3.947365286e+01 +9.122365286e+01 +9.122365286e+01 -1.6667e+00 +2.0833e+00 +4.5833e+00 +8.3333e-01 +8.3333e-01
252 0 +2.664648901e+01 +7.839648901e+01 +7.839648901e+01 -1.7415e+00 +2.0073e+00 +4.7343e+00 +7.8089e-01 +6.4343e-01
259 0 +2.270964932e+01 +7.445964932e+01 +7.445964932e+01 -1.7640e+00 +1.9935e+00 +4.7605e+00 +8.2225e-01 +7.0722e-01
267 0 +2.208969923e+01 +7.383969923e+01 +7.383969923e+01 -1.7702e+00 +1.9959e+00 +4.7249e+00 +8.3150e-01 +7.0966e-01
273 0 +2.125151631e+01 +7.300151631e+01 +7.300151631e+01 -1.8053e+00 +1.9962e+00 +4.7359e+00 +8.3576e-01 +6.9112e-01
468 0 +1.754009282e+01 +6.929009282e+01 +6.929009282e+01 -2.0833e+00 +1.3542e+00 +3.5417e+00 +4.1667e-01 +4.1667e-01
491 0 +1.634516469e+01 +6.809516469e+01 +6.809516469e+01 -2.0248e+00 +1.2501e+00 +3.6331e+00 +4.1375e-01 +4.2157e-01
497 0 +9.526005024e+00 +6.127600502e+01 +6.127600502e+01 -1.9107e+00 +1.1912e+00 +3.5517e+00 +4.1821e-01 +4.2227e-01
503 0 +8.840921105e+00 +6.059092110e+01 +6.059092110e+01 -1.8528e+00 +1.2167e+00 +3.5773e+00 +4.0899e-01 +4.1618e-01
509 0 +8.534599576e+00 +6.028459958e+01 +6.028459958e+01 -1.8191e+00 +1.2247e+00 +3.5682e+00 +4.2567e-01 +4.2297e-01
516 0 +8.378662619e+00 +6.012866262e+01 +6.012866262e+01 -1.8080e+00 +1.2332e+00 +3.5591e+00 +4.1322e-01 +4.2399e-01
522 0 +8.054097935e+00 +5.980409793e+01 +5.980409793e+01 -1.8242e+00 +1.2601e+00 +3.5623e+00 +4.1356e-01 +4.1754e-01
2795 0 +5.735886579e+00 +5.748588658e+01 +5.748588658e+01 -8.3333e-01 +4.1667e-01 +3.5417e+00 +4.1667e-01 +4.1667e-01
2817 0 +5.032413784e+00 +5.678241378e+01 +5.678241378e+01 -8.5136e-01 +4.3521e-01 +3.5874e+00 +4.1521e-01 +4.1912e-01
2823 0 +4.823982971e+00 +5.657398297e+01 +5.657398297e+01 -9.0565e-01 +4.8271e-01 +3.5582e+00 +4.1388e-01 +4.2489e-01
2829 0 +4.085845304e+00 +5.583584530e+01 +5.583584530e+01 -8.6661e-01 +4.6471e-01 +3.5633e+00 +4.1874e-01 +4.1747e-01
2836 0 +4.016618767e+00 +5.576661877e+01 +5.576661877e+01 -8.6713e-01 +4.5411e-01 +3.5644e+00 +4.1137e-01 +4.2032e-01
2855 0 +3.980244547e+00 +5.573024455e+01 +5.573024455e+01 -8.7151e-01 +4.4926e-01 +3.5629e+00 +4.1554e-01 +4.2068e-01
3526 0 +3.833879639e+00 +5.558387964e+01 +5.558387964e+01 -8.3333e-01 +4.5573e-01 +2.9948e+00 +4.1667e-01 +4.1667e-01
3546 0 +3.754608281e+00 +5.550460828e+01 +5.550460828e+01 -8.3333e-01 +4.5573e-01 +3.0339e+00 +4.1667e-01 +4.1667e-01
3565 0 +3.686403595e+00 +5.543640360e+01 +5.543640360e+01 -8.4635e-01 +4.4271e-01 +3.0208e+00 +4.0365e-01 +4.4271e-01
3575 0 +3.564775784e+00 +5.531477578e+01 +5.531477578e+01 -8.4635e-01 +4.4271e-01 +3.0208e+00 +4.0365e-01 +4.0365e-01
3588 0 +3.326755512e+00 +5.507675551e+01 +5.507675551e+01 -8.5286e-01 +4.5573e-01 +3.0339e+00 +4.1667e-01 +4.1667e-01
3597 0 +3.023721489e+00 +5.477372149e+01 +5.477372149e+01 -8.7118e-01 +4.4787e-01 +3.0072e+00 +4.1375e-01 +4.2157e-01
3603 0 +3.016998319e+00 +5.476699832e+01 +5.476699832e+01 -8.7663e-01 +4.4711e-01 +3.0162e+00 +4.2000e-01 +4.1978e-01
7712 0 +2.734741902e+00 +5.448474190e+01 +5.448474190e+01 +1.0417e-01 +4.1667e-01 +2.9948e+00 +4.1667e-01 +4.1667e-01
7964 0 +2.333490645e+00 +5.408349064e+01 +5.408349064e+01 +1.4323e-01 +4.5573e-01 +2.9948e+00 +4.1667e-01 +4.1667e-01
7980 0 +2.254219287e+00 +5.400421929e+01 +5.400421929e+01 +1.4323e-01 +4.5573e-01 +3.0339e+00 +4.1667e-01 +4.1667e-01
7989 0 +2.046856854e+00 +5.379685685e+01 +5.379685685e+01 +1.3424e-01 +4.4787e-01 +3.0072e+00 +4.1375e-01 +4.2157e-01
7995 0 +2.009147860e+00 +5.375914786e+01 +5.375914786e+01 +1.2534e-01 +4.4665e-01 +3.0143e+00 +4.1962e-01 +4.2013e-01
8008 0 +1.992204389e+00 +5.374220439e+01 +5.374220439e+01 +1.2564e-01 +4.5028e-01 +3.0140e+00 +4.1474e-01 +4.1999e-01
16391 0 +1.920337846e+00 +5.367033785e+01 +5.367033785e+01 +1.3021e-01 +4.4271e-01 +3.0208e+00 +4.4271e-01 +5.2083e-02
16735 0 +1.254133701e+00 +5.300413370e+01 +5.300413370e+01 +1.3021e-01 +4.4271e-01 +3.0208e+00 +4.0365e-01 +5.2083e-02
16760 0 +1.054416872e+00 +5.280441687e+01 +5.280441687e+01 +1.2961e-01 +4.4426e-01 +3.0185e+00 +4.1752e-01 +6.3437e-02
16768 0 +1.028973715e+00 +5.277897372e+01 +5.277897372e+01 +1.2904e-01 +4.4622e-01 +3.0155e+00 +4.2067e-01 +5.9613e-02
16775 0 +1.001267228e+00 +5.275126723e+01 +5.275126723e+01 +1.2637e-01 +4.4989e-01 +3.0124e+00 +4.1631e-01 +5.9454e-02
16782 0 +9.968870876e-01 +5.274688709e+01 +5.274688709e+01 +1.2508e-01 +4.5001e-01 +3.0161e+00 +4.1505e-01 +5.8618e-02
148445 0 +2.393180983e-01 +5.198931810e+01 +5.198931810e+01 +1.3021e-01 +4.4271e-01 +3.0208e+00 +8.3333e-01 +5.2083e-02
148480 0 +6.020136961e-02 +5.181020137e+01 +5.181020137e+01 +1.2961e-01 +4.4426e-01 +3.0185e+00 +8.2022e-01 +6.3437e-02
148488 0 +4.020138645e-02 +5.179020139e+01 +5.179020139e+01 +1.2904e-01 +4.4621e-01 +3.0156e+00 +8.1731e-01 +5.9859e-02
148494 0 +3.401419283e-02 +5.178401419e+01 +5.178401419e+01 +1.2349e-01 +4.5330e-01 +3.0105e+00 +8.2558e-01 +5.9786e-02
148500 0 +8.474294725e-03 +5.175847429e+01 +5.175847429e+01 +1.2327e-01 +4.5040e-01 +3.0184e+00 +8.2270e-01 +5.8145e-02
148506 0 +7.314862298e-03 +5.175731486e+01 +5.175731486e+01 +1.2550e-01 +4.4599e-01 +3.0141e+00 +8.2065e-01 +5.9674e-02
148512 0 +5.616317082e-04 +5.175056163e+01 +5.175056163e+01 +1.2509e-01 +4.4975e-01 +3.0148e+00 +8.2227e-01 +5.9426e-02
148518 0 +4.313367590e-04 +5.175043134e+01 +5.175043134e+01 +1.2472e-01 +4.4825e-01 +3.0157e+00 +8.2280e-01 +5.9167e-02
148524 0 +2.635382728e-05 +5.175002635e+01 +5.175002635e+01 +1.2473e-01 +4.4861e-01 +3.0153e+00 +8.2242e-01 +5.9254e-02
148530 0 +6.263735656e-06 +5.175000626e+01 +5.175000626e+01 +1.2476e-01 +4.4873e-01 +3.0152e+00 +8.2239e-01 +5.9243e-02
148537 0 +8.525554023e-07 +5.175000085e+01 +5.175000085e+01 +1.2478e-01 +4.4881e-01 +3.0152e+00 +8.2239e-01 +5.9204e-02
148540 0 +8.501388535e-07 +5.175000085e+01 +5.175000085e+01 +1.2478e-01 +4.4881e-01 +3.0152e+00 +8.2239e-01 +5.9204e-02
148543 0 +6.244557227e-08 +5.175000006e+01 +5.175000006e+01 +1.2480e-01 +4.4880e-01 +3.0152e+00 +8.2240e-01 +5.9206e-02
148549 0 +1.502921521e-08 +5.175000002e+01 +5.175000002e+01 +1.2480e-01 +4.4880e-01 +3.0152e+00 +8.2240e-01 +5.9202e-02
148555 0 +1.632550095e-09 +5.175000000e+01 +5.175000000e+01 +1.2480e-01 +4.4880e-01 +3.0152e+00 +8.2240e-01 +5.9201e-02
% f evaluations | g evaluations | best noise-free fitness - Fopt (-5.541400000000e+02) + sum g_i+ | measured fitness | best measured fitness or single-digit g-values | x1 | x2...
1 0 +7.105910381e+01 -4.830808962e+02 -4.830808962e+02 +1.6667e+00 +1.6667e+00 +1.6667e+00 +1.6667e+00 +1.6667e+00
29 0 +6.276356692e+01 -4.913764331e+02 -4.913764331e+02 +1.6667e+00 +4.1667e+00 +1.6667e+00 +1.6667e+00 +1.6667e+00
41 0 +4.042512898e+01 -5.137148710e+02 -5.137148710e+02 +1.7962e+00 +3.8326e+00 +1.4881e+00 +1.9171e+00 +1.7612e+00
47 0 +3.863870133e+01 -5.155012987e+02 -5.155012987e+02 +1.8548e+00 +3.8750e+00 +1.5104e+00 +1.7130e+00 +1.8037e+00
53 0 +2.988713909e+01 -5.242528609e+02 -5.242528609e+02 +1.8681e+00 +3.9613e+00 +1.5631e+00 +1.8026e+00 +1.8013e+00
60 0 +2.865080778e+01 -5.254891922e+02 -5.254891922e+02 +1.8729e+00 +3.9980e+00 +1.5431e+00 +1.8540e+00 +1.8032e+00
72 0 +2.789743089e+01 -5.262425691e+02 -5.262425691e+02 +1.8758e+00 +4.0514e+00 +1.5293e+00 +1.8343e+00 +1.8010e+00
342 0 +2.663212255e+01 -5.275078775e+02 -5.275078775e+02 +8.3333e-01 +3.3333e+00 +2.0833e+00 +2.7083e+00 +8.3333e-01
354 0 +1.813044521e+01 -5.360095548e+02 -5.360095548e+02 +8.3333e-01 +3.3333e+00 +2.0833e+00 +2.7083e+00 +2.0833e-01
377 0 +8.285071069e+00 -5.458549289e+02 -5.458549289e+02 +8.5594e-01 +3.2993e+00 +2.1099e+00 +2.7216e+00 +3.4378e-01
383 0 +7.001287846e+00 -5.471387122e+02 -5.471387122e+02 +9.1701e-01 +3.1993e+00 +2.1888e+00 +2.6772e+00 +2.8517e-01
390 0 +6.897969837e+00 -5.472420302e+02 -5.472420302e+02 +9.0392e-01 +3.2042e+00 +2.1887e+00 +2.7365e+00 +2.6883e-01
396 0 +3.468773821e+00 -5.506712262e+02 -5.506712262e+02 +8.4142e-01 +3.2690e+00 +2.1416e+00 +2.7034e+00 +3.0388e-01
402 0 +2.389828693e+00 -5.517501713e+02 -5.517501713e+02 +8.8382e-01 +3.2081e+00 +2.1230e+00 +2.7068e+00 +3.0137e-01
408 0 +2.223963366e+00 -5.519160366e+02 -5.519160366e+02 +8.8690e-01 +3.2203e+00 +2.1483e+00 +2.7148e+00 +2.8953e-01
414 0 +2.002249130e+00 -5.521377509e+02 -5.521377509e+02 +8.7696e-01 +3.2302e+00 +2.1297e+00 +2.7151e+00 +2.9339e-01
420 0 +1.992541744e+00 -5.521474583e+02 -5.521474583e+02 +8.7925e-01 +3.2290e+00 +2.1333e+00 +2.7125e+00 +2.9399e-01
233404 0 +1.924829338e+00 -5.522151707e+02 -5.522151707e+02 +1.8880e+00 +3.2552e+00 +2.1615e+00 +2.7083e+00 +2.8646e-01
233470 0 +1.717000861e+00 -5.524229991e+02 -5.524229991e+02 +1.8880e+00 +3.2161e+00 +2.1615e+00 +2.7083e+00 +2.8646e-01
233536 0 +1.278731329e+00 -5.528612687e+02 -5.528612687e+02 +1.8880e+00 +3.2161e+00 +2.1224e+00 +2.7083e+00 +2.8646e-01
233757 0 +1.217778723e+00 -5.529222213e+02 -5.529222213e+02 +1.8815e+00 +3.2292e+00 +2.1354e+00 +2.7214e+00 +2.9948e-01
234426 0 +1.192977093e+00 -5.529470229e+02 -5.529470229e+02 +1.8783e+00 +3.2259e+00 +2.1224e+00 +2.7083e+00 +2.8646e-01
234776 0 +1.142443805e+00 -5.529975562e+02 -5.529975562e+02 +1.8783e+00 +3.2259e+00 +2.1322e+00 +2.7083e+00 +2.8646e-01
234949 0 +1.050358968e+00 -5.530896410e+02 -5.530896410e+02 +1.8815e+00 +3.2292e+00 +2.1354e+00 +2.7116e+00 +2.8971e-01
235043 0 +1.043627359e+00 -5.530963726e+02 -5.530963726e+02 +1.8766e+00 +3.2292e+00 +2.1354e+00 +2.7116e+00 +2.8971e-01
235764 0 +1.007358692e+00 -5.531326413e+02 -5.531326413e+02 +1.8783e+00 +3.2308e+00 +2.1322e+00 +2.7132e+00 +2.9134e-01
244601 0 +9.992595684e-01 -5.531407404e+02 -5.531407404e+02 +1.8766e+00 +3.2292e+00 +2.1330e+00 +2.7140e+00 +2.9460e-01
% f evaluations | g evaluations | best noise-free fitness - Fopt (1.774000000000e+01) + sum g_i+ | measured fitness | best measured fitness or single-digit g-values | x1 | x2...
1 0 +1.351580689e+02 +1.528980689e+02 +1.528980689e+02 +1.6667e+00 +1.6667e+00 +1.6667e+00 +1.6667e+00 +1.6667e+00
9 0 +6.208416218e+01 +7.982416218e+01 +7.982416218e+01 +1.6667e+00 +1.6667e+00 -3.3333e+00 +1.6667e+00 +1.6667e+00
21 0 +5.579955875e+01 +7.353955875e+01 +7.353955875e+01 +1.6307e+00 +1.5235e+00 -2.9407e+00 +1.9152e+00 +1.5791e+00
29 0 +4.231274764e+01 +6.005274764e+01 +6.005274764e+01 +1.6024e+00 +1.4736e+00 -2.6980e+00 +1.9527e+00 +1.6768e+00
35 0 +3.705438746e+01 +5.479438746e+01 +5.479438746e+01 +1.5368e+00 +1.5941e+00 -2.6133e+00 +1.7113e+00 +1.6119e+00
41 0 +2.424279661e+01 +4.198279661e+01 +4.198279661e+01 +1.4615e+00 +1.6060e+00 -2.7918e+00 +1.7859e+00 +1.6784e+00
47 0 +2.156626354e+01 +3.930626354e+01 +3.930626354e+01 +1.2044e+00 +1.5668e+00 -2.7688e+00 +1.9370e+00 +1.7058e+00
53 0 +1.043469039e+01 +2.817469039e+01 +2.817469039e+01 +1.2927e+00 +1.5230e+00 -2.7243e+00 +1.8177e+00 +1.6748e+00
59 0 +9.225714722e+00 +2.696571472e+01 +2.696571472e+01 +1.2661e+00 +1.5865e+00 -2.7187e+00 +1.8320e+00 +1.6690e+00
65 0 +8.413139372e+00 +2.615313937e+01 +2.615313937e+01 +1.2548e+00 +1.5611e+00 -2.7233e+00 +1.8444e+00 +1.6568e+00
71 0 +8.148206111e+00 +2.588820611e+01 +2.588820611e+01 +1.2709e+00 +1.5478e+00 -2.7236e+00 +1.8478e+00 +1.6286e+00
77 0 +7.996335449e+00 +2.573633545e+01 +2.573633545e+01 +1.2568e+00 +1.5554e+00 -2.7271e+00 +1.8382e+00 +1.6383e+00
1090 0 +6.250872429e+00 +2.399087243e+01 +2.399087243e+01 +3.6458e-01 +2.3177e+00 -2.1354e+00 +2.2396e+00 +1.3802e+00
1104 0 +5.932761822e+00 +2.367276182e+01 +2.367276182e+01 +3.2552e-01 +2.3177e+00 -2.1354e+00 +2.2396e+00 +1.3802e+00
1128 0 +5.185511225e+00 +2.292551123e+01 +2.292551123e+01 +3.2007e-01 +2.3513e+00 -2.1299e+00 +2.2597e+00 +1.3726e+00
1141 0 +5.006760977e+00 +2.274676098e+01 +2.274676098e+01 +3.0971e-01 +2.3646e+00 -2.1356e+00 +2.2480e+00 +1.3776e+00
4603 0 +2.611450070e+00 +2.035145007e+01 +2.035145007e+01 +2.3177e+00 +2.3177e+00 -2.1354e+00 +2.2396e+00 +1.3802e+00
4621 0 +1.974323429e+00 +1.971432343e+01 +1.971432343e+01 +2.2786e+00 +2.3177e+00 -2.1354e+00 +2.2396e+00 +1.3802e+00
4645 0 +1.190240971e+00 +1.893024097e+01 +1.893024097e+01 +2.2669e+00 +2.3513e+00 -2.1299e+00 +2.2597e+00 +1.3726e+00
4652 0 +1.163383510e+00 +1.890338351e+01 +1.890338351e+01 +2.2555e+00 +2.3827e+00 -2.1260e+00 +2.2431e+00 +1.3707e+00
4658 0 +1.024398840e+00 +1.876439884e+01 +1.876439884e+01 +2.2574e+00 +2.3641e+00 -2.1356e+00 +2.2467e+00 +1.3773e+00
4664 0 +1.014368078e+00 +1.875436808e+01 +1.875436808e+01 +2.2597e+00 +2.3579e+00 -2.1267e+00 +2.2488e+00 +1.3720e+00
4670 0 +9.964762882e-01 +1.873647629e+01 +1.873647629e+01 +2.2592e+00 +2.3620e+00 -2.1288e+00 +2.2483e+00 +1.3756e+00
8497 0 +2.990930092e-01 +1.803909301e+01 +1.803909301e+01 +2.2526e+00 +2.3698e+00 -2.1224e+00 +2.2526e+00 +1.0026e+00
8524 0 +7.642946575e-02 +1.781642947e+01 +1.781642947e+01 +2.2531e+00 +2.3681e+00 -2.1259e+00 +2.2507e+00 +1.0188e+00
8531 0 +5.519037633e-02 +1.779519038e+01 +1.779519038e+01 +2.2548e+00 +2.3659e+00 -2.1362e+00 +2.2487e+00 +1.0172e+00
8539 0 +5.366006163e-02 +1.779366006e+01 +1.779366006e+01 +2.2568e+00 +2.3639e+00 -2.1388e+00 +2.2461e+00 +1.0149e+00
8545 0 +1.540163810e-02 +1.775540164e+01 +1.775540164e+01 +2.2597e+00 +2.3611e+00 -2.1335e+00 +2.2491e+00 +1.0143e+00
8552 0 +1.280536838e-02 +1.775280537e+01 +1.775280537e+01 +2.2607e+00 +2.3614e+00 -2.1266e+00 +2.2456e+00 +1.0143e+00
8558 0 +3.537237541e-03 +1.774353724e+01 +1.774353724e+01 +2.2591e+00 +2.3643e+00 -2.1277e+00 +2.2488e+00 +1.0139e+00
8565 0 +2.090115842e-03 +1.774209012e+01 +1.774209012e+01 +2.2585e+00 +2.3639e+00 -2.1299e+00 +2.2493e+00 +1.0138e+00
8571 0 +6.841801093e-04 +1.774068418e+01 +1.774068418e+01 +2.2590e+00 +2.3630e+00 -2.1294e+00 +2.2488e+00 +1.0138e+00
8578 0 +4.167286196e-04 +1.774041673e+01 +1.774041673e+01 +2.2595e+00 +2.3626e+00 -2.1291e+00 +2.2479e+00 +1.0138e+00
8584 0 +1.370297989e-04 +1.774013703e+01 +1.774013703e+01 +2.2592e+00 +2.3629e+00 -2.1293e+00 +2.2482e+00 +1.0137e+00
8590 0 +8.165937758e-05 +1.774008166e+01 +1.774008166e+01 +2.2591e+00 +2.3635e+00 -2.1295e+00 +2.2481e+00 +1.0137e+00
8596 0 +1.656719430e-05 +1.774001657e+01 +1.774001657e+01 +2.2591e+00 +2.3632e+00 -2.1295e+00 +2.2480e+00 +1.0137e+00
8602 0 +6.906234731e-06 +1.774000691e+01 +1.774000691e+01 +2.2592e+00 +2.3631e+00 -2.1296e+00 +2.2479e+00 +1.0136e+00
8608 0 +1.537260857e-06 +1.774000154e+01 +1.774000154e+01 +2.2592e+00 +2.3632e+00 -2.1296e+00 +2.2480e+00 +1.0136e+00
8615 0 +1.012549731e-06 +1.774000101e+01 +1.774000101e+01 +2.2592e+00 +2.3632e+00 -2.1296e+00 +2.2480e+00 +1.0136e+00
8621 0 +2.242216333e-07 +1.774000022e+01 +1.774000022e+01 +2.2592e+00 +2.3632e+00 -2.1296e+00 +2.2480e+00 +1.0136e+00
8627 0 +7.188408091e-08 +1.774000007e+01 +1.774000007e+01 +2.2592e+00 +2.3632e+00 -2.1296e+00 +2.2480e+00 +1.0136e+00
8633 0 +4.299557688e-08 +1.774000004e+01 +1.774000004e+01 +2.2592e+00 +2.3632e+00 -2.1296e+00 +2.2480e+00 +1.0136e+00
8639 0 +1.189022925e-08 +1.774000001e+01 +1.774000001e+01 +2.2592e+00 +2.3632e+00 -2.1296e+00 +2.2480e+00 +1.0136e+00
8645 0 +3.356539935e-09 +1.774000000e+01 +1.774000000e+01 +2.2592e+00 +2.3632e+00 -2.1296e+00 +2.2480e+00 +1.0136e+00
