% f evaluations | g evaluations | best noise-free fitness - Fopt (-4.620900000000e+02) + sum g_i+ | measured fitness | best measured fitness or single-digit g-values | x1 | x2...
1 0 +3.532504932e+01 -4.267649507e+02 -4.267649507e+02 +1.6667e+00 +1.6667e+00 +1.6667e+00
3 0 +2.031643607e+01 -4.417735639e+02 -4.417735639e+02 -3.3333e+00 +1.6667e+00 +1.6667e+00
12 0 +6.062053265e+00 -4.560279467e+02 -4.560279467e+02 -3.3372e+00 +1.6975e+00 +1.5339e+00
18 0 +5.978906558e+00 -4.561110934e+02 -4.561110934e+02 -3.3369e+00 +1.6987e+00 +1.5256e+00
620 0 +2.546391374e+00 -4.595436086e+02 -4.595436086e+02 -3.3333e+00 +2.2917e+00 +2.6042e+00
729 0 +2.504576380e+00 -4.595854236e+02 -4.595854236e+02 -3.3464e+00 +2.3177e+00 +2.5521e+00
767 0 +2.176282613e+00 -4.599137174e+02 -4.599137174e+02 -3.3464e+00 +2.2982e+00 +2.5911e+00
798 0 +2.084323939e+00 -4.600056761e+02 -4.600056761e+02 -3.3333e+00 +2.2917e+00 +2.5651e+00
839 0 +2.039917029e+00 -4.600500830e+02 -4.600500830e+02 -3.3268e+00 +2.2982e+00 +2.5716e+00
1171 0 +1.649556288e+00 -4.604404437e+02 -4.604404437e+02 -2.3698e+00 +2.3177e+00 +2.5521e+00
1388 0 +1.598134599e+00 -4.604918654e+02 -4.604918654e+02 -2.3568e+00 +2.3307e+00 +2.5651e+00
1444 0 +1.136012220e+00 -4.609539878e+02 -4.609539878e+02 -2.3568e+00 +2.2917e+00 +2.5651e+00
1453 0 +1.020460012e+00 -4.610695400e+02 -4.610695400e+02 -2.3489e+00 +2.3027e+00 +2.5790e+00
1461 0 +9.970474195e-01 -4.610929526e+02 -4.610929526e+02 -2.3384e+00 +2.2989e+00 +2.5740e+00
4144 0 +6.213472532e-01 -4.614686527e+02 -4.614686527e+02 -2.3958e+00 +2.2917e+00 +2.2135e+00
4188 0 +8.965135629e-02 -4.620003486e+02 -4.620003486e+02 -2.3568e+00 +2.2917e+00 +2.2135e+00
4483 0 +8.112477871e-02 -4.620088752e+02 -4.620088752e+02 -2.3503e+00 +2.2982e+00 +2.2201e+00
4542 0 +4.432907526e-02 -4.620456709e+02 -4.620456709e+02 -2.3470e+00 +2.2917e+00 +2.2135e+00
4606 0 +8.509646950e-03 -4.620814904e+02 -4.620814904e+02 -2.3470e+00 +2.3014e+00 +2.2135e+00
5214 0 +4.374697908e-03 -4.620856253e+02 -4.620856253e+02 -2.3446e+00 +2.3014e+00 +2.2135e+00
5658 0 +3.902430922e-03 -4.620860976e+02 -4.620860976e+02 -2.3446e+00 +2.2990e+00 +2.2135e+00
6810 0 +3.497677090e-03 -4.620865023e+02 -4.620865023e+02 -2.3372e+00 +2.3014e+00 +2.2135e+00
6964 0 +1.415313343e-03 -4.620885847e+02 -4.620885847e+02 -2.3421e+00 +2.3014e+00 +2.2135e+00
7772 0 +1.349057214e-03 -4.620886509e+02 -4.620886509e+02 -2.3397e+00 +2.3014e+00 +2.2135e+00
8498 0 +8.767902278e-04 -4.620891232e+02 -4.620891232e+02 -2.3397e+00 +2.2990e+00 +2.2135e+00
11666 0 +5.996783780e-04 -4.620894003e+02 -4.620894003e+02 -2.3409e+00 +2.2990e+00 +2.2135e+00
14782 0 +3.850224175e-05 -4.620899615e+02 -4.620899615e+02 -2.3409e+00 +2.3002e+00 +2.2135e+00
% f evaluations | g evaluations | best noise-free fitness - Fopt (7.766000000000e+01) + sum g_i+ | measured fitness | best measured fitness or single-digit g-values | x1 | x2...
1 0 +2.521827143e+02 +3.298427143e+02 +3.298427143e+02 +1.6667e+00 +1.6667e+00 +1.6667e+00
2 0 +4.889677937e+01 +1.265567794e+02 +1.265567794e+02 -1.6667e+00 -1.6667e+00 -1.6667e+00
4 0 +3.445508663e+01 +1.121150866e+02 +1.121150866e+02 +3.3333e+00 -1.6667e+00 -1.6667e+00
11 0 +2.234709606e+01 +1.000070961e+02 +1.000070961e+02 +3.4947e+00 -1.3824e+00 -1.1707e+00
15 0 +2.147655009e+01 +9.913655009e+01 +9.913655009e+01 +3.3603e+00 -1.4255e+00 -1.3960e+00
19 0 +2.608520644e+00 +8.026852064e+01 +8.026852064e+01 +3.3695e+00 -1.4716e+00 -1.2763e+00
24 0 +2.127093435e+00 +7.978709343e+01 +7.978709343e+01 +3.4074e+00 -1.4578e+00 -1.2680e+00
28 0 +2.060412134e+00 +7.972041213e+01 +7.972041213e+01 +3.3979e+00 -1.4466e+00 -1.2771e+00
33 0 +2.009312383e+00 +7.966931238e+01 +7.966931238e+01 +3.3920e+00 -1.4469e+00 -1.2731e+00
37 0 +1.993283477e+00 +7.965328348e+01 +7.965328348e+01 +3.3956e+00 -1.4551e+00 -1.2714e+00
404 0 +1.935159884e+00 +7.959515988e+01 +7.959515988e+01 +2.3958e+00 -8.8542e-01 -8.8542e-01
457 0 +1.191675386e+00 +7.885167539e+01 +7.885167539e+01 +2.4089e+00 -8.7240e-01 -9.1146e-01
464 0 +1.042387565e+00 +7.870238757e+01 +7.870238757e+01 +2.4040e+00 -8.4771e-01 -9.1085e-01
468 0 +9.956278170e-01 +7.865562782e+01 +7.865562782e+01 +2.4002e+00 -8.5630e-01 -9.1094e-01
3882 0 +6.038569459e-01 +7.826385695e+01 +7.826385695e+01 +2.3958e+00 -8.8542e-01 -1.2760e+00
3884 0 +9.445559412e-02 +7.775445559e+01 +7.775445559e+01 +2.3958e+00 -8.4635e-01 -1.2760e+00
3916 0 +3.731477412e-02 +7.769731477e+01 +7.769731477e+01 +2.3962e+00 -8.4922e-01 -1.2695e+00
3922 0 +1.491703997e-02 +7.767491704e+01 +7.767491704e+01 +2.3968e+00 -8.5709e-01 -1.2689e+00
3926 0 +1.999468911e-03 +7.766199947e+01 +7.766199947e+01 +2.3985e+00 -8.5723e-01 -1.2712e+00
3930 0 +4.680500061e-05 +7.766004681e+01 +7.766004681e+01 +2.3985e+00 -8.5595e-01 -1.2721e+00
3934 0 +3.945980609e-07 +7.766000039e+01 +7.766000039e+01 +2.3984e+00 -8.5598e-01 -1.2720e+00
3938 0 +5.906358069e-09 +7.766000001e+01 +7.766000001e+01 +2.3984e+00 -8.5600e-01 -1.2720e+00
% f evaluations | g evaluations | best noise-free fitness - Fopt (1.156800000000e+02) + sum g_i+ | measured fitness | best measured fitness or single-digit g-values | x1 | x2...
1 0 +8.973816296e+01 +2.054181630e+02 +2.054181630e+02 +1.6667e+00 +1.6667e+00 +1.6667e+00
2 0 +6.871761978e+01 +1.843976198e+02 +1.843976198e+02 -1.6667e+00 -1.6667e+00 -1.6667e+00
5 0 +5.367978309e+01 +1.693597831e+02 +1.693597831e+02 -3.3333e+00 -3.3333e+00 +1.6667e+00
15 0 +4.541651746e+01 +1.610965175e+02 +1.610965175e+02 -3.1086e+00 -3.1997e+00 +1.7302e+00
19 0 +4.179185977e+01 +1.574718598e+02 +1.574718598e+02 -3.1739e+00 -3.2727e+00 +1.7540e+00
63 0 +1.388150094e+01 +1.295615009e+02 +1.295615009e+02 -4.1667e+00 -1.6667e+00 +8.3333e-01
74 0 +1.143781192e+01 +1.271178119e+02 +1.271178119e+02 -4.1626e+00 -1.6261e+00 +9.2619e-01
78 0 +1.040314063e+01 +1.260831406e+02 +1.260831406e+02 -4.1475e+00 -1.5342e+00 +9.0107e-01
82 0 +9.456329349e+00 +1.251363293e+02 +1.251363293e+02 -4.1400e+00 -1.5567e+00 +8.8602e-01
87 0 +9.252595970e+00 +1.249325960e+02 +1.249325960e+02 -4.1297e+00 -1.5739e+00 +8.5303e-01
91 0 +8.998718581e+00 +1.246787186e+02 +1.246787186e+02 -4.1352e+00 -1.5792e+00 +8.7280e-01
156 0 +8.443885841e+00 +1.241238858e+02 +1.241238858e+02 -4.1667e+00 -4.1667e-01 +2.0833e-01
235 0 +4.421616246e+00 +1.201016162e+02 +1.201016162e+02 -4.1146e+00 -9.8958e-01 +2.6042e-01
255 0 +4.069007263e+00 +1.197490073e+02 +1.197490073e+02 -4.1169e+00 -9.8668e-01 +2.4015e-01
272 0 +3.980351031e+00 +1.196603510e+02 +1.196603510e+02 -4.1325e+00 -9.8290e-01 +2.4451e-01
1360 0 +1.067749538e+00 +1.167477495e+02 +1.167477495e+02 -2.2396e+00 -9.8958e-01 +2.6042e-01
1386 0 +6.137069647e-01 +1.162937070e+02 +1.162937070e+02 -2.2311e+00 -9.8668e-01 +2.4015e-01
1390 0 +1.491087151e-01 +1.158291087e+02 +1.158291087e+02 -2.1938e+00 -9.7010e-01 +2.4490e-01
1395 0 +3.854381980e-02 +1.157185438e+02 +1.157185438e+02 -2.1681e+00 -9.8076e-01 +2.4787e-01
1399 0 +1.215339266e-03 +1.156812153e+02 +1.156812153e+02 -2.1788e+00 -9.8193e-01 +2.4512e-01
1407 0 +5.059245873e-04 +1.156805059e+02 +1.156805059e+02 -2.1782e+00 -9.8333e-01 +2.4435e-01
1411 0 +1.150683628e-04 +1.156801151e+02 +1.156801151e+02 -2.1786e+00 -9.8323e-01 +2.4506e-01
1415 0 +7.929198063e-06 +1.156800079e+02 +1.156800079e+02 -2.1784e+00 -9.8321e-01 +2.4487e-01
1419 0 +9.391031739e-07 +1.156800009e+02 +1.156800009e+02 -2.1784e+00 -9.8320e-01 +2.4478e-01
1423 0 +1.176971978e-07 +1.156800001e+02 +1.156800001e+02 -2.1784e+00 -9.8320e-01 +2.4479e-01
1427 0 +1.433699026e-08 +1.156800000e+02 +1.156800000e+02 -2.1784e+00 -9.8320e-01 +2.4480e-01
1431 0 +2.957420975e-10 +1.156800000e+02 +1.156800000e+02 -2.1784e+00 -9.8320e-01 +2.4480e-01
% f evaluations | g evaluations | best noise-free fitness - Fopt (-3.710000000000e+00) + sum g_i+ | measured fitness | best measured fitness or single-digit g-values | x1 | x2...
1 0 +1.321342842e+02 +1.284242842e+02 +1.284242842e+02 +1.6667e+00 +1.6667e+00 +1.6667e+00
5 0 +4.465213513e+01 +4.094213513e+01 +4.094213513e+01 +1.6667e+00 -3.3333e+00 +1.6667e+00
10 0 +3.997701445e+01 +3.626701445e+01 +3.626701445e+01 +3.3333e+00 -1.6667e+00 +3.3333e+00
13 0 +2.628152614e+01 +2.257152614e+01 +2.257152614e+01 +4.1667e+00 -3.3333e+00 +1.6667e+00
25 0 +5.573352523e+00 +1.863352523e+00 +1.863352523e+00 +4.1256e+00 -3.3979e+00 +1.7885e+00
31 0 +5.320146761e+00 +1.610146761e+00 +1.610146761e+00 +4.1147e+00 -3.3763e+00 +1.7976e+00
36 0 +5.063882708e+00 +1.353882708e+00 +1.353882708e+00 +4.1066e+00 -3.3759e+00 +1.7847e+00
41 0 +4.982536153e+00 +1.272536153e+00 +1.272536153e+00 +4.1169e+00 -3.3760e+00 +1.7822e+00
168 0 +3.234102379e+00 -4.758976209e-01 -4.758976209e-01 +2.0833e+00 -2.2917e+00 +1.4583e+00
188 0 +2.575869570e+00 -1.134130430e+00 -1.134130430e+00 +2.0934e+00 -2.2939e+00 +1.4825e+00
193 0 +2.033446519e+00 -1.676553481e+00 -1.676553481e+00 +2.1298e+00 -2.2976e+00 +1.4764e+00
197 0 +1.993641128e+00 -1.716358872e+00 -1.716358872e+00 +2.1237e+00 -2.2929e+00 +1.4732e+00
280 0 +1.419442662e+00 -2.290557338e+00 -2.290557338e+00 +2.0934e+00 -2.2939e+00 +1.7893e+00
285 0 +1.021264228e+00 -2.688735772e+00 -2.688735772e+00 +2.1310e+00 -2.2965e+00 +1.7846e+00
289 0 +9.989159637e-01 -2.711084036e+00 -2.711084036e+00 +2.1239e+00 -2.2936e+00 +1.7843e+00
1318 0 +3.663882652e-01 -3.343611735e+00 -3.343611735e+00 +3.1380e+00 -2.2917e+00 +1.7708e+00
1338 0 +1.064183549e-01 -3.603581645e+00 -3.603581645e+00 +3.1360e+00 -2.2939e+00 +1.7893e+00
1342 0 +1.461068460e-02 -3.695389315e+00 -3.695389315e+00 +3.1245e+00 -2.2986e+00 +1.7842e+00
1347 0 +8.417787537e-03 -3.701582212e+00 -3.701582212e+00 +3.1174e+00 -2.2923e+00 +1.7820e+00
1351 0 +2.452720265e-03 -3.707547280e+00 -3.707547280e+00 +3.1205e+00 -2.2933e+00 +1.7832e+00
1357 0 +1.921217535e-03 -3.708078782e+00 -3.708078782e+00 +3.1221e+00 -2.2952e+00 +1.7839e+00
1361 0 +4.061457623e-04 -3.709593854e+00 -3.709593854e+00 +3.1202e+00 -2.2950e+00 +1.7836e+00
1365 0 +1.129968570e-04 -3.709887003e+00 -3.709887003e+00 +3.1199e+00 -2.2948e+00 +1.7833e+00
1369 0 +3.196121086e-05 -3.709968039e+00 -3.709968039e+00 +3.1199e+00 -2.2950e+00 +1.7832e+00
1373 0 +2.704393405e-05 -3.709972956e+00 -3.709972956e+00 +3.1200e+00 -2.2950e+00 +1.7832e+00
1379 0 +2.662945886e-05 -3.709973371e+00 -3.709973371e+00 +3.1203e+00 -2.2953e+00 +1.7831e+00
1380 0 +7.623458703e-06 -3.709992377e+00 -3.709992377e+00 +3.1201e+00 -2.2951e+00 +1.7832e+00
1384 0 +5.519259948e-06 -3.709994481e+00 -3.709994481e+00 +3.1201e+00 -2.2951e+00 +1.7832e+00
1388 0 +3.862486307e-06 -3.709996138e+00 -3.709996138e+00 +3.1201e+00 -2.2952e+00 +1.7832e+00
1392 0 +7.660461310e-07 -3.709999234e+00 -3.709999234e+00 +3.1200e+00 -2.2952e+00 +1.7832e+00
1396 0 +2.112859212e-07 -3.709999789e+00 -3.709999789e+00 +3.1200e+00 -2.2952e+00 +1.7832e+00
1400 0 +4.168225765e-09 -3.709999996e+00 -3.709999996e+00 +3.1200e+00 -2.2952e+00 +1.7832e+00
% f evaluations | g evaluations | best noise-free fitness - Fopt (1.321800000000e+02) + sum g_i+ | measured fitness | best measured fitness or single-digit g-values | x1 | x2...
1 0 +9.561125513e+01 +2.277912551e+02 +2.277912551e+02 +1.6667e+00 +1.6667e+00 +1.6667e+00
3 0 +6.824028731e+01 +2.004202873e+02 +2.004202873e+02 -3.3333e+00 +1.6667e+00 +1.6667e+00
11 0 +5.974665474e+01 +1.919266547e+02 +1.919266547e+02 -3.4254e+00 +1.3937e+00 +1.5825e+00
15 0 +5.221847853e+01 +1.843984785e+02 +1.843984785e+02 -3.4932e+00 +1.4576e+00 +1.7197e+00
19 0 +4.581886683e+01 +1.779988668e+02 +1.779988668e+02 -3.7005e+00 +1.6282e+00 +1.6701e+00
23 0 +3.659088096e+01 +1.687708810e+02 +1.687708810e+02 -3.7357e+00 +1.5017e+00 +1.6699e+00
31 0 +3.588529528e+01 +1.680652953e+02 +1.680652953e+02 -3.7755e+00 +1.4736e+00 +1.6504e+00
91 0 +2.957567698e+01 +1.617556770e+02 +1.617556770e+02 -1.6667e+00 +8.3333e-01 +3.3333e+00
103 0 +6.004537282e+00 +1.381845373e+02 +1.381845373e+02 -1.7756e+00 +8.7908e-01 +3.4849e+00
109 0 +5.206703493e+00 +1.373867035e+02 +1.373867035e+02 -1.7839e+00 +8.8649e-01 +3.4609e+00
114 0 +4.981248011e+00 +1.371612480e+02 +1.371612480e+02 -1.7613e+00 +8.8820e-01 +3.4602e+00
3094 0 +3.356556891e+00 +1.355365569e+02 +1.355365569e+02 -3.7760e+00 +2.0052e+00 +3.8021e+00
3121 0 +3.090234565e+00 +1.352702346e+02 +1.352702346e+02 -3.7724e+00 +2.0586e+00 +3.8193e+00
3125 0 +2.356607029e+00 +1.345366070e+02 +1.345366070e+02 -3.7631e+00 +2.0306e+00 +3.8479e+00
3129 0 +2.234601457e+00 +1.344146015e+02 +1.344146015e+02 -3.7596e+00 +2.0228e+00 +3.8070e+00
3133 0 +1.996898176e+00 +1.341768982e+02 +1.341768982e+02 -3.7644e+00 +2.0324e+00 +3.8218e+00
3137 0 +1.990320114e+00 +1.341703201e+02 +1.341703201e+02 -3.7636e+00 +2.0301e+00 +3.8231e+00
3600 0 +1.775282623e+00 +1.339552826e+02 +1.339552826e+02 -3.7370e+00 +1.4583e+00 +3.8021e+00
3633 0 +1.386127811e+00 +1.335661278e+02 +1.335661278e+02 -3.7240e+00 +1.4714e+00 +3.8151e+00
3689 0 +1.179579903e+00 +1.333595799e+02 +1.333595799e+02 -3.7435e+00 +1.4714e+00 +3.8151e+00
3800 0 +1.174218297e+00 +1.333542183e+02 +1.333542183e+02 -3.7370e+00 +1.4779e+00 +3.8216e+00
3858 0 +1.065211563e+00 +1.332452116e+02 +1.332452116e+02 -3.7467e+00 +1.4779e+00 +3.8216e+00
4047 0 +1.045804691e+00 +1.332258047e+02 +1.332258047e+02 -3.7484e+00 +1.4811e+00 +3.8249e+00
4854 0 +1.022206365e+00 +1.332022064e+02 +1.332022064e+02 -3.7565e+00 +1.4779e+00 +3.8216e+00
5043 0 +9.990548007e-01 +1.331790548e+02 +1.331790548e+02 -3.7630e+00 +1.4811e+00 +3.8249e+00
8409 0 +7.951029693e-02 +1.322595103e+02 +1.322595103e+02 -3.7630e+00 +1.4714e+00 +3.4635e+00
8435 0 +7.236585994e-02 +1.322523659e+02 +1.322523659e+02 -3.7633e+00 +1.4817e+00 +3.4556e+00
8440 0 +3.127179383e-02 +1.322112718e+02 +1.322112718e+02 -3.7637e+00 +1.4897e+00 +3.4623e+00
8444 0 +1.295659768e-04 +1.321801296e+02 +1.321801296e+02 -3.7641e+00 +1.4822e+00 +3.4614e+00
8448 0 +3.221065407e-05 +1.321800322e+02 +1.321800322e+02 -3.7640e+00 +1.4823e+00 +3.4617e+00
8452 0 +4.848860357e-06 +1.321800048e+02 +1.321800048e+02 -3.7640e+00 +1.4824e+00 +3.4616e+00
8457 0 +5.898648112e-07 +1.321800006e+02 +1.321800006e+02 -3.7640e+00 +1.4824e+00 +3.4616e+00
8460 0 +5.874419173e-07 +1.321800006e+02 +1.321800006e+02 -3.7640e+00 +1.4824e+00 +3.4616e+00
8461 0 +4.822348387e-08 +1.321800000e+02 +1.321800000e+02 -3.7640e+00 +1.4824e+00 +3.4616e+00
8464 0 +4.711583301e-08 +1.321800000e+02 +1.321800000e+02 -3.7640e+00 +1.4824e+00 +3.4616e+00
8466 0 +3.630390211e-09 +1.321800000e+02 +1.321800000e+02 -3.7640e+00 +1.4824e+00 +3.4616e+00
% f evaluations | g evaluations | best noise-free fitness - Fopt (1.104800000000e+02) + sum g_i+ | measured fitness | best measured fitness or single-digit g-values | x1 | x2...
1 0 +5.133319325e+02 +6.238119325e+02 +6.238119325e+02 +1.6667e+00 +1.6667e+00 +1.6667e+00
2 0 +3.357225110e+01 +1.440522511e+02 +1.440522511e+02 -1.6667e+00 -1.6667e+00 -1.6667e+00
34 0 +2.606582238e+01 +1.365458224e+02 +1.365458224e+02 -4.1667e-01 -1.6667e+00 -1.6667e+00
42 0 +2.269912074e+01 +1.331791207e+02 +1.331791207e+02 -4.1667e-01 -4.1667e-01 -1.6667e+00
58 0 +1.514639276e+01 +1.256263928e+02 +1.256263928e+02 -4.2776e-01 -2.6329e-01 -1.5215e+00
62 0 +1.406574642e+01 +1.245457464e+02 +1.245457464e+02 -4.4310e-01 -3.4695e-01 -1.5271e+00
66 0 +1.029801919e+01 +1.207780192e+02 +1.207780192e+02 -4.5282e-01 -2.9909e-01 -1.5991e+00
71 0 +9.894912800e+00 +1.203749128e+02 +1.203749128e+02 -4.6100e-01 -2.9634e-01 -1.6571e+00
75 0 +9.347104007e+00 +1.198271040e+02 +1.198271040e+02 -4.6020e-01 -3.0992e-01 -1.6187e+00
79 0 +9.035061921e+00 +1.195150619e+02 +1.195150619e+02 -4.6211e-01 -3.1213e-01 -1.6305e+00
386 0 +8.223403554e+00 +1.187034036e+02 +1.187034036e+02 -4.5573e-01 +1.8880e-01 -2.2526e+00
423 0 +8.007214632e+00 +1.184872146e+02 +1.184872146e+02 -4.6224e-01 +1.9206e-01 -2.2591e+00
542 0 +6.618107501e+00 +1.170981075e+02 +1.170981075e+02 +1.4583e+00 +2.0833e-01 -2.2917e+00
562 0 +4.724199490e+00 +1.152041995e+02 +1.152041995e+02 +1.4640e+00 +1.8813e-01 -2.2448e+00
572 0 +4.497478204e+00 +1.149774782e+02 +1.149774782e+02 +1.5347e+00 +2.0317e-01 -2.2664e+00
576 0 +3.984995032e+00 +1.144649950e+02 +1.144649950e+02 +1.4908e+00 +1.9719e-01 -2.2606e+00
584 0 +3.979853267e+00 +1.144598533e+02 +1.144598533e+02 +1.4935e+00 +1.9602e-01 -2.2607e+00
1574 0 +2.609008738e+00 +1.130890087e+02 +1.130890087e+02 +1.4583e+00 -8.8542e-01 -2.2917e+00
1585 0 +1.227350411e+00 +1.117073504e+02 +1.117073504e+02 +1.5104e+00 -8.3333e-01 -2.2396e+00
1604 0 +4.998350134e-01 +1.109798350e+02 +1.109798350e+02 +1.5089e+00 -8.3878e-01 -2.2707e+00
1610 0 +2.711810171e-01 +1.107511810e+02 +1.107511810e+02 +1.5060e+00 -8.6077e-01 -2.2721e+00
1614 0 +1.096318621e-02 +1.104909632e+02 +1.104909632e+02 +1.4900e+00 -8.6355e-01 -2.2593e+00
1618 0 +1.371369900e-03 +1.104813714e+02 +1.104813714e+02 +1.4952e+00 -8.6099e-01 -2.2601e+00
1622 0 +9.405115104e-05 +1.104800941e+02 +1.104800941e+02 +1.4938e+00 -8.6078e-01 -2.2606e+00
1626 0 +1.174422444e-05 +1.104800117e+02 +1.104800117e+02 +1.4938e+00 -8.6076e-01 -2.2607e+00
1631 0 +1.928678785e-06 +1.104800019e+02 +1.104800019e+02 +1.4936e+00 -8.6077e-01 -2.2608e+00
1635 0 +8.679013774e-08 +1.104800001e+02 +1.104800001e+02 +1.4936e+00 -8.6079e-01 -2.2608e+00
1639 0 +3.124497994e-09 +1.104800000e+02 +1.104800000e+02 +1.4936e+00 -8.6080e-01 -2.2608e+00
% f evaluations | g evaluations | best noise-free fitness - Fopt (-1.509000000000e+01) + sum g_i+ | measured fitness | best measured fitness or single-digit g-values | x1 | x2...
1 0 +1.324781023e+02 +1.173881023e+02 +1.173881023e+02 +1.6667e+00 +1.6667e+00 +1.6667e+00
2 0 +4.954349082e+01 +3.445349082e+01 +3.445349082e+01 -1.6667e+00 -1.6667e+00 -1.6667e+00
27 0 +4.144605109e+01 +2.635605109e+01 +2.635605109e+01 -8.3333e-01 -8.3333e-01 -8.3333e-01
39 0 +2.559320728e+01 +1.050320728e+01 +1.050320728e+01 -6.3345e-01 -6.4164e-01 -7.5153e-01
43 0 +1.977880249e+01 +4.688802494e+00 +4.688802494e+00 -5.1728e-01 -7.7313e-01 -8.4469e-01
47 0 +1.307327485e+01 -2.016725153e+00 -2.016725153e+00 -6.3119e-01 -6.9032e-01 -8.5879e-01
53 0 +1.108443467e+01 -4.005565332e+00 -4.005565332e+00 -6.5641e-01 -6.9986e-01 -8.0705e-01
57 0 +9.663055301e+00 -5.426944699e+00 -5.426944699e+00 -5.6641e-01 -7.2206e-01 -8.1653e-01
61 0 +9.183702361e+00 -5.906297639e+00 -5.906297639e+00 -6.1770e-01 -7.2401e-01 -8.2656e-01
65 0 +9.078244142e+00 -6.011755858e+00 -6.011755858e+00 -6.0726e-01 -7.1009e-01 -8.2115e-01
260 0 +8.860787348e+00 -6.229212652e+00 -6.229212652e+00 -1.6667e+00 -2.2917e+00 +2.0833e-01
273 0 +7.392830545e+00 -7.697169455e+00 -7.697169455e+00 -1.6154e+00 -2.3953e+00 +2.6476e-01
277 0 +6.938879223e+00 -8.151120777e+00 -8.151120777e+00 -1.5828e+00 -2.4055e+00 +1.9776e-01
281 0 +6.133064338e+00 -8.956935662e+00 -8.956935662e+00 -1.5806e+00 -2.3480e+00 +2.2360e-01
285 0 +5.975388095e+00 -9.114611905e+00 -9.114611905e+00 -1.5710e+00 -2.3702e+00 +2.2748e-01
406 0 +4.179843307e+00 -1.091015669e+01 -1.091015669e+01 +3.6458e-01 -2.2917e+00 -1.0417e-01
421 0 +2.280655300e+00 -1.280934470e+01 -1.280934470e+01 +3.9525e-01 -2.3953e+00 -1.5887e-01
426 0 +1.996131437e+00 -1.309386856e+01 -1.309386856e+01 +4.0165e-01 -2.4125e+00 -1.1942e-01
430 0 +1.498778405e+00 -1.359122160e+01 -1.359122160e+01 +3.8696e-01 -2.3344e+00 -1.2597e-01
434 0 +1.007885303e+00 -1.408211470e+01 -1.408211470e+01 +3.9041e-01 -2.3639e+00 -1.3393e-01
438 0 +9.964760123e-01 -1.409352399e+01 -1.409352399e+01 +3.9098e-01 -2.3702e+00 -1.3432e-01
1879 0 +6.026993379e-01 -1.448730066e+01 -1.448730066e+01 +3.3854e-01 -1.7708e+00 -1.3021e-01
1893 0 +8.621368211e-02 -1.500378632e+01 -1.500378632e+01 +3.7760e-01 -1.7708e+00 -1.3021e-01
1912 0 +2.086059285e-02 -1.506913941e+01 -1.506913941e+01 +3.8544e-01 -1.7720e+00 -1.3781e-01
1917 0 +2.035178505e-03 -1.508796482e+01 -1.508796482e+01 +3.9121e-01 -1.7742e+00 -1.3424e-01
1921 0 +4.212027967e-04 -1.508957880e+01 -1.508957880e+01 +3.9073e-01 -1.7743e+00 -1.3538e-01
1925 0 +3.370899440e-04 -1.508966291e+01 -1.508966291e+01 +3.9114e-01 -1.7729e+00 -1.3529e-01
1929 0 +9.087178009e-06 -1.508999091e+01 -1.508999091e+01 +3.9132e-01 -1.7737e+00 -1.3524e-01
1933 0 +1.713307183e-06 -1.508999829e+01 -1.508999829e+01 +3.9128e-01 -1.7736e+00 -1.3519e-01
1938 0 +1.244212200e-06 -1.508999876e+01 -1.508999876e+01 +3.9118e-01 -1.7736e+00 -1.3518e-01
1942 0 +1.902337843e-07 -1.508999981e+01 -1.508999981e+01 +3.9120e-01 -1.7736e+00 -1.3519e-01
1946 0 +4.477990601e-08 -1.508999996e+01 -1.508999996e+01 +3.9121e-01 -1.7736e+00 -1.3520e-01
1950 0 +1.382256087e-08 -1.508999999e+01 -1.508999999e+01 +3.9121e-01 -1.7736e+00 -1.3520e-01
1957 0 +1.088958612e-08 -1.508999999e+01 -1.508999999e+01 +3.9121e-01 -1.7736e+00 -1.3520e-01
1961 0 +4.324657965e-09 -1.509000000e+01 -1.509000000e+01 +3.9120e-01 -1.7736e+00 -1.3520e-01
% f evaluations | g evaluations | best noise-free fitness - Fopt (-1.583000000000e+02) + sum g_i+ | measured fitness | best measured fitness or single-digit g-values | x1 | x2...
1 0 +5.675660781e+02 +4.092660781e+02 +4.092660781e+02 +1.6667e+00 +1.6667e+00 +1.6667e+00
2 0 +1.199603979e+02 -3.833960212e+01 -3.833960212e+01 -1.6667e+00 -1.6667e+00 -1.6667e+00
4 0 +1.093341294e+02 -4.896587056e+01 -4.896587056e+01 +3.3333e+00 -1.6667e+00 -1.6667e+00
6 0 +4.464328240e+01 -1.136567176e+02 -1.136567176e+02 +3.3333e+00 +3.3333e+00 -1.6667e+00
15 0 +2.463385633e+01 -1.336661437e+02 -1.336661437e+02 +3.3178e+00 +3.5222e+00 -1.7916e+00
25 0 +2.439736419e+01 -1.339026358e+02 -1.339026358e+02 +3.2949e+00 +3.5287e+00 -1.7995e+00
29 0 +1.979271175e+01 -1.385072882e+02 -1.385072882e+02 +3.1136e+00 +3.5051e+00 -1.7674e+00
38 0 +6.151484552e+00 -1.521485154e+02 -1.521485154e+02 +2.9395e+00 +3.5666e+00 -1.7861e+00
51 0 +5.138933894e+00 -1.531610661e+02 -1.531610661e+02 +2.9307e+00 +3.5270e+00 -1.7874e+00
61 0 +5.062376947e+00 -1.532376231e+02 -1.532376231e+02 +2.9300e+00 +3.5247e+00 -1.8076e+00
65 0 +5.009501870e+00 -1.532904981e+02 -1.532904981e+02 +2.9239e+00 +3.5258e+00 -1.7974e+00
262 0 +3.479991483e+00 -1.548200085e+02 -1.548200085e+02 +2.9167e+00 +2.9167e+00 -2.0833e+00
284 0 +2.588979272e+00 -1.557110207e+02 -1.557110207e+02 +2.9167e+00 +3.5417e+00 -2.0833e+00
291 0 +2.207008080e+00 -1.560929919e+02 -1.560929919e+02 +2.9392e+00 +3.5250e+00 -2.0436e+00
295 0 +2.024458173e+00 -1.562755418e+02 -1.562755418e+02 +2.9275e+00 +3.5177e+00 -2.0588e+00
300 0 +1.992660142e+00 -1.563073399e+02 -1.563073399e+02 +2.9305e+00 +3.5234e+00 -2.0622e+00
1168 0 +1.739245849e+00 -1.565607542e+02 -1.565607542e+02 +2.9036e+00 +3.5286e+00 -2.4089e+00
1182 0 +1.307500474e+00 -1.569924995e+02 -1.569924995e+02 +2.9232e+00 +3.5286e+00 -2.4089e+00
1211 0 +1.181250253e+00 -1.571187497e+02 -1.571187497e+02 +2.9167e+00 +3.5221e+00 -2.4154e+00
1231 0 +1.067365007e+00 -1.572326350e+02 -1.572326350e+02 +2.9264e+00 +3.5221e+00 -2.4154e+00
1290 0 +1.033035594e+00 -1.572669644e+02 -1.572669644e+02 +2.9281e+00 +3.5189e+00 -2.4186e+00
1304 0 +1.020189012e+00 -1.572798110e+02 -1.572798110e+02 +2.9281e+00 +3.5286e+00 -2.4186e+00
1357 0 +9.990812349e-01 -1.573009188e+02 -1.573009188e+02 +2.9289e+00 +3.5246e+00 -2.4202e+00
2630 0 +2.861714180e-01 -1.580138286e+02 -1.580138286e+02 +1.9271e+00 +3.5286e+00 -2.4089e+00
2638 0 +8.895403842e-03 -1.582911046e+02 -1.582911046e+02 +1.9275e+00 +3.5261e+00 -2.4226e+00
2642 0 +2.282647880e-03 -1.582977174e+02 -1.582977174e+02 +1.9311e+00 +3.5234e+00 -2.4211e+00
2646 0 +9.006352507e-04 -1.582990994e+02 -1.582990994e+02 +1.9333e+00 +3.5259e+00 -2.4214e+00
2650 0 +2.990407418e-05 -1.582999701e+02 -1.582999701e+02 +1.9327e+00 +3.5248e+00 -2.4217e+00
2654 0 +2.670098155e-06 -1.582999973e+02 -1.582999973e+02 +1.9328e+00 +3.5247e+00 -2.4216e+00
2658 0 +7.546506708e-08 -1.582999999e+02 -1.582999999e+02 +1.9328e+00 +3.5248e+00 -2.4216e+00
2662 0 +6.777469252e-09 -1.583000000e+02 -1.583000000e+02 +1.9328e+00 +3.5248e+00 -2.4216e+00
% f evaluations | g evaluations | best noise-free fitness - Fopt (-4.071000000000e+01) + sum g_i+ | measured fitness | best measured fitness or single-digit g-values | x1 | x2...
1 0 +7.031398179e+01 +2.960398179e+01 +2.960398179e+01 +1.6667e+00 +1.6667e+00 +1.6667e+00
10 0 +3.859055280e+01 -2.119447200e+00 -2.119447200e+00 +3.3333e+00 +3.3333e+00 +3.3333e+00
12 0 +3.789072279e+01 -2.819277214e+00 -2.819277214e+00 -1.6667e+00 +3.3333e+00 +3.3333e+00
14 0 +2.252528423e+01 -1.818471577e+01 -1.818471577e+01 +8.3333e-01 +3.3333e+00 +3.3333e+00
25 0 +1.317802447e+01 -2.753197553e+01 -2.753197553e+01 +9.6999e-01 +3.1190e+00 +2.8662e+00
29 0 +1.267377457e+01 -2.803622543e+01 -2.803622543e+01 +1.0321e+00 +3.3185e+00 +2.9589e+00
33 0 +4.263574242e+00 -3.644642576e+01 -3.644642576e+01 +1.0589e+00 +3.2363e+00 +2.8829e+00
39 0 +4.064031405e+00 -3.664596860e+01 -3.664596860e+01 +1.0563e+00 +3.2198e+00 +2.9005e+00
47 0 +3.979945751e+00 -3.673005425e+01 -3.673005425e+01 +1.0544e+00 +3.2296e+00 +2.8959e+00
541 0 +3.760409847e+00 -3.694959015e+01 -3.694959015e+01 +2.0573e+00 +2.6823e+00 +3.9323e+00
568 0 +3.487594884e+00 -3.722240512e+01 -3.722240512e+01 +2.0443e+00 +2.6693e+00 +3.9583e+00
574 0 +3.052537401e+00 -3.765746260e+01 -3.765746260e+01 +2.0556e+00 +2.6445e+00 +3.9387e+00
579 0 +2.987598809e+00 -3.772240119e+01 -3.772240119e+01 +2.0497e+00 +2.6325e+00 +3.9426e+00
836 0 +2.100683637e+00 -3.860931636e+01 -3.860931636e+01 +2.0573e+00 +3.2292e+00 +3.9323e+00
859 0 +2.024715751e+00 -3.868528425e+01 -3.868528425e+01 +2.0461e+00 +3.2300e+00 +3.9500e+00
863 0 +1.994234359e+00 -3.871576564e+01 -3.871576564e+01 +2.0528e+00 +3.2296e+00 +3.9460e+00
2344 0 +1.564721641e+00 -3.914527836e+01 -3.914527836e+01 +1.0677e+00 +3.2552e+00 +3.9583e+00
2363 0 +1.104894272e+00 -3.960510573e+01 -3.960510573e+01 +1.0417e+00 +3.2292e+00 +3.9323e+00
2386 0 +1.019019030e+00 -3.969098097e+01 -3.969098097e+01 +1.0489e+00 +3.2300e+00 +3.9500e+00
2390 0 +9.951972818e-01 -3.971480272e+01 -3.971480272e+01 +1.0546e+00 +3.2295e+00 +3.9440e+00
3389 0 +9.539061570e-01 -3.975609384e+01 -3.975609384e+01 +1.0677e+00 +3.2552e+00 +3.5677e+00
3511 0 +6.505593770e-01 -4.005944062e+01 -4.005944062e+01 +1.0677e+00 +3.2161e+00 +3.5677e+00
3530 0 +1.754712921e-01 -4.053452871e+01 -4.053452871e+01 +1.0807e+00 +3.2292e+00 +3.5807e+00
3548 0 +3.902530751e-02 -4.067097469e+01 -4.067097469e+01 +1.0417e+00 +3.2292e+00 +3.5807e+00
3550 0 +2.310526482e-02 -4.068689474e+01 -4.068689474e+01 +1.0612e+00 +3.2292e+00 +3.5807e+00
3559 0 +8.126465782e-03 -4.070187353e+01 -4.070187353e+01 +1.0599e+00 +3.2294e+00 +3.5839e+00
3563 0 +8.802118148e-04 -4.070911979e+01 -4.070911979e+01 +1.0522e+00 +3.2300e+00 +3.5828e+00
3567 0 +2.671659559e-04 -4.070973283e+01 -4.070973283e+01 +1.0534e+00 +3.2291e+00 +3.5834e+00
3571 0 +9.663430453e-05 -4.070990337e+01 -4.070990337e+01 +1.0538e+00 +3.2300e+00 +3.5832e+00
3575 0 +1.536810511e-05 -4.070998463e+01 -4.070998463e+01 +1.0535e+00 +3.2295e+00 +3.5831e+00
3579 0 +1.848730307e-07 -4.070999982e+01 -4.070999982e+01 +1.0536e+00 +3.2296e+00 +3.5832e+00
3583 0 +1.102918645e-09 -4.071000000e+01 -4.071000000e+01 +1.0536e+00 +3.2296e+00 +3.5832e+00
% f evaluations | g evaluations | best noise-free fitness - Fopt (8.139000000000e+01) + sum g_i+ | measured fitness | best measured fitness or single-digit g-values | x1 | x2...
1 0 +8.698729725e+02 +9.512629725e+02 +9.512629725e+02 +1.6667e+00 +1.6667e+00 +1.6667e+00
2 0 +1.377978902e+02 +2.191878902e+02 +2.191878902e+02 -1.6667e+00 -1.6667e+00 -1.6667e+00
6 0 +5.825484522e+01 +1.396448452e+02 +1.396448452e+02 +3.3333e+00 +3.3333e+00 -1.6667e+00
9 0 +3.646968467e+01 +1.178596847e+02 +1.178596847e+02 +1.6667e+00 +1.6667e+00 -3.3333e+00
14 0 +3.387835532e+01 +1.152683553e+02 +1.152683553e+02 +8.3333e-01 +3.3333e+00 -1.6667e+00
19 0 +2.354960772e+01 +1.049396077e+02 +1.049396077e+02 +1.6667e+00 +4.1667e+00 -3.3333e+00
23 0 +2.164383227e+01 +1.030338323e+02 +1.030338323e+02 -8.3333e-01 +4.1667e+00 -3.3333e+00
40 0 +2.042897581e+01 +1.018189758e+02 +1.018189758e+02 -8.4658e-01 +4.1580e+00 -3.3072e+00
44 0 +1.358030262e+01 +9.497030262e+01 +9.497030262e+01 -9.8199e-01 +4.0744e+00 -3.3151e+00
53 0 +1.137919138e+01 +9.276919138e+01 +9.276919138e+01 -1.0383e+00 +3.9284e+00 -3.3445e+00
58 0 +6.584618850e+00 +8.797461885e+01 +8.797461885e+01 -1.1497e+00 +3.9691e+00 -3.3085e+00
67 0 +5.977734262e+00 +8.736773426e+01 +8.736773426e+01 -1.0917e+00 +3.9734e+00 -3.3184e+00
589 0 +4.826173389e+00 +8.621617339e+01 +8.621617339e+01 +8.8542e-01 +2.9167e+00 -3.3333e+00
610 0 +3.754098414e+00 +8.514409841e+01 +8.514409841e+01 +8.8412e-01 +2.9021e+00 -3.3072e+00
614 0 +2.950476990e+00 +8.434047699e+01 +8.434047699e+01 +8.7065e-01 +2.7755e+00 -3.3200e+00
618 0 +2.009154239e+00 +8.339915424e+01 +8.339915424e+01 +8.7099e-01 +2.8367e+00 -3.3171e+00
622 0 +1.990299610e+00 +8.338029961e+01 +8.338029961e+01 +8.7025e-01 +2.8298e+00 -3.3170e+00
1362 0 +1.448958225e+00 +8.283895822e+01 +8.283895822e+01 +8.8542e-01 +2.8385e+00 -3.0208e+00
1413 0 +1.254600843e+00 +8.264460084e+01 +8.264460084e+01 +8.7240e-01 +2.8255e+00 -2.9948e+00
1482 0 +1.079910580e+00 +8.246991058e+01 +8.246991058e+01 +8.6589e-01 +2.8190e+00 -3.0013e+00
1490 0 +1.034227528e+00 +8.242422753e+01 +8.242422753e+01 +8.6720e-01 +2.8227e+00 -3.0107e+00
1494 0 +1.016663697e+00 +8.240666370e+01 +8.240666370e+01 +8.7099e-01 +2.8346e+00 -3.0048e+00
1508 0 +9.965190592e-01 +8.238651906e+01 +8.238651906e+01 +8.6971e-01 +2.8273e+00 -3.0065e+00
7572 0 +7.066684122e-01 +8.209666841e+01 +8.209666841e+01 +9.1146e-01 +3.4115e+00 -2.9948e+00
7624 0 +6.651113567e-01 +8.205511136e+01 +8.205511136e+01 +8.3333e-01 +3.4115e+00 -2.9948e+00
7626 0 +3.707532873e-01 +8.176075329e+01 +8.176075329e+01 +8.7240e-01 +3.4115e+00 -2.9948e+00
7702 0 +2.762683315e-01 +8.166626833e+01 +8.166626833e+01 +8.7240e-01 +3.4310e+00 -2.9948e+00
7725 0 +5.597181878e-02 +8.144597182e+01 +8.144597182e+01 +8.6589e-01 +3.4245e+00 -3.0013e+00
7733 0 +2.823745637e-02 +8.141823746e+01 +8.141823746e+01 +8.6720e-01 +3.4248e+00 -3.0107e+00
7737 0 +8.359710345e-03 +8.139835971e+01 +8.139835971e+01 +8.7053e-01 +3.4253e+00 -3.0052e+00
7741 0 +3.774058198e-04 +8.139037741e+01 +8.139037741e+01 +8.6932e-01 +3.4240e+00 -3.0073e+00
7746 0 +3.104865498e-05 +8.139003105e+01 +8.139003105e+01 +8.6943e-01 +3.4248e+00 -3.0073e+00
7750 0 +2.554627926e-06 +8.139000255e+01 +8.139000255e+01 +8.6956e-01 +3.4248e+00 -3.0072e+00
7754 0 +5.642371121e-07 +8.139000056e+01 +8.139000056e+01 +8.6963e-01 +3.4248e+00 -3.0072e+00
7758 0 +3.556100125e-08 +8.139000004e+01 +8.139000004e+01 +8.6961e-01 +3.4248e+00 -3.0072e+00
7762 0 +9.296144299e-09 +8.139000001e+01 +8.139000001e+01 +8.6960e-01 +3.4248e+00 -3.0072e+00
% f evaluations | g evaluations | best noise-free fitness - Fopt (4.144000000000e+01) + sum g_i+ | measured fitness | best measured fitness or single-digit g-values | x1 | x2...
1 0 +1.575802880e+02 +1.990202880e+02 +1.990202880e+02 +1.6667e+00 +1.6667e+00 +1.6667e+00
5 0 +4.892201994e+01 +9.036201994e+01 +9.036201994e+01 +1.6667e+00 -3.3333e+00 +1.6667e+00
10 0 +3.785045430e+01 +7.929045430e+01 +7.929045430e+01 +3.3333e+00 -1.6667e+00 +3.3333e+00
19 0 +3.291676306e+01 +7.435676306e+01 +7.435676306e+01 +3.2210e+00 -1.5334e+00 +3.0502e+00
23 0 +2.220835426e+01 +6.364835426e+01 +6.364835426e+01 +3.3242e+00 -1.6148e+00 +2.9553e+00
30 0 +2.132447896e+01 +6.276447896e+01 +6.276447896e+01 +3.3587e+00 -1.6124e+00 +2.9086e+00
35 0 +1.380280473e+01 +5.524280473e+01 +5.524280473e+01 +3.3858e+00 -1.5443e+00 +2.9237e+00
39 0 +9.871569314e+00 +5.131156931e+01 +5.131156931e+01 +3.2487e+00 -1.5425e+00 +2.9003e+00
43 0 +8.963765657e+00 +5.040376566e+01 +5.040376566e+01 +3.2930e+00 -1.5447e+00 +2.9030e+00
457 0 +8.422761840e+00 +4.986276184e+01 +4.986276184e+01 +2.2917e+00 -2.7083e+00 +2.9167e+00
474 0 +4.140206383e+00 +4.558020638e+01 +4.558020638e+01 +2.2833e+00 -2.5316e+00 +2.8935e+00
478 0 +2.475954430e+00 +4.391595443e+01 +4.391595443e+01 +2.2907e+00 -2.5728e+00 +2.9025e+00
482 0 +2.194211162e+00 +4.363421116e+01 +4.363421116e+01 +2.2717e+00 -2.6008e+00 +2.8911e+00
486 0 +1.995982106e+00 +4.343598211e+01 +4.343598211e+01 +2.2887e+00 -2.6024e+00 +2.8982e+00
491 0 +1.991093713e+00 +4.343109371e+01 +4.343109371e+01 +2.2870e+00 -2.6003e+00 +2.9015e+00
2320 0 +1.745496277e+00 +4.318549628e+01 +4.318549628e+01 +1.2760e+00 -2.6302e+00 +2.9167e+00
2366 0 +1.236557635e+00 +4.267655764e+01 +4.267655764e+01 +1.2760e+00 -2.5911e+00 +2.9167e+00
2379 0 +1.150268821e+00 +4.259026882e+01 +4.259026882e+01 +1.2630e+00 -2.6042e+00 +2.9036e+00
2384 0 +1.103710974e+00 +4.254371097e+01 +4.254371097e+01 +1.2936e+00 -2.5887e+00 +2.8942e+00
2388 0 +1.030857529e+00 +4.247085753e+01 +4.247085753e+01 +1.2981e+00 -2.6062e+00 +2.9013e+00
2392 0 +9.966612775e-01 +4.243666128e+01 +4.243666128e+01 +1.2872e+00 -2.6014e+00 +2.9010e+00
3516 0 +3.154858496e-01 +4.175548585e+01 +4.175548585e+01 +1.3021e+00 -2.6042e+00 +2.5521e+00
3552 0 +2.531402836e-02 +4.146531403e+01 +4.146531403e+01 +1.3003e+00 -2.6022e+00 +2.5384e+00
3556 0 +7.742683134e-03 +4.144774268e+01 +4.144774268e+01 +1.2896e+00 -2.5972e+00 +2.5397e+00
3561 0 +3.458864106e-03 +4.144345886e+01 +4.144345886e+01 +1.2859e+00 -2.6010e+00 +2.5396e+00
3565 0 +1.105474597e-03 +4.144110547e+01 +4.144110547e+01 +1.2915e+00 -2.6014e+00 +2.5390e+00
3569 0 +7.759617651e-05 +4.144007760e+01 +4.144007760e+01 +1.2892e+00 -2.6010e+00 +2.5392e+00
3573 0 +1.204380180e-05 +4.144001204e+01 +4.144001204e+01 +1.2895e+00 -2.6009e+00 +2.5392e+00
3577 0 +3.426302513e-07 +4.144000034e+01 +4.144000034e+01 +1.2896e+00 -2.6008e+00 +2.5392e+00
3581 0 +3.666597337e-08 +4.144000004e+01 +4.144000004e+01 +1.2896e+00 -2.6008e+00 +2.5392e+00
3584 0 +3.618664834e-08 +4.144000004e+01 +4.144000004e+01 +1.2896e+00 -2.6008e+00 +2.5392e+00
3585 0 +3.579714303e-11 +4.144000000e+01 +4.144000000e+01 +1.2896e+00 -2.6008e+00 +2.5392e+00
% f evaluations | g evaluations | best noise-free fitness - Fopt (-2.709000000000e+01) + sum g_i+ | measured fitness | best measured fitness or single-digit g-values | x1 | x2...
1 0 +1.528237749e+02 +1.257337749e+02 +1.257337749e+02 +1.6667e+00 +1.6667e+00 +1.6667e+00
2 0 +1.256225146e+02 +9.853251463e+01 +9.853251463e+01 -1.6667e+00 -1.6667e+00 -1.6667e+00
4 0 +1.228558662e+02 +9.576586624e+01 +9.576586624e+01 +3.3333e+00 -1.6667e+00 -1.6667e+00
5 0 +3.327735507e+01 +6.187355069e+00 +6.187355069e+00 +1.6667e+00 -3.3333e+00 +1.6667e+00
17 0 +2.845357189e+01 +1.363571888e+00 +1.363571888e+00 +1.6578e+00 -3.2838e+00 +1.8014e+00
21 0 +2.578335936e+01 -1.306640638e+00 -1.306640638e+00 +1.6029e+00 -3.1778e+00 +1.7795e+00
25 0 +2.132464976e+01 -5.765350242e+00 -5.765350242e+00 +1.4801e+00 -3.1563e+00 +1.7570e+00
31 0 +1.039434632e+01 -1.669565368e+01 -1.669565368e+01 +1.1745e+00 -3.0876e+00 +1.7113e+00
35 0 +5.781039983e+00 -2.130896002e+01 -2.130896002e+01 +1.1966e+00 -3.1856e+00 +1.7266e+00
39 0 +4.987178994e+00 -2.210282101e+01 -2.210282101e+01 +1.1727e+00 -3.2296e+00 +1.7105e+00
749 0 +2.031038762e+00 -2.505896124e+01 -2.505896124e+01 +1.1198e+00 -2.6302e+00 +1.1198e+00
763 0 +1.463089888e+00 -2.562691011e+01 -2.562691011e+01 +1.1589e+00 -2.6302e+00 +1.1198e+00
783 0 +9.343290684e-01 -2.615567093e+01 -2.615567093e+01 +1.1794e+00 -2.6311e+00 +1.0676e+00
787 0 +5.558063830e-01 -2.653419362e+01 -2.653419362e+01 +1.1817e+00 -2.6330e+00 +1.1090e+00
791 0 +4.679974176e-03 -2.708532003e+01 -2.708532003e+01 +1.1806e+00 -2.6356e+00 +1.0894e+00
796 0 +4.064588460e-03 -2.708593541e+01 -2.708593541e+01 +1.1805e+00 -2.6303e+00 +1.0893e+00
800 0 +3.320566866e-03 -2.708667943e+01 -2.708667943e+01 +1.1808e+00 -2.6307e+00 +1.0897e+00
808 0 +2.730753099e-03 -2.708726925e+01 -2.708726925e+01 +1.1809e+00 -2.6316e+00 +1.0906e+00
813 0 +2.038566355e-03 -2.708796143e+01 -2.708796143e+01 +1.1796e+00 -2.6317e+00 +1.0903e+00
817 0 +1.418049987e-03 -2.708858195e+01 -2.708858195e+01 +1.1814e+00 -2.6315e+00 +1.0901e+00
821 0 +9.767229879e-04 -2.708902328e+01 -2.708902328e+01 +1.1809e+00 -2.6317e+00 +1.0899e+00
827 0 +3.483177776e-04 -2.708965168e+01 -2.708965168e+01 +1.1796e+00 -2.6326e+00 +1.0894e+00
831 0 +1.951005177e-04 -2.708980490e+01 -2.708980490e+01 +1.1805e+00 -2.6323e+00 +1.0895e+00
835 0 +1.440854004e-04 -2.708985591e+01 -2.708985591e+01 +1.1806e+00 -2.6323e+00 +1.0895e+00
839 0 +6.960615636e-05 -2.708993039e+01 -2.708993039e+01 +1.1806e+00 -2.6325e+00 +1.0897e+00
845 0 +6.420346276e-05 -2.708993580e+01 -2.708993580e+01 +1.1806e+00 -2.6327e+00 +1.0898e+00
849 0 +9.839475421e-06 -2.708999016e+01 -2.708999016e+01 +1.1807e+00 -2.6328e+00 +1.0897e+00
853 0 +4.289736840e-06 -2.708999571e+01 -2.708999571e+01 +1.1808e+00 -2.6328e+00 +1.0896e+00
859 0 +5.667463583e-07 -2.708999943e+01 -2.708999943e+01 +1.1808e+00 -2.6328e+00 +1.0896e+00
863 0 +2.957262630e-07 -2.708999970e+01 -2.708999970e+01 +1.1808e+00 -2.6328e+00 +1.0896e+00
867 0 +1.754689194e-08 -2.708999998e+01 -2.708999998e+01 +1.1808e+00 -2.6328e+00 +1.0896e+00
871 0 +2.414832778e-09 -2.709000000e+01 -2.709000000e+01 +1.1808e+00 -2.6328e+00 +1.0896e+00
% f evaluations | g evaluations | best noise-free fitness - Fopt (5.175000000000e+01) + sum g_i+ | measured fitness | best measured fitness or single-digit g-values | x1 | x2...
1 0 +8.465312202e+01 +1.364031220e+02 +1.364031220e+02 +1.6667e+00 +1.6667e+00 +1.6667e+00
10 0 +5.510769573e+01 +1.068576957e+02 +1.068576957e+02 +3.3333e+00 +3.3333e+00 +3.3333e+00
12 0 +4.922546099e+01 +1.009754610e+02 +1.009754610e+02 -1.6667e+00 +3.3333e+00 +3.3333e+00
16 0 +3.926713409e+01 +9.101713409e+01 +9.101713409e+01 +3.3333e+00 -1.6667e+00 +3.3333e+00
20 0 +3.338489935e+01 +8.513489935e+01 +8.513489935e+01 -1.6667e+00 -1.6667e+00 +3.3333e+00
30 0 +2.765687283e+01 +7.940687283e+01 +7.940687283e+01 -1.7041e+00 -1.7577e+00 +3.4368e+00
35 0 +2.261112873e+01 +7.436112873e+01 +7.436112873e+01 -1.7533e+00 -1.8742e+00 +3.4075e+00
39 0 +2.117137278e+01 +7.292137278e+01 +7.292137278e+01 -1.7910e+00 -1.8208e+00 +3.3767e+00
134 0 +1.837037689e+01 +7.012037689e+01 +7.012037689e+01 -1.6667e+00 +1.4583e+00 +3.3333e+00
142 0 +1.695528477e+01 +6.870528477e+01 +6.870528477e+01 -1.6667e+00 +1.4583e+00 +2.7083e+00
158 0 +1.187412522e+01 +6.362412522e+01 +6.362412522e+01 -1.6760e+00 +1.5211e+00 +2.7034e+00
162 0 +9.737519589e+00 +6.148751959e+01 +6.148751959e+01 -1.7471e+00 +1.5043e+00 +2.7113e+00
169 0 +9.498420997e+00 +6.124842100e+01 +6.124842100e+01 -1.7657e+00 +1.5007e+00 +2.7005e+00
173 0 +8.967459442e+00 +6.071745944e+01 +6.071745944e+01 -1.8364e+00 +1.5039e+00 +2.7061e+00
342 0 +3.389903106e+00 +5.513990311e+01 +5.513990311e+01 -8.8542e-01 +5.2083e-01 +3.0208e+00
358 0 +1.127456885e+00 +5.287745689e+01 +5.287745689e+01 -8.7158e-01 +4.4206e-01 +3.0072e+00
364 0 +1.093267752e+00 +5.284326775e+01 +5.284326775e+01 -8.7050e-01 +4.3855e-01 +3.0196e+00
368 0 +1.008346109e+00 +5.275834611e+01 +5.275834611e+01 -8.7006e-01 +4.5254e-01 +3.0168e+00
376 0 +9.957929551e-01 +5.274579296e+01 +5.274579296e+01 -8.7098e-01 +4.4776e-01 +3.0153e+00
5524 0 +5.768937012e-01 +5.232689370e+01 +5.232689370e+01 +1.3021e-01 +4.8177e-01 +3.0208e+00
5595 0 +4.447258769e-01 +5.219472588e+01 +5.219472588e+01 +1.2370e-01 +4.7526e-01 +3.0143e+00
5602 0 +2.386947662e-02 +5.177386948e+01 +5.177386948e+01 +1.2430e-01 +4.4496e-01 +3.0182e+00
5607 0 +2.080715326e-02 +5.177080715e+01 +5.177080715e+01 +1.2458e-01 +4.4675e-01 +3.0122e+00
5612 0 +1.467656568e-03 +5.175146766e+01 +5.175146766e+01 +1.2480e-01 +4.5042e-01 +3.0149e+00
5616 0 +3.578918108e-04 +5.175035789e+01 +5.175035789e+01 +1.2476e-01 +4.4803e-01 +3.0153e+00
5620 0 +2.265902621e-05 +5.175002266e+01 +5.175002266e+01 +1.2481e-01 +4.4860e-01 +3.0152e+00
5624 0 +5.612589931e-07 +5.175000056e+01 +5.175000056e+01 +1.2480e-01 +4.4878e-01 +3.0152e+00
5628 0 +6.425189270e-09 +5.175000001e+01 +5.175000001e+01 +1.2480e-01 +4.4880e-01 +3.0152e+00
% f evaluations | g evaluations | best noise-free fitness - Fopt (-5.541400000000e+02) + sum g_i+ | measured fitness | best measured fitness or single-digit g-values | x1 | x2...
1 0 +3.884593039e+01 -5.152940696e+02 -5.152940696e+02 +1.6667e+00 +1.6667e+00 +1.6667e+00
46 0 +2.084697706e+01 -5.332930229e+02 -5.332930229e+02 +2.0833e+00 +2.0833e+00 +2.0833e+00
59 0 +1.127730739e+01 -5.428626926e+02 -5.428626926e+02 +2.0490e+00 +2.1689e+00 +2.1579e+00
63 0 +5.704564873e+00 -5.484354351e+02 -5.484354351e+02 +1.8771e+00 +2.1785e+00 +2.1182e+00
69 0 +4.647053097e+00 -5.494929469e+02 -5.494929469e+02 +1.8275e+00 +2.1431e+00 +2.1421e+00
73 0 +3.988390337e+00 -5.501516097e+02 -5.501516097e+02 +1.8717e+00 +2.1438e+00 +2.1323e+00
81 0 +3.980081430e+00 -5.501599186e+02 -5.501599186e+02 +1.8743e+00 +2.1462e+00 +2.1320e+00
1430 0 +2.712319770e+00 -5.514276802e+02 -5.514276802e+02 +8.8542e-01 +2.6823e+00 +2.1354e+00
1485 0 +2.544354132e+00 -5.515956459e+02 -5.515956459e+02 +8.7240e-01 +2.6693e+00 +2.1224e+00
1514 0 +2.332667737e+00 -5.518073323e+02 -5.518073323e+02 +8.6589e-01 +2.6628e+00 +2.1354e+00
1540 0 +2.270052558e+00 -5.518699474e+02 -5.518699474e+02 +8.7565e-01 +2.6628e+00 +2.1354e+00
1605 0 +2.212037663e+00 -5.519279623e+02 -5.519279623e+02 +8.7240e-01 +2.6595e+00 +2.1322e+00
1846 0 +2.177464483e+00 -5.519625355e+02 -5.519625355e+02 +8.8053e-01 +2.6579e+00 +2.1305e+00
2694 0 +1.424422056e+00 -5.527155779e+02 -5.527155779e+02 +1.9010e+00 +2.6042e+00 +2.1354e+00
2866 0 +1.198441550e+00 -5.529415584e+02 -5.529415584e+02 +1.9010e+00 +2.6432e+00 +2.1354e+00
2964 0 +1.052762334e+00 -5.530872377e+02 -5.530872377e+02 +1.8815e+00 +2.6432e+00 +2.1354e+00
3016 0 +1.045503134e+00 -5.530944969e+02 -5.530944969e+02 +1.8815e+00 +2.6237e+00 +2.1354e+00
3308 0 +1.020586938e+00 -5.531194131e+02 -5.531194131e+02 +1.8815e+00 +2.6335e+00 +2.1354e+00
3367 0 +9.985091424e-01 -5.531414909e+02 -5.531414909e+02 +1.8783e+00 +2.6302e+00 +2.1322e+00
4544 0 +1.712491474e-01 -5.539687509e+02 -5.539687509e+02 +1.9010e+00 +3.2292e+00 +2.1354e+00
4626 0 +2.556993056e-02 -5.541144301e+02 -5.541144301e+02 +1.8815e+00 +3.2292e+00 +2.1354e+00
4721 0 +6.808506182e-03 -5.541331915e+02 -5.541331915e+02 +1.8783e+00 +3.2259e+00 +2.1322e+00
4765 0 +4.317668632e-03 -5.541356823e+02 -5.541356823e+02 +1.8783e+00 +3.2308e+00 +2.1322e+00
5049 0 +2.864358308e-03 -5.541371356e+02 -5.541371356e+02 +1.8758e+00 +3.2308e+00 +2.1322e+00
5267 0 +2.799087755e-04 -5.541397201e+02 -5.541397201e+02 +1.8758e+00 +3.2284e+00 +2.1322e+00
26452 0 +2.006779334e-04 -5.541397993e+02 -5.541397993e+02 +1.8754e+00 +3.2292e+00 +2.1318e+00
80223 0 +7.105014345e-05 -5.541399289e+02 -5.541399289e+02 +1.8752e+00 +3.2290e+00 +2.1322e+00
% f evaluations | g evaluations | best noise-free fitness - Fopt (1.774000000000e+01) + sum g_i+ | measured fitness | best measured fitness or single-digit g-values | x1 | x2...
1 0 +4.222459875e+02 +4.399859875e+02 +4.399859875e+02 +1.6667e+00 +1.6667e+00 +1.6667e+00
2 0 +8.653995433e+01 +1.042799543e+02 +1.042799543e+02 -1.6667e+00 -1.6667e+00 -1.6667e+00
4 0 +7.511715725e+01 +9.285715725e+01 +9.285715725e+01 +3.3333e+00 -1.6667e+00 -1.6667e+00
6 0 +3.488717971e+01 +5.262717971e+01 +5.262717971e+01 +3.3333e+00 +3.3333e+00 -1.6667e+00
17 0 +1.331710958e+01 +3.105710958e+01 +3.105710958e+01 +3.2769e+00 +3.4458e+00 -1.8407e+00
22 0 +7.812565091e+00 +2.555256509e+01 +2.555256509e+01 +3.2199e+00 +3.4162e+00 -1.8045e+00
28 0 +6.910982948e+00 +2.465098295e+01 +2.465098295e+01 +3.2318e+00 +3.4335e+00 -1.7781e+00
33 0 +6.666625155e+00 +2.440662516e+01 +2.440662516e+01 +3.2870e+00 +3.4161e+00 -1.7662e+00
37 0 +5.972827566e+00 +2.371282757e+01 +2.371282757e+01 +3.2561e+00 +3.4203e+00 -1.7709e+00
295 0 +4.726265370e+00 +2.246626537e+01 +2.246626537e+01 +2.2917e+00 +2.9167e+00 -2.0833e+00
312 0 +2.319349891e+00 +2.005934989e+01 +2.005934989e+01 +2.2903e+00 +2.9114e+00 -2.1540e+00
316 0 +1.360765384e+00 +1.910076538e+01 +1.910076538e+01 +2.2821e+00 +2.8992e+00 -2.1319e+00
322 0 +1.149005704e+00 +1.888900570e+01 +1.888900570e+01 +2.2698e+00 +2.9170e+00 -2.1226e+00
326 0 +1.004871780e+00 +1.874487178e+01 +1.874487178e+01 +2.2578e+00 +2.9092e+00 -2.1283e+00
330 0 +9.965743433e-01 +1.873657434e+01 +1.873657434e+01 +2.2614e+00 +2.9115e+00 -2.1292e+00
3904 0 +6.627935280e-01 +1.840279353e+01 +1.840279353e+01 +2.2396e+00 +2.3958e+00 -2.1354e+00
3930 0 +3.832821987e-01 +1.812328220e+01 +1.812328220e+01 +2.2482e+00 +2.3799e+00 -2.1182e+00
3935 0 +1.824113670e-01 +1.792241137e+01 +1.792241137e+01 +2.2627e+00 +2.3507e+00 -2.1225e+00
3939 0 +1.430349972e-01 +1.788303500e+01 +1.788303500e+01 +2.2649e+00 +2.3690e+00 -2.1380e+00
3943 0 +8.048443423e-03 +1.774804844e+01 +1.774804844e+01 +2.2595e+00 +2.3668e+00 -2.1300e+00
3948 0 +1.863972585e-03 +1.774186397e+01 +1.774186397e+01 +2.2580e+00 +2.3622e+00 -2.1289e+00
3952 0 +1.431621298e-04 +1.774014316e+01 +1.774014316e+01 +2.2593e+00 +2.3629e+00 -2.1294e+00
3957 0 +1.275815227e-05 +1.774001276e+01 +1.774001276e+01 +2.2593e+00 +2.3631e+00 -2.1297e+00
3961 0 +1.074632699e-06 +1.774000107e+01 +1.774000107e+01 +2.2592e+00 +2.3632e+00 -2.1296e+00
3965 0 +3.744659338e-08 +1.774000004e+01 +1.774000004e+01 +2.2592e+00 +2.3632e+00 -2.1296e+00
3970 0 +7.022809001e-09 +1.774000001e+01 +1.774000001e+01 +2.2592e+00 +2.3632e+00 -2.1296e+00
