% f evaluations | g evaluations | best noise-free fitness - Fopt (-4.620900000000e+02) + sum g_i+ | measured fitness | best measured fitness or single-digit g-values | x1 | x2...
1 0 +1.376250333e+02 -3.244649667e+02 -3.244649667e+02 +1.6667e+00 +1.6667e+00 +1.6667e+00 +1.6667e+00 +1.6667e+00 +1.6667e+00 +1.6667e+00 +1.6667e+00 +1.6667e+00 +1.6667e+00
3 0 +1.226164200e+02 -3.394735800e+02 -3.394735800e+02 -3.3333e+00 +1.6667e+00 +1.6667e+00 +1.6667e+00 +1.6667e+00 +1.6667e+00 +1.6667e+00 +1.6667e+00 +1.6667e+00 +1.6667e+00
18 0 +7.336445470e+01 -3.887255453e+02 -3.887255453e+02 -3.3410e+00 +1.5546e+00 +1.5479e+00 +1.2698e+00 +1.6446e+00 +1.6086e+00 +1.2837e+00 +2.2121e+00 +1.9786e+00 +1.1605e+00
29 0 +6.869846107e+01 -3.933915389e+02 -3.933915389e+02 -3.3367e+00 +1.4151e+00 +1.4185e+00 +1.4483e+00 +1.6506e+00 +1.6247e+00 +1.1527e+00 +2.2655e+00 +1.8784e+00 +1.4235e+00
42 0 +5.477932577e+01 -4.073106742e+02 -4.073106742e+02 -3.3351e+00 +1.3473e+00 +1.3520e+00 +1.5234e+00 +1.6541e+00 +1.6344e+00 +1.2115e+00 +2.1832e+00 +1.7252e+00 +1.5624e+00
55 0 +4.831043339e+01 -4.137795666e+02 -4.137795666e+02 -3.3354e+00 +1.3538e+00 +1.3566e+00 +1.5369e+00 +1.6547e+00 +1.6363e+00 +1.2898e+00 +2.1771e+00 +1.7567e+00 +1.5990e+00
66 0 +4.572883752e+01 -4.163611625e+02 -4.163611625e+02 -3.3386e+00 +1.4253e+00 +1.4173e+00 +1.4711e+00 +1.6523e+00 +1.6311e+00 +1.2674e+00 +2.1732e+00 +1.8462e+00 +1.5193e+00
78 0 +4.434359070e+01 -4.177464093e+02 -4.177464093e+02 -3.3389e+00 +1.4283e+00 +1.4203e+00 +1.4520e+00 +1.6514e+00 +1.6288e+00 +1.2725e+00 +2.2410e+00 +1.8068e+00 +1.5126e+00
89 0 +4.262568641e+01 -4.194643136e+02 -4.194643136e+02 -3.3357e+00 +1.3603e+00 +1.3639e+00 +1.4625e+00 +1.6524e+00 +1.6303e+00 +1.2630e+00 +2.1844e+00 +1.7864e+00 +1.5738e+00
100 0 +4.096584033e+01 -4.211241597e+02 -4.211241597e+02 -3.3373e+00 +1.3948e+00 +1.3910e+00 +1.4517e+00 +1.6526e+00 +1.6312e+00 +1.2699e+00 +2.2017e+00 +1.8004e+00 +1.5577e+00
27207 0 +3.743844940e+01 -4.246515506e+02 -4.246515506e+02 -4.2708e+00 +1.5104e+00 +8.8542e-01 +7.2917e-01 +3.3854e+00 +2.1354e+00 +2.1354e+00 +3.0729e+00 +1.5104e+00 +7.2917e-01
27255 0 +3.343090319e+01 -4.286590968e+02 -4.286590968e+02 -4.3490e+00 +1.4323e+00 +8.8542e-01 +7.2917e-01 +3.3854e+00 +2.1354e+00 +2.1354e+00 +3.0729e+00 +1.5104e+00 +7.2917e-01
27270 0 +2.780195499e+01 -4.342880450e+02 -4.342880450e+02 -4.3424e+00 +1.4111e+00 +8.4502e-01 +7.2876e-01 +3.4069e+00 +2.1740e+00 +2.0972e+00 +3.0304e+00 +1.4026e+00 +7.0894e-01
27282 0 +2.296868629e+01 -4.391213137e+02 -4.391213137e+02 -4.3295e+00 +1.3793e+00 +7.8578e-01 +7.2798e-01 +3.3838e+00 +2.2069e+00 +2.0607e+00 +3.0577e+00 +1.4307e+00 +6.6440e-01
27295 0 +2.207046899e+01 -4.400195310e+02 -4.400195310e+02 -4.3225e+00 +1.3740e+00 +7.7360e-01 +7.2775e-01 +3.4042e+00 +2.2156e+00 +2.0612e+00 +3.0568e+00 +1.4563e+00 +6.7768e-01
27307 0 +2.152795738e+01 -4.405620426e+02 -4.405620426e+02 -4.3092e+00 +1.3798e+00 +7.7666e-01 +7.2764e-01 +3.4031e+00 +2.1650e+00 +2.0856e+00 +3.0551e+00 +1.4725e+00 +7.0133e-01
27319 0 +2.082107268e+01 -4.412689273e+02 -4.412689273e+02 -4.3038e+00 +1.3930e+00 +8.0147e-01 +7.2804e-01 +3.3942e+00 +2.1748e+00 +2.1066e+00 +3.0707e+00 +1.4600e+00 +7.0094e-01
27332 0 +2.034203593e+01 -4.417479641e+02 -4.417479641e+02 -4.3017e+00 +1.3987e+00 +8.1573e-01 +7.2822e-01 +3.3890e+00 +2.1809e+00 +2.1093e+00 +3.0574e+00 +1.4591e+00 +6.8767e-01
27368 0 +1.993106254e+01 -4.421589375e+02 -4.421589375e+02 -4.2978e+00 +1.3868e+00 +7.9757e-01 +7.2786e-01 +3.3942e+00 +2.1767e+00 +2.0941e+00 +3.0583e+00 +1.4555e+00 +6.7874e-01
% f evaluations | g evaluations | best noise-free fitness - Fopt (7.766000000000e+01) + sum g_i+ | measured fitness | best measured fitness or single-digit g-values | x1 | x2...
1 0 +1.752725006e+03 +1.830385006e+03 +1.830385006e+03 +1.6667e+00 +1.6667e+00 +1.6667e+00 +1.6667e+00 +1.6667e+00 +1.6667e+00 +1.6667e+00 +1.6667e+00 +1.6667e+00 +1.6667e+00
2 0 +3.373427910e+02 +4.150027910e+02 +4.150027910e+02 -1.6667e+00 -1.6667e+00 -1.6667e+00 -1.6667e+00 -1.6667e+00 -1.6667e+00 -1.6667e+00 -1.6667e+00 -1.6667e+00 -1.6667e+00
4 0 +3.229010983e+02 +4.005610983e+02 +4.005610983e+02 +3.3333e+00 -1.6667e+00 -1.6667e+00 -1.6667e+00 -1.6667e+00 -1.6667e+00 -1.6667e+00 -1.6667e+00 -1.6667e+00 -1.6667e+00
18 0 +2.023495466e+02 +2.800095466e+02 +2.800095466e+02 +3.4947e+00 -1.8216e+00 -1.6966e+00 -1.4594e+00 -1.8129e+00 -1.2149e+00 -1.8932e+00 -1.7451e+00 -1.3182e+00 -3.1757e+00
29 0 +1.957989493e+02 +2.734589493e+02 +2.734589493e+02 +3.2534e+00 -1.7043e+00 -1.7689e+00 -1.4746e+00 -1.9202e+00 -9.2332e-01 -1.5769e+00 -1.9861e+00 -1.2490e+00 -3.4282e+00
40 0 +1.850507506e+02 +2.627107506e+02 +2.627107506e+02 +3.0909e+00 -1.6507e+00 -1.9261e+00 -1.5174e+00 -1.8972e+00 -8.4940e-01 -1.3127e+00 -2.0597e+00 -8.2436e-01 -3.9355e+00
51 0 +1.754669959e+02 +2.531269959e+02 +2.531269959e+02 +3.1951e+00 -1.7732e+00 -1.9875e+00 -1.5005e+00 -1.8263e+00 -1.0745e+00 -1.3037e+00 -1.7956e+00 -1.0374e+00 -3.7003e+00
63 0 +1.335329570e+02 +2.111929570e+02 +2.111929570e+02 +3.2523e+00 -1.8156e+00 -2.1152e+00 -1.4878e+00 -1.8391e+00 -1.1608e+00 -1.1352e+00 -1.7875e+00 -1.1750e+00 -3.8296e+00
74 0 +1.223081635e+02 +1.999681635e+02 +1.999681635e+02 +3.3664e+00 -1.7596e+00 -2.1289e+00 -1.4745e+00 -1.9331e+00 -1.0883e+00 -1.1094e+00 -1.9195e+00 -1.0910e+00 -3.8349e+00
98 0 +1.141652446e+02 +1.918252446e+02 +1.918252446e+02 +3.3923e+00 -1.7333e+00 -2.0778e+00 -1.4864e+00 -1.8621e+00 -1.0334e+00 -1.1787e+00 -1.9228e+00 -1.1464e+00 -3.8840e+00
110 0 +1.121658881e+02 +1.898258881e+02 +1.898258881e+02 +3.3784e+00 -1.7716e+00 -2.0938e+00 -1.4929e+00 -1.8755e+00 -1.0865e+00 -1.1784e+00 -1.8751e+00 -1.1510e+00 -3.8399e+00
4937 0 +1.022687310e+02 +1.799287310e+02 +1.799287310e+02 +8.3333e-01 -1.6667e+00 +8.3333e-01 +3.3333e+00 -4.1667e+00 -1.6667e+00 +8.3333e-01 +8.3333e-01 +8.3333e-01 -4.1667e+00
4973 0 +8.429925120e+01 +1.619592512e+02 +1.619592512e+02 +2.2481e+00 -1.8216e+00 +9.4735e-01 +3.3154e+00 -4.1300e+00 -1.2149e+00 +7.8243e-01 +8.8894e-01 +9.6521e-01 -4.2182e+00
4987 0 +6.299790927e+01 +1.406579093e+02 +1.406579093e+02 +2.3308e+00 -1.8565e+00 +9.3323e-01 +3.3109e+00 -4.1207e+00 -1.0136e+00 +7.2888e-01 +9.3166e-01 +1.0259e+00 -4.1564e+00
5000 0 +4.444215618e+01 +1.221021562e+02 +1.221021562e+02 +2.3809e+00 -1.8428e+00 +8.7813e-01 +3.3141e+00 -4.1221e+00 -9.3117e-01 +6.5234e-01 +1.0047e+00 +1.0008e+00 -4.1816e+00
5013 0 +3.939476740e+01 +1.170547674e+02 +1.170547674e+02 +2.3936e+00 -1.8155e+00 +8.6775e-01 +3.3170e+00 -4.1278e+00 -9.7347e-01 +6.4373e-01 +1.0445e+00 +9.9396e-01 -4.1677e+00
5026 0 +3.120891619e+01 +1.088689162e+02 +1.088689162e+02 +2.4112e+00 -1.7415e+00 +8.3270e-01 +3.3238e+00 -4.1442e+00 -1.0985e+00 +6.0692e-01 +1.0124e+00 +9.7665e-01 -4.1508e+00
5038 0 +3.046225536e+01 +1.081222554e+02 +1.081222554e+02 +2.4126e+00 -1.7358e+00 +8.4890e-01 +3.3249e+00 -4.1499e+00 -1.1105e+00 +5.7692e-01 +1.0202e+00 +1.0152e+00 -4.1716e+00
5049 0 +3.002675003e+01 +1.076867500e+02 +1.076867500e+02 +2.4004e+00 -1.7729e+00 +8.8435e-01 +3.3219e+00 -4.1489e+00 -1.0843e+00 +5.9244e-01 +1.0175e+00 +9.7402e-01 -4.1706e+00
5061 0 +2.941717885e+01 +1.070771788e+02 +1.070771788e+02 +2.3962e+00 -1.7814e+00 +8.5723e-01 +3.3213e+00 -4.1443e+00 -1.0807e+00 +6.0806e-01 +1.0168e+00 +9.7968e-01 -4.1760e+00
27351 0 +2.581435535e+01 +1.034743553e+02 +1.034743553e+02 +1.4583e+00 -1.7448e+00 -4.1667e-01 +3.3333e+00 -4.1667e+00 -1.0417e+00 -3.3854e-01 +5.2083e-01 +2.0833e-01 -3.8542e+00
27373 0 +2.343670733e+01 +1.010967073e+02 +1.010967073e+02 +1.4583e+00 -1.7448e+00 -4.1667e-01 +3.3333e+00 -4.1667e+00 -1.0417e+00 -3.3854e-01 +5.9896e-01 +2.0833e-01 -3.8542e+00
27408 0 +1.959870897e+01 +9.725870897e+01 +9.725870897e+01 +1.4457e+00 -1.7504e+00 -4.1659e-01 +3.3311e+00 -4.1621e+00 -1.0502e+00 -3.5636e-01 +5.6291e-01 +1.7114e-01 -3.8626e+00
27421 0 +1.856319735e+01 +9.622319735e+01 +9.622319735e+01 +1.4227e+00 -1.7600e+00 -4.1644e-01 +3.3258e+00 -4.1538e+00 -1.0655e+00 -3.6135e-01 +5.7846e-01 +1.5646e-01 -3.8621e+00
27434 0 +1.794750366e+01 +9.560750366e+01 +9.560750366e+01 +1.3981e+00 -1.7695e+00 -4.1629e-01 +3.3222e+00 -4.1446e+00 -1.0823e+00 -3.5738e-01 +5.7484e-01 +1.6659e-01 -3.8605e+00
241240 0 +1.605013055e+01 +9.371013055e+01 +9.371013055e+01 +3.4115e+00 -1.7448e+00 -4.1667e-01 +3.3333e+00 -3.1510e+00 -1.0417e+00 +5.2083e-01 -7.2917e-01 +2.0833e-01 -3.8542e+00
241268 0 +1.278363539e+01 +9.044363539e+01 +9.044363539e+01 +3.3976e+00 -1.7561e+00 -4.1650e-01 +3.3289e+00 -3.1321e+00 -1.0588e+00 +5.6706e-01 -7.6354e-01 +1.3394e-01 -3.8710e+00
241280 0 +1.207397275e+01 +8.973397275e+01 +8.973397275e+01 +3.3812e+00 -1.7743e+00 -4.1623e-01 +3.3221e+00 -3.1011e+00 -1.0886e+00 +6.4513e-01 -7.4599e-01 +1.5697e-01 -3.8537e+00
241293 0 +1.171797082e+01 +8.937797082e+01 +8.937797082e+01 +3.3876e+00 -1.7733e+00 -4.1622e-01 +3.3215e+00 -3.0993e+00 -1.0915e+00 +6.4205e-01 -7.4846e-01 +1.7016e-01 -3.8707e+00
241305 0 +1.043581310e+01 +8.809581310e+01 +8.809581310e+01 +3.4122e+00 -1.7656e+00 -4.1624e-01 +3.3206e+00 -3.0999e+00 -1.0955e+00 +5.8097e-01 -7.4877e-01 +1.9060e-01 -3.8776e+00
241316 0 +9.653712673e+00 +8.731371267e+01 +8.731371267e+01 +3.4018e+00 -1.7579e+00 -4.1639e-01 +3.3255e+00 -3.1169e+00 -1.0803e+00 +5.9770e-01 -7.2911e-01 +1.6860e-01 -3.8691e+00
241329 0 +9.236402245e+00 +8.689640224e+01 +8.689640224e+01 +3.3930e+00 -1.7590e+00 -4.1641e-01 +3.3266e+00 -3.1207e+00 -1.0759e+00 +6.0484e-01 -7.4541e-01 +1.6862e-01 -3.8576e+00
241340 0 +9.046276009e+00 +8.670627601e+01 +8.670627601e+01 +3.3895e+00 -1.7738e+00 -4.1626e-01 +3.3185e+00 -3.1067e+00 -1.0855e+00 +5.9095e-01 -7.4420e-01 +1.6923e-01 -3.8636e+00
% f evaluations | g evaluations | best noise-free fitness - Fopt (1.156800000000e+02) + sum g_i+ | measured fitness | best measured fitness or single-digit g-values | x1 | x2...
1 0 +2.133146835e+03 +2.248826835e+03 +2.248826835e+03 +1.6667e+00 +1.6667e+00 +1.6667e+00 +1.6667e+00 +1.6667e+00 +1.6667e+00 +1.6667e+00 +1.6667e+00 +1.6667e+00 +1.6667e+00
2 0 +3.807279812e+02 +4.964079812e+02 +4.964079812e+02 -1.6667e+00 -1.6667e+00 -1.6667e+00 -1.6667e+00 -1.6667e+00 -1.6667e+00 -1.6667e+00 -1.6667e+00 -1.6667e+00 -1.6667e+00
14 0 +3.467629094e+02 +4.624429094e+02 +4.624429094e+02 -1.6667e+00 -1.6667e+00 -1.6667e+00 +3.3333e+00 -1.6667e+00 -1.6667e+00 -1.6667e+00 -1.6667e+00 -1.6667e+00 -1.6667e+00
30 0 +2.508769928e+02 +3.665569928e+02 +3.665569928e+02 -1.6333e+00 -1.8095e+00 -1.6815e+00 +3.1315e+00 -2.0285e+00 -1.6081e+00 -2.3192e+00 -1.8127e+00 -2.4182e+00 -1.1809e+00
41 0 +2.174724042e+02 +3.331524042e+02 +3.331524042e+02 -1.4980e+00 -2.0088e+00 -1.7153e+00 +2.9023e+00 -2.0939e+00 -1.6619e+00 -2.6917e+00 -1.3283e+00 -2.8584e+00 -1.2208e+00
52 0 +1.580052535e+02 +2.736852535e+02 +2.736852535e+02 -9.6814e-01 -2.6707e+00 -1.8660e+00 +2.1043e+00 -2.3605e+00 -1.8412e+00 -3.9943e+00 +5.7082e-01 -4.9893e+00 -1.3833e+00
63 0 +1.137566577e+02 +2.294366577e+02 +2.294366577e+02 -1.1138e+00 -2.5491e+00 -1.9500e+00 +2.3137e+00 -2.4330e+00 -1.7913e+00 -3.8269e+00 +3.7464e-01 -4.6401e+00 -9.6904e-01
76 0 +9.678051763e+01 +2.124605176e+02 +2.124605176e+02 -1.1498e+00 -2.5852e+00 -2.0002e+00 +2.3150e+00 -2.5322e+00 -1.7839e+00 -3.9134e+00 +4.3137e-01 -4.7137e+00 -9.4525e-01
92 0 +9.370247784e+01 +2.093824778e+02 +2.093824778e+02 -1.1831e+00 -2.5875e+00 -2.0262e+00 +2.3366e+00 -2.5454e+00 -1.7697e+00 -3.9588e+00 +3.9347e-01 -4.7451e+00 -1.1023e+00
104 0 +8.661684340e+01 +2.022968434e+02 +2.022968434e+02 -1.1940e+00 -2.5652e+00 -2.0397e+00 +2.3681e+00 -2.4856e+00 -1.7417e+00 -3.8933e+00 +2.9364e-01 -4.6705e+00 -1.1771e+00
116 0 +7.305877418e+01 +1.887387742e+02 +1.887387742e+02 -1.1635e+00 -2.5575e+00 -2.1194e+00 +2.3867e+00 -2.4561e+00 -1.6794e+00 -4.0117e+00 +3.1267e-01 -4.7148e+00 -1.2031e+00
129 0 +7.144329404e+01 +1.871232940e+02 +1.871232940e+02 -1.1897e+00 -2.5449e+00 -2.1814e+00 +2.4187e+00 -2.5320e+00 -1.6185e+00 -4.0539e+00 +2.9618e-01 -4.6848e+00 -1.2206e+00
140 0 +6.696307469e+01 +1.826430747e+02 +1.826430747e+02 -1.1648e+00 -2.5726e+00 -2.1401e+00 +2.3358e+00 -2.5106e+00 -1.5951e+00 -3.9861e+00 +3.8688e-01 -4.7145e+00 -1.2639e+00
151 0 +6.530306979e+01 +1.809830698e+02 +1.809830698e+02 -1.1988e+00 -2.5953e+00 -2.1168e+00 +2.3463e+00 -2.5054e+00 -1.6753e+00 -4.0004e+00 +3.3752e-01 -4.7157e+00 -1.2574e+00
162 0 +6.396072281e+01 +1.796407228e+02 +1.796407228e+02 -1.1605e+00 -2.5962e+00 -2.1256e+00 +2.3672e+00 -2.5152e+00 -1.6434e+00 -4.0148e+00 +3.2390e-01 -4.7033e+00 -1.2771e+00
184 0 +6.208971759e+01 +1.777697176e+02 +1.777697176e+02 -1.1821e+00 -2.6020e+00 -2.1419e+00 +2.3422e+00 -2.5145e+00 -1.6261e+00 -4.0097e+00 +3.5625e-01 -4.7020e+00 -1.3381e+00
5370 0 +5.172945058e+01 +1.674094506e+02 +1.674094506e+02 -4.1667e+00 +8.3333e-01 +2.0833e-01 +3.9583e+00 -4.1667e+00 -1.6667e+00 -4.1667e+00 +1.4583e+00 -3.5417e+00 -1.6667e+00
5394 0 +4.790473703e+01 +1.635847370e+02 +1.635847370e+02 -4.1667e+00 +8.3333e-01 +2.0833e-01 +3.9583e+00 -4.1667e+00 -1.6667e+00 -4.1667e+00 +1.4583e+00 -3.5417e+00 -2.2917e+00
5426 0 +4.307788642e+01 +1.587578864e+02 +1.587578864e+02 -4.1626e+00 +8.4283e-01 +2.2716e-01 +3.9010e+00 -4.1920e+00 -1.6520e+00 -4.1062e+00 +1.5433e+00 -3.5140e+00 -2.2000e+00
5438 0 +3.119194756e+01 +1.468719476e+02 +1.468719476e+02 -4.1534e+00 +8.5746e-01 +2.5649e-01 +3.8144e+00 -4.2450e+00 -1.6228e+00 -3.9831e+00 +1.5274e+00 -3.4672e+00 -2.2527e+00
5451 0 +2.874502200e+01 +1.444250220e+02 +1.444250220e+02 -4.1483e+00 +8.5788e-01 +2.6443e-01 +3.7778e+00 -4.2658e+00 -1.6161e+00 -3.9596e+00 +1.4990e+00 -3.5187e+00 -2.2601e+00
5463 0 +2.665039083e+01 +1.423303908e+02 +1.423303908e+02 -4.1433e+00 +8.4696e-01 +2.5395e-01 +3.7583e+00 -4.2661e+00 -1.6280e+00 -4.0249e+00 +1.4784e+00 -3.5137e+00 -2.2621e+00
5487 0 +2.629103627e+01 +1.419710363e+02 +1.419710363e+02 -4.1372e+00 +8.4493e-01 +2.3188e-01 +3.7740e+00 -4.2352e+00 -1.6387e+00 -4.0134e+00 +1.4993e+00 -3.5064e+00 -2.2529e+00
491751 0 +2.565433861e+01 +1.413343386e+02 +1.413343386e+02 -4.1536e+00 -9.8958e-01 +2.2135e-01 +3.7760e+00 -3.5677e+00 -1.6536e+00 -4.5052e+00 +1.5104e+00 -3.4896e+00 -1.9271e+00
491862 0 +2.486314806e+01 +1.405431481e+02 +1.405431481e+02 -4.1667e+00 -1.0026e+00 +2.0833e-01 +3.7630e+00 -3.5807e+00 -1.6667e+00 -4.5182e+00 +1.4974e+00 -3.5026e+00 -1.9401e+00
491946 0 +2.427843154e+01 +1.399584315e+02 +1.399584315e+02 -4.1471e+00 -9.8307e-01 +2.2786e-01 +3.7630e+00 -3.5807e+00 -1.6667e+00 -4.5182e+00 +1.4974e+00 -3.5026e+00 -1.9401e+00
491960 0 +2.375166772e+01 +1.394316677e+02 +1.394316677e+02 -4.1455e+00 -9.8310e-01 +2.3441e-01 +3.7621e+00 -3.6022e+00 -1.6520e+00 -4.4921e+00 +1.4917e+00 -3.5043e+00 -1.9630e+00
491972 0 +2.330510886e+01 +1.389851089e+02 +1.389851089e+02 -4.1420e+00 -9.8312e-01 +2.4704e-01 +3.7601e+00 -3.6251e+00 -1.6249e+00 -4.4982e+00 +1.4942e+00 -3.5051e+00 -1.9462e+00
492021 0 +2.289909976e+01 +1.385790998e+02 +1.385790998e+02 -4.1359e+00 -9.8320e-01 +2.4669e-01 +3.7542e+00 -3.6048e+00 -1.6335e+00 -4.5067e+00 +1.4964e+00 -3.5037e+00 -1.9499e+00
% f evaluations | g evaluations | best noise-free fitness - Fopt (-3.710000000000e+00) + sum g_i+ | measured fitness | best measured fitness or single-digit g-values | x1 | x2...
1 0 +6.577783382e+02 +6.540683382e+02 +6.540683382e+02 +1.6667e+00 +1.6667e+00 +1.6667e+00 +1.6667e+00 +1.6667e+00 +1.6667e+00 +1.6667e+00 +1.6667e+00 +1.6667e+00 +1.6667e+00
2 0 +4.124178633e+02 +4.087078633e+02 +4.087078633e+02 -1.6667e+00 -1.6667e+00 -1.6667e+00 -1.6667e+00 -1.6667e+00 -1.6667e+00 -1.6667e+00 -1.6667e+00 -1.6667e+00 -1.6667e+00
4 0 +3.863626350e+02 +3.826526350e+02 +3.826526350e+02 +3.3333e+00 -1.6667e+00 -1.6667e+00 -1.6667e+00 -1.6667e+00 -1.6667e+00 -1.6667e+00 -1.6667e+00 -1.6667e+00 -1.6667e+00
18 0 +3.464506616e+02 +3.427406616e+02 +3.427406616e+02 +3.1960e+00 -1.5480e+00 -1.5338e+00 -1.7647e+00 -1.7074e+00 -1.8186e+00 -1.5072e+00 -1.3844e+00 -1.5492e+00 -1.1694e+00
42 0 +3.183781545e+02 +3.146681545e+02 +3.146681545e+02 +3.0566e+00 -1.4209e+00 -1.2301e+00 -1.7776e+00 -1.6844e+00 -1.7548e+00 -1.6604e+00 -1.1943e+00 -1.6022e+00 -8.0358e-01
59 0 +3.094305814e+02 +3.057205814e+02 +3.057205814e+02 +3.0662e+00 -1.3818e+00 -1.2759e+00 -1.7668e+00 -1.6847e+00 -1.7568e+00 -1.6284e+00 -1.1359e+00 -1.6354e+00 -7.1168e-01
82 0 +2.972732512e+02 +2.935632512e+02 +2.935632512e+02 +3.1166e+00 -1.3164e+00 -1.3697e+00 -1.7520e+00 -1.6910e+00 -1.7748e+00 -1.5882e+00 -1.1073e+00 -1.5891e+00 -7.7061e-01
120 0 +2.942591127e+02 +2.905491127e+02 +2.905491127e+02 +3.1277e+00 -1.3709e+00 -1.3630e+00 -1.7581e+00 -1.6901e+00 -1.7730e+00 -1.5932e+00 -1.0905e+00 -1.5738e+00 -7.7072e-01
298 0 +2.429595285e+02 +2.392495285e+02 +2.392495285e+02 +3.3333e+00 -1.6667e+00 +3.3333e+00 +3.3333e+00 +3.3333e+00 -1.6667e+00 -1.6667e+00 -1.6667e+00 -1.6667e+00 -1.6667e+00
304 0 +1.554792154e+02 +1.517692154e+02 +1.517692154e+02 +3.3333e+00 -1.6667e+00 +3.3333e+00 +3.3333e+00 +3.3333e+00 +3.3333e+00 -1.6667e+00 -1.6667e+00 -1.6667e+00 -1.6667e+00
320 0 +1.043416230e+02 +1.006316230e+02 +1.006316230e+02 +3.1960e+00 -1.5480e+00 +3.3742e+00 +3.1905e+00 +3.0533e+00 +3.0567e+00 -1.5072e+00 -1.3844e+00 -1.5492e+00 -1.1694e+00
332 0 +9.943162515e+01 +9.572162515e+01 +9.572162515e+01 +3.1331e+00 -1.5106e+00 +3.3955e+00 +3.1510e+00 +3.1517e+00 +3.0728e+00 -1.5809e+00 -1.3155e+00 -1.4901e+00 -1.0251e+00
343 0 +8.910975976e+01 +8.539975976e+01 +8.539975976e+01 +3.0889e+00 -1.4417e+00 +3.4207e+00 +3.1597e+00 +3.2290e+00 +3.1552e+00 -1.6630e+00 -1.2323e+00 -1.5699e+00 -1.1535e+00
354 0 +7.295087303e+01 +6.924087303e+01 +6.924087303e+01 +3.0924e+00 -1.3262e+00 +3.4308e+00 +3.1792e+00 +3.1633e+00 +3.1845e+00 -1.6228e+00 -1.1258e+00 -1.5383e+00 -1.1596e+00
371 0 +7.182398960e+01 +6.811398960e+01 +6.811398960e+01 +3.1001e+00 -1.3613e+00 +3.4268e+00 +3.1750e+00 +3.1575e+00 +3.1622e+00 -1.6081e+00 -1.0530e+00 -1.5204e+00 -1.1364e+00
383 0 +7.074434475e+01 +6.703434475e+01 +6.703434475e+01 +3.1100e+00 -1.4363e+00 +3.4174e+00 +3.1650e+00 +3.1713e+00 +3.1278e+00 -1.6048e+00 -1.0735e+00 -1.5139e+00 -1.1143e+00
417 0 +6.821391989e+01 +6.450391989e+01 +6.450391989e+01 +3.1169e+00 -1.3989e+00 +3.4173e+00 +3.1688e+00 +3.1546e+00 +3.1311e+00 -1.6145e+00 -1.0898e+00 -1.5370e+00 -1.1227e+00
428 0 +6.679745626e+01 +6.308745626e+01 +6.308745626e+01 +3.1191e+00 -1.3688e+00 +3.4165e+00 +3.1678e+00 +3.1629e+00 +3.1240e+00 -1.5923e+00 -1.0890e+00 -1.5202e+00 -1.1380e+00
7977 0 +6.345046572e+01 +5.974046572e+01 +5.974046572e+01 +4.1667e+00 -3.3333e+00 +1.6667e+00 +4.7917e+00 +4.1667e+00 +4.1667e+00 -2.0833e-01 -2.0833e+00 -2.7083e+00 +4.1667e-01
8001 0 +5.724299096e+01 +5.353299096e+01 +5.353299096e+01 +4.1667e+00 -3.3333e+00 +1.6667e+00 +4.7917e+00 +4.1667e+00 +4.1667e+00 -2.0833e-01 -2.0833e+00 -2.7083e+00 +1.0417e+00
8036 0 +2.352061721e+01 +1.981061721e+01 +1.981061721e+01 +4.1256e+00 -3.2703e+00 +1.7234e+00 +4.7250e+00 +4.2909e+00 +4.2424e+00 -2.8855e-01 -1.9716e+00 -2.6532e+00 +1.0358e+00
8048 0 +1.870750788e+01 +1.499750788e+01 +1.499750788e+01 +4.0876e+00 -3.1717e+00 +1.7812e+00 +4.6521e+00 +4.2497e+00 +4.1783e+00 -3.5020e-01 -1.9507e+00 -2.7214e+00 +1.0290e+00
8061 0 +1.544494284e+01 +1.173494284e+01 +1.173494284e+01 +4.0906e+00 -3.1539e+00 +1.7973e+00 +4.6305e+00 +4.2313e+00 +4.1885e+00 -3.4953e-01 -1.9934e+00 -2.7001e+00 +1.0287e+00
8073 0 +1.201534987e+01 +8.305349873e+00 +8.305349873e+00 +4.1261e+00 -3.1807e+00 +1.7920e+00 +4.6204e+00 +4.2558e+00 +4.1865e+00 -2.9538e-01 -2.0018e+00 -2.6838e+00 +1.0333e+00
8086 0 +1.166511109e+01 +7.955111089e+00 +7.955111089e+00 +4.1313e+00 -3.2020e+00 +1.7855e+00 +4.6177e+00 +4.2420e+00 +4.2103e+00 -2.7654e-01 -1.9886e+00 -2.6833e+00 +1.0347e+00
8098 0 +1.117939300e+01 +7.469392998e+00 +7.469392998e+00 +4.1153e+00 -3.2159e+00 +1.7806e+00 +4.6173e+00 +4.2440e+00 +4.2041e+00 -2.9016e-01 -1.9905e+00 -2.6786e+00 +1.0336e+00
8167 0 +1.095700088e+01 +7.247000876e+00 +7.247000876e+00 +4.1184e+00 -3.2027e+00 +1.7830e+00 +4.5593e+00 +4.2471e+00 +4.2001e+00 -2.9824e-01 -1.9920e+00 -2.6822e+00 +1.0331e+00
% f evaluations | g evaluations | best noise-free fitness - Fopt (1.321800000000e+02) + sum g_i+ | measured fitness | best measured fitness or single-digit g-values | x1 | x2...
1 0 +4.713611716e+02 +6.035411716e+02 +6.035411716e+02 +1.6667e+00 +1.6667e+00 +1.6667e+00 +1.6667e+00 +1.6667e+00 +1.6667e+00 +1.6667e+00 +1.6667e+00 +1.6667e+00 +1.6667e+00
2 0 +3.033933092e+02 +4.355733092e+02 +4.355733092e+02 -1.6667e+00 -1.6667e+00 -1.6667e+00 -1.6667e+00 -1.6667e+00 -1.6667e+00 -1.6667e+00 -1.6667e+00 -1.6667e+00 -1.6667e+00
6 0 +2.753068760e+02 +4.074868760e+02 +4.074868760e+02 -1.6667e+00 +3.3333e+00 -1.6667e+00 -1.6667e+00 -1.6667e+00 -1.6667e+00 -1.6667e+00 -1.6667e+00 -1.6667e+00 -1.6667e+00
10 0 +2.193318605e+02 +3.515118605e+02 +3.515118605e+02 -1.6667e+00 +3.3333e+00 +3.3333e+00 -1.6667e+00 -1.6667e+00 -1.6667e+00 -1.6667e+00 -1.6667e+00 -1.6667e+00 -1.6667e+00
26 0 +1.972785024e+02 +3.294585024e+02 +3.294585024e+02 -1.8845e+00 +3.2728e+00 +3.5645e+00 -1.7694e+00 -1.8838e+00 -1.5576e+00 -1.9388e+00 -1.6908e+00 -1.6154e+00 -1.7325e+00
38 0 +1.827886410e+02 +3.149686410e+02 +3.149686410e+02 -1.8727e+00 +3.2895e+00 +3.5834e+00 -1.8797e+00 -1.9925e+00 -1.5495e+00 -1.9507e+00 -1.7329e+00 -1.6882e+00 -1.8580e+00
49 0 +1.798533956e+02 +3.120333956e+02 +3.120333956e+02 -1.6992e+00 +3.3627e+00 +3.5532e+00 -2.2453e+00 -1.8951e+00 -1.5983e+00 -1.8128e+00 -1.9322e+00 -1.6762e+00 -1.9656e+00
61 0 +1.770606574e+02 +3.092406574e+02 +3.092406574e+02 -1.6832e+00 +3.3385e+00 +3.4383e+00 -2.2710e+00 -1.9084e+00 -1.6244e+00 -1.6493e+00 -1.9558e+00 -1.6676e+00 -1.8436e+00
72 0 +1.530839821e+02 +2.852639821e+02 +2.852639821e+02 -1.8048e+00 +3.2885e+00 +3.4349e+00 -2.1474e+00 -1.9187e+00 -1.6109e+00 -1.7650e+00 -1.8320e+00 -1.6411e+00 -1.7939e+00
85 0 +1.497987097e+02 +2.819787097e+02 +2.819787097e+02 -1.8300e+00 +3.2783e+00 +3.4408e+00 -2.0404e+00 -1.9166e+00 -1.6015e+00 -1.8354e+00 -1.8304e+00 -1.6432e+00 -1.7877e+00
96 0 +1.439452378e+02 +2.761252378e+02 +2.761252378e+02 -1.8423e+00 +3.2891e+00 +3.5119e+00 -1.8726e+00 -1.9062e+00 -1.5723e+00 -1.7766e+00 -1.9082e+00 -1.6334e+00 -1.8671e+00
108 0 +1.361635327e+02 +2.683435327e+02 +2.683435327e+02 -1.7885e+00 +3.3123e+00 +3.5082e+00 -1.9587e+00 -1.9267e+00 -1.5781e+00 -1.7674e+00 -1.9556e+00 -1.6700e+00 -1.8418e+00
120 0 +1.342611781e+02 +2.664411781e+02 +2.664411781e+02 -1.7352e+00 +3.3233e+00 +3.4430e+00 -1.9845e+00 -1.9212e+00 -1.5983e+00 -1.7839e+00 -1.9118e+00 -1.6497e+00 -1.8341e+00
461 0 +1.096534442e+02 +2.418334442e+02 +2.418334442e+02 -1.6667e+00 +8.3333e-01 +3.3333e+00 -1.6667e+00 -4.1667e+00 -1.6667e+00 -1.6667e+00 +8.3333e-01 +8.3333e-01 +8.3333e-01
483 0 +8.476069083e+01 +2.169406908e+02 +2.169406908e+02 -1.8845e+00 +7.1154e-01 +3.5645e+00 -1.7694e+00 -4.1761e+00 -1.5576e+00 -1.9388e+00 +9.0203e-01 +1.3822e+00 +4.9402e-01
500 0 +6.061633447e+01 +1.927963345e+02 +1.927963345e+02 -1.8038e+00 +6.4747e-01 +3.5108e+00 -1.8491e+00 -4.1737e+00 -1.5838e+00 -1.8650e+00 +9.8945e-01 +1.2599e+00 +2.1773e-01
513 0 +4.850352985e+01 +1.806835298e+02 +1.806835298e+02 -1.7782e+00 +5.7394e-01 +3.4889e+00 -1.9071e+00 -4.1735e+00 -1.5850e+00 -1.7932e+00 +1.0573e+00 +1.3948e+00 +3.0120e-02
526 0 +4.285992768e+01 +1.750399277e+02 +1.750399277e+02 -1.7408e+00 +5.4984e-01 +3.4508e+00 -1.9239e+00 -4.1723e+00 -1.5985e+00 -1.7096e+00 +1.0028e+00 +1.3757e+00 +3.6019e-02
538 0 +3.835588981e+01 +1.705358898e+02 +1.705358898e+02 -1.7121e+00 +5.3345e-01 +3.4059e+00 -1.9937e+00 -4.1708e+00 -1.6162e+00 -1.7791e+00 +9.8036e-01 +1.3172e+00 +1.8090e-01
549 0 +3.498835466e+01 +1.671683547e+02 +1.671683547e+02 -1.8260e+00 +6.0245e-01 +3.4674e+00 -1.9484e+00 -4.1732e+00 -1.5912e+00 -1.8328e+00 +9.4816e-01 +1.3281e+00 +8.2014e-02
561 0 +2.857089787e+01 +1.607508979e+02 +1.607508979e+02 -1.8248e+00 +6.2592e-01 +3.4800e+00 -1.9281e+00 -4.1732e+00 -1.5908e+00 -1.7677e+00 +1.0203e+00 +1.3072e+00 +9.9747e-02
572 0 +2.679752688e+01 +1.589775269e+02 +1.589775269e+02 -1.6946e+00 +5.4366e-01 +3.4609e+00 -1.9974e+00 -4.1717e+00 -1.6056e+00 -1.7785e+00 +9.7964e-01 +1.3690e+00 +1.0415e-01
583 0 +2.270399512e+01 +1.548839951e+02 +1.548839951e+02 -1.7666e+00 +5.6480e-01 +3.4540e+00 -1.9512e+00 -4.1721e+00 -1.6023e+00 -1.7887e+00 +9.9483e-01 +1.3276e+00 +9.7793e-02
605 0 +2.196166081e+01 +1.541416608e+02 +1.541416608e+02 -1.7579e+00 +5.7630e-01 +3.4648e+00 -1.9572e+00 -4.1723e+00 -1.6002e+00 -1.7790e+00 +1.0005e+00 +1.3507e+00 +1.0094e-01
% f evaluations | g evaluations | best noise-free fitness - Fopt (1.104800000000e+02) + sum g_i+ | measured fitness | best measured fitness or single-digit g-values | x1 | x2...
1 0 +1.520077210e+03 +1.630557210e+03 +1.630557210e+03 +1.6667e+00 +1.6667e+00 +1.6667e+00 +1.6667e+00 +1.6667e+00 +1.6667e+00 +1.6667e+00 +1.6667e+00 +1.6667e+00 +1.6667e+00
2 0 +3.520928732e+02 +4.625728732e+02 +4.625728732e+02 -1.6667e+00 -1.6667e+00 -1.6667e+00 -1.6667e+00 -1.6667e+00 -1.6667e+00 -1.6667e+00 -1.6667e+00 -1.6667e+00 -1.6667e+00
14 0 +2.971063473e+02 +4.075863473e+02 +4.075863473e+02 -1.6667e+00 -1.6667e+00 -1.6667e+00 +3.3333e+00 -1.6667e+00 -1.6667e+00 -1.6667e+00 -1.6667e+00 -1.6667e+00 -1.6667e+00
18 0 +2.246851484e+02 +3.351651484e+02 +3.351651484e+02 -1.6667e+00 -1.6667e+00 -1.6667e+00 +3.3333e+00 +3.3333e+00 -1.6667e+00 -1.6667e+00 -1.6667e+00 -1.6667e+00 -1.6667e+00
35 0 +2.177434197e+02 +3.282234197e+02 +3.282234197e+02 -1.6052e+00 -1.7458e+00 -1.5678e+00 +3.5101e+00 +3.2794e+00 -1.8166e+00 -1.5723e+00 -1.6750e+00 -1.3694e+00 -1.9420e+00
47 0 +1.902515727e+02 +3.007315727e+02 +3.007315727e+02 -1.5360e+00 -1.8256e+00 -1.4886e+00 +3.6273e+00 +3.1330e+00 -1.9290e+00 -1.3741e+00 -1.7015e+00 -1.4635e+00 -2.3495e+00
70 0 +1.687731753e+02 +2.792531753e+02 +2.792531753e+02 -1.5488e+00 -1.7375e+00 -1.4232e+00 +3.5485e+00 +2.9933e+00 -1.8014e+00 -1.4182e+00 -1.8931e+00 -1.4281e+00 -2.4724e+00
84 0 +1.646011080e+02 +2.750811080e+02 +2.750811080e+02 -1.5589e+00 -1.7407e+00 -1.4246e+00 +3.5210e+00 +2.9983e+00 -1.7887e+00 -1.4149e+00 -1.9164e+00 -1.4185e+00 -2.3294e+00
95 0 +1.594689421e+02 +2.699489421e+02 +2.699489421e+02 -1.5644e+00 -1.7906e+00 -1.3959e+00 +3.5121e+00 +3.0291e+00 -1.8365e+00 -1.3974e+00 -1.9517e+00 -1.4254e+00 -2.3833e+00
118 0 +1.583729520e+02 +2.688529520e+02 +2.688529520e+02 -1.5564e+00 -1.7621e+00 -1.4079e+00 +3.5094e+00 +3.0082e+00 -1.8309e+00 -1.3962e+00 -1.9231e+00 -1.4219e+00 -2.3996e+00
607 0 +1.369419344e+02 +2.474219344e+02 +2.474219344e+02 -8.3333e-01 -8.3333e-01 -8.3333e-01 +4.1667e+00 +4.1667e+00 -8.3333e-01 -8.3333e-01 -8.3333e-01 -3.3333e+00 -3.3333e+00
628 0 +1.089008343e+02 +2.193808343e+02 +2.193808343e+02 -7.9874e-01 -8.3831e-01 -8.2658e-01 +4.1559e+00 +4.2640e+00 -7.4273e-01 -9.3861e-01 -6.9954e-01 -3.2923e+00 -3.3245e+00
639 0 +9.123251776e+01 +2.017125178e+02 +2.017125178e+02 -6.6171e-01 -8.7676e-01 -7.9930e-01 +4.1107e+00 +4.2972e+00 -7.4014e-01 -9.6588e-01 -8.2388e-01 -3.1982e+00 -3.2458e+00
653 0 +9.109979981e+01 +2.015797998e+02 +2.015797998e+02 -5.3011e-01 -9.0848e-01 -7.7184e-01 +4.0637e+00 +4.3105e+00 -7.5996e-01 -9.5256e-01 -8.8424e-01 -3.1065e+00 -3.1160e+00
664 0 +7.623157371e+01 +1.867115737e+02 +1.867115737e+02 -4.2797e-01 -9.1423e-01 -7.4005e-01 +4.0049e+00 +4.2633e+00 -7.8377e-01 -8.3900e-01 -8.1678e-01 -3.2652e+00 -3.1536e+00
676 0 +7.548193776e+01 +1.859619378e+02 +1.859619378e+02 -4.3514e-01 -8.9690e-01 -7.2044e-01 +3.9979e+00 +4.1317e+00 -7.4836e-01 -9.1545e-01 -7.4989e-01 -3.3223e+00 -3.1795e+00
687 0 +7.141983244e+01 +1.818998324e+02 +1.818998324e+02 -4.7181e-01 -8.4844e-01 -6.9120e-01 +4.0094e+00 +4.2501e+00 -7.6150e-01 -9.8288e-01 -7.8357e-01 -3.3495e+00 -3.1123e+00
698 0 +6.864639914e+01 +1.791263991e+02 +1.791263991e+02 -5.1767e-01 -8.2037e-01 -6.5611e-01 +4.0284e+00 +4.3604e+00 -7.4822e-01 -8.8563e-01 -7.7798e-01 -3.1735e+00 -3.2029e+00
709 0 +6.155838881e+01 +1.720383888e+02 +1.720383888e+02 -4.5620e-01 -8.9353e-01 -6.3140e-01 +3.9769e+00 +4.3002e+00 -7.8034e-01 -9.1954e-01 -7.7258e-01 -3.2088e+00 -3.1640e+00
722 0 +6.019779196e+01 +1.706777920e+02 +1.706777920e+02 -4.3748e-01 -9.0308e-01 -6.2436e-01 +3.9800e+00 +4.2694e+00 -7.4816e-01 -9.1796e-01 -7.7999e-01 -3.2252e+00 -3.1357e+00
734 0 +5.827447853e+01 +1.687544785e+02 +1.687544785e+02 -4.4146e-01 -8.8179e-01 -6.2511e-01 +4.0197e+00 +4.2408e+00 -7.5706e-01 -9.3107e-01 -7.7344e-01 -3.2241e+00 -3.1353e+00
745 0 +5.615254799e+01 +1.666325480e+02 +1.666325480e+02 -4.5884e-01 -8.4649e-01 -6.2431e-01 +4.0069e+00 +4.2411e+00 -7.6213e-01 -9.2558e-01 -7.6723e-01 -3.1771e+00 -3.1567e+00
2470 0 +5.277852461e+01 +1.632585246e+02 +1.632585246e+02 +4.1667e-01 -8.3333e-01 -8.3333e-01 +3.5417e+00 +2.9167e+00 -1.1458e+00 +4.1667e-01 +1.0417e+00 -3.6458e+00 -2.0833e+00
2490 0 +4.704719175e+01 +1.575271918e+02 +1.575271918e+02 +4.1667e-01 -8.3333e-01 -8.3333e-01 +3.5417e+00 +2.9167e+00 -1.1458e+00 +4.1667e-01 +1.0417e+00 -3.6458e+00 -2.3958e+00
2508 0 +4.659221221e+01 +1.570722122e+02 +1.570722122e+02 +5.7292e-01 -8.3333e-01 -8.3333e-01 +3.5417e+00 +2.9167e+00 -1.1458e+00 +4.1667e-01 +1.0417e+00 -3.6458e+00 -2.3958e+00
2522 0 +3.952294167e+01 +1.500029417e+02 +1.500029417e+02 +5.0879e-01 -8.4329e-01 -8.1982e-01 +3.5364e+00 +3.0208e+00 -1.2704e+00 +4.0197e-01 +6.8722e-01 -3.5463e+00 -2.3995e+00
2534 0 +3.195691516e+01 +1.424369152e+02 +1.424369152e+02 +4.8452e-01 -8.5422e-01 -8.0285e-01 +3.5306e+00 +3.0367e+00 -1.3118e+00 +2.3982e-01 +5.9478e-01 -3.6164e+00 -2.3903e+00
2548 0 +3.084135481e+01 +1.413213548e+02 +1.413213548e+02 +4.8415e-01 -8.5752e-01 -7.9646e-01 +3.5287e+00 +3.0310e+00 -1.3064e+00 +2.2839e-01 +5.5432e-01 -3.6354e+00 -2.3908e+00
2559 0 +1.937521463e+01 +1.298552146e+02 +1.298552146e+02 +4.9676e-01 -8.6888e-01 -7.6373e-01 +3.5196e+00 +2.9988e+00 -1.2655e+00 +3.4666e-01 +5.8045e-01 -3.6316e+00 -2.4077e+00
2571 0 +1.628159680e+01 +1.267615968e+02 +1.267615968e+02 +5.0466e-01 -8.6834e-01 -7.3668e-01 +3.5139e+00 +2.9932e+00 -1.2901e+00 +3.6272e-01 +5.7249e-01 -3.5823e+00 -2.3733e+00
2584 0 +1.523519343e+01 +1.257151934e+02 +1.257151934e+02 +5.0594e-01 -8.6643e-01 -7.1294e-01 +3.5095e+00 +2.9980e+00 -1.2976e+00 +3.5785e-01 +5.6375e-01 -3.5437e+00 -2.3935e+00
2595 0 +1.440239796e+01 +1.248823980e+02 +1.248823980e+02 +4.9346e-01 -8.5902e-01 -6.6349e-01 +3.5020e+00 +3.0355e+00 -1.3012e+00 +3.5949e-01 +5.4777e-01 -3.5828e+00 -2.4145e+00
2607 0 +1.363185308e+01 +1.241118531e+02 +1.241118531e+02 +4.9031e-01 -8.5881e-01 -6.4276e-01 +3.4988e+00 +3.0374e+00 -1.2717e+00 +3.5273e-01 +5.4734e-01 -3.5786e+00 -2.3982e+00
2618 0 +1.305781751e+01 +1.235378175e+02 +1.235378175e+02 +4.9957e-01 -8.6392e-01 -6.2496e-01 +3.4938e+00 +3.0077e+00 -1.2832e+00 +3.6104e-01 +5.5434e-01 -3.5688e+00 -2.3940e+00
% f evaluations | g evaluations | best noise-free fitness - Fopt (-1.509000000000e+01) + sum g_i+ | measured fitness | best measured fitness or single-digit g-values | x1 | x2...
1 0 +6.791952226e+02 +6.641052226e+02 +6.641052226e+02 +1.6667e+00 +1.6667e+00 +1.6667e+00 +1.6667e+00 +1.6667e+00 +1.6667e+00 +1.6667e+00 +1.6667e+00 +1.6667e+00 +1.6667e+00
2 0 +2.496533374e+02 +2.345633374e+02 +2.345633374e+02 -1.6667e+00 -1.6667e+00 -1.6667e+00 -1.6667e+00 -1.6667e+00 -1.6667e+00 -1.6667e+00 -1.6667e+00 -1.6667e+00 -1.6667e+00
20 0 +1.779564948e+02 +1.628664948e+02 +1.628664948e+02 -1.6667e+00 -1.6667e+00 -1.6667e+00 -1.6667e+00 +3.3333e+00 -1.6667e+00 -1.6667e+00 -1.6667e+00 -1.6667e+00 -1.6667e+00
36 0 +1.534501297e+02 +1.383601297e+02 +1.383601297e+02 -1.6154e+00 -1.7590e+00 -1.5041e+00 -1.8434e+00 +3.3287e+00 -1.4997e+00 -1.4211e+00 -1.7062e+00 -1.3050e+00 -1.9875e+00
53 0 +1.501343791e+02 +1.350443791e+02 +1.350443791e+02 -1.6000e+00 -1.7789e+00 -1.4950e+00 -1.9004e+00 +3.3288e+00 -1.6524e+00 -1.4589e+00 -1.6575e+00 -1.1355e+00 -2.1831e+00
65 0 +1.421962970e+02 +1.271062970e+02 +1.271062970e+02 -1.5828e+00 -1.7945e+00 -1.5098e+00 -1.9621e+00 +3.3297e+00 -1.6456e+00 -1.5258e+00 -1.6575e+00 -1.1472e+00 -2.4811e+00
82 0 +1.373343485e+02 +1.222443485e+02 +1.222443485e+02 -1.5789e+00 -1.7867e+00 -1.5337e+00 -1.9798e+00 +3.3301e+00 -1.5716e+00 -1.5197e+00 -1.6725e+00 -1.2353e+00 -2.5814e+00
110 0 +1.302363347e+02 +1.151463347e+02 +1.151463347e+02 -1.5769e+00 -1.7772e+00 -1.5570e+00 -1.9912e+00 +3.3308e+00 -1.5360e+00 -1.5382e+00 -1.6812e+00 -1.2324e+00 -2.5336e+00
123 0 +1.226858975e+02 +1.075958975e+02 +1.075958975e+02 -1.5703e+00 -1.7717e+00 -1.5644e+00 -2.0220e+00 +3.3308e+00 -1.5542e+00 -1.5116e+00 -1.6937e+00 -1.1885e+00 -2.5030e+00
147 0 +1.200622680e+02 +1.049722680e+02 +1.049722680e+02 -1.5638e+00 -1.7767e+00 -1.5240e+00 -2.1055e+00 +3.3301e+00 -1.5614e+00 -1.5132e+00 -1.6691e+00 -1.1804e+00 -2.5116e+00
530 0 +8.245533710e+01 +6.736533710e+01 +6.736533710e+01 -1.6667e+00 -1.6667e+00 -1.6667e+00 -4.1667e+00 +3.3333e+00 -4.1667e+00 -1.6667e+00 +8.3333e-01 -1.6667e+00 -1.6667e+00
551 0 +5.684088697e+01 +4.175088697e+01 +4.175088697e+01 -1.6410e+00 -1.7128e+00 -1.5854e+00 -4.1107e+00 +3.3310e+00 -4.0666e+00 -1.5439e+00 +8.9388e-01 -1.4858e+00 -1.8271e+00
563 0 +4.732628548e+01 +3.223628548e+01 +3.223628548e+01 -1.6184e+00 -1.7356e+00 -1.5287e+00 -4.0916e+00 +3.3295e+00 -4.0164e+00 -1.4686e+00 +8.4751e-01 -1.4912e+00 -1.7374e+00
575 0 +4.291916519e+01 +2.782916519e+01 +2.782916519e+01 -1.6005e+00 -1.7644e+00 -1.5193e+00 -4.1025e+00 +3.3297e+00 -4.0183e+00 -1.4979e+00 +8.4977e-01 -1.5851e+00 -1.7483e+00
586 0 +4.240929956e+01 +2.731929956e+01 +2.731929956e+01 -1.5830e+00 -1.7748e+00 -1.5596e+00 -4.1366e+00 +3.3308e+00 -4.0690e+00 -1.5531e+00 +8.5955e-01 -1.5415e+00 -1.7405e+00
597 0 +4.146175954e+01 +2.637175954e+01 +2.637175954e+01 -1.5749e+00 -1.7711e+00 -1.5532e+00 -4.1227e+00 +3.3305e+00 -4.0655e+00 -1.5056e+00 +8.4266e-01 -1.5478e+00 -1.7695e+00
13665 0 +3.915647868e+01 +2.406647868e+01 +2.406647868e+01 -1.6667e+00 -1.6667e+00 -1.6667e+00 -4.1667e+00 +3.3333e+00 -3.5417e+00 -1.6667e+00 +8.3333e-01 +2.0833e-01 -1.0417e+00
13706 0 +3.790148139e+01 +2.281148139e+01 +2.281148139e+01 -1.6410e+00 -1.7128e+00 -1.5854e+00 -4.1107e+00 +3.3310e+00 -3.4627e+00 -1.5439e+00 +8.9388e-01 -9.0313e-02 -1.1075e+00
13719 0 +2.084162328e+01 +5.751623278e+00 +5.751623278e+00 -1.6210e+00 -1.7327e+00 -1.5353e+00 -4.0943e+00 +3.3297e+00 -3.5012e+00 -1.4776e+00 +8.5134e-01 -2.6392e-01 -1.0203e+00
13731 0 +1.526553482e+01 +1.755348247e-01 +1.755348247e-01 -1.6071e+00 -1.7560e+00 -1.5259e+00 -4.1071e+00 +3.3297e+00 -3.5432e+00 -1.4925e+00 +8.2035e-01 -2.2856e-01 -1.0743e+00
13744 0 +1.336196230e+01 -1.728037695e+00 -1.728037695e+00 -1.6003e+00 -1.7624e+00 -1.5328e+00 -4.1161e+00 +3.3300e+00 -3.5264e+00 -1.5111e+00 +8.4218e-01 -2.0265e-01 -1.0654e+00
13756 0 +1.288409681e+01 -2.205903194e+00 -2.205903194e+00 -1.5858e+00 -1.7746e+00 -1.5511e+00 -4.1344e+00 +3.3310e+00 -3.5146e+00 -1.5410e+00 +8.7013e-01 -2.2840e-01 -1.0717e+00
13767 0 +1.244041803e+01 -2.649581973e+00 -2.649581973e+00 -1.5745e+00 -1.7788e+00 -1.5520e+00 -4.1192e+00 +3.3305e+00 -3.4876e+00 -1.5086e+00 +8.4393e-01 -2.2564e-01 -1.0706e+00
13779 0 +1.209791781e+01 -2.992082191e+00 -2.992082191e+00 -1.5719e+00 -1.7772e+00 -1.5450e+00 -4.1123e+00 +3.3301e+00 -3.5025e+00 -1.4993e+00 +8.5580e-01 -2.1991e-01 -1.0687e+00
13791 0 +1.196272627e+01 -3.127273728e+00 -3.127273728e+00 -1.5708e+00 -1.7731e+00 -1.5413e+00 -4.1141e+00 +3.3304e+00 -3.5090e+00 -1.5128e+00 +8.5690e-01 -2.2002e-01 -1.0682e+00
247588 0 +9.122267945e+00 -5.967732055e+00 -5.967732055e+00 -1.5856e+00 -1.7801e+00 -9.6226e-01 -4.1229e+00 +3.3322e+00 -3.5022e+00 -1.0520e+00 +8.6361e-01 +5.4441e-01 -7.1090e-01
247601 0 +9.019038331e+00 -6.070961669e+00 -6.070961669e+00 -1.5829e+00 -1.7786e+00 -9.6164e-01 -4.1204e+00 +3.3301e+00 -3.5027e+00 -1.0560e+00 +8.5720e-01 +5.5051e-01 -7.0726e-01
310066 0 +8.806303202e+00 -6.283696798e+00 -6.283696798e+00 +3.6458e-01 -1.7448e+00 +6.7708e-01 -4.0885e+00 +3.3333e+00 -3.5417e+00 -1.0417e+00 +8.3333e-01 +5.2083e-01 -1.0417e+00
310102 0 +4.820130212e+00 -1.026986979e+01 -1.026986979e+01 +3.7225e-01 -1.7478e+00 +6.8749e-01 -4.1020e+00 +3.3322e+00 -3.5022e+00 -1.0520e+00 +8.6361e-01 +5.4441e-01 -1.0746e+00
310114 0 +4.305609371e+00 -1.078439063e+01 -1.078439063e+01 +3.8205e-01 -1.7640e+00 +7.0784e-01 -4.1203e+00 +3.3280e+00 -3.4997e+00 -1.0609e+00 +8.5359e-01 +5.5878e-01 -1.0675e+00
310126 0 +4.195989688e+00 -1.089401031e+01 -1.089401031e+01 +3.9335e-01 -1.7800e+00 +7.3117e-01 -4.1340e+00 +3.3272e+00 -3.5038e+00 -1.0605e+00 +8.5666e-01 +5.4163e-01 -1.0671e+00
310138 0 +4.063405434e+00 -1.102659457e+01 -1.102659457e+01 +3.9357e-01 -1.7804e+00 +7.2700e-01 -4.1248e+00 +3.3311e+00 -3.5077e+00 -1.0541e+00 +8.5656e-01 +5.4500e-01 -1.0719e+00
310198 0 +3.980499453e+00 -1.110950055e+01 -1.110950055e+01 +3.9126e-01 -1.7735e+00 +7.2127e-01 -4.1184e+00 +3.3310e+00 -3.5060e+00 -1.0577e+00 +8.5705e-01 +5.4736e-01 -1.0690e+00
% f evaluations | g evaluations | best noise-free fitness - Fopt (-1.583000000000e+02) + sum g_i+ | measured fitness | best measured fitness or single-digit g-values | x1 | x2...
1 0 +4.282462312e+02 +2.699462312e+02 +2.699462312e+02 +1.6667e+00 +1.6667e+00 +1.6667e+00 +1.6667e+00 +1.6667e+00 +1.6667e+00 +1.6667e+00 +1.6667e+00 +1.6667e+00 +1.6667e+00
2 0 +3.849474808e+02 +2.266474808e+02 +2.266474808e+02 -1.6667e+00 -1.6667e+00 -1.6667e+00 -1.6667e+00 -1.6667e+00 -1.6667e+00 -1.6667e+00 -1.6667e+00 -1.6667e+00 -1.6667e+00
4 0 +3.743212123e+02 +2.160212123e+02 +2.160212123e+02 +3.3333e+00 -1.6667e+00 -1.6667e+00 -1.6667e+00 -1.6667e+00 -1.6667e+00 -1.6667e+00 -1.6667e+00 -1.6667e+00 -1.6667e+00
6 0 +3.390988014e+02 +1.807988014e+02 +1.807988014e+02 +3.3333e+00 +3.3333e+00 -1.6667e+00 -1.6667e+00 -1.6667e+00 -1.6667e+00 -1.6667e+00 -1.6667e+00 -1.6667e+00 -1.6667e+00
22 0 +3.262270442e+02 +1.679270442e+02 +1.679270442e+02 +3.3178e+00 +3.4799e+00 -1.6372e+00 -1.6828e+00 -1.6166e+00 -1.3425e+00 -1.4820e+00 -1.9522e+00 -1.8323e+00 -1.4485e+00
34 0 +3.035390715e+02 +1.452390715e+02 +1.452390715e+02 +3.3072e+00 +3.5354e+00 -1.6139e+00 -1.6763e+00 -1.6333e+00 -1.2232e+00 -1.5646e+00 -2.0559e+00 -1.8627e+00 -1.5409e+00
48 0 +2.999405985e+02 +1.416405985e+02 +1.416405985e+02 +3.3017e+00 +3.5508e+00 -1.6014e+00 -1.6729e+00 -1.6440e+00 -1.1806e+00 -1.5991e+00 -2.1133e+00 -1.8522e+00 -1.5339e+00
71 0 +2.940336148e+02 +1.357336148e+02 +1.357336148e+02 +3.2647e+00 +3.5351e+00 -1.5401e+00 -1.6718e+00 -1.6554e+00 -1.0231e+00 -1.5752e+00 -2.0997e+00 -1.8116e+00 -1.5045e+00
105 0 +2.855379733e+02 +1.272379733e+02 +1.272379733e+02 +3.0702e+00 +3.5293e+00 -1.5888e+00 -1.6713e+00 -1.6506e+00 -1.0345e+00 -1.5955e+00 -2.0825e+00 -1.7971e+00 -1.5068e+00
121 0 +2.757178322e+02 +1.174178322e+02 +1.174178322e+02 +2.9206e+00 +3.5288e+00 -1.5707e+00 -1.6730e+00 -1.6483e+00 -1.0478e+00 -1.5833e+00 -2.0825e+00 -1.8444e+00 -1.4814e+00
139 0 +2.736824402e+02 +1.153824402e+02 +1.153824402e+02 +2.9263e+00 +3.5267e+00 -1.5710e+00 -1.6737e+00 -1.6456e+00 -1.0532e+00 -1.5758e+00 -2.0939e+00 -1.8223e+00 -1.5078e+00
327 0 +1.860811644e+02 +2.778116436e+01 +2.778116436e+01 +1.6667e+00 +1.6667e+00 -3.3333e+00 -3.3333e+00 +1.6667e+00 -3.3333e+00 +1.6667e+00 +1.6667e+00 +1.6667e+00 +1.6667e+00
331 0 +1.462905195e+02 -1.200948048e+01 -1.200948048e+01 +1.6667e+00 +1.6667e+00 -3.3333e+00 -3.3333e+00 +1.6667e+00 -3.3333e+00 -3.3333e+00 +1.6667e+00 +1.6667e+00 +1.6667e+00
348 0 +8.566330660e+01 -7.263669340e+01 -7.263669340e+01 +1.8331e+00 +1.7910e+00 -3.1230e+00 -3.4930e+00 +1.9523e+00 -3.1235e+00 -3.5482e+00 +1.5781e+00 +8.3669e-01 +1.6180e+00
359 0 +7.412631475e+01 -8.417368525e+01 -8.417368525e+01 +1.9188e+00 +1.8475e+00 -3.1810e+00 -3.5879e+00 +1.9350e+00 -3.1851e+00 -3.4585e+00 +1.6719e+00 +1.1758e+00 +1.8762e+00
373 0 +6.569966776e+01 -9.260033224e+01 -9.260033224e+01 +1.9430e+00 +1.8676e+00 -3.2070e+00 -3.6201e+00 +1.9248e+00 -3.2007e+00 -3.4565e+00 +1.6659e+00 +1.2014e+00 +2.0261e+00
384 0 +6.035874273e+01 -9.794125727e+01 -9.794125727e+01 +1.9443e+00 +1.8901e+00 -3.2975e+00 -3.6336e+00 +1.8494e+00 -3.2384e+00 -3.5067e+00 +1.6082e+00 +1.1534e+00 +1.9698e+00
396 0 +5.346543585e+01 -1.048345641e+02 -1.048345641e+02 +1.9439e+00 +1.9021e+00 -3.2984e+00 -3.6321e+00 +1.8297e+00 -3.2443e+00 -3.4991e+00 +1.6603e+00 +1.0833e+00 +1.9483e+00
407 0 +5.150501029e+01 -1.067949897e+02 -1.067949897e+02 +1.9349e+00 +1.8992e+00 -3.2024e+00 -3.6053e+00 +1.8887e+00 -3.2060e+00 -3.4638e+00 +1.6600e+00 +1.0630e+00 +1.9759e+00
419 0 +5.067793767e+01 -1.076220623e+02 -1.076220623e+02 +1.9319e+00 +1.8950e+00 -3.2175e+00 -3.6111e+00 +1.8888e+00 -3.2027e+00 -3.4830e+00 +1.6675e+00 +1.0853e+00 +1.9814e+00
431 0 +4.992820670e+01 -1.083717933e+02 -1.083717933e+02 +1.9323e+00 +1.8924e+00 -3.2488e+00 -3.6225e+00 +1.8783e+00 -3.2097e+00 -3.4853e+00 +1.6531e+00 +1.0845e+00 +1.9748e+00
29261 0 +4.102579092e+01 -1.172742091e+02 -1.172742091e+02 +2.9167e+00 +4.1667e+00 -8.3333e-01 -3.0208e+00 +1.3542e+00 -2.7083e+00 -2.0833e+00 +1.6667e+00 -2.0833e-01 +1.6667e+00
29292 0 +2.779932214e+01 -1.305006779e+02 -1.305006779e+02 +2.9279e+00 +4.1897e+00 -8.2505e-01 -2.9555e+00 +1.3953e+00 -2.6701e+00 -2.0288e+00 +1.6445e+00 -1.5359e-01 +1.6545e+00
29305 0 +2.502147225e+01 -1.332785277e+02 -1.332785277e+02 +2.9343e+00 +4.2122e+00 -8.1505e-01 -2.9009e+00 +1.4003e+00 -2.6527e+00 -2.0570e+00 +1.6632e+00 -1.2323e-01 +1.6739e+00
29318 0 +2.370055688e+01 -1.345994431e+02 -1.345994431e+02 +2.9349e+00 +4.2309e+00 -8.0544e-01 -2.8642e+00 +1.3881e+00 -2.6494e+00 -2.0711e+00 +1.6625e+00 -1.3879e-01 +1.6559e+00
29331 0 +2.323982283e+01 -1.350601772e+02 -1.350601772e+02 +2.9320e+00 +4.2464e+00 -7.9716e-01 -2.8491e+00 +1.3778e+00 -2.6595e+00 -2.0622e+00 +1.6583e+00 -1.5602e-01 +1.6689e+00
29355 0 +2.250110727e+01 -1.357988927e+02 -1.357988927e+02 +2.9230e+00 +4.3017e+00 -7.7871e-01 -2.8654e+00 +1.3905e+00 -2.6942e+00 -2.0592e+00 +1.6494e+00 -1.4445e-01 +1.6580e+00
29366 0 +2.158263221e+01 -1.367173678e+02 -1.367173678e+02 +2.9264e+00 +4.4883e+00 -7.4805e-01 -2.9463e+00 +1.4089e+00 -2.6655e+00 -2.0581e+00 +1.6332e+00 -1.3208e-01 +1.6457e+00
29377 0 +2.034542719e+01 -1.379545728e+02 -1.379545728e+02 +2.9342e+00 +4.3463e+00 -7.8656e-01 -2.8880e+00 +1.3829e+00 -2.6534e+00 -2.0566e+00 +1.6538e+00 -1.4197e-01 +1.6602e+00
29388 0 +1.821940364e+01 -1.400805964e+02 -1.400805964e+02 +2.9267e+00 +4.4103e+00 -7.9382e-01 -2.8470e+00 +1.3972e+00 -2.6803e+00 -2.0634e+00 +1.6540e+00 -1.6305e-01 +1.6701e+00
29402 0 +1.742267644e+01 -1.408773236e+02 -1.408773236e+02 +2.9246e+00 +4.4466e+00 -7.9534e-01 -2.8367e+00 +1.3886e+00 -2.6881e+00 -2.0622e+00 +1.6534e+00 -1.5977e-01 +1.6707e+00
29415 0 +1.691789775e+01 -1.413821022e+02 -1.413821022e+02 +2.9252e+00 +4.4737e+00 -7.9643e-01 -2.8559e+00 +1.3850e+00 -2.6885e+00 -2.0612e+00 +1.6541e+00 -1.5464e-01 +1.6683e+00
29426 0 +1.603866235e+01 -1.422613377e+02 -1.422613377e+02 +2.9279e+00 +4.4498e+00 -7.8561e-01 -2.8722e+00 +1.3790e+00 -2.6641e+00 -2.0558e+00 +1.6600e+00 -1.4734e-01 +1.6618e+00
86419 0 +1.536866410e+01 -1.429313359e+02 -1.429313359e+02 +2.9167e+00 +3.5417e+00 -7.9427e-01 -2.1615e+00 +1.9010e+00 -2.6693e+00 -2.0443e+00 +1.6667e+00 -4.8177e-01 +1.6667e+00
86444 0 +1.505114144e+01 -1.432488586e+02 -1.432488586e+02 +2.9036e+00 +3.5286e+00 -8.0729e-01 -2.1745e+00 +1.8880e+00 -2.6823e+00 -2.0573e+00 +1.6536e+00 -4.9479e-01 +1.6536e+00
86460 0 +1.461939607e+01 -1.436806039e+02 -1.436806039e+02 +2.9232e+00 +3.5286e+00 -8.0729e-01 -2.1745e+00 +1.8880e+00 -2.6823e+00 -2.0573e+00 +1.6536e+00 -4.9479e-01 +1.6536e+00
86574 0 +1.441199651e+01 -1.438880035e+02 -1.438880035e+02 +2.9232e+00 +3.5286e+00 -7.8776e-01 -2.1745e+00 +1.8880e+00 -2.6628e+00 -2.0573e+00 +1.6536e+00 -4.9479e-01 +1.6536e+00
86601 0 +1.408750273e+01 -1.442124973e+02 -1.442124973e+02 +2.9347e+00 +3.5257e+00 -7.8784e-01 -2.1776e+00 +1.8749e+00 -2.6690e+00 -2.0595e+00 +1.6646e+00 -4.9791e-01 +1.6637e+00
124480 0 +1.308985063e+01 -1.452101494e+02 -1.452101494e+02 +2.9167e+00 +3.5417e+00 -3.2552e+00 -2.1615e+00 +1.9010e+00 -2.6693e+00 -2.0443e+00 +1.6667e+00 -5.2083e-01 +1.6667e+00
124532 0 +1.240126307e+01 -1.458987369e+02 -1.458987369e+02 +2.9167e+00 +3.5417e+00 -3.2552e+00 -2.1615e+00 +1.9010e+00 -2.6693e+00 -2.0443e+00 +1.6667e+00 -4.8177e-01 +1.6667e+00
124555 0 +1.219150888e+01 -1.461084911e+02 -1.461084911e+02 +2.9036e+00 +3.5286e+00 -3.2682e+00 -2.1745e+00 +1.8880e+00 -2.6823e+00 -2.0573e+00 +1.6536e+00 -4.9479e-01 +1.6536e+00
124570 0 +1.145162873e+01 -1.468483713e+02 -1.468483713e+02 +2.9142e+00 +3.5275e+00 -3.2621e+00 -2.1751e+00 +1.8852e+00 -2.6752e+00 -2.0583e+00 +1.6603e+00 -4.9653e-01 +1.6688e+00
124583 0 +1.105396299e+01 -1.472460370e+02 -1.472460370e+02 +2.9339e+00 +3.5265e+00 -3.2499e+00 -2.1767e+00 +1.8788e+00 -2.6663e+00 -2.0589e+00 +1.6617e+00 -4.9707e-01 +1.6618e+00
124676 0 +1.096036430e+01 -1.473396357e+02 -1.473396357e+02 +2.9309e+00 +3.5243e+00 -3.2507e+00 -2.2083e+00 +1.8729e+00 -2.6665e+00 -2.0584e+00 +1.6593e+00 -4.9648e-01 +1.6629e+00
370987 0 +1.032378041e+01 -1.479762196e+02 -1.479762196e+02 +1.9401e+00 +3.5417e+00 -3.2552e+00 -2.1615e+00 +1.9010e+00 -2.6693e+00 -2.0443e+00 +1.6667e+00 -4.8177e-01 +1.9792e+00
371006 0 +9.598615433e+00 -1.487013846e+02 -1.487013846e+02 +1.9271e+00 +3.5286e+00 -3.2682e+00 -2.1745e+00 +1.8880e+00 -2.6823e+00 -2.0573e+00 +1.6536e+00 -4.9479e-01 +1.9661e+00
371086 0 +9.400013694e+00 -1.488999863e+02 -1.488999863e+02 +1.9271e+00 +3.5286e+00 -3.2487e+00 -2.1745e+00 +1.8880e+00 -2.6823e+00 -2.0573e+00 +1.6536e+00 -4.9479e-01 +1.9661e+00
371100 0 +9.221645317e+00 -1.490783547e+02 -1.490783547e+02 +1.9279e+00 +3.5264e+00 -3.2481e+00 -2.1757e+00 +1.8823e+00 -2.6682e+00 -2.0594e+00 +1.6670e+00 -4.9827e-01 +1.9759e+00
371113 0 +9.116271403e+00 -1.491837286e+02 -1.491837286e+02 +1.9290e+00 +3.5248e+00 -3.2476e+00 -2.1771e+00 +1.8770e+00 -2.6603e+00 -2.0591e+00 +1.6607e+00 -4.9730e-01 +1.9775e+00
% f evaluations | g evaluations | best noise-free fitness - Fopt (-4.071000000000e+01) + sum g_i+ | measured fitness | best measured fitness or single-digit g-values | x1 | x2...
1 0 +7.661867065e+02 +7.254767065e+02 +7.254767065e+02 +1.6667e+00 +1.6667e+00 +1.6667e+00 +1.6667e+00 +1.6667e+00 +1.6667e+00 +1.6667e+00 +1.6667e+00 +1.6667e+00 +1.6667e+00
2 0 +4.163365037e+02 +3.756265037e+02 +3.756265037e+02 -1.6667e+00 -1.6667e+00 -1.6667e+00 -1.6667e+00 -1.6667e+00 -1.6667e+00 -1.6667e+00 -1.6667e+00 -1.6667e+00 -1.6667e+00
6 0 +3.694706035e+02 +3.287606035e+02 +3.287606035e+02 -1.6667e+00 +3.3333e+00 -1.6667e+00 -1.6667e+00 -1.6667e+00 -1.6667e+00 -1.6667e+00 -1.6667e+00 -1.6667e+00 -1.6667e+00
10 0 +3.218886963e+02 +2.811786963e+02 +2.811786963e+02 -1.6667e+00 +3.3333e+00 +3.3333e+00 -1.6667e+00 -1.6667e+00 -1.6667e+00 -1.6667e+00 -1.6667e+00 -1.6667e+00 -1.6667e+00
27 0 +2.884371323e+02 +2.477271323e+02 +2.477271323e+02 -1.7186e+00 +3.2774e+00 +3.4250e+00 -1.6957e+00 -1.5689e+00 -1.6291e+00 -1.6380e+00 -1.7659e+00 -1.3822e+00 -1.8240e+00
41 0 +2.855642039e+02 +2.448542039e+02 +2.448542039e+02 -1.7944e+00 +3.2057e+00 +3.5497e+00 -1.7366e+00 -1.5604e+00 -1.5112e+00 -1.6161e+00 -1.7693e+00 -1.0005e+00 -1.9458e+00
53 0 +2.716684541e+02 +2.309584541e+02 +2.309584541e+02 -1.9533e+00 +3.1486e+00 +3.7162e+00 -1.8159e+00 -1.6293e+00 -1.7202e+00 -1.6182e+00 -1.6694e+00 -4.3659e-01 -2.0209e+00
65 0 +2.612584240e+02 +2.205484240e+02 +2.205484240e+02 -1.9715e+00 +3.1699e+00 +3.6911e+00 -1.7918e+00 -1.7145e+00 -1.7365e+00 -1.6403e+00 -1.6720e+00 -5.8667e-01 -2.0825e+00
90 0 +2.553557541e+02 +2.146457541e+02 +2.146457541e+02 -2.0256e+00 +3.2370e+00 +3.5410e+00 -1.7518e+00 -1.6002e+00 -1.7432e+00 -1.6927e+00 -1.6416e+00 -5.9076e-01 -2.1529e+00
102 0 +2.416729421e+02 +2.009629421e+02 +2.009629421e+02 -2.0453e+00 +3.2558e+00 +3.5067e+00 -1.7485e+00 -1.6415e+00 -1.7732e+00 -1.6761e+00 -1.7318e+00 -5.0949e-01 -2.1414e+00
113 0 +2.378649582e+02 +1.971549582e+02 +1.971549582e+02 -1.9870e+00 +3.2120e+00 +3.6123e+00 -1.7939e+00 -1.6443e+00 -1.8257e+00 -1.5820e+00 -1.6859e+00 -5.1850e-01 -2.1017e+00
124 0 +2.340026721e+02 +1.932926721e+02 +1.932926721e+02 -1.9883e+00 +3.2181e+00 +3.5980e+00 -1.7911e+00 -1.6539e+00 -1.8386e+00 -1.6567e+00 -1.6938e+00 -5.2376e-01 -2.1192e+00
158 0 +2.221911554e+02 +1.814811554e+02 +1.814811554e+02 -2.0028e+00 +3.2019e+00 +3.6161e+00 -1.8124e+00 -1.6379e+00 -2.0276e+00 -1.6635e+00 -1.7116e+00 -5.2279e-01 -2.1071e+00
503 0 +1.668037355e+02 +1.260937355e+02 +1.260937355e+02 -1.6667e+00 +3.3333e+00 +3.3333e+00 -1.6667e+00 -1.6667e+00 -1.6667e+00 +3.3333e+00 +3.3333e+00 -1.6667e+00 -1.6667e+00
519 0 +1.377747145e+02 +9.706471452e+01 +9.706471452e+01 -1.7706e+00 +3.2214e+00 +3.5166e+00 -1.7247e+00 -1.4712e+00 -1.5915e+00 +3.2582e+00 +3.4139e+00 -1.0978e+00 -1.9813e+00
531 0 +1.299317884e+02 +8.922178841e+01 +8.922178841e+01 -1.9447e+00 +3.1431e+00 +3.6966e+00 -1.8142e+00 -1.4110e+00 -1.1852e+00 +2.9620e+00 +3.5342e+00 -6.7815e-01 -2.3133e+00
543 0 +8.920800823e+01 +4.849800823e+01 +4.849800823e+01 -2.0301e+00 +3.1827e+00 +3.7011e+00 -1.7867e+00 -1.4297e+00 -1.0210e+00 +3.0094e+00 +3.6603e+00 -4.9680e-01 -2.4683e+00
557 0 +8.417203455e+01 +4.346203455e+01 +4.346203455e+01 -2.0498e+00 +3.2006e+00 +3.6924e+00 -1.7769e+00 -1.4440e+00 -9.6795e-01 +3.0465e+00 +3.6442e+00 -4.5832e-01 -2.5285e+00
569 0 +7.721414496e+01 +3.650414496e+01 +3.650414496e+01 -2.0559e+00 +3.2797e+00 +3.6035e+00 -1.7396e+00 -1.5246e+00 -8.9314e-01 +3.2255e+00 +3.5386e+00 -4.8298e-01 -2.4760e+00
582 0 +7.301804553e+01 +3.230804553e+01 +3.230804553e+01 -2.0344e+00 +3.2925e+00 +3.5630e+00 -1.7315e+00 -1.5836e+00 -9.4240e-01 +3.2536e+00 +3.5208e+00 -5.6685e-01 -2.4786e+00
593 0 +6.996894346e+01 +2.925894346e+01 +2.925894346e+01 -1.9171e+00 +3.3200e+00 +3.4503e+00 -1.7700e+00 -2.0285e+00 -1.1282e+00 +3.1349e+00 +3.4603e+00 -5.5022e-01 -2.5017e+00
604 0 +6.278966545e+01 +2.207966545e+01 +2.207966545e+01 -1.9633e+00 +3.1311e+00 +3.6423e+00 -1.8213e+00 -2.0670e+00 -1.1489e+00 +3.0792e+00 +3.5006e+00 -5.0695e-01 -2.4972e+00
615 0 +5.637059390e+01 +1.566059390e+01 +1.566059390e+01 -1.9992e+00 +3.1842e+00 +3.6872e+00 -1.7536e+00 -2.1218e+00 -1.0947e+00 +3.1573e+00 +3.5395e+00 -5.3604e-01 -2.5100e+00
627 0 +5.170514478e+01 +1.099514478e+01 +1.099514478e+01 -2.0082e+00 +3.2016e+00 +3.6476e+00 -1.7588e+00 -2.1838e+00 -1.0722e+00 +3.1803e+00 +3.5634e+00 -5.3964e-01 -2.5159e+00
639 0 +4.744521603e+01 +6.735216030e+00 +6.735216030e+00 -2.0128e+00 +3.2450e+00 +3.5965e+00 -1.7710e+00 -2.1463e+00 -1.0311e+00 +3.1562e+00 +3.6020e+00 -5.2979e-01 -2.5168e+00
650 0 +4.566014154e+01 +4.950141540e+00 +4.950141540e+00 -2.0004e+00 +3.2636e+00 +3.5695e+00 -1.7657e+00 -2.1750e+00 -1.0049e+00 +3.1066e+00 +3.5958e+00 -5.2456e-01 -2.4928e+00
661 0 +4.432479061e+01 +3.614790607e+00 +3.614790607e+00 -1.9914e+00 +3.2546e+00 +3.5716e+00 -1.7941e+00 -2.1712e+00 -9.5845e-01 +3.1244e+00 +3.6005e+00 -5.2827e-01 -2.4960e+00
4944 0 +3.823722434e+01 -2.472775659e+00 -2.472775659e+00 -8.3333e-01 +4.1667e+00 +3.5417e+00 -2.3958e+00 -2.7083e+00 -2.0833e+00 +4.7917e+00 +2.2917e+00 -8.3333e-01 -1.4583e+00
4975 0 +3.115972566e+01 -9.550274340e+00 -9.550274340e+00 -8.4163e-01 +4.1611e+00 +3.5593e+00 -2.3692e+00 -2.7195e+00 -1.9904e+00 +4.7882e+00 +2.3562e+00 -9.2051e-01 -1.4549e+00
4988 0 +2.352731166e+01 -1.718268834e+01 -1.718268834e+01 -8.5058e-01 +4.1580e+00 +3.5746e+00 -2.3505e+00 -2.7402e+00 -1.9970e+00 +4.7879e+00 +2.4218e+00 -9.0514e-01 -1.4525e+00
4999 0 +2.119919979e+01 -1.951080021e+01 -1.951080021e+01 -8.8479e-01 +4.1592e+00 +3.6043e+00 -2.3051e+00 -2.7276e+00 -2.0646e+00 +4.7911e+00 +2.4208e+00 -8.6477e-01 -1.4512e+00
5023 0 +1.924087471e+01 -2.146912529e+01 -2.146912529e+01 -8.8939e-01 +4.1635e+00 +3.5664e+00 -2.3222e+00 -2.7504e+00 -2.0249e+00 +4.7886e+00 +2.4174e+00 -8.7080e-01 -1.4563e+00
5034 0 +1.904621781e+01 -2.166378219e+01 -2.166378219e+01 -8.9559e-01 +4.1542e+00 +3.5834e+00 -2.3237e+00 -2.7346e+00 -2.0338e+00 +4.7920e+00 +2.4250e+00 -8.7275e-01 -1.4498e+00
21728 0 +1.758348318e+01 -2.312651682e+01 -2.312651682e+01 -8.8542e-01 +4.1927e+00 +3.5677e+00 -2.2917e+00 -2.6823e+00 -2.0573e+00 +3.5677e+00 +1.9271e+00 -8.8542e-01 -1.5104e+00
21760 0 +1.453937287e+01 -2.617062713e+01 -2.617062713e+01 -8.8748e-01 +4.1614e+00 +3.5742e+00 -2.2928e+00 -2.6870e+00 -2.0003e+00 +3.5857e+00 +1.9876e+00 -8.5505e-01 -1.4276e+00
21773 0 +1.272214177e+01 -2.798785823e+01 -2.798785823e+01 -8.8943e-01 +4.1500e+00 +3.5788e+00 -2.2940e+00 -2.6976e+00 -2.0269e+00 +3.5900e+00 +1.9992e+00 -8.7314e-01 -1.4128e+00
21787 0 +1.256369055e+01 -2.814630945e+01 -2.814630945e+01 -8.9193e-01 +4.1395e+00 +3.5843e+00 -2.2956e+00 -2.7273e+00 -2.0464e+00 +3.5941e+00 +1.9889e+00 -8.8210e-01 -1.4038e+00
21799 0 +1.134301892e+01 -2.936698108e+01 -2.936698108e+01 -8.9629e-01 +4.1416e+00 +3.5904e+00 -2.2987e+00 -2.7463e+00 -2.0464e+00 +3.5892e+00 +2.0007e+00 -8.8167e-01 -1.4484e+00
21811 0 +1.094385707e+01 -2.976614293e+01 -2.976614293e+01 -9.0264e-01 +4.1578e+00 +3.5923e+00 -2.3041e+00 -2.7122e+00 -2.0312e+00 +3.5816e+00 +1.9687e+00 -8.8386e-01 -1.4920e+00
21824 0 +1.034859106e+01 -3.036140894e+01 -3.036140894e+01 -9.0285e-01 +4.1652e+00 +3.5897e+00 -2.3050e+00 -2.7082e+00 -2.0381e+00 +3.5793e+00 +1.9677e+00 -8.6893e-01 -1.4849e+00
21836 0 +9.643927310e+00 -3.106607269e+01 -3.106607269e+01 -9.0160e-01 +4.1728e+00 +3.5797e+00 -2.3069e+00 -2.7187e+00 -2.0303e+00 +3.5798e+00 +1.9720e+00 -8.7524e-01 -1.4546e+00
21848 0 +9.357165011e+00 -3.135283499e+01 -3.135283499e+01 -9.0127e-01 +4.1556e+00 +3.5785e+00 -2.3098e+00 -2.7302e+00 -2.0315e+00 +3.5904e+00 +1.9732e+00 -8.7296e-01 -1.4456e+00
21859 0 +9.269288304e+00 -3.144071170e+01 -3.144071170e+01 -9.0229e-01 +4.1563e+00 +3.5840e+00 -2.3152e+00 -2.7395e+00 -2.0341e+00 +3.5727e+00 +1.9707e+00 -8.7265e-01 -1.4451e+00
21870 0 +9.114042901e+00 -3.159595710e+01 -3.159595710e+01 -9.0353e-01 +4.1715e+00 +3.5884e+00 -2.3218e+00 -2.7416e+00 -2.0368e+00 +3.5848e+00 +1.9654e+00 -8.7226e-01 -1.4524e+00
379961 0 +7.136280984e+00 -3.357371902e+01 -3.357371902e+01 +1.0807e+00 +4.1667e+00 +3.5807e+00 -2.3177e+00 -2.7083e+00 -2.0443e+00 +3.5417e+00 +1.9792e+00 -5.2083e-01 -1.4583e+00
379991 0 +5.318891593e+00 -3.539110841e+01 -3.539110841e+01 +1.0807e+00 +4.1667e+00 +3.5807e+00 -2.3177e+00 -2.7083e+00 -2.0443e+00 +3.5807e+00 +1.9792e+00 -5.2083e-01 -1.4583e+00
380028 0 +5.156217006e+00 -3.555378299e+01 -3.555378299e+01 +1.0762e+00 +4.1611e+00 +3.5818e+00 -2.3185e+00 -2.7195e+00 -2.0176e+00 +3.5861e+00 +1.9469e+00 -5.3213e-01 -1.4549e+00
380040 0 +4.902132612e+00 -3.580786739e+01 -3.580786739e+01 +1.0608e+00 +4.1541e+00 +3.5836e+00 -2.3203e+00 -2.7580e+00 -2.0320e+00 +3.5887e+00 +1.9365e+00 -5.3381e-01 -1.4499e+00
380052 0 +4.395376107e+00 -3.631462389e+01 -3.631462389e+01 +1.0509e+00 +4.1554e+00 +3.5844e+00 -2.3222e+00 -2.7607e+00 -2.0258e+00 +3.5893e+00 +1.9564e+00 -5.1955e-01 -1.4496e+00
380064 0 +4.127871822e+00 -3.658212818e+01 -3.658212818e+01 +1.0483e+00 +4.1624e+00 +3.5843e+00 -2.3245e+00 -2.7374e+00 -2.0398e+00 +3.5877e+00 +1.9639e+00 -5.2205e-01 -1.4537e+00
380087 0 +4.020775811e+00 -3.668922419e+01 -3.668922419e+01 +1.0553e+00 +4.1587e+00 +3.5821e+00 -2.3273e+00 -2.7432e+00 -2.0306e+00 +3.5836e+00 +1.9624e+00 -5.2689e-01 -1.4539e+00
380133 0 +3.980852070e+00 -3.672914793e+01 -3.672914793e+01 +1.0539e+00 +4.1605e+00 +3.5829e+00 -2.3311e+00 -2.7427e+00 -2.0335e+00 +3.5841e+00 +1.9590e+00 -5.2525e-01 -1.4539e+00
% f evaluations | g evaluations | best noise-free fitness - Fopt (8.139000000000e+01) + sum g_i+ | measured fitness | best measured fitness or single-digit g-values | x1 | x2...
1 0 +1.803678766e+03 +1.885068766e+03 +1.885068766e+03 +1.6667e+00 +1.6667e+00 +1.6667e+00 +1.6667e+00 +1.6667e+00 +1.6667e+00 +1.6667e+00 +1.6667e+00 +1.6667e+00 +1.6667e+00
2 0 +2.187895437e+02 +3.001795437e+02 +3.001795437e+02 -1.6667e+00 -1.6667e+00 -1.6667e+00 -1.6667e+00 -1.6667e+00 -1.6667e+00 -1.6667e+00 -1.6667e+00 -1.6667e+00 -1.6667e+00
4 0 +2.178325303e+02 +2.992225303e+02 +2.992225303e+02 +3.3333e+00 -1.6667e+00 -1.6667e+00 -1.6667e+00 -1.6667e+00 -1.6667e+00 -1.6667e+00 -1.6667e+00 -1.6667e+00 -1.6667e+00
6 0 +1.718013335e+02 +2.531913335e+02 +2.531913335e+02 +3.3333e+00 +3.3333e+00 -1.6667e+00 -1.6667e+00 -1.6667e+00 -1.6667e+00 -1.6667e+00 -1.6667e+00 -1.6667e+00 -1.6667e+00
22 0 +1.586419200e+02 +2.400319200e+02 +2.400319200e+02 +3.4044e+00 +3.4558e+00 -1.6213e+00 -1.7197e+00 -1.8525e+00 -1.4524e+00 -1.8735e+00 -1.8613e+00 -2.3727e+00 -1.3863e+00
33 0 +1.436231912e+02 +2.250131912e+02 +2.250131912e+02 +3.5192e+00 +3.4782e+00 -1.5771e+00 -1.7318e+00 -1.8710e+00 -1.3325e+00 -1.6787e+00 -1.8055e+00 -2.8232e+00 -1.5381e+00
50 0 +1.369146032e+02 +2.183046032e+02 +2.183046032e+02 +3.5809e+00 +3.4512e+00 -1.5576e+00 -1.7228e+00 -1.8268e+00 -1.2881e+00 -1.7614e+00 -1.7065e+00 -3.0435e+00 -1.5226e+00
63 0 +1.303866745e+02 +2.117766745e+02 +2.117766745e+02 +3.5928e+00 +3.4251e+00 -1.5561e+00 -1.7131e+00 -1.7966e+00 -1.2991e+00 -1.8554e+00 -1.6561e+00 -2.9907e+00 -1.4726e+00
76 0 +1.247661299e+02 +2.061561299e+02 +2.061561299e+02 +3.6201e+00 +3.4071e+00 -1.5483e+00 -1.7074e+00 -1.7885e+00 -1.2958e+00 -1.8846e+00 -1.6747e+00 -2.9113e+00 -1.4327e+00
87 0 +1.163573223e+02 +1.977473223e+02 +1.977473223e+02 +3.7264e+00 +3.4207e+00 -1.5066e+00 -1.7184e+00 -1.8805e+00 -1.2738e+00 -1.7169e+00 -1.6543e+00 -2.9190e+00 -1.4399e+00
98 0 +1.138659091e+02 +1.952559091e+02 +1.952559091e+02 +3.8363e+00 +3.4191e+00 -1.4563e+00 -1.7192e+00 -1.8533e+00 -1.3198e+00 -1.7261e+00 -1.7565e+00 -2.9559e+00 -1.4482e+00
109 0 +1.093522791e+02 +1.907422791e+02 +1.907422791e+02 +3.8679e+00 +3.4280e+00 -1.4237e+00 -1.7196e+00 -1.8305e+00 -1.2831e+00 -1.7635e+00 -1.7320e+00 -2.9295e+00 -1.4429e+00
604 0 +9.734096765e+01 +1.787309677e+02 +1.787309677e+02 +2.0833e+00 +4.5833e+00 -1.6667e+00 -4.1667e-01 -4.1667e-01 -2.9167e+00 -4.1667e-01 -4.1667e+00 -1.6667e+00 -4.1667e+00
627 0 +8.697576648e+01 +1.683657665e+02 +1.683657665e+02 +2.0178e+00 +4.5437e+00 -1.6440e+00 -4.3919e-01 -5.9382e-01 -2.8894e+00 -4.9140e-01 -2.8099e+00 -2.0197e+00 -3.8770e+00
638 0 +6.261661283e+01 +1.440066128e+02 +1.440066128e+02 +1.7675e+00 +4.3434e+00 -1.5902e+00 -4.6868e-01 -5.4407e-01 -2.8845e+00 -5.1948e-01 -3.1804e+00 -2.6358e+00 -3.9163e+00
661 0 +5.835654918e+01 +1.397465492e+02 +1.397465492e+02 +1.9103e+00 +4.3469e+00 -1.5256e+00 -4.0954e-01 -4.4341e-01 -2.9056e+00 -3.9355e-01 -3.6347e+00 -2.2552e+00 -3.5306e+00
678 0 +4.365130328e+01 +1.250413033e+02 +1.250413033e+02 +1.8799e+00 +4.3574e+00 -1.5153e+00 -4.2347e-01 -5.4622e-01 -2.8778e+00 -4.4749e-01 -3.6562e+00 -2.1058e+00 -3.4854e+00
695 0 +3.817705046e+01 +1.195670505e+02 +1.195670505e+02 +1.8737e+00 +4.3569e+00 -1.5086e+00 -4.2966e-01 -5.2049e-01 -2.8823e+00 -4.5095e-01 -3.6898e+00 -2.1962e+00 -3.4855e+00
712 0 +3.568367740e+01 +1.170736774e+02 +1.170736774e+02 +1.8717e+00 +4.3560e+00 -1.4933e+00 -4.3842e-01 -4.9989e-01 -2.9045e+00 -4.4852e-01 -3.6909e+00 -2.1618e+00 -3.4754e+00
730 0 +3.465450733e+01 +1.160445073e+02 +1.160445073e+02 +1.8704e+00 +4.3561e+00 -1.4773e+00 -4.4051e-01 -5.3606e-01 -2.8920e+00 -4.5353e-01 -3.6939e+00 -2.1526e+00 -3.4848e+00
759 0 +3.087827966e+01 +1.122682797e+02 +1.122682797e+02 +1.8710e+00 +4.3581e+00 -1.4529e+00 -4.4155e-01 -5.1772e-01 -2.8872e+00 -4.5817e-01 -3.6861e+00 -2.1742e+00 -3.5218e+00
772 0 +2.938059244e+01 +1.107705924e+02 +1.107705924e+02 +1.9029e+00 +4.3698e+00 -1.3524e+00 -4.3319e-01 -5.0576e-01 -2.8412e+00 -4.5132e-01 -3.6524e+00 -2.1952e+00 -3.6139e+00
783 0 +2.468813103e+01 +1.060781310e+02 +1.060781310e+02 +1.8306e+00 +4.3407e+00 -1.3173e+00 -4.4129e-01 -4.8366e-01 -2.8360e+00 -4.5929e-01 -3.6980e+00 -2.1837e+00 -3.6150e+00
794 0 +2.203436939e+01 +1.034243694e+02 +1.034243694e+02 +1.8626e+00 +4.3511e+00 -1.4074e+00 -4.4526e-01 -5.0058e-01 -2.8927e+00 -4.4707e-01 -3.7459e+00 -2.1564e+00 -3.5803e+00
805 0 +1.769050671e+01 +9.908050671e+01 +9.908050671e+01 +1.8802e+00 +4.3546e+00 -1.3907e+00 -4.3685e-01 -5.1135e-01 -2.8793e+00 -4.5212e-01 -3.7249e+00 -2.1595e+00 -3.6371e+00
817 0 +1.715567414e+01 +9.854567414e+01 +9.854567414e+01 +1.8716e+00 +4.3548e+00 -1.3794e+00 -4.3560e-01 -5.1890e-01 -2.9057e+00 -4.5125e-01 -3.7223e+00 -2.1624e+00 -3.6399e+00
829 0 +1.694922351e+01 +9.833922351e+01 +9.833922351e+01 +1.8681e+00 +4.3585e+00 -1.3699e+00 -4.3972e-01 -5.1592e-01 -2.9061e+00 -4.6339e-01 -3.7188e+00 -2.1559e+00 -3.6363e+00
46033 0 +1.574385708e+01 +9.713385708e+01 +9.713385708e+01 +8.3333e-01 +3.4115e+00 -2.2135e+00 -4.1667e-01 +5.9896e-01 -2.9167e+00 -4.1667e-01 -2.9167e+00 -1.3542e+00 -2.6042e+00
46067 0 +9.833967081e+00 +9.122396708e+01 +9.122396708e+01 +8.4469e-01 +3.4164e+00 -2.2030e+00 -4.2793e-01 +6.1305e-01 -2.9030e+00 -4.5403e-01 -2.8633e+00 -1.3360e+00 -2.5919e+00
46090 0 +9.352653325e+00 +9.074265332e+01 +9.074265332e+01 +8.8331e-01 +3.4291e+00 -2.1349e+00 -4.5895e-01 +6.2996e-01 -2.9108e+00 -4.6460e-01 -2.8644e+00 -1.3335e+00 -2.5840e+00
46102 0 +8.993264859e+00 +9.038326486e+01 +9.038326486e+01 +8.7601e-01 +3.4257e+00 -2.1527e+00 -4.4202e-01 +6.2108e-01 -2.9044e+00 -4.5821e-01 -2.8606e+00 -1.3328e+00 -2.5894e+00
% f evaluations | g evaluations | best noise-free fitness - Fopt (4.144000000000e+01) + sum g_i+ | measured fitness | best measured fitness or single-digit g-values | x1 | x2...
1 0 +1.778921985e+03 +1.820361985e+03 +1.820361985e+03 +1.6667e+00 +1.6667e+00 +1.6667e+00 +1.6667e+00 +1.6667e+00 +1.6667e+00 +1.6667e+00 +1.6667e+00 +1.6667e+00 +1.6667e+00
2 0 +2.705973789e+02 +3.120373789e+02 +3.120373789e+02 -1.6667e+00 -1.6667e+00 -1.6667e+00 -1.6667e+00 -1.6667e+00 -1.6667e+00 -1.6667e+00 -1.6667e+00 -1.6667e+00 -1.6667e+00
4 0 +2.645540676e+02 +3.059940676e+02 +3.059940676e+02 +3.3333e+00 -1.6667e+00 -1.6667e+00 -1.6667e+00 -1.6667e+00 -1.6667e+00 -1.6667e+00 -1.6667e+00 -1.6667e+00 -1.6667e+00
19 0 +2.627488150e+02 +3.041888150e+02 +3.041888150e+02 +3.2772e+00 -1.6724e+00 -1.6150e+00 -1.6270e+00 -1.5248e+00 -1.8159e+00 -1.6722e+00 -1.8809e+00 -1.7515e+00 -1.4094e+00
49 0 +2.354405901e+02 +2.768805901e+02 +2.768805901e+02 +3.6918e+00 -1.6169e+00 -1.3881e+00 -1.3660e+00 -3.8499e+00 -1.1962e+00 -1.7513e+00 +1.1408e-01 -2.1867e+00 -1.5144e+00
62 0 +2.314223654e+02 +2.728623654e+02 +2.728623654e+02 +3.7464e+00 -1.6654e+00 -1.3383e+00 -1.3447e+00 -4.1360e+00 -1.1498e+00 -1.8196e+00 +3.5521e-01 -2.2509e+00 -1.5291e+00
74 0 +2.148834811e+02 +2.563234811e+02 +2.563234811e+02 +3.7497e+00 -1.7402e+00 -1.2622e+00 -1.3302e+00 -4.1136e+00 -1.3017e+00 -1.9257e+00 +2.1041e-01 -2.2593e+00 -1.5252e+00
86 0 +2.036393640e+02 +2.450793640e+02 +2.450793640e+02 +3.7794e+00 -1.7277e+00 -1.2708e+00 -1.3404e+00 -4.0497e+00 -1.3515e+00 -1.8639e+00 +2.4446e-01 -2.1548e+00 -1.5097e+00
108 0 +1.941210706e+02 +2.355610706e+02 +2.355610706e+02 +3.9384e+00 -1.6565e+00 -1.3284e+00 -1.3817e+00 -4.0450e+00 -1.2816e+00 -1.8875e+00 +2.9365e-01 -2.1773e+00 -1.5078e+00
120 0 +1.902703925e+02 +2.317103925e+02 +2.317103925e+02 +3.9949e+00 -1.7003e+00 -1.3044e+00 -1.3517e+00 -4.0873e+00 -1.2994e+00 -1.8519e+00 +2.7096e-01 -2.1841e+00 -1.5111e+00
143 0 +1.817106020e+02 +2.231506020e+02 +2.231506020e+02 +4.3058e+00 -1.6685e+00 -1.2866e+00 -1.3451e+00 -4.0502e+00 -1.3097e+00 -1.8452e+00 +2.6546e-01 -2.2173e+00 -1.5083e+00
359 0 +1.464434641e+02 +1.878834641e+02 +1.878834641e+02 +3.3333e+00 -1.6667e+00 +3.3333e+00 -1.6667e+00 -1.6667e+00 -1.6667e+00 +3.3333e+00 -1.6667e+00 -1.6667e+00 -1.6667e+00
377 0 +1.268462585e+02 +1.682862585e+02 +1.682862585e+02 +3.3052e+00 -1.6696e+00 +3.3438e+00 -1.6468e+00 -1.5957e+00 -1.7413e+00 +3.1745e+00 -1.7738e+00 -1.7091e+00 -1.5380e+00
394 0 +1.244843429e+02 +1.659243429e+02 +1.659243429e+02 +3.3013e+00 -1.6697e+00 +3.3480e+00 -1.6343e+00 -1.6017e+00 -1.7633e+00 +3.2157e+00 -1.7632e+00 -1.7823e+00 -1.4439e+00
407 0 +1.200966008e+02 +1.615366008e+02 +1.615366008e+02 +3.3026e+00 -1.6694e+00 +3.3500e+00 -1.6256e+00 -1.6137e+00 -1.7682e+00 +3.2733e+00 -1.7428e+00 -1.7945e+00 -1.4506e+00
418 0 +1.078933538e+02 +1.493333538e+02 +1.493333538e+02 +3.2609e+00 -1.6714e+00 +3.4045e+00 -1.4316e+00 -1.6016e+00 -2.0002e+00 +3.3419e+00 -1.7194e+00 -2.0194e+00 -1.6362e+00
429 0 +9.924450472e+01 +1.406845047e+02 +1.406845047e+02 +3.3037e+00 -1.6672e+00 +3.4563e+00 -1.0506e+00 -1.6911e+00 -2.0284e+00 +3.4775e+00 -1.8250e+00 -2.5786e+00 -2.0467e+00
441 0 +7.972638990e+01 +1.211663899e+02 +1.211663899e+02 +3.2966e+00 -1.6697e+00 +3.4000e+00 -1.0990e+00 -1.6117e+00 -1.9358e+00 +3.4573e+00 -1.7624e+00 -2.4999e+00 -1.9949e+00
455 0 +7.419440295e+01 +1.156344029e+02 +1.156344029e+02 +3.2905e+00 -1.6710e+00 +3.3750e+00 -1.1170e+00 -1.5662e+00 -1.8880e+00 +3.4715e+00 -1.7234e+00 -2.5405e+00 -2.0233e+00
466 0 +5.977797417e+01 +1.012179742e+02 +1.012179742e+02 +3.2483e+00 -1.6742e+00 +3.3207e+00 -1.3869e+00 -1.6295e+00 -1.7803e+00 +3.4966e+00 -1.7294e+00 -2.5446e+00 -2.0284e+00
478 0 +5.851854350e+01 +9.995854350e+01 +9.995854350e+01 +3.2769e+00 -1.6703e+00 +3.3259e+00 -1.3924e+00 -1.5849e+00 -1.8119e+00 +3.5053e+00 -1.7991e+00 -2.5432e+00 -2.0181e+00
490 0 +5.603093564e+01 +9.747093564e+01 +9.747093564e+01 +3.3183e+00 -1.6666e+00 +3.3465e+00 -1.3174e+00 -1.5994e+00 -1.8581e+00 +3.4973e+00 -1.7784e+00 -2.5538e+00 -2.0211e+00
502 0 +5.440658037e+01 +9.584658037e+01 +9.584658037e+01 +3.3253e+00 -1.6671e+00 +3.3722e+00 -1.3567e+00 -1.6019e+00 -1.8744e+00 +3.4871e+00 -1.7487e+00 -2.5459e+00 -2.0094e+00
524 0 +5.318274088e+01 +9.462274088e+01 +9.462274088e+01 +3.2863e+00 -1.6673e+00 +3.3889e+00 -1.3655e+00 -1.6051e+00 -1.8561e+00 +3.4922e+00 -1.7573e+00 -2.5537e+00 -2.0039e+00
557 0 +5.218142710e+01 +9.362142710e+01 +9.362142710e+01 +3.2829e+00 -1.6736e+00 +3.3826e+00 -1.3669e+00 -1.6065e+00 -1.8616e+00 +3.4931e+00 -1.7552e+00 -2.5554e+00 -1.9546e+00
10138 0 +4.670335552e+01 +8.814335552e+01 +8.814335552e+01 +4.1667e-01 -8.3333e-01 +1.6667e+00 -2.0833e+00 -3.3333e+00 -8.3333e-01 +2.2917e+00 -8.3333e-01 -1.4583e+00 -2.7083e+00
10173 0 +3.483742234e+01 +7.627742234e+01 +7.627742234e+01 +3.7411e-01 -8.0007e-01 +1.6955e+00 -2.0921e+00 -3.3729e+00 -7.4171e-01 +2.2912e+00 -1.0029e+00 -1.4404e+00 -2.7255e+00
10185 0 +2.872015394e+01 +7.016015394e+01 +7.016015394e+01 +2.9859e-01 -7.5268e-01 +1.7274e+00 -2.1043e+00 -3.4090e+00 -8.1315e-01 +2.2896e+00 -1.0168e+00 -1.3979e+00 -2.7592e+00
10197 0 +2.513076784e+01 +6.657076784e+01 +6.657076784e+01 +2.3835e-01 -7.3467e-01 +1.7408e+00 -2.1118e+00 -3.4336e+00 -7.7664e-01 +2.2894e+00 -9.5302e-01 -1.3486e+00 -2.8119e+00
10209 0 +2.419651831e+01 +6.563651831e+01 +6.563651831e+01 +2.2744e-01 -7.5178e-01 +1.7368e+00 -2.1116e+00 -3.4296e+00 -7.5182e-01 +2.2908e+00 -8.8889e-01 -1.4089e+00 -2.8410e+00
10221 0 +2.282687922e+01 +6.426687922e+01 +6.426687922e+01 +2.7080e-01 -7.8934e-01 +1.7125e+00 -2.1031e+00 -3.4044e+00 -7.5039e-01 +2.2917e+00 -8.7629e-01 -1.4198e+00 -2.7653e+00
10233 0 +2.165475851e+01 +6.309475851e+01 +6.309475851e+01 +3.3181e-01 -8.1046e-01 +1.6866e+00 -2.0935e+00 -3.3820e+00 -7.8604e-01 +2.2925e+00 -9.3199e-01 -1.4047e+00 -2.7792e+00
10244 0 +1.793625427e+01 +5.937625427e+01 +5.937625427e+01 +3.1920e-01 -7.6067e-01 +1.7195e+00 -2.0997e+00 -3.4256e+00 -7.9329e-01 +2.2843e+00 -9.0726e-01 -1.3832e+00 -2.7944e+00
10266 0 +1.716798270e+01 +5.860798270e+01 +5.860798270e+01 +2.8142e-01 -7.7129e-01 +1.7114e+00 -2.1028e+00 -3.4053e+00 -7.8236e-01 +2.2798e+00 -9.0196e-01 -1.3907e+00 -2.8036e+00
10289 0 +1.696665557e+01 +5.840665557e+01 +5.840665557e+01 +3.0059e-01 -7.7053e-01 +1.7133e+00 -2.1012e+00 -3.4059e+00 -7.8750e-01 +2.2888e+00 -8.9827e-01 -1.3817e+00 -2.8113e+00
% f evaluations | g evaluations | best noise-free fitness - Fopt (-2.709000000000e+01) + sum g_i+ | measured fitness | best measured fitness or single-digit g-values | x1 | x2...
1 0 +3.024813960e+02 +2.753913960e+02 +2.753913960e+02 +1.6667e+00 +1.6667e+00 +1.6667e+00 +1.6667e+00 +1.6667e+00 +1.6667e+00 +1.6667e+00 +1.6667e+00 +1.6667e+00 +1.6667e+00
5 0 +2.778336597e+02 +2.507436597e+02 +2.507436597e+02 +1.6667e+00 -3.3333e+00 +1.6667e+00 +1.6667e+00 +1.6667e+00 +1.6667e+00 +1.6667e+00 +1.6667e+00 +1.6667e+00 +1.6667e+00
22 0 +2.587527523e+02 +2.316627523e+02 +2.316627523e+02 +1.6312e+00 -3.4854e+00 +1.9169e+00 +1.9397e+00 +1.6341e+00 +1.7572e+00 +1.4141e+00 +1.9248e+00 +1.5508e+00 +2.5149e+00
38 0 +2.463420526e+02 +2.192520526e+02 +2.192520526e+02 +1.5993e+00 -3.5245e+00 +1.9295e+00 +1.8770e+00 +1.6421e+00 +1.7861e+00 +1.5088e+00 +1.7785e+00 +1.8590e+00 +2.4778e+00
67 0 +2.351108924e+02 +2.080208924e+02 +2.080208924e+02 +1.5754e+00 -3.5288e+00 +1.9280e+00 +1.8324e+00 +1.6453e+00 +1.7232e+00 +1.5623e+00 +1.8323e+00 +1.7744e+00 +2.5387e+00
79 0 +2.291339918e+02 +2.020439918e+02 +2.020439918e+02 +1.5187e+00 -3.5519e+00 +1.9439e+00 +1.7672e+00 +1.6495e+00 +1.7918e+00 +1.6460e+00 +1.8342e+00 +1.7510e+00 +2.5140e+00
92 0 +2.262315173e+02 +1.991415173e+02 +1.991415173e+02 +1.4860e+00 -3.5587e+00 +1.9522e+00 +1.7615e+00 +1.6503e+00 +1.7679e+00 +1.6483e+00 +1.8210e+00 +1.7909e+00 +2.4980e+00
103 0 +2.196343176e+02 +1.925443176e+02 +1.925443176e+02 +1.3075e+00 -3.5422e+00 +1.9584e+00 +1.8467e+00 +1.6477e+00 +1.7500e+00 +1.5072e+00 +1.7776e+00 +1.7765e+00 +2.4940e+00
114 0 +2.158887925e+02 +1.887987925e+02 +1.887987925e+02 +1.2259e+00 -3.5302e+00 +1.9398e+00 +1.8124e+00 +1.6458e+00 +1.7752e+00 +1.5370e+00 +1.8670e+00 +1.8205e+00 +2.5097e+00
126 0 +2.107002678e+02 +1.836102678e+02 +1.836102678e+02 +1.1559e+00 -3.5309e+00 +1.9273e+00 +1.7678e+00 +1.6461e+00 +1.7620e+00 +1.6163e+00 +1.8269e+00 +1.8074e+00 +2.5184e+00
137 0 +2.087986274e+02 +1.817086274e+02 +1.817086274e+02 +1.2251e+00 -3.5578e+00 +1.9488e+00 +1.7998e+00 +1.6484e+00 +1.7593e+00 +1.6036e+00 +1.8051e+00 +1.7733e+00 +2.5121e+00
337 0 +1.303609282e+02 +1.032709282e+02 +1.032709282e+02 +1.6667e+00 -3.3333e+00 +1.6667e+00 +1.6667e+00 +1.6667e+00 -3.3333e+00 +1.6667e+00 +1.6667e+00 +1.6667e+00 +1.6667e+00
354 0 +1.186807283e+02 +9.159072828e+01 +9.159072828e+01 +1.6312e+00 -3.4854e+00 +1.9169e+00 +1.9397e+00 +1.6341e+00 -3.1367e+00 +1.4141e+00 +1.9248e+00 +1.5508e+00 +2.5149e+00
370 0 +1.018278166e+02 +7.473781659e+01 +7.473781659e+01 +1.6007e+00 -3.5229e+00 +1.9290e+00 +1.8797e+00 +1.6418e+00 -3.1873e+00 +1.5048e+00 +1.7847e+00 +1.8459e+00 +2.4794e+00
388 0 +9.315815014e+01 +6.606815014e+01 +6.606815014e+01 +1.5957e+00 -3.5252e+00 +1.9303e+00 +1.8690e+00 +1.6423e+00 -3.1902e+00 +1.5147e+00 +1.7938e+00 +1.8333e+00 +2.5176e+00
400 0 +8.517190716e+01 +5.808190716e+01 +5.808190716e+01 +1.5796e+00 -3.5272e+00 +1.9276e+00 +1.8431e+00 +1.6447e+00 -3.2031e+00 +1.5528e+00 +1.8257e+00 +1.7685e+00 +2.5119e+00
423 0 +7.712403404e+01 +5.003403404e+01 +5.003403404e+01 +1.4425e+00 -3.5578e+00 +1.9591e+00 +1.7863e+00 +1.6499e+00 -3.2326e+00 +1.6093e+00 +1.8124e+00 +1.7807e+00 +2.5127e+00
439 0 +7.239204969e+01 +4.530204969e+01 +4.530204969e+01 +1.3533e+00 -3.5412e+00 +1.9456e+00 +1.8034e+00 +1.6480e+00 -3.2228e+00 +1.5881e+00 +1.8285e+00 +1.7686e+00 +2.5241e+00
464 0 +6.962653724e+01 +4.253653724e+01 +4.253653724e+01 +1.1735e+00 -3.5455e+00 +1.9544e+00 +1.8189e+00 +1.6478e+00 -3.2225e+00 +1.5372e+00 +1.8104e+00 +1.7796e+00 +2.5281e+00
475 0 +6.735605122e+01 +4.026605122e+01 +4.026605122e+01 +1.1917e+00 -3.5282e+00 +1.9359e+00 +1.8234e+00 +1.6451e+00 -3.2061e+00 +1.5696e+00 +1.8402e+00 +1.7884e+00 +2.5158e+00
499 0 +6.578204612e+01 +3.869204612e+01 +3.869204612e+01 +1.1818e+00 -3.5515e+00 +1.9428e+00 +1.8088e+00 +1.6484e+00 -3.2233e+00 +1.6025e+00 +1.8237e+00 +1.7740e+00 +2.5130e+00
9921 0 +6.093156765e+01 +3.384156765e+01 +3.384156765e+01 +2.0833e+00 -1.6667e+00 +2.3958e+00 +3.0208e+00 +3.3333e+00 -4.1667e+00 +2.0833e+00 +2.0833e+00 +2.0833e-01 +8.3333e-01
9950 0 +4.347673603e+01 +1.638673603e+01 +1.638673603e+01 +2.1752e+00 -1.7357e+00 +2.4304e+00 +3.0060e+00 +3.3305e+00 -4.0822e+00 +2.0689e+00 +2.2989e+00 +1.8224e-01 +6.4008e-01
9961 0 +3.662938952e+01 +9.539389519e+00 +9.539389519e+00 +2.2404e+00 -1.7410e+00 +2.4740e+00 +2.9976e+00 +3.3281e+00 -4.0861e+00 +2.0405e+00 +2.1875e+00 +2.4925e-01 +7.8222e-01
9973 0 +3.292638866e+01 +5.836388659e+00 +5.836388659e+00 +2.1829e+00 -1.6991e+00 +2.4905e+00 +3.0060e+00 +3.3278e+00 -4.1403e+00 +2.0558e+00 +2.1550e+00 +1.5694e-01 +7.7277e-01
9987 0 +3.097935458e+01 +3.889354577e+00 +3.889354577e+00 +2.1643e+00 -1.6863e+00 +2.4954e+00 +3.0089e+00 +3.3279e+00 -4.1509e+00 +2.0587e+00 +2.1466e+00 +1.6408e-01 +7.4262e-01
9999 0 +2.474701956e+01 -2.342980438e+00 -2.342980438e+00 +2.1393e+00 -1.6831e+00 +2.5095e+00 +3.0138e+00 +3.3282e+00 -4.1377e+00 +2.0709e+00 +2.2165e+00 +2.0967e-01 +7.4178e-01
10011 0 +2.273446002e+01 -4.355539979e+00 -4.355539979e+00 +2.1787e+00 -1.7104e+00 +2.5248e+00 +3.0092e+00 +3.3282e+00 -4.1019e+00 +2.0546e+00 +2.2212e+00 +2.0180e-01 +7.2964e-01
10033 0 +2.186997726e+01 -5.220022739e+00 -5.220022739e+00 +2.1729e+00 -1.6951e+00 +2.5950e+00 +3.0048e+00 +3.3280e+00 -4.1193e+00 +2.0525e+00 +2.1985e+00 +2.0354e-01 +7.3119e-01
10044 0 +2.037169123e+01 -6.718308772e+00 -6.718308772e+00 +2.1578e+00 -1.6958e+00 +2.7070e+00 +3.0132e+00 +3.3285e+00 -4.1102e+00 +2.0605e+00 +2.2080e+00 +2.0365e-01 +7.3088e-01
10078 0 +1.990607297e+01 -7.183927034e+00 -7.183927034e+00 +2.1788e+00 -1.7016e+00 +2.7235e+00 +3.0094e+00 +3.3278e+00 -4.1163e+00 +2.0545e+00 +2.2145e+00 +2.0295e-01 +7.3009e-01
% f evaluations | g evaluations | best noise-free fitness - Fopt (5.175000000000e+01) + sum g_i+ | measured fitness | best measured fitness or single-digit g-values | x1 | x2...
1 0 +3.056668718e+02 +3.574168718e+02 +3.574168718e+02 +1.6667e+00 +1.6667e+00 +1.6667e+00 +1.6667e+00 +1.6667e+00 +1.6667e+00 +1.6667e+00 +1.6667e+00 +1.6667e+00 +1.6667e+00
23 0 +2.169816476e+02 +2.687316476e+02 +2.687316476e+02 +1.6667e+00 +1.6667e+00 +1.6667e+00 +1.6667e+00 +1.6667e+00 -3.3333e+00 +1.6667e+00 +1.6667e+00 +1.6667e+00 +1.6667e+00
42 0 +2.029653822e+02 +2.547153822e+02 +2.547153822e+02 +1.6612e+00 +1.6729e+00 +1.6361e+00 +1.6297e+00 +1.6899e+00 -3.2328e+00 +1.7767e+00 +1.7776e+00 +1.5886e+00 +1.6836e+00
66 0 +1.904103592e+02 +2.421603592e+02 +2.421603592e+02 +1.6350e+00 +1.7103e+00 +1.5788e+00 +1.5409e+00 +1.8927e+00 -3.0731e+00 +1.8635e+00 +1.6949e+00 +1.6563e+00 +1.7547e+00
79 0 +1.835583864e+02 +2.353083864e+02 +2.353083864e+02 +1.6212e+00 +1.7341e+00 +1.5843e+00 +1.5190e+00 +1.9426e+00 -3.1236e+00 +1.7642e+00 +1.7041e+00 +1.6334e+00 +1.7822e+00
92 0 +1.753426670e+02 +2.270926670e+02 +2.270926670e+02 +1.6085e+00 +1.7570e+00 +1.5978e+00 +1.5055e+00 +1.9322e+00 -3.2332e+00 +1.7357e+00 +1.7203e+00 +1.6413e+00 +1.7933e+00
104 0 +1.677044014e+02 +2.194544014e+02 +2.194544014e+02 +1.5995e+00 +1.7751e+00 +1.6217e+00 +1.5110e+00 +1.8774e+00 -3.2325e+00 +1.7606e+00 +1.6967e+00 +1.6048e+00 +1.7742e+00
128 0 +1.635455165e+02 +2.152955165e+02 +2.152955165e+02 +1.5767e+00 +1.8169e+00 +1.5919e+00 +1.5057e+00 +1.8587e+00 -3.2076e+00 +1.7678e+00 +1.6988e+00 +1.6396e+00 +1.7584e+00
161 0 +1.464668102e+02 +1.982168102e+02 +1.982168102e+02 +1.1852e+00 +2.4386e+00 +1.6313e+00 +1.3989e+00 +1.8711e+00 -3.2184e+00 +1.7726e+00 +1.7087e+00 +1.6297e+00 +1.7755e+00
173 0 +1.412373832e+02 +1.929873832e+02 +1.929873832e+02 +1.2871e+00 +2.2334e+00 +1.6210e+00 +1.4430e+00 +1.8671e+00 -3.2143e+00 +1.7711e+00 +1.7059e+00 +1.6328e+00 +1.7702e+00
185 0 +1.283908921e+02 +1.801408921e+02 +1.801408921e+02 +1.0858e+00 +2.2926e+00 +1.6148e+00 +1.4882e+00 +1.8638e+00 -3.2101e+00 +1.7715e+00 +1.7046e+00 +1.6348e+00 +1.7654e+00
592 0 +1.223364468e+02 +1.740864468e+02 +1.740864468e+02 +3.3333e+00 +2.0833e+00 +8.3333e-01 +8.3333e-01 -1.6667e+00 -1.6667e+00 +8.3333e-01 -1.6667e+00 +3.3333e+00 -1.6667e+00
604 0 +1.131722254e+02 +1.649222254e+02 +1.649222254e+02 +3.3333e+00 +2.0833e+00 +2.0833e+00 +8.3333e-01 -1.6667e+00 -1.6667e+00 +8.3333e-01 -1.6667e+00 +3.3333e+00 -1.6667e+00
630 0 +1.054837590e+02 +1.572337590e+02 +1.572337590e+02 +3.2235e+00 +2.2140e+00 +2.3334e+00 +8.1129e-01 -1.5946e+00 -1.4684e+00 +7.4892e-01 -1.1027e+00 +3.4441e+00 -1.2539e+00
643 0 +9.254063515e+01 +1.442906351e+02 +1.442906351e+02 +3.1647e+00 +2.3088e+00 +2.4082e+00 +8.0849e-01 -1.5732e+00 -1.3918e+00 +8.4012e-01 -8.6329e-01 +3.3061e+00 -9.3088e-01
654 0 +7.631035763e+01 +1.280603576e+02 +1.280603576e+02 +3.0975e+00 +2.3278e+00 +2.3027e+00 +8.4988e-01 -1.6545e+00 -1.4679e+00 +8.5161e-01 -2.1676e-01 +3.2291e+00 -3.7683e-01
665 0 +6.180123762e+01 +1.135512376e+02 +1.135512376e+02 +3.1470e+00 +2.2413e+00 +2.1988e+00 +8.3927e-01 -1.6435e+00 -1.5286e+00 +8.0338e-01 -6.5830e-01 +3.3549e+00 -6.5415e-01
682 0 +5.587828450e+01 +1.076282845e+02 +1.076282845e+02 +3.1518e+00 +2.2808e+00 +2.1896e+00 +8.2911e-01 -1.6278e+00 -1.5960e+00 +8.7825e-01 -6.8314e-01 +3.3854e+00 -9.0905e-01
709 0 +5.089745019e+01 +1.026474502e+02 +1.026474502e+02 +3.1575e+00 +2.2958e+00 +2.1839e+00 +8.2323e-01 -1.6196e+00 -1.6699e+00 +8.5855e-01 -7.1715e-01 +3.3836e+00 -9.5252e-01
722 0 +4.607638205e+01 +9.782638205e+01 +9.782638205e+01 +3.1647e+00 +2.2991e+00 +2.1812e+00 +8.1857e-01 -1.6138e+00 -1.6567e+00 +8.2499e-01 -7.4633e-01 +3.3729e+00 -9.3041e-01
735 0 +4.541471127e+01 +9.716471127e+01 +9.716471127e+01 +3.1638e+00 +2.2928e+00 +2.1848e+00 +8.1928e-01 -1.6139e+00 -1.6531e+00 +8.1498e-01 -7.1993e-01 +3.3564e+00 -9.2984e-01
6205 0 +4.391438329e+01 +9.566438329e+01 +9.566438329e+01 -1.6667e+00 -4.1667e-01 +2.0833e+00 +8.3333e-01 -1.0417e+00 -1.6667e+00 +8.3333e-01 -1.0417e+00 +3.3333e+00 +8.3333e-01
6241 0 +4.026876261e+01 +9.201876261e+01 +9.201876261e+01 -1.6667e+00 -4.1667e-01 +2.0833e+00 +8.3333e-01 -1.0417e+00 -1.6667e+00 +8.3333e-01 -1.0417e+00 +3.3333e+00 +2.0833e-01
6275 0 +2.437777677e+01 +7.612777677e+01 +7.612777677e+01 -1.6854e+00 -4.3883e-01 +2.1458e+00 +8.2782e-01 -1.0864e+00 -1.6171e+00 +8.1223e-01 -1.1441e+00 +3.3610e+00 +2.8543e-01
6288 0 +2.185817730e+01 +7.360817730e+01 +7.360817730e+01 -1.7043e+00 -4.5482e-01 +2.1855e+00 +8.2523e-01 -1.0872e+00 -1.6530e+00 +8.2576e-01 -1.1448e+00 +3.3792e+00 +2.9579e-01
6302 0 +2.071906829e+01 +7.246906829e+01 +7.246906829e+01 -1.7226e+00 -4.6767e-01 +2.2158e+00 +8.2293e-01 -1.0868e+00 -1.6623e+00 +8.2935e-01 -1.1433e+00 +3.3879e+00 +2.7208e-01
6314 0 +2.009192571e+01 +7.184192571e+01 +7.184192571e+01 -1.7693e+00 -4.8342e-01 +2.2483e+00 +8.1866e-01 -1.0660e+00 -1.6414e+00 +8.2476e-01 -1.0948e+00 +3.3592e+00 +2.7134e-01
6325 0 +1.759118768e+01 +6.934118768e+01 +6.934118768e+01 -1.8063e+00 -4.5416e-01 +2.1840e+00 +8.2396e-01 -1.0740e+00 -1.6562e+00 +8.1574e-01 -1.1166e+00 +3.3575e+00 +2.6338e-01
6338 0 +1.730149290e+01 +6.905149290e+01 +6.905149290e+01 -1.8159e+00 -4.5039e-01 +2.1714e+00 +8.2461e-01 -1.0767e+00 -1.6466e+00 +8.3120e-01 -1.1172e+00 +3.3711e+00 +2.6171e-01
6362 0 +1.696372021e+01 +6.871372021e+01 +6.871372021e+01 -1.8275e+00 -4.6537e-01 +2.1939e+00 +8.2174e-01 -1.0760e+00 -1.6457e+00 +8.2057e-01 -1.1155e+00 +3.3708e+00 +2.5888e-01
254931 0 +1.647590017e+01 +6.822590017e+01 +6.822590017e+01 +1.3021e-01 -4.1667e-01 +3.8802e+00 +8.3333e-01 +1.1458e+00 -1.6667e+00 +8.3333e-01 -7.2917e-01 +3.3333e+00 +2.8646e-01
254963 0 +1.566259437e+01 +6.741259437e+01 +6.741259437e+01 +1.3021e-01 -4.5573e-01 +3.8802e+00 +8.3333e-01 +1.1458e+00 -1.6667e+00 +8.3333e-01 -7.2917e-01 +3.3333e+00 +2.8646e-01
254997 0 +1.465465779e+01 +6.640465779e+01 +6.640465779e+01 +1.2961e-01 -4.5868e-01 +3.8754e+00 +8.2782e-01 +1.1663e+00 -1.6171e+00 +8.1223e-01 -7.2116e-01 +3.3610e+00 +2.7349e-01
255010 0 +1.358381694e+01 +6.533381694e+01 +6.533381694e+01 +1.2897e-01 -4.6112e-01 +3.8713e+00 +8.2395e-01 +1.1614e+00 -1.6231e+00 +8.1357e-01 -7.1679e-01 +3.3841e+00 +2.5102e-01
255021 0 +1.317232739e+01 +6.492232739e+01 +6.492232739e+01 +1.2297e-01 -4.6739e-01 +3.8600e+00 +8.0923e-01 +1.1543e+00 -1.6663e+00 +8.2910e-01 -7.0761e-01 +3.3680e+00 +2.6059e-01
255033 0 +1.279263443e+01 +6.454263443e+01 +6.454263443e+01 +1.2282e-01 -4.6314e-01 +3.8650e+00 +8.1871e-01 +1.1378e+00 -1.6515e+00 +8.3118e-01 -7.2677e-01 +3.3610e+00 +2.5595e-01
255057 0 +1.230088499e+01 +6.405088499e+01 +6.405088499e+01 +1.2515e-01 -4.5576e-01 +3.8782e+00 +8.3495e-01 +1.1582e+00 -1.6398e+00 +8.1690e-01 -7.1832e-01 +3.3766e+00 +2.5912e-01
255082 0 +1.196733242e+01 +6.371733242e+01 +6.371733242e+01 +1.2462e-01 -4.6247e-01 +3.8693e+00 +8.1900e-01 +1.1533e+00 -1.6468e+00 +8.2034e-01 -7.1975e-01 +3.3710e+00 +2.5569e-01
% f evaluations | g evaluations | best noise-free fitness - Fopt (-5.541400000000e+02) + sum g_i+ | measured fitness | best measured fitness or single-digit g-values | x1 | x2...
1 0 +1.204889304e+03 +6.507493041e+02 +6.507493041e+02 +1.6667e+00 +1.6667e+00 +1.6667e+00 +1.6667e+00 +1.6667e+00 +1.6667e+00 +1.6667e+00 +1.6667e+00 +1.6667e+00 +1.6667e+00
2 0 +2.686022156e+02 -2.855377844e+02 -2.855377844e+02 -1.6667e+00 -1.6667e+00 -1.6667e+00 -1.6667e+00 -1.6667e+00 -1.6667e+00 -1.6667e+00 -1.6667e+00 -1.6667e+00 -1.6667e+00
4 0 +2.573399224e+02 -2.968000776e+02 -2.968000776e+02 +3.3333e+00 -1.6667e+00 -1.6667e+00 -1.6667e+00 -1.6667e+00 -1.6667e+00 -1.6667e+00 -1.6667e+00 -1.6667e+00 -1.6667e+00
6 0 +2.105254002e+02 -3.436145998e+02 -3.436145998e+02 +3.3333e+00 +3.3333e+00 -1.6667e+00 -1.6667e+00 -1.6667e+00 -1.6667e+00 -1.6667e+00 -1.6667e+00 -1.6667e+00 -1.6667e+00
10 0 +1.990552049e+02 -3.550847951e+02 -3.550847951e+02 +3.3333e+00 +3.3333e+00 +3.3333e+00 -1.6667e+00 -1.6667e+00 -1.6667e+00 -1.6667e+00 -1.6667e+00 -1.6667e+00 -1.6667e+00
14 0 +1.705128147e+02 -3.836271853e+02 -3.836271853e+02 +3.3333e+00 +3.3333e+00 +3.3333e+00 +3.3333e+00 -1.6667e+00 -1.6667e+00 -1.6667e+00 -1.6667e+00 -1.6667e+00 -1.6667e+00
32 0 +1.670054740e+02 -3.871345260e+02 -3.871345260e+02 +3.3168e+00 +3.2266e+00 +3.5393e+00 +3.7405e+00 -1.4818e+00 -1.3433e+00 -1.4450e+00 -1.8198e+00 -1.7370e+00 -1.5128e+00
45 0 +1.598405597e+02 -3.942994403e+02 -3.942994403e+02 +3.3087e+00 +3.1976e+00 +3.6024e+00 +3.8370e+00 -1.4001e+00 -1.2717e+00 -1.2999e+00 -1.8649e+00 -1.7241e+00 -1.6205e+00
57 0 +1.532814241e+02 -4.008585759e+02 -4.008585759e+02 +3.3003e+00 +3.2041e+00 +3.6345e+00 +3.8128e+00 -1.3570e+00 -1.2195e+00 -1.3617e+00 -1.7594e+00 -1.6721e+00 -1.7124e+00
80 0 +1.254066535e+02 -4.287333465e+02 -4.287333465e+02 +3.2608e+00 +3.2876e+00 +3.6841e+00 +3.4014e+00 -1.3552e+00 -9.5694e-01 -1.4650e+00 -1.8703e+00 -1.7100e+00 -1.6057e+00
92 0 +1.204083383e+02 -4.337316617e+02 -4.337316617e+02 +3.2517e+00 +3.2894e+00 +3.7078e+00 +3.4470e+00 -1.3805e+00 -9.2162e-01 -1.3552e+00 -1.7973e+00 -1.6542e+00 -1.5471e+00
103 0 +1.164114626e+02 -4.377285374e+02 -4.377285374e+02 +3.2437e+00 +3.2602e+00 +3.7486e+00 +3.6243e+00 -1.4192e+00 -9.4924e-01 -1.3882e+00 -1.8133e+00 -1.7124e+00 -1.6870e+00
114 0 +1.112820547e+02 -4.428579453e+02 -4.428579453e+02 +3.2292e+00 +3.2576e+00 +3.7524e+00 +3.5499e+00 -1.3769e+00 -9.8820e-01 -1.3963e+00 -1.8229e+00 -1.6987e+00 -1.6273e+00
126 0 +1.086446059e+02 -4.454953941e+02 -4.454953941e+02 +3.2085e+00 +3.2534e+00 +3.7713e+00 +3.4666e+00 -1.3687e+00 -9.3867e-01 -1.3901e+00 -1.8243e+00 -1.6701e+00 -1.6091e+00
149 0 +1.070241080e+02 -4.471158920e+02 -4.471158920e+02 +3.1444e+00 +3.2068e+00 +3.7670e+00 +3.4620e+00 -1.4067e+00 -9.7417e-01 -1.3849e+00 -1.8181e+00 -1.6802e+00 -1.6219e+00
160 0 +9.663319447e+01 -4.575068055e+02 -4.575068055e+02 +2.9691e+00 +3.1719e+00 +3.7632e+00 +3.4683e+00 -1.4112e+00 -9.9705e-01 -1.3854e+00 -1.8146e+00 -1.6965e+00 -1.6502e+00
176 0 +9.301870063e+01 -4.611212994e+02 -4.611212994e+02 +2.7913e+00 +3.1858e+00 +3.7635e+00 +3.4520e+00 -1.3958e+00 -9.6159e-01 -1.3852e+00 -1.8193e+00 -1.6912e+00 -1.6416e+00
200 0 +8.883090556e+01 -4.653090944e+02 -4.653090944e+02 +2.8902e+00 +3.2330e+00 +3.7650e+00 +3.4497e+00 -1.3862e+00 -9.5418e-01 -1.3907e+00 -1.8212e+00 -1.6758e+00 -1.6238e+00
699 0 +8.639181713e+01 -4.677481829e+02 -4.677481829e+02 +2.0833e+00 +4.5833e+00 +2.0833e+00 +3.3333e+00 -4.1667e-01 +2.0833e+00 -2.9167e+00 -4.1667e-01 -1.6667e+00 -1.6667e+00
708 0 +7.915092150e+01 -4.749890785e+02 -4.749890785e+02 +1.6667e+00 +4.1667e+00 +1.6667e+00 +2.9167e+00 -8.3333e-01 +1.6667e+00 -3.3333e+00 -8.3333e-01 -2.0833e+00 -8.3333e-01
716 0 +6.240475216e+01 -4.917352478e+02 -4.917352478e+02 +1.6667e+00 +4.1667e+00 +1.6667e+00 +2.9167e+00 -8.3333e-01 +1.6667e+00 -3.3333e+00 -8.3333e-01 -2.0833e+00 -2.0833e+00
739 0 +4.913017330e+01 -5.050098267e+02 -5.050098267e+02 +1.6991e+00 +4.1604e+00 +1.6434e+00 +2.9158e+00 -8.4397e-01 +1.6880e+00 -3.4589e+00 -8.8077e-01 -2.1019e+00 -1.9347e+00
750 0 +4.612306505e+01 -5.080169349e+02 -5.080169349e+02 +1.8676e+00 +4.1465e+00 +1.5112e+00 +2.9114e+00 -8.4881e-01 +1.6149e+00 -3.4439e+00 -1.3646e+00 -2.1007e+00 -1.7415e+00
764 0 +3.612546053e+01 -5.180145395e+02 -5.180145395e+02 +1.9332e+00 +4.1479e+00 +1.4375e+00 +2.9092e+00 -8.4294e-01 +1.6447e+00 -3.3768e+00 -1.5448e+00 -2.0931e+00 -1.6058e+00
776 0 +3.203214067e+01 -5.221078593e+02 -5.221078593e+02 +1.9439e+00 +4.1599e+00 +1.3715e+00 +2.9081e+00 -8.3834e-01 +1.7271e+00 -3.3737e+00 -1.5165e+00 -2.0990e+00 -1.6471e+00
788 0 +1.801306078e+01 -5.361269392e+02 -5.361269392e+02 +1.9262e+00 +4.1752e+00 +1.2670e+00 +2.9065e+00 -8.3444e-01 +1.7068e+00 -3.3592e+00 -1.3631e+00 -2.0945e+00 -1.6829e+00
799 0 +1.540791932e+01 -5.387320807e+02 -5.387320807e+02 +1.8744e+00 +4.1510e+00 +1.3033e+00 +2.9048e+00 -8.4144e-01 +1.6565e+00 -3.4021e+00 -1.3113e+00 -2.0986e+00 -1.6583e+00
811 0 +1.324540134e+01 -5.408945987e+02 -5.408945987e+02 +1.8744e+00 +4.1540e+00 +1.2969e+00 +2.9041e+00 -8.4793e-01 +1.6540e+00 -3.4005e+00 -1.3728e+00 -2.1022e+00 -1.6318e+00
823 0 +1.137953819e+01 -5.427604618e+02 -5.427604618e+02 +1.8757e+00 +4.1546e+00 +1.3214e+00 +2.9039e+00 -8.4323e-01 +1.6684e+00 -3.3772e+00 -1.3656e+00 -2.0945e+00 -1.6316e+00
846 0 +1.108768106e+01 -5.430523189e+02 -5.430523189e+02 +1.8764e+00 +4.1629e+00 +1.2957e+00 +2.9026e+00 -8.4361e-01 +1.6803e+00 -3.3824e+00 -1.3514e+00 -2.0962e+00 -1.6353e+00
858 0 +1.095393181e+01 -5.431860682e+02 -5.431860682e+02 +1.8759e+00 +4.1568e+00 +1.3063e+00 +2.9024e+00 -8.4114e-01 +1.6741e+00 -3.3806e+00 -1.3536e+00 -2.0970e+00 -1.6326e+00
% f evaluations | g evaluations | best noise-free fitness - Fopt (1.774000000000e+01) + sum g_i+ | measured fitness | best measured fitness or single-digit g-values | x1 | x2...
1 0 +1.446752065e+03 +1.464492065e+03 +1.464492065e+03 +1.6667e+00 +1.6667e+00 +1.6667e+00 +1.6667e+00 +1.6667e+00 +1.6667e+00 +1.6667e+00 +1.6667e+00 +1.6667e+00 +1.6667e+00
2 0 +2.589916219e+02 +2.767316219e+02 +2.767316219e+02 -1.6667e+00 -1.6667e+00 -1.6667e+00 -1.6667e+00 -1.6667e+00 -1.6667e+00 -1.6667e+00 -1.6667e+00 -1.6667e+00 -1.6667e+00
4 0 +2.475688248e+02 +2.653088248e+02 +2.653088248e+02 +3.3333e+00 -1.6667e+00 -1.6667e+00 -1.6667e+00 -1.6667e+00 -1.6667e+00 -1.6667e+00 -1.6667e+00 -1.6667e+00 -1.6667e+00
6 0 +2.103026361e+02 +2.280426361e+02 +2.280426361e+02 +3.3333e+00 +3.3333e+00 -1.6667e+00 -1.6667e+00 -1.6667e+00 -1.6667e+00 -1.6667e+00 -1.6667e+00 -1.6667e+00 -1.6667e+00
22 0 +1.794781382e+02 +1.972181382e+02 +1.972181382e+02 +3.1076e+00 +3.1785e+00 -1.5656e+00 -1.8585e+00 -1.4007e+00 -1.3130e+00 -1.5103e+00 -1.7286e+00 -2.2461e+00 -1.9359e+00
33 0 +1.443831664e+02 +1.621231664e+02 +1.621231664e+02 +3.1659e+00 +3.2195e+00 -1.3319e+00 -1.8252e+00 -1.4090e+00 -1.1297e+00 -1.6903e+00 -1.5599e+00 -2.2075e+00 -1.8258e+00
45 0 +1.306401056e+02 +1.483801056e+02 +1.483801056e+02 +3.2775e+00 +3.2947e+00 -1.2271e+00 -1.7942e+00 -1.4511e+00 -9.9267e-01 -1.6661e+00 -1.6234e+00 -2.1084e+00 -1.7514e+00
57 0 +1.246490606e+02 +1.423890606e+02 +1.423890606e+02 +3.3017e+00 +3.3262e+00 -1.2236e+00 -1.7815e+00 -1.4737e+00 -9.7990e-01 -1.6362e+00 -1.6903e+00 -2.1920e+00 -1.6975e+00
69 0 +1.184536224e+02 +1.361936224e+02 +1.361936224e+02 +3.2518e+00 +3.2896e+00 -1.3041e+00 -1.7925e+00 -1.4671e+00 -1.0498e+00 -1.5840e+00 -1.6966e+00 -2.1921e+00 -1.7185e+00
104 0 +1.174614758e+02 +1.352014758e+02 +1.352014758e+02 +3.2575e+00 +3.2873e+00 -1.2690e+00 -1.8055e+00 -1.4504e+00 -1.0397e+00 -1.5878e+00 -1.6776e+00 -2.1831e+00 -1.7342e+00
685 0 +1.139146703e+02 +1.316546703e+02 +1.316546703e+02 +3.3333e+00 +3.3333e+00 -1.6667e+00 +8.3333e-01 +8.3333e-01 -1.6667e+00 -1.6667e+00 +8.3333e-01 -1.6667e+00 -4.1667e+00
697 0 +9.225817490e+01 +1.099981749e+02 +1.099981749e+02 +3.1076e+00 +3.1785e+00 -1.5656e+00 +1.0965e+00 +1.0405e+00 -1.3130e+00 -1.5103e+00 +8.5703e-01 -2.2461e+00 -4.6694e+00
708 0 +8.128644689e+01 +9.902644689e+01 +9.902644689e+01 +3.1726e+00 +3.2243e+00 -1.3008e+00 +9.1558e-01 +1.0539e+00 -1.1041e+00 -1.7133e+00 +7.8493e-01 -2.2050e+00 -4.8845e+00
719 0 +6.441855127e+01 +8.215855127e+01 +8.215855127e+01 +3.2853e+00 +3.3008e+00 -1.1864e+00 +9.4865e-01 +9.8368e-01 -9.8104e-01 -1.6903e+00 +8.3874e-01 -2.1176e+00 -4.9994e+00
730 0 +5.591427232e+01 +7.365427232e+01 +7.365427232e+01 +3.2797e+00 +3.3233e+00 -1.3424e+00 +1.0049e+00 +1.0059e+00 -1.0481e+00 -1.6003e+00 +8.4351e-01 -2.1212e+00 -4.9777e+00
741 0 +4.981138692e+01 +6.755138692e+01 +6.755138692e+01 +3.2483e+00 +3.2733e+00 -1.3263e+00 +9.9664e-01 +1.0070e+00 -1.0370e+00 -1.5682e+00 +8.4716e-01 -2.1511e+00 -4.9999e+00
764 0 +4.792348161e+01 +6.566348161e+01 +6.566348161e+01 +3.2498e+00 +3.2954e+00 -1.2827e+00 +9.9770e-01 +1.0273e+00 -1.0403e+00 -1.5979e+00 +8.3300e-01 -2.1704e+00 -4.9989e+00
775 0 +4.776640329e+01 +6.550640329e+01 +6.550640329e+01 +3.2655e+00 +3.2965e+00 -1.2794e+00 +9.8260e-01 +1.0138e+00 -1.0502e+00 -1.5862e+00 +8.4972e-01 -2.1807e+00 -4.9990e+00
1406 0 +4.491271009e+01 +6.265271009e+01 +6.265271009e+01 +3.3333e+00 +3.3333e+00 -4.1667e-01 +3.6458e+00 +2.0833e+00 -1.0417e+00 -1.6667e+00 +8.3333e-01 -2.2917e+00 -3.5417e+00
1430 0 +2.735799972e+01 +4.509799972e+01 +4.509799972e+01 +3.2769e+00 +3.2946e+00 -4.5153e-01 +3.6361e+00 +2.1473e+00 -1.0412e+00 -1.6276e+00 +8.3926e-01 -2.1475e+00 -3.5679e+00
1443 0 +2.428771698e+01 +4.202771698e+01 +4.202771698e+01 +3.2439e+00 +3.2806e+00 -4.7579e-01 +3.6254e+00 +2.1139e+00 -1.0408e+00 -1.5971e+00 +8.4025e-01 -2.1395e+00 -3.5351e+00
1456 0 +2.334683268e+01 +4.108683268e+01 +4.108683268e+01 +3.2093e+00 +3.2661e+00 -5.0989e-01 +3.6063e+00 +2.0936e+00 -1.0403e+00 -1.5574e+00 +8.3921e-01 -2.1809e+00 -3.5496e+00
1468 0 +2.230839651e+01 +4.004839651e+01 +4.004839651e+01 +3.2346e+00 +3.2840e+00 -5.2183e-01 +3.5827e+00 +2.1193e+00 -1.0402e+00 -1.5731e+00 +8.3791e-01 -2.2005e+00 -3.5286e+00
1480 0 +2.144295044e+01 +3.918295044e+01 +3.918295044e+01 +3.3000e+00 +3.3254e+00 -5.2795e-01 +3.5315e+00 +2.1003e+00 -1.0402e+00 -1.6179e+00 +8.3707e-01 -2.1906e+00 -3.5478e+00
1491 0 +1.767726736e+01 +3.541726736e+01 +3.541726736e+01 +3.2630e+00 +3.2860e+00 -4.9944e-01 +3.4773e+00 +2.1098e+00 -1.0407e+00 -1.6126e+00 +8.4067e-01 -2.1872e+00 -3.5571e+00
1503 0 +1.725682209e+01 +3.499682209e+01 +3.499682209e+01 +3.2548e+00 +3.2973e+00 -4.8952e-01 +3.4345e+00 +2.1128e+00 -1.0407e+00 -1.5847e+00 +8.3580e-01 -2.1849e+00 -3.5542e+00
1536 0 +1.693471293e+01 +3.467471293e+01 +3.467471293e+01 +3.2562e+00 +3.2960e+00 -4.9671e-01 +3.4524e+00 +2.1097e+00 -1.0406e+00 -1.5908e+00 +8.3752e-01 -2.1846e+00 -3.5518e+00
291988 0 +1.451351764e+01 +3.225351764e+01 +3.225351764e+01 +3.2292e+00 +3.3073e+00 -2.9427e+00 +1.5104e+00 +1.5885e+00 -1.0677e+00 -1.6146e+00 +8.0729e-01 -2.9427e+00 -3.2552e+00
292016 0 +1.411467095e+01 +3.185467095e+01 +3.185467095e+01 +3.2682e+00 +3.3073e+00 -2.9427e+00 +1.5104e+00 +1.5885e+00 -1.0677e+00 -1.6146e+00 +8.0729e-01 -2.9427e+00 -3.2552e+00
292063 0 +1.347804423e+01 +3.121804423e+01 +3.121804423e+01 +3.2579e+00 +3.2952e+00 -2.9498e+00 +1.5090e+00 +1.5832e+00 -1.0569e+00 -1.5985e+00 +8.6567e-01 -2.9800e+00 -3.2165e+00
292076 0 +1.296871366e+01 +3.070871366e+01 +3.070871366e+01 +3.2524e+00 +3.2890e+00 -2.9550e+00 +1.5080e+00 +1.5817e+00 -1.0482e+00 -1.5873e+00 +8.8098e-01 -2.9732e+00 -3.2376e+00
292088 0 +1.278402901e+01 +3.052402901e+01 +3.052402901e+01 +3.2398e+00 +3.2746e+00 -2.9694e+00 +1.5050e+00 +1.5798e+00 -1.0220e+00 -1.5581e+00 +8.4412e-01 -2.9540e+00 -3.2547e+00
292099 0 +1.198446173e+01 +2.972446173e+01 +2.972446173e+01 +3.2709e+00 +3.3066e+00 -2.9538e+00 +1.5075e+00 +1.5965e+00 -1.0322e+00 -1.6129e+00 +8.4176e-01 -2.9499e+00 -3.2460e+00
292111 0 +1.162138686e+01 +2.936138686e+01 +2.936138686e+01 +3.2641e+00 +3.3019e+00 -2.9497e+00 +1.5085e+00 +1.5835e+00 -1.0420e+00 -1.6100e+00 +8.3793e-01 -2.9711e+00 -3.2501e+00
292135 0 +1.128386718e+01 +2.902386718e+01 +2.902386718e+01 +3.2480e+00 +3.2854e+00 -2.9555e+00 +1.5081e+00 +1.5905e+00 -1.0484e+00 -1.5767e+00 +8.4351e-01 -2.9644e+00 -3.2345e+00
292146 0 +1.113177968e+01 +2.887177968e+01 +2.887177968e+01 +3.2671e+00 +3.3009e+00 -2.9631e+00 +1.5060e+00 +1.5840e+00 -1.0303e+00 -1.5912e+00 +8.4054e-01 -2.9595e+00 -3.2401e+00
292179 0 +1.094781361e+01 +2.868781361e+01 +2.868781361e+01 +3.2559e+00 +3.2945e+00 -2.9580e+00 +1.5073e+00 +1.5843e+00 -1.0402e+00 -1.5893e+00 +8.3870e-01 -2.9618e+00 -3.2397e+00
