% function evaluation | noise-free fitness - Fopt (1.491500000000e+02) | best noise-free fitness - Fopt | measured fitness | best measured fitness | x1 | x2...
1 +8.352191141e+03 +8.352191141e+03 +8.501341141e+03 +8.501341141e+03 -3.9021e+00 -2.3722e+00 +6.6103e-01
2 +2.695366350e+03 +2.695366350e+03 +2.844516350e+03 +2.844516350e+03 -2.9598e+00 -1.7315e+00 +2.4577e+00
20 +1.537750479e+03 +1.537750479e+03 +1.686900479e+03 +1.686900479e+03 -2.2614e+00 -3.1516e+00 +4.3770e+00
22 +6.765651296e+01 +6.765651296e+01 +2.168065130e+02 +2.168065130e+02 -1.3440e+00 -1.8024e+00 -1.4063e+00
345 +6.627633530e+01 +6.627633530e+01 +2.154263353e+02 +2.154263353e+02 -2.1010e-01 +6.3375e-02 +1.4532e+00
706 +8.104672839e+00 +8.104672839e+00 +1.572546728e+02 +1.572546728e+02 -1.1794e-01 -6.7288e-01 -7.1165e-01
874 +7.861099820e+00 +7.861099820e+00 +1.570110998e+02 +1.570110998e+02 -1.7604e-01 -3.1870e-01 +1.0365e-01
1521 +5.658503086e+00 +5.658503086e+00 +1.548085031e+02 +1.548085031e+02 +2.1333e-01 +2.3938e-02 +1.0557e+00
1548 +8.168789200e-01 +8.168789200e-01 +1.499668789e+02 +1.499668789e+02 +9.2285e-02 -1.1961e-01 +6.3968e-01
63907 +8.114991726e-01 +8.114991726e-01 +1.499614992e+02 +1.499614992e+02 -5.1058e-01 -1.0587e+00 -9.1606e-01
256393 +4.147882036e-02 +4.147882036e-02 +1.491914788e+02 +1.491914788e+02 -9.1884e-02 -4.2459e-01 -7.9158e-02
1553160 +1.362238556e-02 +1.362238556e-02 +1.491636224e+02 +1.491636224e+02 -4.5139e-03 -2.6602e-01 +2.3993e-01
3314072 +1.153376680e-02 +1.153376680e-02 +1.491615338e+02 +1.491615338e+02 -2.2310e-02 -3.0283e-01 +1.5220e-01
12373463 +4.500054758e-03 +4.500054758e-03 +1.491545001e+02 +1.491545001e+02 -6.1298e-02 -3.7630e-01 +8.0801e-03
% function evaluation | noise-free fitness - Fopt (-1.000000000000e+03) | best noise-free fitness - Fopt | measured fitness | best measured fitness | x1 | x2...
1 +3.101264821e+04 +3.101264821e+04 +3.001264821e+04 +3.001264821e+04 -3.9931e+00 +4.7376e+00 +4.3153e+00
3 +2.417781629e+04 +2.417781629e+04 +2.317781629e+04 +2.317781629e+04 +9.8781e-02 +7.0673e-01 +4.7077e+00
4 +3.557297620e+02 +3.557297620e+02 -6.442702380e+02 -6.442702380e+02 -4.0393e+00 -6.1692e-01 +2.8335e+00
56 +3.181922741e+02 +3.181922741e+02 -6.818077259e+02 -6.818077259e+02 -3.1015e+00 +1.3562e+00 +2.4384e-01
81 +4.504810227e+01 +4.504810227e+01 -9.549518977e+02 -9.549518977e+02 -4.6988e+00 +3.1049e-01 +2.9499e-01
575 +4.275173339e+01 +4.275173339e+01 -9.572482666e+02 -9.572482666e+02 -2.4102e+00 +1.6025e+00 +2.4494e+00
931 +7.435526417e+00 +7.435526417e+00 -9.925644736e+02 -9.925644736e+02 -3.8169e+00 -3.9805e-02 +5.1681e-01
1150 +5.514810557e+00 +5.514810557e+00 -9.944851894e+02 -9.944851894e+02 -3.3573e+00 +3.0399e-01 +7.1925e-01
1488 +1.625347106e+00 +1.625347106e+00 -9.983746529e+02 -9.983746529e+02 -3.1707e+00 +6.9571e-01 +6.9714e-01
43246 +1.265511752e+00 +1.265511752e+00 -9.987344882e+02 -9.987344882e+02 -2.9628e+00 +9.4550e-01 +1.0068e+00
80350 +1.144622683e+00 +1.144622683e+00 -9.988553773e+02 -9.988553773e+02 -2.9385e+00 +1.0999e+00 +1.4227e+00
258502 +3.363925406e-01 +3.363925406e-01 -9.996636075e+02 -9.996636075e+02 -2.9910e+00 +9.1196e-01 +1.0152e+00
901472 +8.232091013e-02 +8.232091013e-02 -9.999176791e+02 -9.999176791e+02 -2.8928e+00 +1.0639e+00 +1.3164e+00
6316603 +2.187875656e-02 +2.187875656e-02 -9.999781212e+02 -9.999781212e+02 -2.8669e+00 +1.1465e+00 +1.4521e+00
9720053 +1.021097613e-02 +1.021097613e-02 -9.999897890e+02 -9.999897890e+02 -2.8865e+00 +1.1024e+00 +1.3867e+00
% function evaluation | noise-free fitness - Fopt (9.862000000000e+01) | best noise-free fitness - Fopt | measured fitness | best measured fitness | x1 | x2...
1 +8.808211754e+03 +8.808211754e+03 +8.906831754e+03 +8.906831754e+03 -3.3302e+00 +6.7844e-01 +6.5364e-02
2 +3.827237042e+03 +3.827237042e+03 +3.925857042e+03 +3.925857042e+03 -4.3446e+00 -1.8744e+00 +1.4085e+00
12 +1.693869036e+03 +1.693869036e+03 +1.792489036e+03 +1.792489036e+03 -1.2818e+00 -1.7344e+00 -2.4973e+00
22 +1.439466676e+03 +1.439466676e+03 +1.538086676e+03 +1.538086676e+03 -1.6906e+00 -2.7470e+00 -1.9363e+00
34 +3.468685053e+02 +3.468685053e+02 +4.454885053e+02 +4.454885053e+02 -9.0104e-01 -3.1767e+00 +2.3687e+00
35 +1.397097891e+02 +1.397097891e+02 +2.383297891e+02 +2.383297891e+02 -2.3852e+00 -1.7795e+00 +2.7493e+00
138 +3.619346364e+01 +3.619346364e+01 +1.348134636e+02 +1.348134636e+02 -1.3131e+00 -1.7615e+00 +2.1723e+00
763 +3.158522491e+01 +3.158522491e+01 +1.302052249e+02 +1.302052249e+02 -1.2798e+00 -1.6967e+00 +2.1770e+00
878 +2.947149679e+01 +2.947149679e+01 +1.280914968e+02 +1.280914968e+02 -3.1542e+00 -8.1225e-01 +3.1652e+00
1438 +1.490537491e+01 +1.490537491e+01 +1.135253749e+02 +1.135253749e+02 -2.9592e+00 -1.0171e+00 +2.9722e+00
1729 +4.626795562e+00 +4.626795562e+00 +1.032467956e+02 +1.032467956e+02 -1.4300e+00 -2.1388e+00 +1.3213e+00
3073 +3.618976390e+00 +3.618976390e+00 +1.022389764e+02 +1.022389764e+02 -2.4446e+00 -1.8036e+00 +1.5342e+00
6175 +2.268755546e+00 +2.268755546e+00 +1.008887555e+02 +1.008887555e+02 -6.2371e-01 -6.1682e-01 +3.7522e+00
28316 +4.251603772e-01 +4.251603772e-01 +9.904516038e+01 +9.904516038e+01 -1.0481e+00 -1.5469e+00 +1.8415e+00
78572 +4.159758772e-01 +4.159758772e-01 +9.903597588e+01 +9.903597588e+01 -9.2243e-01 -1.3071e+00 +2.1514e+00
125796 +2.898112047e-01 +2.898112047e-01 +9.890981120e+01 +9.890981120e+01 -1.0213e+00 -1.5425e+00 +1.8390e+00
611494 +2.270216324e-01 +2.270216324e-01 +9.884702163e+01 +9.884702163e+01 -7.8526e-01 -1.0702e+00 +2.6341e+00
772031 +1.698784720e-01 +1.698784720e-01 +9.878987847e+01 +9.878987847e+01 -1.0006e+00 -1.4936e+00 +1.8809e+00
1405660 +8.115550146e-02 +8.115550146e-02 +9.870115550e+01 +9.870115550e+01 -8.5275e-01 -1.2576e+00 +2.2565e+00
4986595 +6.884731996e-02 +6.884731996e-02 +9.868884732e+01 +9.868884732e+01 -7.7534e-01 -1.0902e+00 +2.5881e+00
9314592 +4.661324631e-02 +4.661324631e-02 +9.866661325e+01 +9.866661325e+01 -7.5909e-01 -1.0390e+00 +2.6631e+00
14682890 +7.713303188e-03 +7.713303188e-03 +9.862771330e+01 +9.862771330e+01 -7.7783e-01 -1.0905e+00 +2.5566e+00
% function evaluation | noise-free fitness - Fopt (-4.715000000000e+01) | best noise-free fitness - Fopt | measured fitness | best measured fitness | x1 | x2...
1 +1.191791782e+05 +1.191791782e+05 +1.191320282e+05 +1.191320282e+05 -1.0697e+00 +4.3416e+00 +1.5651e+00
2 +1.386426478e+04 +1.386426478e+04 +1.381711478e+04 +1.381711478e+04 +2.0483e+00 -2.0031e+00 -4.0370e+00
3 +3.566682744e+03 +3.566682744e+03 +3.519532744e+03 +3.519532744e+03 +6.4216e-01 -3.7143e+00 +2.8426e+00
4 +3.088566493e+03 +3.088566493e+03 +3.041416493e+03 +3.041416493e+03 +1.2902e+00 +1.5972e-01 -9.4324e-01
5 +1.071617396e+03 +1.071617396e+03 +1.024467396e+03 +1.024467396e+03 -1.9854e+00 -7.7796e-01 +2.0747e+00
16 +7.904883215e+02 +7.904883215e+02 +7.433383215e+02 +7.433383215e+02 -3.2054e+00 +4.8079e-01 +5.1273e-01
18 +4.089846674e+02 +4.089846674e+02 +3.618346674e+02 +3.618346674e+02 -1.2783e+00 -3.7081e+00 +2.0409e+00
53 +3.064552835e+02 +3.064552835e+02 +2.593052835e+02 +2.593052835e+02 -6.4846e-01 -2.6922e+00 -3.0277e-01
147 +2.350747526e+02 +2.350747526e+02 +1.879247526e+02 +1.879247526e+02 -1.6022e+00 -3.1941e+00 +1.0838e-01
211 +2.511004678e+01 +2.511004678e+01 -2.203995322e+01 -2.203995322e+01 -2.4894e-01 -9.8050e-01 -1.1550e+00
369 +2.376071001e+01 +2.376071001e+01 -2.338928999e+01 -2.338928999e+01 -1.1258e+00 -2.2088e+00 -2.1164e+00
652 +1.532168198e+01 +1.532168198e+01 -3.182831802e+01 -3.182831802e+01 -2.3649e+00 -6.1758e-01 -1.1003e+00
1389 +5.203138813e+00 +5.203138813e+00 -4.194686119e+01 -4.194686119e+01 -2.4301e+00 -5.1569e-01 -5.7078e-01
4082 +3.071544566e+00 +3.071544566e+00 -4.407845543e+01 -4.407845543e+01 -5.7792e-02 -3.4135e-01 -1.0024e-02
21763 +1.582550534e+00 +1.582550534e+00 -4.556744947e+01 -4.556744947e+01 -1.1403e+00 -1.7592e+00 -2.1926e+00
69150 +9.772721126e-01 +9.772721126e-01 -4.617272789e+01 -4.617272789e+01 -3.4437e-01 -9.0887e-01 -1.3346e+00
179006 +3.409103872e-01 +3.409103872e-01 -4.680908961e+01 -4.680908961e+01 -2.0171e-01 -5.2017e-01 -5.9540e-01
754444 +2.432795068e-01 +2.432795068e-01 -4.690672049e+01 -4.690672049e+01 -1.4664e-01 -3.8236e-01 -1.8178e-01
1069849 +1.361658317e-01 +1.361658317e-01 -4.701383417e+01 -4.701383417e+01 -4.3556e-01 -9.9650e-01 -1.5689e+00
1205320 +3.580621151e-02 +3.580621151e-02 -4.711419379e+01 -4.711419379e+01 -2.5951e-01 -6.6448e-01 -8.9764e-01
11812349 +3.042057253e-02 +3.042057253e-02 -4.711957943e+01 -4.711957943e+01 -2.9291e-01 -7.1129e-01 -9.9277e-01
15414248 +2.422260310e-02 +2.422260310e-02 -4.712577740e+01 -4.712577740e+01 -2.6506e-01 -6.7060e-01 -9.0691e-01
% function evaluation | noise-free fitness - Fopt (3.752000000000e+01) | best noise-free fitness - Fopt | measured fitness | best measured fitness | x1 | x2...
1 +1.348926713e+05 +1.348926713e+05 +1.349301913e+05 +1.349301913e+05 -4.3114e+00 +1.2930e+00 -1.9451e+00
2 +2.265348299e+04 +2.265348299e+04 +2.269100299e+04 +2.269100299e+04 +1.6608e+00 +7.4011e-01 +1.0643e+00
4 +1.205783313e+04 +1.205783313e+04 +1.209535313e+04 +1.209535313e+04 -1.7639e+00 -1.1861e+00 -1.4709e+00
5 +8.851525645e+03 +8.851525645e+03 +8.889045645e+03 +8.889045645e+03 +1.4325e+00 -5.8758e-01 -1.5321e+00
6 +3.869387674e+03 +3.869387674e+03 +3.906907674e+03 +3.906907674e+03 +1.3284e-01 -2.8203e-01 +2.9618e+00
10 +1.035346608e+02 +1.035346608e+02 +1.410546608e+02 +1.410546608e+02 +1.0960e+00 -3.2226e+00 +1.0482e+00
128 +3.559019234e+01 +3.559019234e+01 +7.311019234e+01 +7.311019234e+01 +8.7655e-01 -2.7154e+00 +2.5173e+00
472 +2.302632726e+01 +2.302632726e+01 +6.054632726e+01 +6.054632726e+01 +3.8160e-01 -2.1561e+00 +2.6712e+00
1116 +5.884590233e+00 +5.884590233e+00 +4.340459023e+01 +4.340459023e+01 +2.1392e+00 -2.5707e+00 +1.8244e+00
2036 +4.399519586e+00 +4.399519586e+00 +4.191951959e+01 +4.191951959e+01 +1.1067e+00 -2.7381e+00 +2.0591e+00
2762 +3.411001817e+00 +3.411001817e+00 +4.093100182e+01 +4.093100182e+01 +2.3689e+00 -2.3689e+00 +2.3096e+00
4023 +3.125492936e+00 +3.125492936e+00 +4.064549294e+01 +4.064549294e+01 +1.4566e+00 -3.0611e+00 +1.9055e+00
11535 +2.562899392e+00 +2.562899392e+00 +4.008289939e+01 +4.008289939e+01 +2.1443e+00 -2.3905e+00 +2.2289e+00
15228 +2.367403002e+00 +2.367403002e+00 +3.988740300e+01 +3.988740300e+01 +1.9843e+00 -2.6659e+00 +2.1019e+00
36977 +2.100650741e+00 +2.100650741e+00 +3.962065074e+01 +3.962065074e+01 +2.6337e+00 -1.7091e+00 +3.6181e+00
58305 +1.562859684e+00 +1.562859684e+00 +3.908285968e+01 +3.908285968e+01 +2.1630e+00 -2.4676e+00 +2.0499e+00
58967 +3.943010691e-01 +3.943010691e-01 +3.791430107e+01 +3.791430107e+01 +2.3508e+00 -2.2775e+00 +2.3944e+00
202811 +2.882696771e-01 +2.882696771e-01 +3.780826968e+01 +3.780826968e+01 +2.3251e+00 -2.2355e+00 +2.4111e+00
385678 +2.047534267e-01 +2.047534267e-01 +3.772475343e+01 +3.772475343e+01 +2.4109e+00 -2.1035e+00 +2.6849e+00
684506 +1.473528685e-01 +1.473528685e-01 +3.766735287e+01 +3.766735287e+01 +2.4688e+00 -2.0431e+00 +2.7346e+00
1787707 +8.986810428e-02 +8.986810428e-02 +3.760986810e+01 +3.760986810e+01 +2.5213e+00 -1.9209e+00 +2.9706e+00
2705829 +8.625703179e-02 +8.625703179e-02 +3.760625703e+01 +3.760625703e+01 +2.5969e+00 -1.7308e+00 +3.4328e+00
8060501 +7.115042552e-02 +7.115042552e-02 +3.759115043e+01 +3.759115043e+01 +2.5949e+00 -1.7586e+00 +3.3695e+00
11197418 +5.241900951e-02 +5.241900951e-02 +3.757241901e+01 +3.757241901e+01 +2.5769e+00 -1.7978e+00 +3.2615e+00
27356580 +4.356329729e-02 +4.356329729e-02 +3.756356330e+01 +3.756356330e+01 +2.5188e+00 -1.9062e+00 +3.0077e+00
29860670 +3.665713377e-02 +3.665713377e-02 +3.755665713e+01 +3.755665713e+01 +2.4983e+00 -1.9498e+00 +2.9171e+00
% function evaluation | noise-free fitness - Fopt (8.834000000000e+01) | best noise-free fitness - Fopt | measured fitness | best measured fitness | x1 | x2...
1 +9.326986983e+01 +9.326986983e+01 +1.816098698e+02 +1.816098698e+02 -1.1483e-01 +1.0825e+00 -3.2618e+00
83 +5.634226421e+01 +5.634226421e+01 +1.446822642e+02 +1.446822642e+02 +1.6047e+00 +2.8685e+00 -1.8005e+00
423 +5.082374166e+01 +5.082374166e+01 +1.391637417e+02 +1.391637417e+02 +1.6044e+00 +3.7584e+00 +1.6659e+00
587 +3.301325176e+00 +3.301325176e+00 +9.164132518e+01 +9.164132518e+01 -5.0611e-01 +2.2865e+00 -2.8535e+00
3648 +1.480574227e+00 +1.480574227e+00 +8.982057423e+01 +8.982057423e+01 +7.9576e-01 +2.0394e+00 -3.1303e+00
38097 +1.446941175e+00 +1.446941175e+00 +8.978694117e+01 +8.978694117e+01 +1.5549e+00 +3.5633e+00 +2.2502e-01
72174 +1.208024651e+00 +1.208024651e+00 +8.954802465e+01 +8.954802465e+01 +1.2992e+00 +2.9781e+00 -1.5785e+00
85357 +1.028454909e+00 +1.028454909e+00 +8.936845491e+01 +8.936845491e+01 +1.0012e+00 +2.4169e+00 -2.6582e+00
97105 +1.012109939e+00 +1.012109939e+00 +8.935210994e+01 +8.935210994e+01 +1.4375e+00 +3.2470e+00 -8.9390e-01
253097 +7.588136848e-01 +7.588136848e-01 +8.909881368e+01 +8.909881368e+01 +1.5202e+00 +3.3667e+00 -4.1389e-01
305177 +5.811840467e-01 +5.811840467e-01 +8.892118405e+01 +8.892118405e+01 +8.3885e-01 +2.0921e+00 -2.9937e+00
615915 +8.816510867e-02 +8.816510867e-02 +8.842816511e+01 +8.842816511e+01 +1.2972e+00 +2.8414e+00 -1.8946e+00
838283 +2.510683187e-02 +2.510683187e-02 +8.836510683e+01 +8.836510683e+01 +1.2482e+00 +2.7521e+00 -2.0833e+00
11217272 +1.058900421e-02 +1.058900421e-02 +8.835058900e+01 +8.835058900e+01 +1.1931e+00 +2.6610e+00 -2.2664e+00
25381207 +7.503040873e-03 +7.503040873e-03 +8.834750304e+01 +8.834750304e+01 +1.2400e+00 +2.7564e+00 -2.0833e+00
% function evaluation | noise-free fitness - Fopt (2.201700000000e+02) | best noise-free fitness - Fopt | measured fitness | best measured fitness | x1 | x2...
1 +1.803663245e+04 +1.803663245e+04 +1.825680245e+04 +1.825680245e+04 -3.1583e+00 +4.3653e-01 -4.3889e+00
4 +8.695060553e+02 +8.695060553e+02 +1.089676055e+03 +1.089676055e+03 -1.4409e+00 -4.6284e+00 +3.3329e+00
18 +6.554928749e+02 +6.554928749e+02 +8.756628749e+02 +8.756628749e+02 -4.1082e+00 -1.5636e+00 -4.4034e-01
42 +3.968563630e+02 +3.968563630e+02 +6.170263630e+02 +6.170263630e+02 -2.8417e+00 -4.5150e-01 +4.4001e+00
68 +2.134127613e+02 +2.134127613e+02 +4.335827613e+02 +4.335827613e+02 -3.0831e-01 -7.4575e-01 +2.0758e+00
163 +2.033266937e+02 +2.033266937e+02 +4.234966937e+02 +4.234966937e+02 -3.5987e+00 -2.1591e+00 -1.2106e+00
246 +1.502603048e+01 +1.502603048e+01 +2.351960305e+02 +2.351960305e+02 -1.9005e+00 -2.3704e+00 -1.5088e+00
385 +1.004635167e+01 +1.004635167e+01 +2.302163517e+02 +2.302163517e+02 -2.5598e+00 -2.9211e+00 -1.7124e+00
2653 +3.630564029e+00 +3.630564029e+00 +2.238005640e+02 +2.238005640e+02 -8.4243e-01 -9.1118e-01 +1.9426e+00
3851 +2.190208238e+00 +2.190208238e+00 +2.223602082e+02 +2.223602082e+02 -9.9969e-01 -1.5688e+00 -8.0350e-02
9219 +2.377467583e-01 +2.377467583e-01 +2.204077468e+02 +2.204077468e+02 -1.0145e+00 -1.4640e+00 +9.9025e-02
70594 +1.544815985e-01 +1.544815985e-01 +2.203244816e+02 +2.203244816e+02 -1.1237e+00 -1.7316e+00 -5.9396e-01
165204 +9.124335755e-02 +9.124335755e-02 +2.202612434e+02 +2.202612434e+02 -1.2323e+00 -1.9215e+00 -9.3971e-01
417307 +4.491486102e-04 +4.491486102e-04 +2.201704491e+02 +2.201704491e+02 -1.1664e+00 -1.8195e+00 -7.4056e-01
% function evaluation | noise-free fitness - Fopt (3.707000000000e+01) | best noise-free fitness - Fopt | measured fitness | best measured fitness | x1 | x2...
1 +4.802276292e+03 +4.802276292e+03 +4.839346292e+03 +4.839346292e+03 +7.8374e-01 -3.1110e+00 +2.8287e+00
3 +1.116621428e+03 +1.116621428e+03 +1.153691428e+03 +1.153691428e+03 -1.7001e+00 -4.4304e+00 +4.0582e+00
4 +5.388303540e+02 +5.388303540e+02 +5.759003540e+02 +5.759003540e+02 -2.8276e+00 -3.4936e+00 -3.4644e-03
9 +2.412859736e+02 +2.412859736e+02 +2.783559736e+02 +2.783559736e+02 -2.1587e+00 -3.7278e+00 -1.5388e+00
18 +2.267215834e+02 +2.267215834e+02 +2.637915834e+02 +2.637915834e+02 -3.4696e+00 -4.4725e-01 +4.1123e+00
105 +3.821568642e+01 +3.821568642e+01 +7.528568642e+01 +7.528568642e+01 -2.1314e+00 -3.1994e+00 -1.0893e+00
371 +3.175336759e+01 +3.175336759e+01 +6.882336759e+01 +6.882336759e+01 -1.3051e+00 -2.8870e+00 -1.6924e+00
451 +9.969414026e+00 +9.969414026e+00 +4.703941403e+01 +4.703941403e+01 -1.3922e+00 -2.6650e+00 -8.9846e-01
915 +2.922946571e+00 +2.922946571e+00 +3.999294657e+01 +3.999294657e+01 -1.5160e+00 -2.9489e+00 -1.2427e+00
6221 +4.357340953e-01 +4.357340953e-01 +3.750573410e+01 +3.750573410e+01 -7.2189e-01 -2.1860e+00 -5.3746e-01
87220 +2.133535625e-01 +2.133535625e-01 +3.728335356e+01 +3.728335356e+01 -7.3592e-01 -2.2682e+00 -7.1593e-01
175022 +7.553859120e-02 +7.553859120e-02 +3.714553859e+01 +3.714553859e+01 -6.3687e-01 -2.0842e+00 -4.0242e-01
1182130 +5.449078029e-02 +5.449078029e-02 +3.712449078e+01 +3.712449078e+01 -6.1188e-01 -2.0370e+00 -3.2163e-01
4319770 +4.311174598e-02 +4.311174598e-02 +3.711311175e+01 +3.711311175e+01 -5.9025e-01 -1.9633e+00 -2.0477e-01
17101205 +1.671745077e-02 +1.671745077e-02 +3.708671745e+01 +3.708671745e+01 -5.5401e-01 -1.9111e+00 -1.0893e-01
% function evaluation | noise-free fitness - Fopt (-9.580000000000e+01) | best noise-free fitness - Fopt | measured fitness | best measured fitness | x1 | x2...
1 +1.714403553e+05 +1.714403553e+05 +1.713445553e+05 +1.713445553e+05 +2.8760e+00 -1.6384e-01 +6.6690e-01
3 +5.306030928e+02 +5.306030928e+02 +4.348030928e+02 +4.348030928e+02 -2.0527e+00 +1.2839e+00 +5.1954e-01
47 +2.157153404e+02 +2.157153404e+02 +1.199153404e+02 +1.199153404e+02 -2.5369e+00 +2.3412e+00 +2.4919e+00
79 +4.978556866e+01 +4.978556866e+01 -4.601443134e+01 -4.601443134e+01 -3.8494e+00 +1.3140e+00 -1.5972e+00
158 +3.612707662e+01 +3.612707662e+01 -5.967292338e+01 -5.967292338e+01 -3.7310e+00 +3.3204e-01 -2.2671e+00
357 +1.441871960e+01 +1.441871960e+01 -8.138128040e+01 -8.138128040e+01 -3.5522e+00 +8.9871e-01 -1.8828e+00
2585 +3.254951930e+00 +3.254951930e+00 -9.254504807e+01 -9.254504807e+01 -2.3763e+00 +2.0015e+00 +1.7536e-01
14205 +2.828241831e+00 +2.828241831e+00 -9.297175817e+01 -9.297175817e+01 -4.0029e+00 +8.3120e-01 -1.7556e+00
24857 +8.859104366e-01 +8.859104366e-01 -9.491408956e+01 -9.491408956e+01 -2.2102e+00 +2.2759e+00 +1.0362e+00
74615 +3.085491038e-01 +3.085491038e-01 -9.549145090e+01 -9.549145090e+01 -2.4416e+00 +1.6418e+00 -6.6017e-01
207594 +8.604668751e-02 +8.604668751e-02 -9.571395331e+01 -9.571395331e+01 -2.5378e+00 +1.5067e+00 -9.8588e-01
1265089 +4.940899064e-02 +4.940899064e-02 -9.575059101e+01 -9.575059101e+01 -2.5372e+00 +1.5144e+00 -9.5413e-01
7924677 +2.165964355e-02 +2.165964355e-02 -9.577834036e+01 -9.577834036e+01 -2.5310e+00 +1.5172e+00 -9.4900e-01
20725441 +1.408916933e-02 +1.408916933e-02 -9.578591083e+01 -9.578591083e+01 -2.5230e+00 +1.5219e+00 -9.2177e-01
% function evaluation | noise-free fitness - Fopt (5.860000000000e+01) | best noise-free fitness - Fopt | measured fitness | best measured fitness | x1 | x2...
1 +3.930685135e+04 +3.930685135e+04 +3.936545135e+04 +3.936545135e+04 -1.1759e+00 +3.8929e+00 +8.5856e-01
2 +1.324979454e+04 +1.324979454e+04 +1.330839454e+04 +1.330839454e+04 +9.4125e-01 +2.2893e+00 +2.1144e+00
7 +1.858666381e+03 +1.858666381e+03 +1.917266381e+03 +1.917266381e+03 -1.6112e+00 -1.3619e+00 -4.3917e+00
18 +3.903990724e+02 +3.903990724e+02 +4.489990724e+02 +4.489990724e+02 -1.4461e+00 +5.8158e-01 -1.0837e+00
26 +1.139217248e+02 +1.139217248e+02 +1.725217248e+02 +1.725217248e+02 -2.9564e+00 -1.6289e+00 -2.6317e-01
362 +3.059258013e+01 +3.059258013e+01 +8.919258013e+01 +8.919258013e+01 -3.0990e+00 -1.7049e-02 -1.0415e-01
747 +8.518837189e+00 +8.518837189e+00 +6.711883719e+01 +6.711883719e+01 -2.0763e+00 -6.6886e-01 -9.3782e-01
1817 +4.352109726e+00 +4.352109726e+00 +6.295210973e+01 +6.295210973e+01 -3.5106e+00 +1.9422e-02 -1.8617e-01
2220 +4.037639445e+00 +4.037639445e+00 +6.263763944e+01 +6.263763944e+01 -1.9659e+00 -2.8828e-01 -8.1987e-01
3719 +1.719318529e+00 +1.719318529e+00 +6.031931853e+01 +6.031931853e+01 -1.6926e+00 +2.4746e-01 +2.1052e-01
30502 +1.465713824e+00 +1.465713824e+00 +6.006571382e+01 +6.006571382e+01 -1.6103e+00 +4.0260e-01 +3.8029e-01
51184 +8.061182782e-01 +8.061182782e-01 +5.940611828e+01 +5.940611828e+01 -1.3032e+00 +1.0358e+00 +2.2518e+00
63473 +4.649580089e-01 +4.649580089e-01 +5.906495801e+01 +5.906495801e+01 -1.4344e+00 +7.3814e-01 +1.3423e+00
147503 +2.294445630e-01 +2.294445630e-01 +5.882944456e+01 +5.882944456e+01 -1.6317e+00 +2.2503e-01 +1.1141e-01
1163022 +2.152652007e-01 +2.152652007e-01 +5.881526520e+01 +5.881526520e+01 -1.6843e+00 +2.0050e-01 +1.3462e-02
1289877 +1.436285539e-01 +1.436285539e-01 +5.874362855e+01 +5.874362855e+01 -1.4875e+00 +5.6581e-01 +8.3037e-01
1541658 +6.321245179e-02 +6.321245179e-02 +5.866321245e+01 +5.866321245e+01 -1.6617e+00 +2.1519e-01 +4.3267e-02
2062263 +2.824540423e-02 +2.824540423e-02 +5.862824540e+01 +5.862824540e+01 -1.6014e+00 +3.4003e-01 +3.1969e-01
16274714 +2.357505032e-02 +2.357505032e-02 +5.862357505e+01 +5.862357505e+01 -1.6885e+00 +1.5349e-01 -3.9731e-02
20015704 +1.300503468e-02 +1.300503468e-02 +5.861300503e+01 +5.861300503e+01 -1.6534e+00 +2.3158e-01 +9.7081e-02
% function evaluation | noise-free fitness - Fopt (-1.826500000000e+02) | best noise-free fitness - Fopt | measured fitness | best measured fitness | x1 | x2...
1 +3.348313370e+04 +3.348313370e+04 +3.330048370e+04 +3.330048370e+04 -2.5720e+00 -1.8682e+00 -4.0838e+00
2 +3.546328736e+02 +3.546328736e+02 +1.719828736e+02 +1.719828736e+02 -3.1102e+00 +3.6465e+00 +3.6806e+00
21 +2.832032011e+02 +2.832032011e+02 +1.005532011e+02 +1.005532011e+02 -2.7919e+00 +1.5912e+00 -9.0896e-01
31 +8.121633276e+01 +8.121633276e+01 -1.014336672e+02 -1.014336672e+02 -3.0611e+00 +1.5432e+00 +1.6048e+00
132 +6.215497025e+00 +6.215497025e+00 -1.764345030e+02 -1.764345030e+02 -2.5348e+00 +1.5923e+00 +7.7469e-01
3855 +5.789960052e+00 +5.789960052e+00 -1.768600399e+02 -1.768600399e+02 -3.6055e+00 +2.6390e+00 +1.5301e+00
5022 +3.694269968e+00 +3.694269968e+00 -1.789557300e+02 -1.789557300e+02 -1.4730e+00 +3.2001e+00 +2.8766e+00
7661 +2.453344689e+00 +2.453344689e+00 -1.801966553e+02 -1.801966553e+02 -1.4188e+00 +3.4198e+00 +3.6083e+00
32881 +2.112695672e+00 +2.112695672e+00 -1.805373043e+02 -1.805373043e+02 -2.3404e+00 +1.8253e+00 +7.5577e-01
33856 +1.696161402e-01 +1.696161402e-01 -1.824803839e+02 -1.824803839e+02 -1.7247e+00 +2.8338e+00 +1.9249e+00
1843432 +1.490751732e-01 +1.490751732e-01 -1.825009248e+02 -1.825009248e+02 -1.8976e+00 +2.4704e+00 +1.2276e+00
1850450 +1.247933797e-02 +1.247933797e-02 -1.826375207e+02 -1.826375207e+02 -1.7704e+00 +2.7191e+00 +1.6684e+00
% function evaluation | noise-free fitness - Fopt (3.274000000000e+01) | best noise-free fitness - Fopt | measured fitness | best measured fitness | x1 | x2...
1 +2.288457834e+04 +2.288457834e+04 +2.291731834e+04 +2.291731834e+04 +3.3554e+00 -2.8615e+00 +3.3608e+00
3 +1.180945791e+04 +1.180945791e+04 +1.184219791e+04 +1.184219791e+04 -3.6350e+00 -2.9288e+00 +3.0981e+00
8 +1.353286165e+03 +1.353286165e+03 +1.386026165e+03 +1.386026165e+03 -4.6944e-02 -1.8287e+00 +4.0427e+00
11 +2.024227504e+02 +2.024227504e+02 +2.351627504e+02 +2.351627504e+02 -1.3919e-01 -1.4622e+00 +4.2668e-01
42 +9.979897660e+01 +9.979897660e+01 +1.325389766e+02 +1.325389766e+02 +1.0933e+00 -8.6397e-01 +2.2733e+00
362 +1.158202908e+01 +1.158202908e+01 +4.432202908e+01 +4.432202908e+01 -1.6379e+00 -1.4763e+00 +9.8059e-01
1624 +6.869178281e+00 +6.869178281e+00 +3.960917828e+01 +3.960917828e+01 +1.1186e+00 -4.7316e-01 +4.7088e+00
7522 +2.215263820e+00 +2.215263820e+00 +3.495526382e+01 +3.495526382e+01 +1.0637e-02 -2.4771e+00 -4.2330e-01
7830 +8.986403637e-01 +8.986403637e-01 +3.363864036e+01 +3.363864036e+01 +4.0584e-01 -2.0179e+00 +2.1702e-01
81484 +7.861048694e-01 +7.861048694e-01 +3.352610487e+01 +3.352610487e+01 +3.4610e-01 -2.0115e+00 +1.7188e-01
189984 +7.041290945e-01 +7.041290945e-01 +3.344412909e+01 +3.344412909e+01 +8.5306e-01 -1.0323e+00 +2.4802e+00
304787 +2.242311559e-01 +2.242311559e-01 +3.296423116e+01 +3.296423116e+01 +4.7662e-01 -1.8998e+00 +2.9491e-01
759699 +2.060231405e-01 +2.060231405e-01 +3.294602314e+01 +3.294602314e+01 +5.1156e-01 -1.8386e+00 +4.2066e-01
2272192 +7.050009836e-02 +7.050009836e-02 +3.281050010e+01 +3.281050010e+01 +5.8275e-01 -1.6327e+00 +8.4608e-01
5115457 +4.417053431e-02 +4.417053431e-02 +3.278417053e+01 +3.278417053e+01 +4.9051e-01 -1.8347e+00 +4.1039e-01
7142304 +3.257630464e-02 +3.257630464e-02 +3.277257630e+01 +3.277257630e+01 +5.9190e-01 -1.6254e+00 +8.5871e-01
26077499 +2.744134252e-02 +2.744134252e-02 +3.276744134e+01 +3.276744134e+01 +5.3356e-01 -1.7677e+00 +5.5240e-01
26411386 +2.095269551e-02 +2.095269551e-02 +3.276095270e+01 +3.276095270e+01 +5.4066e-01 -1.7509e+00 +5.8016e-01
% function evaluation | noise-free fitness - Fopt (-3.761100000000e+02) | best noise-free fitness - Fopt | measured fitness | best measured fitness | x1 | x2...
1 +1.792048000e+05 +1.792048000e+05 +1.788286900e+05 +1.788286900e+05 +3.3169e+00 +1.8252e+00 +4.0048e+00
2 +3.633335347e+03 +3.633335347e+03 +3.257225347e+03 +3.257225347e+03 -3.2484e+00 +3.3314e+00 -4.2392e+00
4 +1.597302867e+03 +1.597302867e+03 +1.221192867e+03 +1.221192867e+03 -4.8251e+00 +4.5101e+00 +3.4587e+00
9 +1.143163000e+03 +1.143163000e+03 +7.670530000e+02 +7.670530000e+02 -1.0234e+00 +3.1078e+00 -9.4419e-01
18 +5.268932208e+02 +5.268932208e+02 +1.507832208e+02 +1.507832208e+02 -3.7618e+00 +2.7524e+00 +1.6124e+00
33 +1.085935785e+02 +1.085935785e+02 -2.675164215e+02 -2.675164215e+02 -1.8086e+00 +3.7729e+00 +2.4538e+00
202 +1.375853688e+01 +1.375853688e+01 -3.623514631e+02 -3.623514631e+02 -4.5318e+00 +3.4208e+00 +1.9802e+00
3564 +1.272094765e+01 +1.272094765e+01 -3.633890524e+02 -3.633890524e+02 -2.9497e+00 +1.7723e+00 -2.2581e+00
4059 +6.004528078e+00 +6.004528078e+00 -3.701054719e+02 -3.701054719e+02 -2.6259e+00 +1.8064e+00 -2.3177e+00
4883 +4.952210043e+00 +4.952210043e+00 -3.711577900e+02 -3.711577900e+02 -4.2898e+00 +2.6434e+00 -7.7909e-01
13134 +3.874845367e+00 +3.874845367e+00 -3.722351546e+02 -3.722351546e+02 -1.8902e+00 +2.9014e+00 +4.1631e-02
13153 +2.106760728e+00 +2.106760728e+00 -3.740032393e+02 -3.740032393e+02 -2.1576e+00 +2.3949e+00 -1.1457e+00
29449 +6.020798010e-01 +6.020798010e-01 -3.755079202e+02 -3.755079202e+02 -2.2143e+00 +2.2795e+00 -1.5304e+00
627206 +4.120868684e-01 +4.120868684e-01 -3.756979131e+02 -3.756979131e+02 -2.0027e+00 +2.8342e+00 -1.7657e-01
866216 +6.902321172e-02 +6.902321172e-02 -3.760409768e+02 -3.760409768e+02 -2.2417e+00 +2.2753e+00 -1.5133e+00
1476391 +5.762375534e-02 +5.762375534e-02 -3.760523762e+02 -3.760523762e+02 -2.1791e+00 +2.4109e+00 -1.2668e+00
7372048 +2.167441946e-02 +2.167441946e-02 -3.760883256e+02 -3.760883256e+02 -2.1749e+00 +2.4266e+00 -1.2256e+00
13286490 +1.578898454e-02 +1.578898454e-02 -3.760942110e+02 -3.760942110e+02 -2.2411e+00 +2.2960e+00 -1.4680e+00
% function evaluation | noise-free fitness - Fopt (-1.000000000000e+03) | best noise-free fitness - Fopt | measured fitness | best measured fitness | x1 | x2...
1 +1.318580651e+04 +1.318580651e+04 +1.218580651e+04 +1.218580651e+04 -3.1779e+00 +8.8782e-02 -1.4815e+00
2 +2.290085099e+03 +2.290085099e+03 +1.290085099e+03 +1.290085099e+03 -1.0803e+00 +2.5783e+00 -2.4486e+00
22 +8.084406671e+02 +8.084406671e+02 -1.915593329e+02 -1.915593329e+02 +5.4845e-01 +3.2909e+00 +2.5716e+00
53 +1.164747069e+02 +1.164747069e+02 -8.835252931e+02 -8.835252931e+02 +1.4479e+00 +2.6006e+00 +1.6353e+00
92 +4.142462409e+01 +4.142462409e+01 -9.585753759e+02 -9.585753759e+02 +3.0874e-01 +8.8439e-01 +9.7669e-01
1473 +1.234881510e+01 +1.234881510e+01 -9.876511849e+02 -9.876511849e+02 +3.3106e-01 +1.1302e+00 +1.5962e-01
3241 +9.606945800e+00 +9.606945800e+00 -9.903930542e+02 -9.903930542e+02 -4.4173e-01 +1.4693e+00 +7.3944e-01
6053 +4.706584152e+00 +4.706584152e+00 -9.952934158e+02 -9.952934158e+02 -1.0083e+00 +2.2476e+00 +1.5036e+00
6817 +2.322398546e+00 +2.322398546e+00 -9.976776015e+02 -9.976776015e+02 +1.1648e+00 +2.4834e+00 +2.0087e+00
47469 +1.756309804e+00 +1.756309804e+00 -9.982436902e+02 -9.982436902e+02 +1.1230e+00 +2.5432e+00 +2.1042e+00
55842 +1.622947276e+00 +1.622947276e+00 -9.983770527e+02 -9.983770527e+02 +4.6665e-01 +1.4398e+00 +5.6656e-01
66344 +1.060160302e-01 +1.060160302e-01 -9.998939840e+02 -9.998939840e+02 +1.0565e+00 +2.3946e+00 +1.8592e+00
1158477 +4.899926758e-02 +4.899926758e-02 -9.999510007e+02 -9.999510007e+02 +1.0029e+00 +2.2367e+00 +1.4959e+00
3876559 +4.009399690e-02 +4.009399690e-02 -9.999599060e+02 -9.999599060e+02 +8.8654e-01 +2.0384e+00 +1.1200e+00
5577210 +1.633835486e-02 +1.633835486e-02 -9.999836616e+02 -9.999836616e+02 +9.1910e-01 +2.0984e+00 +1.2311e+00
% function evaluation | noise-free fitness - Fopt (-1.720700000000e+02) | best noise-free fitness - Fopt | measured fitness | best measured fitness | x1 | x2...
1 +6.299381217e+04 +6.299381217e+04 +6.282174217e+04 +6.282174217e+04 -3.6012e+00 +2.0349e+00 +8.7020e-01
2 +1.364281762e+04 +1.364281762e+04 +1.347074762e+04 +1.347074762e+04 +2.7157e+00 -3.0755e+00 -4.2699e+00
10 +1.574552748e+03 +1.574552748e+03 +1.402482748e+03 +1.402482748e+03 +4.7436e-01 +1.1598e-01 -1.0571e+00
12 +2.942981842e+02 +2.942981842e+02 +1.222281842e+02 +1.222281842e+02 +6.9412e-01 -1.3150e+00 +8.5642e-01
71 +2.135298200e+02 +2.135298200e+02 +4.145981997e+01 +4.145981997e+01 +2.3500e+00 -1.5770e+00 +2.7643e+00
72 +2.038048792e+02 +2.038048792e+02 +3.173487922e+01 +3.173487922e+01 +1.6447e-01 +3.0997e-01 +4.5805e+00
175 +1.115531291e+02 +1.115531291e+02 -6.051687093e+01 -6.051687093e+01 +1.4410e+00 -1.2233e+00 +1.0886e+00
512 +8.661795474e+01 +8.661795474e+01 -8.545204526e+01 -8.545204526e+01 +2.8576e+00 +6.0672e-02 +2.5211e+00
535 +5.988056640e+00 +5.988056640e+00 -1.660819434e+02 -1.660819434e+02 +2.1757e+00 -2.5014e-01 +2.1547e+00
2097 +2.457353553e+00 +2.457353553e+00 -1.696126464e+02 -1.696126464e+02 +1.3325e+00 -8.5305e-01 +1.9135e+00
8739 +1.531502416e+00 +1.531502416e+00 -1.705384976e+02 -1.705384976e+02 +2.6308e+00 +3.7438e-01 +3.5993e+00
14163 +3.891567518e-01 +3.891567518e-01 -1.716808432e+02 -1.716808432e+02 +2.2474e+00 -3.3666e-01 +2.1912e+00
88093 +1.836256598e-01 +1.836256598e-01 -1.718863743e+02 -1.718863743e+02 +2.6407e+00 +3.9615e-01 +3.5063e+00
2620467 +6.383452848e-02 +6.383452848e-02 -1.720061655e+02 -1.720061655e+02 +2.4303e+00 -7.4030e-04 +2.6869e+00
4210861 +2.075377480e-02 +2.075377480e-02 -1.720492462e+02 -1.720492462e+02 +2.4571e+00 +3.5094e-02 +2.7593e+00
6902634 +6.222755069e-03 +6.222755069e-03 -1.720637772e+02 -1.720637772e+02 +2.5326e+00 +1.8275e-01 +3.0437e+00
