% function evaluation | noise-free fitness - Fopt (7.948000000000e+01) | best noise-free fitness - Fopt | measured fitness | best measured fitness | x1 | x2...
1 +6.897651992e+01 +6.897651992e+01 +1.484565199e+02 +1.484565199e+02 -4.4118e+00 +7.8102e-02 +3.5516e+00 +1.0177e+00 +2.4754e+00
2 +3.553918684e+01 +3.553918684e+01 +1.150191868e+02 +1.150191868e+02 +4.3136e-02 -1.5040e+00 -5.5385e-01 -4.0081e+00 -2.3234e+00
5 +1.587455924e+01 +1.587455924e+01 +9.535455924e+01 +9.535455924e+01 +2.7460e+00 +1.0841e+00 -8.3756e-01 +6.5906e-01 -4.4180e+00
10 +5.215619411e+00 +5.215619411e+00 +8.469561941e+01 +8.469561941e+01 -7.2786e-01 -2.1418e+00 +9.4667e-01 +1.3904e+00 -2.2277e+00
152 +2.198438759e+00 +2.198438759e+00 +8.167843876e+01 +8.167843876e+01 +3.1416e-01 -9.5292e-01 -1.2607e+00 +2.2933e+00 -3.9963e+00
3116 +1.461022931e+00 +1.461022931e+00 +8.094102293e+01 +8.094102293e+01 +1.2637e+00 -1.2222e+00 -2.8209e-01 +2.3720e+00 -2.4784e+00
6610 +1.135511924e+00 +1.135511924e+00 +8.061551192e+01 +8.061551192e+01 +8.1138e-01 -1.9398e+00 -8.0312e-01 +2.1823e+00 -2.3084e+00
39404 +3.479457859e-01 +3.479457859e-01 +7.982794579e+01 +7.982794579e+01 +1.4185e-01 -7.6345e-01 -3.5529e-01 +1.9831e+00 -2.8851e+00
572948 +2.392829724e-01 +2.392829724e-01 +7.971928297e+01 +7.971928297e+01 +5.1266e-01 -1.3227e+00 -5.5535e-01 +2.0680e+00 -2.3714e+00
1307739 +1.534007780e-01 +1.534007780e-01 +7.963340078e+01 +7.963340078e+01 +1.3223e-01 -1.0979e+00 -6.0982e-01 +2.2088e+00 -2.4744e+00
1719932 +1.326814092e-01 +1.326814092e-01 +7.961268141e+01 +7.961268141e+01 +4.3127e-01 -1.0427e+00 -6.2569e-01 +2.1167e+00 -2.4761e+00
3618423 +1.201619242e-01 +1.201619242e-01 +7.960016192e+01 +7.960016192e+01 -9.7829e-03 -1.2253e+00 -7.8284e-01 +2.1101e+00 -2.5843e+00
4812648 +1.039584867e-01 +1.039584867e-01 +7.958395849e+01 +7.958395849e+01 +7.6497e-02 -1.1905e+00 -6.7720e-01 +1.6680e+00 -2.6281e+00
4961931 +8.594421502e-02 +8.594421502e-02 +7.956594422e+01 +7.956594422e+01 +7.3023e-02 -1.2622e+00 -8.9906e-01 +1.8335e+00 -2.7378e+00
14334548 +6.493820554e-02 +6.493820554e-02 +7.954493821e+01 +7.954493821e+01 +1.6263e-01 -1.1720e+00 -8.5645e-01 +1.7392e+00 -2.6177e+00
% function evaluation | noise-free fitness - Fopt (3.944800000000e+02) | best noise-free fitness - Fopt | measured fitness | best measured fitness | x1 | x2...
1 +1.875240588e+01 +1.875240588e+01 +4.132324059e+02 +4.132324059e+02 -4.5482e+00 -2.6876e+00 -1.7601e+00 +2.0038e+00 -2.3813e+00
7 +1.812062128e+01 +1.812062128e+01 +4.126006213e+02 +4.126006213e+02 -2.8445e+00 -3.0529e+00 -3.1791e+00 +3.4286e+00 -3.1865e+00
56 +1.351461892e+01 +1.351461892e+01 +4.079946189e+02 +4.079946189e+02 -3.9374e+00 -3.0695e+00 -2.1171e+00 +1.6109e+00 -1.4593e+00
88 +1.207376934e+01 +1.207376934e+01 +4.065537693e+02 +4.065537693e+02 -3.6879e+00 -4.5148e-01 -1.3901e+00 +4.1397e+00 +1.3143e+00
172 +8.263135733e+00 +8.263135733e+00 +4.027431357e+02 +4.027431357e+02 -1.4783e+00 -2.9855e+00 -2.2690e+00 +3.8030e+00 +1.0468e+00
470 +6.958815995e+00 +6.958815995e+00 +4.014388160e+02 +4.014388160e+02 -4.0484e+00 -2.6809e+00 -2.4994e+00 +1.6272e+00 +9.1806e-01
788 +4.100566181e+00 +4.100566181e+00 +3.985805662e+02 +3.985805662e+02 -4.8708e+00 -3.2278e+00 -2.6017e+00 +4.3734e+00 -3.1580e-01
1029 +1.409604903e+00 +1.409604903e+00 +3.958896049e+02 +3.958896049e+02 -4.5033e+00 -3.1835e+00 -2.9329e+00 +4.1076e+00 +4.5800e-01
20658 +1.312053995e+00 +1.312053995e+00 +3.957920540e+02 +3.957920540e+02 -3.6944e+00 -2.5326e+00 -2.9462e+00 +3.2838e+00 +1.0097e+00
21516 +9.943850751e-01 +9.943850751e-01 +3.954743851e+02 +3.954743851e+02 -4.5327e+00 -2.7117e+00 -4.4414e+00 +4.2346e+00 +6.5065e-01
30635 +6.669309125e-01 +6.669309125e-01 +3.951469309e+02 +3.951469309e+02 -3.7200e+00 -3.5288e+00 -3.4801e+00 +3.9395e+00 +5.0923e-01
131832 +2.877418149e-01 +2.877418149e-01 +3.947677418e+02 +3.947677418e+02 -3.6042e+00 -3.0902e+00 -3.4426e+00 +4.0795e+00 +8.9919e-01
183421 +1.824838318e-01 +1.824838318e-01 +3.946624838e+02 +3.946624838e+02 -3.5717e+00 -2.6571e+00 -3.6963e+00 +3.9714e+00 +9.3501e-01
297008 +1.628493234e-01 +1.628493234e-01 +3.946428493e+02 +3.946428493e+02 -4.0138e+00 -3.2479e+00 -3.8439e+00 +4.0472e+00 +8.6039e-01
792253 +1.372109456e-01 +1.372109456e-01 +3.946172109e+02 +3.946172109e+02 -4.0250e+00 -2.7832e+00 -4.0367e+00 +4.0382e+00 +1.0521e+00
1619105 +9.669150111e-02 +9.669150111e-02 +3.945766915e+02 +3.945766915e+02 -3.9080e+00 -2.9203e+00 -3.8967e+00 +4.0322e+00 +5.9313e-01
6238511 +5.203073328e-02 +5.203073328e-02 +3.945320307e+02 +3.945320307e+02 -3.7455e+00 -2.7512e+00 -3.7137e+00 +3.8943e+00 +8.2352e-01
% function evaluation | noise-free fitness - Fopt (-2.471100000000e+02) | best noise-free fitness - Fopt | measured fitness | best measured fitness | x1 | x2...
1 +3.933678589e+01 +3.933678589e+01 -2.077732141e+02 -2.077732141e+02 +4.7276e-01 +9.7163e-01 +3.6873e+00 -4.5605e+00 -3.8586e+00
2 +2.475770929e+01 +2.475770929e+01 -2.223522907e+02 -2.223522907e+02 -5.4327e-01 -1.0905e-01 -4.0376e+00 -3.6298e+00 -1.4074e+00
18 +1.947081620e+01 +1.947081620e+01 -2.276391838e+02 -2.276391838e+02 -1.4734e+00 -1.0361e+00 -1.2873e+00 -6.2575e-01 -1.4327e+00
29 +1.524976364e+01 +1.524976364e+01 -2.318602364e+02 -2.318602364e+02 -4.3533e+00 +3.5544e+00 +3.0060e-01 -2.0615e+00 -3.3672e+00
111 +1.272521983e+01 +1.272521983e+01 -2.343847802e+02 -2.343847802e+02 -4.0634e+00 +9.8824e-01 -1.8001e-01 -4.6589e+00 +1.9335e-01
135 +7.540049221e+00 +7.540049221e+00 -2.395699508e+02 -2.395699508e+02 -3.5604e+00 +2.3557e+00 -1.3441e+00 -2.2227e+00 -3.6159e+00
175 +3.996793878e+00 +3.996793878e+00 -2.431132061e+02 -2.431132061e+02 -4.3197e+00 -7.6972e-01 -1.8788e+00 -3.8893e+00 -4.2519e+00
302 +3.450856550e+00 +3.450856550e+00 -2.436591435e+02 -2.436591435e+02 -4.9685e+00 +3.9706e-01 -1.3181e+00 -3.8223e+00 -1.8209e+00
2157 +2.140587780e+00 +2.140587780e+00 -2.449694122e+02 -2.449694122e+02 -3.6145e+00 +1.9989e-01 -1.6201e+00 -3.4725e+00 -4.1929e+00
3042 +1.389730913e+00 +1.389730913e+00 -2.457202691e+02 -2.457202691e+02 -3.6199e+00 -7.3383e-01 -1.0055e+00 -3.3727e+00 -2.5704e+00
12772 +1.365921190e+00 +1.365921190e+00 -2.457440788e+02 -2.457440788e+02 -3.7811e+00 +4.2838e-01 -2.5567e-01 -3.9373e+00 -4.1310e+00
25362 +6.404056840e-02 +6.404056840e-02 -2.470459594e+02 -2.470459594e+02 -3.8745e+00 +6.9551e-02 -7.2636e-01 -3.5339e+00 -2.9792e+00
3745489 +6.038168941e-02 +6.038168941e-02 -2.470496183e+02 -2.470496183e+02 -3.8118e+00 +3.1863e-01 -7.6592e-01 -3.5241e+00 -2.9835e+00
16970610 +5.664214769e-02 +5.664214769e-02 -2.470533579e+02 -2.470533579e+02 -3.7466e+00 +2.8147e-01 -7.0584e-01 -3.9000e+00 -3.1625e+00
17410767 +3.741763084e-02 +3.741763084e-02 -2.470725824e+02 -2.470725824e+02 -3.8854e+00 +2.9632e-01 -8.3236e-01 -3.7265e+00 -3.0986e+00
% function evaluation | noise-free fitness - Fopt (-1.520400000000e+02) | best noise-free fitness - Fopt | measured fitness | best measured fitness | x1 | x2...
1 +6.829190094e+01 +6.829190094e+01 -8.374809906e+01 -8.374809906e+01 -4.6382e+00 +4.0325e+00 -1.0417e+00 +4.8683e+00 -3.2022e+00
2 +5.008665994e+01 +5.008665994e+01 -1.019533401e+02 -1.019533401e+02 -3.4394e-01 +1.6570e+00 +2.6706e+00 +1.3476e+00 +4.0707e+00
6 +4.292911300e+01 +4.292911300e+01 -1.091108870e+02 -1.091108870e+02 +2.0615e+00 +4.3080e+00 +1.3730e+00 +4.0306e+00 +3.1833e+00
8 +2.853669403e+01 +2.853669403e+01 -1.235033060e+02 -1.235033060e+02 -2.4081e+00 +1.8539e+00 +9.0278e-01 +3.0241e+00 +1.7960e+00
16 +2.278003657e+01 +2.278003657e+01 -1.292599634e+02 -1.292599634e+02 -5.8488e-01 -1.4284e+00 -1.2271e+00 +1.3045e+00 +6.0368e-01
61 +2.127642117e+01 +2.127642117e+01 -1.307635788e+02 -1.307635788e+02 +5.2835e-01 -2.0522e+00 -3.6820e+00 +4.8607e-01 +1.6444e+00
67 +2.052331281e+01 +2.052331281e+01 -1.315166872e+02 -1.315166872e+02 +2.1570e+00 +1.3201e+00 -2.0449e+00 +5.6489e-02 +3.1952e+00
68 +1.046309484e+01 +1.046309484e+01 -1.415769052e+02 -1.415769052e+02 -3.0416e+00 +1.7208e+00 -2.9103e+00 +4.1952e+00 +3.3364e+00
177 +1.732013896e+00 +1.732013896e+00 -1.503079861e+02 -1.503079861e+02 -1.4069e-01 +1.5288e+00 -2.9050e+00 +4.0945e+00 +2.2501e+00
7050 +1.107720398e+00 +1.107720398e+00 -1.509322796e+02 -1.509322796e+02 +1.3397e-01 +1.3752e+00 -4.3627e+00 +3.8956e+00 +3.0469e+00
12235 +1.088060556e+00 +1.088060556e+00 -1.509519394e+02 -1.509519394e+02 -7.1297e-01 +1.3204e+00 -3.2898e+00 +3.4461e+00 +3.0923e+00
16488 +7.908695714e-01 +7.908695714e-01 -1.512491304e+02 -1.512491304e+02 -9.4235e-02 +2.0892e+00 -4.2286e+00 +3.7517e+00 +2.2802e+00
175716 +2.799354718e-01 +2.799354718e-01 -1.517600645e+02 -1.517600645e+02 -1.7511e-01 +1.0458e+00 -4.0422e+00 +3.3624e+00 +2.7514e+00
918989 +9.278612492e-02 +9.278612492e-02 -1.519472139e+02 -1.519472139e+02 -3.6737e-01 +1.2717e+00 -4.0468e+00 +3.4210e+00 +2.2482e+00
2373291 +6.271386017e-02 +6.271386017e-02 -1.519772861e+02 -1.519772861e+02 -2.7991e-01 +1.5440e+00 -3.7211e+00 +3.2455e+00 +2.4827e+00
6667470 +5.169153384e-02 +5.169153384e-02 -1.519883085e+02 -1.519883085e+02 -3.4773e-01 +1.4634e+00 -3.9201e+00 +3.4621e+00 +2.2916e+00
% function evaluation | noise-free fitness - Fopt (-2.525000000000e+01) | best noise-free fitness - Fopt | measured fitness | best measured fitness | x1 | x2...
1 +5.435883669e+01 +5.435883669e+01 +2.910883669e+01 +2.910883669e+01 -8.3132e-02 -9.2064e-01 -1.9403e-01 +3.1024e+00 +2.7309e-01
7 +5.205324913e+01 +5.205324913e+01 +2.680324913e+01 +2.680324913e+01 +1.0957e-01 -4.1028e+00 +1.6338e+00 -4.6000e+00 +1.8841e+00
8 +4.608561893e+01 +4.608561893e+01 +2.083561893e+01 +2.083561893e+01 +3.5016e+00 -2.7129e+00 -6.5874e-01 +1.3741e+00 -1.3768e+00
10 +3.549457862e+01 +3.549457862e+01 +1.024457862e+01 +1.024457862e+01 -7.2474e-01 +3.2304e+00 -3.1099e+00 -4.4373e+00 +4.6615e+00
18 +3.026835993e+01 +3.026835993e+01 +5.018359928e+00 +5.018359928e+00 -2.9299e-01 +1.7297e+00 -8.7485e-01 +1.1126e+00 +4.9824e+00
33 +2.554507697e+01 +2.554507697e+01 +2.950769687e-01 +2.950769687e-01 +4.6591e+00 +1.8386e+00 -2.4468e-01 +1.0379e+00 -8.5464e-02
66 +1.329247527e+01 +1.329247527e+01 -1.195752473e+01 -1.195752473e+01 +3.5176e+00 +1.9249e+00 -1.2466e+00 -4.7584e+00 +1.1059e+00
91 +1.020866250e+01 +1.020866250e+01 -1.504133750e+01 -1.504133750e+01 +4.9595e+00 -6.6673e-02 +9.1635e-01 -1.2819e+00 +4.5938e+00
226 +8.312641505e+00 +8.312641505e+00 -1.693735850e+01 -1.693735850e+01 +1.6948e+00 +8.4611e-01 +6.1168e-01 -2.2709e+00 +3.9566e+00
736 +7.792389636e+00 +7.792389636e+00 -1.745761036e+01 -1.745761036e+01 +3.4625e+00 -2.6014e-01 +1.4754e-01 -1.3918e+00 +1.3153e+00
745 +7.532595635e+00 +7.532595635e+00 -1.771740437e+01 -1.771740437e+01 +2.9446e+00 +5.8601e-01 -2.3292e-01 -1.3813e+00 +1.0444e+00
879 +7.225022623e+00 +7.225022623e+00 -1.802497738e+01 -1.802497738e+01 +3.6718e+00 +8.7031e-01 -1.2429e+00 -2.4983e+00 +6.4819e-01
1030 +2.503244681e+00 +2.503244681e+00 -2.274675532e+01 -2.274675532e+01 +3.4908e+00 +1.5482e+00 -1.6779e+00 -2.4618e+00 +4.5188e+00
1596 +2.220212130e+00 +2.220212130e+00 -2.302978787e+01 -2.302978787e+01 +2.9350e+00 +6.3834e-01 -1.5174e+00 -3.4665e+00 +3.4504e+00
1791 +1.293147458e+00 +1.293147458e+00 -2.395685254e+01 -2.395685254e+01 +3.1815e+00 +1.2640e+00 -2.0098e+00 -2.6955e+00 +3.5612e+00
3189 +7.411795385e-01 +7.411795385e-01 -2.450882046e+01 -2.450882046e+01 +3.1014e+00 +8.4076e-01 -1.6587e+00 -2.3452e+00 +3.8821e+00
37629 +7.154953452e-01 +7.154953452e-01 -2.453450465e+01 -2.453450465e+01 +3.4941e+00 +1.0948e+00 -1.9546e+00 -1.6994e+00 +3.3052e+00
116112 +5.277503236e-01 +5.277503236e-01 -2.472224968e+01 -2.472224968e+01 +3.7510e+00 +1.0609e+00 -1.6698e+00 -2.6678e+00 +3.2639e+00
523300 +5.013658848e-01 +5.013658848e-01 -2.474863412e+01 -2.474863412e+01 +3.4502e+00 +1.9708e-01 -1.6450e+00 -2.4064e+00 +2.8867e+00
711419 +4.815213842e-01 +4.815213842e-01 -2.476847862e+01 -2.476847862e+01 +3.5770e+00 +7.3169e-02 -1.3711e+00 -1.8527e+00 +3.0292e+00
867272 +4.489724324e-01 +4.489724324e-01 -2.480102757e+01 -2.480102757e+01 +3.5991e+00 +6.5765e-01 -8.9985e-01 -1.8824e+00 +2.9760e+00
981962 +4.135307979e-01 +4.135307979e-01 -2.483646920e+01 -2.483646920e+01 +3.8918e+00 +8.8768e-01 -1.7679e+00 -1.7618e+00 +3.2931e+00
1242429 +2.233473973e-01 +2.233473973e-01 -2.502665260e+01 -2.502665260e+01 +3.9283e+00 +3.6153e-01 -1.4241e+00 -2.3596e+00 +3.2122e+00
1484871 +1.178052978e-01 +1.178052978e-01 -2.513219470e+01 -2.513219470e+01 +3.5859e+00 +6.8128e-01 -1.1737e+00 -1.9351e+00 +3.3744e+00
1761300 +1.123406615e-01 +1.123406615e-01 -2.513765934e+01 -2.513765934e+01 +3.7569e+00 +4.6560e-01 -1.5622e+00 -2.3607e+00 +3.2805e+00
2784919 +2.840877448e-02 +2.840877448e-02 -2.522159123e+01 -2.522159123e+01 +3.6979e+00 +6.2438e-01 -1.4840e+00 -2.0529e+00 +3.2105e+00
10339203 +2.444498255e-02 +2.444498255e-02 -2.522555502e+01 -2.522555502e+01 +3.5204e+00 +6.0587e-01 -1.4008e+00 -2.1509e+00 +3.1772e+00
% function evaluation | noise-free fitness - Fopt (-1.850700000000e+02) | best noise-free fitness - Fopt | measured fitness | best measured fitness | x1 | x2...
1 +9.873265374e+01 +9.873265374e+01 -8.633734626e+01 -8.633734626e+01 +4.7221e+00 -1.7068e+00 +2.6085e+00 -4.5962e+00 -3.5777e-01
2 +8.473921692e+01 +8.473921692e+01 -1.003307831e+02 -1.003307831e+02 +1.3898e-01 +2.3655e-01 -3.2899e+00 -4.0673e+00 +1.0393e+00
3 +3.555124077e+01 +3.555124077e+01 -1.495187592e+02 -1.495187592e+02 +3.2426e+00 +2.5420e-01 -3.1153e+00 +3.1269e+00 +1.0579e+00
7 +2.943713493e+01 +2.943713493e+01 -1.556328651e+02 -1.556328651e+02 +3.7713e+00 +4.3980e+00 +2.9137e+00 -7.8863e-01 -6.7283e-01
16 +2.057993955e+01 +2.057993955e+01 -1.644900605e+02 -1.644900605e+02 +4.0596e+00 +1.1737e+00 +1.0284e+00 +4.7664e+00 -2.0408e+00
24 +7.230581430e+00 +7.230581430e+00 -1.778394186e+02 -1.778394186e+02 -1.1553e+00 +2.6657e+00 +7.4636e-01 +2.9807e+00 -1.5747e+00
35 +4.741752265e+00 +4.741752265e+00 -1.803282477e+02 -1.803282477e+02 -5.4761e-01 +2.1729e+00 +1.9246e-01 +3.7073e+00 +6.2074e-01
235 +3.271241438e+00 +3.271241438e+00 -1.817987586e+02 -1.817987586e+02 -4.8996e-01 +3.2567e+00 +2.6344e+00 +3.4692e+00 -3.7122e-01
902 +1.562078626e+00 +1.562078626e+00 -1.835079214e+02 -1.835079214e+02 +1.6783e-01 +3.0860e+00 +2.5648e+00 +3.3387e+00 -1.4636e-01
12417 +1.261234168e+00 +1.261234168e+00 -1.838087658e+02 -1.838087658e+02 -1.7556e-01 +2.3832e+00 +1.4655e+00 +3.1592e+00 +1.9555e-01
15459 +3.961713674e-01 +3.961713674e-01 -1.846738286e+02 -1.846738286e+02 +1.0711e+00 +2.7032e+00 +1.1292e+00 +2.8651e+00 -3.1643e-02
191350 +3.535972071e-01 +3.535972071e-01 -1.847164028e+02 -1.847164028e+02 +9.6962e-01 +2.5587e+00 +1.5558e+00 +3.0623e+00 +4.8933e-01
784972 +2.194475619e-01 +2.194475619e-01 -1.848505524e+02 -1.848505524e+02 +9.5062e-01 +2.6960e+00 +1.3516e+00 +2.8551e+00 +3.6570e-02
1564954 +9.041564732e-02 +9.041564732e-02 -1.849795844e+02 -1.849795844e+02 +7.5041e-01 +2.9793e+00 +1.6809e+00 +3.0666e+00 +2.4631e-01
24931717 +8.539730279e-02 +8.539730279e-02 -1.849846027e+02 -1.849846027e+02 +6.0323e-01 +2.7427e+00 +1.5434e+00 +3.2327e+00 +1.8814e-01
29158520 +8.286582854e-02 +8.286582854e-02 -1.849871342e+02 -1.849871342e+02 +7.7378e-01 +2.8580e+00 +1.7859e+00 +3.2359e+00 -8.0223e-02
% function evaluation | noise-free fitness - Fopt (-1.673500000000e+02) | best noise-free fitness - Fopt | measured fitness | best measured fitness | x1 | x2...
1 +4.109787324e+01 +4.109787324e+01 -1.262521268e+02 -1.262521268e+02 +4.9840e+00 +1.8735e+00 -3.0520e+00 +3.7979e+00 -1.6651e-01
6 +1.720127943e+01 +1.720127943e+01 -1.501487206e+02 -1.501487206e+02 +1.7729e+00 +1.3860e+00 -1.5693e+00 -5.5340e-01 +6.2338e-01
28 +1.102854007e+01 +1.102854007e+01 -1.563214599e+02 -1.563214599e+02 +1.9938e+00 +1.1765e+00 -3.6129e+00 -2.8164e-01 +6.4828e-01
33 +8.125763272e+00 +8.125763272e+00 -1.592242367e+02 -1.592242367e+02 +3.8211e+00 +7.3394e-02 -1.5220e+00 -1.0238e+00 -7.9478e-01
165 +5.573314108e+00 +5.573314108e+00 -1.617766859e+02 -1.617766859e+02 +1.5964e+00 -9.0290e-02 -3.6426e+00 -7.9013e-01 +3.0761e-01
403 +4.803987076e+00 +4.803987076e+00 -1.625460129e+02 -1.625460129e+02 +4.4631e+00 -9.3641e-01 -4.5564e+00 -2.4898e+00 -4.5762e-01
893 +3.890634915e+00 +3.890634915e+00 -1.634593651e+02 -1.634593651e+02 +1.3591e+00 -1.7984e+00 -3.9908e+00 -1.9259e+00 -1.9088e+00
2007 +2.887029997e+00 +2.887029997e+00 -1.644629700e+02 -1.644629700e+02 +4.1555e+00 -2.2371e-01 -4.1611e+00 -1.6742e+00 -1.5702e+00
2736 +2.832822616e+00 +2.832822616e+00 -1.645171774e+02 -1.645171774e+02 +2.3952e+00 -2.4827e+00 -4.3584e+00 -8.4567e-01 -4.1968e-01
3831 +2.361775422e+00 +2.361775422e+00 -1.649882246e+02 -1.649882246e+02 +3.1095e+00 -1.3315e+00 -3.1676e+00 -1.4280e+00 +1.9870e-01
4464 +2.237595673e+00 +2.237595673e+00 -1.651124043e+02 -1.651124043e+02 +4.0845e+00 -9.3396e-01 -3.1191e+00 -7.3859e-01 -9.5044e-01
5476 +1.579362421e+00 +1.579362421e+00 -1.657706376e+02 -1.657706376e+02 +3.9620e+00 -1.0207e+00 -4.2211e+00 -1.1809e+00 -5.2884e-01
7143 +1.484042759e+00 +1.484042759e+00 -1.658659572e+02 -1.658659572e+02 +3.5712e+00 -5.6470e-01 -4.3492e+00 -7.6853e-01 -1.5602e+00
10458 +1.341532608e+00 +1.341532608e+00 -1.660084674e+02 -1.660084674e+02 +2.7087e+00 -7.7765e-01 -4.2036e+00 -1.5515e+00 -2.1603e-01
14951 +9.861896625e-01 +9.861896625e-01 -1.663638103e+02 -1.663638103e+02 +3.4565e+00 -1.9417e+00 -3.4284e+00 -1.4964e+00 -1.1399e+00
26961 +9.553797261e-01 +9.553797261e-01 -1.663946203e+02 -1.663946203e+02 +3.1258e+00 -3.9489e-01 -3.9302e+00 -1.1710e+00 -1.6040e+00
38975 +1.885027056e-01 +1.885027056e-01 -1.671614973e+02 -1.671614973e+02 +3.0895e+00 -1.3558e+00 -3.8937e+00 -1.3960e+00 -7.7677e-01
361425 +1.663857569e-01 +1.663857569e-01 -1.671836142e+02 -1.671836142e+02 +2.9657e+00 -9.2426e-01 -3.7288e+00 -1.3292e+00 -9.3230e-01
1763710 +1.380268352e-01 +1.380268352e-01 -1.672119732e+02 -1.672119732e+02 +3.0405e+00 -1.0968e+00 -3.8147e+00 -1.2802e+00 -1.4820e+00
9702875 +1.185146538e-01 +1.185146538e-01 -1.672314853e+02 -1.672314853e+02 +3.0526e+00 -1.0501e+00 -3.6229e+00 -1.3300e+00 -1.2701e+00
20304933 +1.029634731e-01 +1.029634731e-01 -1.672470365e+02 -1.672470365e+02 +2.9868e+00 -1.4562e+00 -4.0405e+00 -1.1629e+00 -1.2521e+00
24978346 +5.624571284e-02 +5.624571284e-02 -1.672937543e+02 -1.672937543e+02 +2.9257e+00 -1.4377e+00 -3.7832e+00 -1.2992e+00 -1.2378e+00
37800372 +3.497169254e-02 +3.497169254e-02 -1.673150283e+02 -1.673150283e+02 +2.9253e+00 -1.1246e+00 -3.9436e+00 -1.3766e+00 -1.2130e+00
% function evaluation | noise-free fitness - Fopt (-2.733000000000e+01) | best noise-free fitness - Fopt | measured fitness | best measured fitness | x1 | x2...
1 +1.334051458e+02 +1.334051458e+02 +1.060751458e+02 +1.060751458e+02 -4.2668e+00 -4.0376e+00 -1.6204e+00 -3.7860e+00 +4.3519e+00
2 +1.024973415e+02 +1.024973415e+02 +7.516734149e+01 +7.516734149e+01 -4.7135e+00 -2.8458e+00 +1.8058e+00 -2.0266e-01 -2.9968e+00
3 +4.667546586e+01 +4.667546586e+01 +1.934546586e+01 +1.934546586e+01 +4.1570e+00 +2.1240e+00 -2.0513e+00 -2.7805e+00 -2.4455e+00
4 +3.423286047e+01 +3.423286047e+01 +6.902860469e+00 +6.902860469e+00 -7.7804e-02 +3.1234e+00 +1.4974e+00 -1.3545e+00 -3.8667e+00
15 +8.262173624e+00 +8.262173624e+00 -1.906782638e+01 -1.906782638e+01 +1.4198e+00 +2.0183e+00 +7.3641e-01 +1.6209e-01 -3.2830e-01
119 +5.743220984e+00 +5.743220984e+00 -2.158677902e+01 -2.158677902e+01 +3.5291e+00 +3.1052e+00 +1.8503e+00 -6.1650e-03 -5.8740e-01
676 +4.370073024e+00 +4.370073024e+00 -2.295992698e+01 -2.295992698e+01 +2.1863e+00 +2.2971e+00 +1.1626e+00 +1.3919e-01 +2.4012e+00
1018 +3.797263116e+00 +3.797263116e+00 -2.353273688e+01 -2.353273688e+01 +2.1375e+00 +3.9799e+00 +1.5029e+00 -1.4233e+00 +7.1238e-01
1408 +3.089777208e+00 +3.089777208e+00 -2.424022279e+01 -2.424022279e+01 +2.0630e+00 +1.5116e+00 +2.2119e+00 -1.3948e-02 +1.8393e+00
3881 +2.100379647e+00 +2.100379647e+00 -2.522962035e+01 -2.522962035e+01 +3.1486e+00 +3.0265e+00 +3.6518e+00 +3.0724e-01 +1.2093e+00
7102 +2.473893970e-01 +2.473893970e-01 -2.708261060e+01 -2.708261060e+01 +2.2892e+00 +3.2462e+00 +2.6507e+00 -3.9499e-01 +8.0398e-01
320547 +6.022901534e-02 +6.022901534e-02 -2.726977098e+01 -2.726977098e+01 +2.0589e+00 +3.0576e+00 +2.6642e+00 -1.5363e-01 +1.2624e+00
% function evaluation | noise-free fitness - Fopt (-2.655800000000e+02) | best noise-free fitness - Fopt | measured fitness | best measured fitness | x1 | x2...
1 +3.101337821e+01 +3.101337821e+01 -2.345666218e+02 -2.345666218e+02 -3.7928e+00 -2.3457e+00 -4.5365e-01 +4.7712e+00 -2.2504e+00
2 +2.163795975e+01 +2.163795975e+01 -2.439420402e+02 -2.439420402e+02 +7.8857e-01 +1.9704e+00 -9.7821e-02 -6.3579e-01 +2.6521e+00
10 +5.032096078e+00 +5.032096078e+00 -2.605479039e+02 -2.605479039e+02 -7.2218e-01 +2.1405e+00 -2.0430e+00 +2.8176e+00 -1.4868e+00
331 +4.994086497e+00 +4.994086497e+00 -2.605859135e+02 -2.605859135e+02 -1.4461e+00 +1.4910e+00 +8.1541e-01 +1.5476e+00 -1.3374e+00
690 +4.718274553e+00 +4.718274553e+00 -2.608617254e+02 -2.608617254e+02 -1.5381e-01 +3.4635e-01 -1.1006e+00 +3.2271e+00 +9.1484e-01
830 +4.614908370e+00 +4.614908370e+00 -2.609650916e+02 -2.609650916e+02 -1.8638e+00 +8.4305e-01 -1.9974e+00 +1.6019e+00 +1.4638e+00
2562 +4.479450604e+00 +4.479450604e+00 -2.611005494e+02 -2.611005494e+02 -1.8055e+00 +2.7388e+00 +2.4166e-01 +2.3032e+00 +1.2735e+00
3457 +2.343951431e+00 +2.343951431e+00 -2.632360486e+02 -2.632360486e+02 -1.8912e+00 +1.5536e+00 -1.1568e+00 +2.5108e+00 -1.4139e+00
5201 +1.682814541e+00 +1.682814541e+00 -2.638971855e+02 -2.638971855e+02 -1.4921e+00 +2.1558e+00 -2.7368e-01 +3.1883e+00 -3.9072e-01
5983 +1.180759381e+00 +1.180759381e+00 -2.643992406e+02 -2.643992406e+02 -6.9265e-01 +1.6404e+00 -9.7576e-01 +2.9587e+00 -3.1285e-01
23203 +5.359457355e-01 +5.359457355e-01 -2.650440543e+02 -2.650440543e+02 -1.6237e+00 +8.9743e-01 -4.5954e-01 +2.0269e+00 -5.6152e-02
33963 +3.827397699e-01 +3.827397699e-01 -2.651972602e+02 -2.651972602e+02 -9.5754e-01 +1.5354e+00 -6.6380e-01 +2.0378e+00 -1.1991e-01
236151 +3.546066786e-01 +3.546066786e-01 -2.652253933e+02 -2.652253933e+02 -1.6137e+00 +1.3381e+00 -7.1669e-01 +1.8717e+00 +3.3797e-01
628345 +3.361019555e-01 +3.361019555e-01 -2.652438980e+02 -2.652438980e+02 -1.5450e+00 +1.6335e+00 -1.3044e+00 +2.1289e+00 +9.7144e-02
802370 +3.233371328e-01 +3.233371328e-01 -2.652566629e+02 -2.652566629e+02 -1.4651e+00 +1.8258e+00 -4.3050e-01 +2.4512e+00 -1.7065e-01
1029412 +2.131492369e-01 +2.131492369e-01 -2.653668508e+02 -2.653668508e+02 -1.7134e+00 +1.1265e+00 -6.8047e-01 +2.2190e+00 -1.5659e-01
2303719 +9.460799023e-02 +9.460799023e-02 -2.654853920e+02 -2.654853920e+02 -1.3520e+00 +1.5691e+00 -5.9536e-01 +2.4635e+00 +5.1945e-02
4873957 +6.588910995e-02 +6.588910995e-02 -2.655141109e+02 -2.655141109e+02 -1.4443e+00 +1.2615e+00 -6.8616e-01 +2.2388e+00 -9.6421e-02
12845409 +1.209974467e-02 +1.209974467e-02 -2.655679003e+02 -2.655679003e+02 -1.4540e+00 +1.4478e+00 -8.4629e-01 +2.3543e+00 +9.0086e-02
% function evaluation | noise-free fitness - Fopt (-5.595000000000e+01) | best noise-free fitness - Fopt | measured fitness | best measured fitness | x1 | x2...
1 +6.094956375e+01 +6.094956375e+01 +4.999563746e+00 +4.999563746e+00 +2.3033e+00 -3.3353e+00 -2.7282e+00 +8.0359e-01 +4.1892e+00
2 +3.365456661e+01 +3.365456661e+01 -2.229543339e+01 -2.229543339e+01 +8.2818e-01 -3.1746e+00 -1.5648e+00 +9.8849e-01 +2.0607e+00
17 +2.629484840e+01 +2.629484840e+01 -2.965515160e+01 -2.965515160e+01 +1.2444e+00 +2.5634e+00 -1.4615e+00 +2.5554e+00 +2.7630e+00
25 +1.896230748e+01 +1.896230748e+01 -3.698769252e+01 -3.698769252e+01 -1.0041e+00 +2.9600e-01 -9.5992e-01 +4.3634e-01 -2.7530e-01
27 +1.391253658e+01 +1.391253658e+01 -4.203746342e+01 -4.203746342e+01 +4.1454e+00 +2.1373e+00 -5.6838e-01 +4.1765e+00 -3.6119e-01
74 +1.122638728e+01 +1.122638728e+01 -4.472361272e+01 -4.472361272e+01 +2.2293e+00 +1.6838e+00 -2.2864e+00 +2.5183e+00 -1.1741e+00
79 +1.092316535e+01 +1.092316535e+01 -4.502683465e+01 -4.502683465e+01 +2.7901e+00 -2.3328e+00 +1.0775e+00 +4.7426e+00 -4.7574e-01
117 +8.030156755e+00 +8.030156755e+00 -4.791984324e+01 -4.791984324e+01 +7.4877e-01 -1.2919e+00 +2.1123e+00 +2.4754e+00 -1.3773e+00
178 +7.687539039e+00 +7.687539039e+00 -4.826246096e+01 -4.826246096e+01 +1.5423e+00 +1.7484e+00 -2.0746e+00 +3.9051e+00 -1.2659e+00
237 +4.082620034e+00 +4.082620034e+00 -5.186737997e+01 -5.186737997e+01 +1.4254e+00 -1.2982e-01 +9.7667e-01 +4.9279e+00 -2.7343e+00
387 +3.762557446e+00 +3.762557446e+00 -5.218744255e+01 -5.218744255e+01 +1.3038e+00 +7.8669e-01 -1.4246e+00 +3.8663e+00 -2.1486e+00
1234 +3.428311451e+00 +3.428311451e+00 -5.252168855e+01 -5.252168855e+01 +3.8240e-01 +2.4055e-01 -8.4324e-01 +4.0370e+00 +2.8554e-02
2120 +3.076282424e+00 +3.076282424e+00 -5.287371758e+01 -5.287371758e+01 +2.6211e+00 -5.0047e-01 -5.2484e-01 +4.2578e+00 -1.2292e+00
2378 +2.757328474e+00 +2.757328474e+00 -5.319267153e+01 -5.319267153e+01 +2.3597e+00 +9.0729e-01 +4.4881e-02 +3.5603e+00 -3.6493e-01
2786 +1.390918374e+00 +1.390918374e+00 -5.455908163e+01 -5.455908163e+01 +8.8087e-01 +9.4329e-01 +8.8298e-02 +3.3839e+00 -1.9195e+00
11353 +1.107664567e+00 +1.107664567e+00 -5.484233543e+01 -5.484233543e+01 +1.9748e+00 +2.9353e-01 +1.8337e-01 +3.2169e+00 -1.5670e+00
12612 +6.721600569e-01 +6.721600569e-01 -5.527783994e+01 -5.527783994e+01 +5.0641e-01 +2.2651e-01 +2.7086e-01 +4.0951e+00 -1.5789e+00
206067 +4.019701506e-01 +4.019701506e-01 -5.554802985e+01 -5.554802985e+01 +1.5207e+00 -3.0356e-01 +6.7442e-02 +3.9948e+00 -1.4916e+00
402991 +3.907313921e-01 +3.907313921e-01 -5.555926861e+01 -5.555926861e+01 +1.5666e+00 +3.6705e-01 +1.4804e-01 +4.0782e+00 -1.6828e+00
576914 +3.406384071e-01 +3.406384071e-01 -5.560936159e+01 -5.560936159e+01 +1.5036e+00 +4.9399e-01 +3.2381e-02 +3.6316e+00 -9.7984e-01
843033 +2.833418376e-01 +2.833418376e-01 -5.566665816e+01 -5.566665816e+01 +1.1892e+00 +5.7712e-01 +2.4805e-01 +3.9161e+00 -1.5868e+00
1982516 +1.122272700e-01 +1.122272700e-01 -5.583777273e+01 -5.583777273e+01 +1.0484e+00 +9.6401e-02 +2.0600e-01 +3.9506e+00 -9.8995e-01
2274275 +7.260372312e-02 +7.260372312e-02 -5.587739628e+01 -5.587739628e+01 +1.2845e+00 -3.1917e-02 +1.2843e-01 +4.0213e+00 -1.2642e+00
28244810 +4.241547269e-02 +4.241547269e-02 -5.590758453e+01 -5.590758453e+01 +1.0548e+00 +1.0403e-01 +1.7551e-01 +3.9244e+00 -1.3484e+00
% function evaluation | noise-free fitness - Fopt (8.746000000000e+01) | best noise-free fitness - Fopt | measured fitness | best measured fitness | x1 | x2...
1 +3.295413765e+01 +3.295413765e+01 +1.204141377e+02 +1.204141377e+02 +2.6630e+00 -2.6272e-01 +4.4907e-02 -2.5896e+00 +1.4699e+00
7 +1.441125674e+01 +1.441125674e+01 +1.018712567e+02 +1.018712567e+02 -3.7049e+00 -1.0016e-01 +3.0264e+00 -2.7437e+00 +3.8756e+00
196 +1.011641354e+01 +1.011641354e+01 +9.757641354e+01 +9.757641354e+01 -1.8548e+00 +1.7524e+00 +2.6467e+00 -9.7825e-03 +2.8800e+00
852 +3.491668295e+00 +3.491668295e+00 +9.095166830e+01 +9.095166830e+01 -2.3571e+00 +7.9031e-01 +3.0874e+00 -2.5619e+00 +9.7805e-01
1371 +2.555126654e+00 +2.555126654e+00 +9.001512665e+01 +9.001512665e+01 -1.6773e+00 +7.4859e-01 +4.7894e+00 -2.3130e+00 +2.0039e+00
4195 +1.035006594e+00 +1.035006594e+00 +8.849500659e+01 +8.849500659e+01 -1.8725e+00 +7.3539e-01 +3.5170e+00 -1.4908e+00 +1.3017e+00
12530 +8.630216012e-01 +8.630216012e-01 +8.832302160e+01 +8.832302160e+01 -8.9752e-01 -2.6381e-01 +4.3255e+00 -2.1839e+00 +1.1476e+00
101948 +4.760851546e-01 +4.760851546e-01 +8.793608515e+01 +8.793608515e+01 -1.6407e+00 +3.2263e-02 +4.1019e+00 -1.1565e+00 +7.7812e-01
142775 +4.349696005e-01 +4.349696005e-01 +8.789496960e+01 +8.789496960e+01 -1.3422e+00 -7.3883e-03 +4.2027e+00 -1.1808e+00 +7.8241e-01
397272 +3.593057244e-01 +3.593057244e-01 +8.781930572e+01 +8.781930572e+01 -1.6350e+00 -2.6574e-01 +4.2116e+00 -1.9553e+00 +1.1217e+00
505634 +3.215048425e-01 +3.215048425e-01 +8.778150484e+01 +8.778150484e+01 -1.6417e+00 -4.9253e-01 +3.7198e+00 -1.6562e+00 +1.3223e+00
930138 +2.808634419e-01 +2.808634419e-01 +8.774086344e+01 +8.774086344e+01 -1.5226e+00 +1.1448e-01 +3.8410e+00 -1.7043e+00 +8.1973e-01
978516 +1.048775857e-01 +1.048775857e-01 +8.756487759e+01 +8.756487759e+01 -1.4803e+00 -6.2638e-02 +3.7426e+00 -1.7775e+00 +1.2707e+00
4246041 +5.665268507e-02 +5.665268507e-02 +8.751665269e+01 +8.751665269e+01 -1.4602e+00 +7.8997e-04 +3.8679e+00 -1.3350e+00 +1.2611e+00
5610676 +3.404325329e-02 +3.404325329e-02 +8.749404325e+01 +8.749404325e+01 -1.3677e+00 -1.4958e-01 +3.8467e+00 -1.5808e+00 +1.3725e+00
% function evaluation | noise-free fitness - Fopt (-6.545000000000e+01) | best noise-free fitness - Fopt | measured fitness | best measured fitness | x1 | x2...
1 +5.680540756e+01 +5.680540756e+01 -8.644592443e+00 -8.644592443e+00 +1.3713e+00 -4.4032e+00 +1.3204e+00 +3.7369e+00 -1.5734e+00
4 +3.622321594e+01 +3.622321594e+01 -2.922678406e+01 -2.922678406e+01 +2.0230e+00 +2.3623e+00 +2.0828e+00 -3.5564e-01 -3.0619e+00
10 +1.915075717e+01 +1.915075717e+01 -4.629924283e+01 -4.629924283e+01 +1.4355e+00 +8.0212e-01 +1.6694e+00 +1.8768e+00 -1.0012e+00
32 +1.488247954e+01 +1.488247954e+01 -5.056752046e+01 -5.056752046e+01 -3.7461e+00 +4.0756e+00 -1.7967e+00 +4.6786e+00 -1.4151e+00
71 +1.447993709e+01 +1.447993709e+01 -5.097006291e+01 -5.097006291e+01 +9.5475e-01 +9.3032e-01 +1.7802e+00 +3.8951e+00 -6.7630e-01
72 +7.233515301e+00 +7.233515301e+00 -5.821648470e+01 -5.821648470e+01 -8.0846e-01 +1.2602e+00 +3.6047e-01 +4.8882e+00 -3.2963e+00
169 +5.960955321e+00 +5.960955321e+00 -5.948904468e+01 -5.948904468e+01 -1.9807e+00 +2.9501e+00 -2.7087e+00 +4.8839e+00 -1.8075e+00
435 +4.127676136e+00 +4.127676136e+00 -6.132232386e+01 -6.132232386e+01 -5.9557e-01 +1.9928e+00 +8.1627e-03 +2.4247e+00 -1.3076e+00
957 +2.852747788e+00 +2.852747788e+00 -6.259725221e+01 -6.259725221e+01 -3.4308e-01 +2.3373e+00 +4.0511e-01 +3.4043e+00 -1.7930e+00
1521 +1.623337135e+00 +1.623337135e+00 -6.382666286e+01 -6.382666286e+01 +5.5927e-01 +2.2312e+00 -1.1508e+00 +3.3146e+00 -1.2771e+00
5555 +1.464802307e+00 +1.464802307e+00 -6.398519769e+01 -6.398519769e+01 -1.5615e+00 +2.6551e+00 -1.4056e+00 +4.1172e+00 -1.9190e+00
32580 +9.000197424e-01 +9.000197424e-01 -6.454998026e+01 -6.454998026e+01 -8.4600e-01 +2.2143e+00 -9.6816e-01 +4.5567e+00 -1.4664e+00
44455 +6.002454864e-01 +6.002454864e-01 -6.484975451e+01 -6.484975451e+01 -1.0806e+00 +2.4762e+00 -1.4884e+00 +3.6571e+00 -1.9823e+00
171463 +3.102019089e-01 +3.102019089e-01 -6.513979809e+01 -6.513979809e+01 -4.3747e-01 +2.2930e+00 -8.7200e-01 +3.5058e+00 -1.6660e+00
450374 +2.692639011e-01 +2.692639011e-01 -6.518073610e+01 -6.518073610e+01 -4.3231e-02 +2.3196e+00 -1.4265e+00 +3.8472e+00 -1.5747e+00
1433003 +1.802531667e-01 +1.802531667e-01 -6.526974683e+01 -6.526974683e+01 -4.1077e-01 +2.6985e+00 -1.1758e+00 +3.8476e+00 -2.1808e+00
2156420 +1.750470262e-01 +1.750470262e-01 -6.527495297e+01 -6.527495297e+01 -6.2969e-01 +2.2949e+00 -1.1241e+00 +3.7446e+00 -1.5600e+00
2821625 +5.333491276e-02 +5.333491276e-02 -6.539666509e+01 -6.539666509e+01 -3.1214e-01 +2.5302e+00 -1.1796e+00 +3.6864e+00 -1.8010e+00
% function evaluation | noise-free fitness - Fopt (-5.761000000000e+01) | best noise-free fitness - Fopt | measured fitness | best measured fitness | x1 | x2...
1 +8.056512671e+01 +8.056512671e+01 +2.295512671e+01 +2.295512671e+01 +3.0238e+00 -3.7331e+00 +1.6726e+00 +4.2233e+00 -8.8230e-01
2 +1.893291222e+01 +1.893291222e+01 -3.867708778e+01 -3.867708778e+01 -4.6974e+00 -4.9343e-03 -2.2668e+00 +1.5302e+00 +2.5935e+00
9 +1.853755728e+01 +1.853755728e+01 -3.907244272e+01 -3.907244272e+01 -2.6281e+00 +2.7744e-01 -6.1818e-01 +4.6452e+00 +3.6558e+00
19 +8.965382886e+00 +8.965382886e+00 -4.864461711e+01 -4.864461711e+01 -4.6198e+00 +1.1994e+00 +1.3288e+00 +3.5983e-01 +3.4964e+00
257 +8.877100201e+00 +8.877100201e+00 -4.873289980e+01 -4.873289980e+01 -3.3088e+00 +1.7718e+00 -5.9252e-02 -1.6688e-01 +6.8685e-01
399 +6.482093243e+00 +6.482093243e+00 -5.112790676e+01 -5.112790676e+01 -3.8511e+00 -5.6453e-03 +3.5265e+00 +1.3831e+00 +1.5838e+00
1048 +4.731395946e+00 +4.731395946e+00 -5.287860405e+01 -5.287860405e+01 -4.9955e+00 +8.9121e-01 +2.6964e+00 +1.4856e+00 +2.3950e+00
1295 +2.322563770e+00 +2.322563770e+00 -5.528743623e+01 -5.528743623e+01 -3.4562e+00 +3.6136e-01 +1.8770e+00 +2.6201e+00 +2.7323e-01
3472 +1.384873724e+00 +1.384873724e+00 -5.622512628e+01 -5.622512628e+01 -4.0182e+00 +4.4397e-01 +1.0266e+00 +2.1124e+00 +6.7859e-01
9332 +1.012225852e+00 +1.012225852e+00 -5.659777415e+01 -5.659777415e+01 -4.1827e+00 +2.0293e+00 +1.4791e+00 +2.0104e+00 +7.5934e-01
15790 +7.274573490e-01 +7.274573490e-01 -5.688254265e+01 -5.688254265e+01 -3.3342e+00 +1.1014e+00 +1.8431e+00 +1.8988e+00 +7.5480e-01
41407 +2.776073703e-01 +2.776073703e-01 -5.733239263e+01 -5.733239263e+01 -3.8429e+00 +1.3154e+00 +1.2743e+00 +2.3447e+00 +8.4756e-01
501958 +2.684203172e-01 +2.684203172e-01 -5.734157968e+01 -5.734157968e+01 -4.0543e+00 +1.5758e+00 +1.5700e+00 +2.4911e+00 +1.1219e+00
1083969 +2.574625974e-01 +2.574625974e-01 -5.735253740e+01 -5.735253740e+01 -4.0013e+00 +1.3552e+00 +1.4589e+00 +2.0659e+00 +1.7252e+00
1427344 +2.031571532e-01 +2.031571532e-01 -5.740684285e+01 -5.740684285e+01 -3.5103e+00 +1.4507e+00 +1.2070e+00 +2.1941e+00 +1.2262e+00
6145909 +8.949181565e-02 +8.949181565e-02 -5.752050818e+01 -5.752050818e+01 -3.8483e+00 +1.1364e+00 +1.7538e+00 +2.1367e+00 +1.3264e+00
13246878 +5.983263938e-02 +5.983263938e-02 -5.755016736e+01 -5.755016736e+01 -3.8782e+00 +1.2117e+00 +1.5422e+00 +1.9883e+00 +1.3430e+00
20792025 +5.710715093e-02 +5.710715093e-02 -5.755289285e+01 -5.755289285e+01 -3.9495e+00 +1.2299e+00 +1.4506e+00 +2.0438e+00 +1.3352e+00
% function evaluation | noise-free fitness - Fopt (-2.116000000000e+02) | best noise-free fitness - Fopt | measured fitness | best measured fitness | x1 | x2...
1 +3.393731976e+01 +3.393731976e+01 -1.776626802e+02 -1.776626802e+02 -2.9495e+00 -3.0625e-01 +4.3040e+00 +1.5370e+00 +2.8830e+00
3 +7.055813619e+00 +7.055813619e+00 -2.045441864e+02 -2.045441864e+02 +4.0858e-01 +1.2483e+00 +1.9692e+00 +4.2721e+00 +1.3114e+00
106 +6.636106337e+00 +6.636106337e+00 -2.049638937e+02 -2.049638937e+02 +2.5678e+00 -8.3940e-01 +2.6815e+00 +1.7498e+00 +1.2250e+00
117 +3.627183784e+00 +3.627183784e+00 -2.079728162e+02 -2.079728162e+02 +3.7556e+00 +7.3455e-01 +3.6027e+00 +2.4635e+00 +2.1500e+00
993 +1.241037189e+00 +1.241037189e+00 -2.103589628e+02 -2.103589628e+02 +2.2962e+00 +1.1811e+00 +2.3019e+00 +3.5387e+00 +3.3165e+00
14656 +1.190173571e+00 +1.190173571e+00 -2.104098264e+02 -2.104098264e+02 +3.0394e+00 +8.4903e-01 +2.4311e+00 +3.8370e+00 +2.9593e+00
15058 +1.159828218e+00 +1.159828218e+00 -2.104401718e+02 -2.104401718e+02 +1.8645e+00 +3.0895e-01 +3.1567e+00 +2.8199e+00 +1.8409e+00
31642 +7.066179863e-01 +7.066179863e-01 -2.108933820e+02 -2.108933820e+02 +2.3489e+00 +5.8156e-01 +2.8492e+00 +3.1830e+00 +1.7179e+00
103964 +3.619270376e-01 +3.619270376e-01 -2.112380730e+02 -2.112380730e+02 +2.3074e+00 +1.1467e+00 +3.0931e+00 +3.2346e+00 +2.7618e+00
135280 +2.739509646e-01 +2.739509646e-01 -2.113260490e+02 -2.113260490e+02 +1.9656e+00 +7.1196e-01 +3.2492e+00 +3.4210e+00 +2.6389e+00
634984 +2.466863463e-01 +2.466863463e-01 -2.113533137e+02 -2.113533137e+02 +2.4476e+00 +9.0936e-01 +2.6733e+00 +3.3337e+00 +2.8816e+00
839673 +2.442913444e-01 +2.442913444e-01 -2.113557087e+02 -2.113557087e+02 +2.4919e+00 +3.5313e-01 +2.6464e+00 +3.5204e+00 +2.3322e+00
2421546 +1.260949875e-01 +1.260949875e-01 -2.114739050e+02 -2.114739050e+02 +2.4047e+00 +5.9968e-01 +2.5398e+00 +3.3857e+00 +2.4721e+00
3130461 +1.175518799e-01 +1.175518799e-01 -2.114824481e+02 -2.114824481e+02 +2.3137e+00 +5.4572e-01 +2.9629e+00 +3.6309e+00 +2.3876e+00
3367047 +5.019459575e-02 +5.019459575e-02 -2.115498054e+02 -2.115498054e+02 +2.3611e+00 +5.3085e-01 +2.9477e+00 +3.2722e+00 +2.6663e+00
7937837 +2.178576148e-02 +2.178576148e-02 -2.115782142e+02 -2.115782142e+02 +2.1601e+00 +6.5629e-01 +2.8339e+00 +3.3414e+00 +2.5799e+00
% function evaluation | noise-free fitness - Fopt (-1.188600000000e+02) | best noise-free fitness - Fopt | measured fitness | best measured fitness | x1 | x2...
1 +6.551873120e+01 +6.551873120e+01 -5.334126880e+01 -5.334126880e+01 +4.5947e+00 -4.1149e+00 -1.5014e+00 +3.3767e+00 -2.6616e+00
2 +5.359061952e+01 +5.359061952e+01 -6.526938048e+01 -6.526938048e+01 +6.9307e-01 +4.2284e+00 -2.4709e+00 -1.6624e+00 +1.2962e+00
3 +2.667968795e+01 +2.667968795e+01 -9.218031205e+01 -9.218031205e+01 -1.6410e+00 -4.5976e+00 +1.1814e+00 +4.2725e-01 -4.1263e+00
4 +1.719439998e+01 +1.719439998e+01 -1.016656000e+02 -1.016656000e+02 +4.8575e-01 +2.3725e+00 +1.6386e-01 +3.3892e-01 -5.2306e-01
61 +9.424167946e+00 +9.424167946e+00 -1.094358321e+02 -1.094358321e+02 -9.5304e-01 -1.9760e+00 +3.5513e+00 -1.6622e+00 -2.7381e+00
122 +3.353064722e+00 +3.353064722e+00 -1.155069353e+02 -1.155069353e+02 -6.9478e-01 -1.4384e+00 +1.2336e+00 -3.0232e-01 -2.7035e+00
220 +2.659927539e+00 +2.659927539e+00 -1.162000725e+02 -1.162000725e+02 -9.0477e-01 -3.2585e-01 +2.6106e+00 -1.2862e+00 -3.1604e+00
287 +2.371056530e+00 +2.371056530e+00 -1.164889435e+02 -1.164889435e+02 -4.4206e-02 +1.7970e-01 +1.3399e+00 -1.4371e+00 -4.5404e+00
3920 +1.055316742e+00 +1.055316742e+00 -1.178046833e+02 -1.178046833e+02 +1.9669e-01 +5.1130e-01 +8.3854e-01 -1.7207e+00 -3.3915e+00
22147 +5.556403047e-01 +5.556403047e-01 -1.183043597e+02 -1.183043597e+02 +3.4976e-01 +1.7119e-01 +8.8943e-01 -1.4840e+00 -2.7143e+00
237469 +5.224870332e-01 +5.224870332e-01 -1.183375130e+02 -1.183375130e+02 +4.8735e-01 -2.9489e-01 +1.8443e+00 -9.4451e-01 -3.2071e+00
442365 +4.545285767e-01 +4.545285767e-01 -1.184054714e+02 -1.184054714e+02 -3.3351e-01 +1.8745e-01 +1.4083e+00 -1.4730e+00 -2.7980e+00
730601 +1.641849186e-01 +1.641849186e-01 -1.186958151e+02 -1.186958151e+02 +6.6567e-03 +1.0315e-01 +1.2424e+00 -1.4457e+00 -2.8906e+00
2069758 +6.576467505e-02 +6.576467505e-02 -1.187942353e+02 -1.187942353e+02 +1.1195e-01 -1.0376e-01 +1.2586e+00 -1.2906e+00 -2.8395e+00
22049395 +6.284353050e-02 +6.284353050e-02 -1.187971565e+02 -1.187971565e+02 +2.7339e-01 -2.3989e-01 +1.4925e+00 -1.2164e+00 -2.9452e+00
26061524 +3.664729625e-02 +3.664729625e-02 -1.188233527e+02 -1.188233527e+02 +4.3886e-02 -9.5307e-02 +1.5036e+00 -1.2867e+00 -3.0450e+00
46983337 +1.501630779e-02 +1.501630779e-02 -1.188449837e+02 -1.188449837e+02 +1.3392e-01 -2.4875e-01 +1.3816e+00 -1.1907e+00 -3.0887e+00
