% function evaluation | noise-free fitness - Fopt (-5.465000000000e+02) | best noise-free fitness - Fopt | measured fitness | best measured fitness | x1 | x2...
1 +3.422622314e+04 +3.422622314e+04 +3.367972314e+04 +3.367972314e+04 +2.2248e+00 -3.0353e+00 -3.9685e+00 -2.0803e+00 +7.0881e-01
2 +2.948923912e+04 +2.948923912e+04 +2.894273912e+04 +2.894273912e+04 +3.4890e+00 -2.4115e+00 -1.3870e+00 +4.6331e-01 -6.1373e-01
5 +1.927849890e+04 +1.927849890e+04 +1.873199890e+04 +1.873199890e+04 +3.3029e+00 +1.5792e-01 -1.8365e+00 -2.7979e+00 +3.9759e+00
6 +4.453559918e+02 +4.453559918e+02 -1.011440082e+02 -1.011440082e+02 +2.7601e-01 -1.8856e-02 +2.7235e+00 +4.3434e-01 +2.8429e+00
36 +2.070411206e+02 +2.070411206e+02 -3.394588794e+02 -3.394588794e+02 +1.0195e+00 +3.7149e+00 -8.5629e-01 -1.0606e+00 +2.2478e+00
177 +1.681289549e+02 +1.681289549e+02 -3.783710451e+02 -3.783710451e+02 +1.5502e+00 +2.1510e-01 +6.5539e-01 -2.9048e+00 +1.4875e+00
335 +7.090822404e+01 +7.090822404e+01 -4.755917760e+02 -4.755917760e+02 -2.6415e+00 +2.1588e+00 +7.8693e-01 -4.9268e-01 +2.7526e+00
446 +5.165790782e+00 +5.165790782e+00 -5.413342092e+02 -5.413342092e+02 -2.2099e+00 -1.1284e+00 +1.1877e+00 -1.9252e+00 +8.0174e-01
820 +3.277683968e+00 +3.277683968e+00 -5.432223160e+02 -5.432223160e+02 +9.8954e-02 -2.1919e-01 +2.1221e+00 -1.1400e+00 +8.8529e-01
3174 +2.567389094e+00 +2.567389094e+00 -5.439326109e+02 -5.439326109e+02 -2.2974e+00 -1.2167e+00 +8.0902e-01 -2.4611e+00 +2.0634e+00
69353 +2.117383981e+00 +2.117383981e+00 -5.443826160e+02 -5.443826160e+02 +2.4596e+00 +4.7950e-01 +2.4385e+00 -1.9341e+00 +9.3878e-01
160256 +1.605692641e+00 +1.605692641e+00 -5.448943074e+02 -5.448943074e+02 +6.5756e-01 +2.8231e+00 +1.0656e-02 -1.1435e+00 +2.3270e+00
171571 +1.089934048e+00 +1.089934048e+00 -5.454100660e+02 -5.454100660e+02 -1.8894e+00 -4.0950e-01 +2.7173e+00 -1.9853e+00 +2.1164e+00
5774046 +9.318947811e-01 +9.318947811e-01 -5.455681052e+02 -5.455681052e+02 +1.4366e+00 +3.1107e+00 -1.7630e-01 -2.7101e+00 +1.9250e+00
8131153 +8.691262336e-01 +8.691262336e-01 -5.456308738e+02 -5.456308738e+02 +1.3726e+00 +2.9416e+00 +1.8461e+00 -2.1453e+00 +9.7978e-01
26078643 +8.364502502e-01 +8.364502502e-01 -5.456635497e+02 -5.456635497e+02 +2.5233e+00 +3.2242e+00 +1.7891e+00 -2.1830e+00 +2.0426e+00
% function evaluation | noise-free fitness - Fopt (1.000000000000e+03) | best noise-free fitness - Fopt | measured fitness | best measured fitness | x1 | x2...
1 +3.250644090e+03 +3.250644090e+03 +4.250644090e+03 +4.250644090e+03 -3.4543e+00 -2.4269e+00 -9.7176e-01 -3.5569e+00 -2.1074e+00
15 +1.505427564e+02 +1.505427564e+02 +1.150542756e+03 +1.150542756e+03 +3.0001e+00 -1.6433e-01 +1.0062e-01 -2.5649e+00 -6.7260e-01
206 +2.311350422e+00 +2.311350422e+00 +1.002311350e+03 +1.002311350e+03 -1.7339e+00 +2.2111e+00 -2.0841e+00 -1.7254e+00 -1.8141e+00
95381 +2.153714653e+00 +2.153714653e+00 +1.002153715e+03 +1.002153715e+03 -2.0185e+00 +5.8713e-01 -2.6194e+00 -8.1180e-01 -2.3950e+00
95907 +2.008220077e+00 +2.008220077e+00 +1.002008220e+03 +1.002008220e+03 -4.7521e-01 +1.5574e+00 -2.1834e+00 -5.8519e-01 -2.4875e+00
317227 +1.791785220e+00 +1.791785220e+00 +1.001791785e+03 +1.001791785e+03 +1.8491e-01 +2.5822e+00 +6.4054e-02 -1.1411e+00 -1.1747e+00
353103 +1.092052204e+00 +1.092052204e+00 +1.001092052e+03 +1.001092052e+03 -2.1530e+00 +2.0327e+00 -5.9117e-01 -2.4551e+00 -9.1028e-01
3882592 +1.059856333e+00 +1.059856333e+00 +1.001059856e+03 +1.001059856e+03 +1.5087e+00 +2.9755e+00 -1.3172e+00 -2.3227e+00 -8.8304e-01
6540777 +9.041591200e-01 +9.041591200e-01 +1.000904159e+03 +1.000904159e+03 -9.7257e-01 +2.3042e+00 -2.0151e+00 -2.0571e+00 -2.1295e+00
14951706 +6.828246101e-01 +6.828246101e-01 +1.000682825e+03 +1.000682825e+03 -2.1590e+00 +2.1878e+00 -1.5009e+00 -2.2599e+00 -2.0835e+00
29769536 +6.143987210e-01 +6.143987210e-01 +1.000614399e+03 +1.000614399e+03 -2.2643e+00 +2.0010e+00 -1.3071e-01 -2.5866e+00 -1.9726e+00
% function evaluation | noise-free fitness - Fopt (2.083800000000e+02) | best noise-free fitness - Fopt | measured fitness | best measured fitness | x1 | x2...
1 +1.872782184e+04 +1.872782184e+04 +1.893620184e+04 +1.893620184e+04 +5.2095e-01 -1.5712e+00 +5.9165e-01 -3.3102e-01 -7.7124e-01
4 +6.788141032e+02 +6.788141032e+02 +8.871941032e+02 +8.871941032e+02 -3.7499e+00 -7.5262e-01 +1.3097e+00 +2.1032e-01 +2.4358e+00
95 +4.916156746e+00 +4.916156746e+00 +2.132961567e+02 +2.132961567e+02 -4.9656e-01 +5.3515e-01 +2.2221e+00 +1.3688e+00 +8.8176e-01
582 +4.317894195e+00 +4.317894195e+00 +2.126978942e+02 +2.126978942e+02 -1.7617e+00 -3.6410e-01 +9.6241e-01 +1.6433e+00 +2.1153e+00
985 +3.399601810e+00 +3.399601810e+00 +2.117796018e+02 +2.117796018e+02 +1.3517e+00 +2.7603e-01 +1.1872e+00 +1.9635e+00 +7.1466e-01
1641 +3.082180448e+00 +3.082180448e+00 +2.114621804e+02 +2.114621804e+02 -2.3156e+00 -5.8685e-01 +5.5197e-01 +1.3420e+00 +1.4184e+00
14240 +2.930370328e+00 +2.930370328e+00 +2.113103703e+02 +2.113103703e+02 +1.8453e-01 +1.6315e+00 +1.6587e-01 +2.6163e+00 +1.2821e+00
24995 +2.640615965e+00 +2.640615965e+00 +2.110206160e+02 +2.110206160e+02 +2.3962e+00 -2.3157e-01 +2.7223e+00 +1.0052e+00 +2.3131e+00
57080 +2.508973525e+00 +2.508973525e+00 +2.108889735e+02 +2.108889735e+02 +1.4621e+00 +9.3624e-01 +2.4059e+00 +2.9041e-01 +2.5373e+00
61547 +2.086154822e+00 +2.086154822e+00 +2.104661548e+02 +2.104661548e+02 +6.7372e-01 +1.4818e+00 +2.2222e+00 +1.9528e+00 +2.1323e+00
156314 +1.767431174e+00 +1.767431174e+00 +2.101474312e+02 +2.101474312e+02 -2.1784e+00 +2.1979e+00 +5.3127e-01 +2.4730e+00 +1.4915e+00
200499 +1.480650352e+00 +1.480650352e+00 +2.098606504e+02 +2.098606504e+02 +1.4614e+00 +2.7901e+00 +1.9459e+00 +7.0178e-01 +2.4540e+00
262445 +1.343710883e+00 +1.343710883e+00 +2.097237109e+02 +2.097237109e+02 +1.6185e+00 +3.0910e+00 +1.9088e+00 +5.2438e-01 +2.5294e+00
4560164 +1.132741014e+00 +1.132741014e+00 +2.095127410e+02 +2.095127410e+02 -2.2771e+00 +2.0817e+00 +2.0905e+00 +2.0744e+00 +6.7674e-01
5365238 +9.769457055e-01 +9.769457055e-01 +2.093569457e+02 +2.093569457e+02 +1.4369e+00 +3.0324e+00 +1.7677e+00 +2.1518e+00 +9.3768e-01
9714963 +8.560774233e-01 +8.560774233e-01 +2.092360774e+02 +2.092360774e+02 -2.1854e+00 +2.1333e+00 +2.0506e+00 +6.4812e-01 +1.3045e+00
% function evaluation | noise-free fitness - Fopt (-1.449600000000e+02) | best noise-free fitness - Fopt | measured fitness | best measured fitness | x1 | x2...
1 +3.143978244e+04 +3.143978244e+04 +3.129482244e+04 +3.129482244e+04 -8.2579e-01 +4.0714e-01 -3.5964e+00 -4.3029e+00 -3.7964e+00
6 +2.067589102e+04 +2.067589102e+04 +2.053093102e+04 +2.053093102e+04 -2.2409e+00 +2.0515e+00 +2.1884e+00 +6.3216e-01 -3.7779e+00
10 +1.296018589e+04 +1.296018589e+04 +1.281522589e+04 +1.281522589e+04 +1.6517e+00 -4.3873e+00 -4.8536e+00 -1.7253e+00 -2.0765e+00
15 +1.456587461e+03 +1.456587461e+03 +1.311627461e+03 +1.311627461e+03 +4.4059e+00 -2.4508e+00 +4.0611e-01 -2.5242e+00 -1.2930e+00
21 +1.088573539e+03 +1.088573539e+03 +9.436135391e+02 +9.436135391e+02 -3.6744e+00 -1.6589e+00 -2.3065e+00 -2.7096e+00 -1.2652e+00
71 +9.351634684e+02 +9.351634684e+02 +7.902034684e+02 +7.902034684e+02 +1.8148e+00 +5.4540e-01 -3.4471e+00 +6.0417e-01 -3.1446e+00
78 +1.749618950e+02 +1.749618950e+02 +3.000189503e+01 +3.000189503e+01 +5.9507e-01 -3.5655e+00 +5.3447e-01 -1.4702e+00 -1.9527e+00
656 +1.311282090e+02 +1.311282090e+02 -1.383179096e+01 -1.383179096e+01 -1.2588e+00 +6.2961e-03 +2.7273e-01 -8.8643e-01 -2.3086e+00
881 +1.306467042e+01 +1.306467042e+01 -1.318953296e+02 -1.318953296e+02 +1.6526e+00 -2.0879e+00 +5.7119e-01 -1.8434e+00 -1.3548e+00
948 +7.053800246e+00 +7.053800246e+00 -1.379061998e+02 -1.379061998e+02 +2.5886e+00 +7.9385e-02 -2.4174e+00 -1.3663e+00 -1.4340e+00
1001 +4.501047728e+00 +4.501047728e+00 -1.404589523e+02 -1.404589523e+02 -6.4730e-01 -6.5884e-01 -2.2433e+00 -1.1043e+00 -1.9760e+00
1089 +2.900640537e+00 +2.900640537e+00 -1.420593595e+02 -1.420593595e+02 -1.0090e+00 -8.6488e-01 -1.7036e+00 -2.2141e+00 -1.4504e+00
2369 +2.070572514e+00 +2.070572514e+00 -1.428894275e+02 -1.428894275e+02 +2.3865e+00 -5.0932e-01 -2.6114e+00 -4.3264e-01 -1.3682e+00
13692 +1.989061465e+00 +1.989061465e+00 -1.429709385e+02 -1.429709385e+02 +2.4903e+00 -3.1232e+00 -3.4407e-01 -2.5073e+00 -5.4905e-01
324580 +1.864785202e+00 +1.864785202e+00 -1.430952148e+02 -1.430952148e+02 -3.6883e-01 -2.5968e+00 -1.9625e+00 -6.4865e-01 -1.2477e+00
427010 +1.356579396e+00 +1.356579396e+00 -1.436034206e+02 -1.436034206e+02 -2.0191e+00 -2.0781e+00 -2.0371e+00 -1.1955e+00 -1.1703e+00
2729445 +1.262601521e+00 +1.262601521e+00 -1.436973985e+02 -1.436973985e+02 +1.5509e+00 -4.9160e-01 -2.5664e+00 -1.9665e+00 -2.1766e+00
4545561 +9.675160749e-01 +9.675160749e-01 -1.439924839e+02 -1.439924839e+02 +1.5706e+00 -3.0076e+00 -1.8417e+00 -5.5850e-01 -2.4770e+00
17831777 +9.137035866e-01 +9.137035866e-01 -1.440462964e+02 -1.440462964e+02 +1.5426e+00 -3.0054e+00 -1.9077e+00 -2.2163e+00 -2.0079e+00
22389054 +8.955191993e-01 +8.955191993e-01 -1.440644808e+02 -1.440644808e+02 -2.0676e+00 -2.1099e+00 -1.3996e-01 -2.5267e+00 -8.5060e-01
% function evaluation | noise-free fitness - Fopt (-6.300000000000e+00) | best noise-free fitness - Fopt | measured fitness | best measured fitness | x1 | x2...
1 +1.451972471e+04 +1.451972471e+04 +1.451342471e+04 +1.451342471e+04 +4.2661e+00 +3.4724e+00 -6.9953e-01 +4.8751e+00 -1.6089e+00
2 +1.399003396e+04 +1.399003396e+04 +1.398373396e+04 +1.398373396e+04 +4.9581e+00 -1.8279e+00 +3.4374e+00 +2.0374e+00 -1.6944e+00
11 +1.092862361e+04 +1.092862361e+04 +1.092232361e+04 +1.092232361e+04 +1.9254e+00 +4.5146e+00 -4.6687e+00 +1.2315e+00 -3.3139e+00
18 +4.446825343e+03 +4.446825343e+03 +4.440525343e+03 +4.440525343e+03 -8.3267e-01 -2.7725e+00 -2.0982e+00 +1.6624e+00 +2.9464e-01
20 +6.769105711e+02 +6.769105711e+02 +6.706105711e+02 +6.706105711e+02 -3.7971e+00 -3.7743e+00 +5.2312e-01 +1.2394e+00 -2.2791e+00
69 +3.175412094e+01 +3.175412094e+01 +2.545412094e+01 +2.545412094e+01 +4.1953e-01 -1.4130e+00 +4.5802e-01 +9.8076e-01 -2.1746e+00
143 +3.038516929e+01 +3.038516929e+01 +2.408516929e+01 +2.408516929e+01 +2.2709e+00 -1.7460e+00 -1.1227e+00 +2.0297e+00 -5.8499e-01
280 +4.671654695e+00 +4.671654695e+00 -1.628345305e+00 -1.628345305e+00 -2.3431e+00 -3.4716e+00 +5.6693e-02 +1.5147e+00 -1.6512e+00
781 +4.179659362e+00 +4.179659362e+00 -2.120340638e+00 -2.120340638e+00 +1.3247e+00 -8.2195e-02 -7.8255e-03 +1.5111e+00 -1.8409e+00
1524 +3.198838756e+00 +3.198838756e+00 -3.101161244e+00 -3.101161244e+00 -7.1809e-01 -2.9913e+00 -6.2490e-01 +2.3819e+00 -1.4506e+00
3266 +2.726453770e+00 +2.726453770e+00 -3.573546230e+00 -3.573546230e+00 -1.7440e+00 -1.4319e+00 -8.2066e-01 +2.4157e+00 -9.2642e-01
19975 +2.452818233e+00 +2.452818233e+00 -3.847181767e+00 -3.847181767e+00 -1.6100e+00 -1.5803e+00 -1.1021e-01 +2.5253e+00 -9.0265e-01
79920 +2.395379171e+00 +2.395379171e+00 -3.904620829e+00 -3.904620829e+00 -1.5499e+00 -3.1701e+00 -1.0953e+00 +2.2449e+00 -9.0045e-01
125049 +2.045135163e+00 +2.045135163e+00 -4.254864837e+00 -4.254864837e+00 -1.4225e+00 -2.0928e+00 -2.1760e+00 +6.0077e-01 -1.9094e+00
343678 +1.800580024e+00 +1.800580024e+00 -4.499419976e+00 -4.499419976e+00 +2.2042e+00 +5.2378e-01 -1.6344e-01 +2.1601e+00 -9.6733e-01
592779 +1.726043293e+00 +1.726043293e+00 -4.573956707e+00 -4.573956707e+00 -2.4914e+00 -5.8726e-01 -2.3560e+00 +5.0349e-01 -2.4561e+00
795661 +7.385913009e-01 +7.385913009e-01 -5.561408699e+00 -5.561408699e+00 +2.1514e+00 -2.0876e+00 -1.9921e+00 +6.4722e-01 -2.4691e+00
% function evaluation | noise-free fitness - Fopt (7.056400000000e+02) | best noise-free fitness - Fopt | measured fitness | best measured fitness | x1 | x2...
1 +2.211378673e+05 +2.211378673e+05 +2.218435073e+05 +2.218435073e+05 -4.0828e+00 -2.3203e+00 +3.9122e+00 +1.7813e+00 -4.8455e+00
2 +7.880090190e+04 +7.880090190e+04 +7.950654190e+04 +7.950654190e+04 +3.8176e+00 -1.8098e+00 +3.7514e+00 +2.0593e+00 -6.5810e-01
4 +2.168042164e+04 +2.168042164e+04 +2.238606164e+04 +2.238606164e+04 +1.5314e+00 +2.8837e+00 +1.2574e-01 +1.1882e-01 -1.0368e+00
11 +2.667005509e+03 +2.667005509e+03 +3.372645509e+03 +3.372645509e+03 +3.6422e-01 +1.5155e+00 +1.2823e+00 -1.8348e-01 +1.8952e+00
13 +1.779084892e+03 +1.779084892e+03 +2.484724892e+03 +2.484724892e+03 -3.7690e+00 +3.2464e+00 -7.6584e-01 -8.8670e-01 +2.0066e+00
53 +1.275745826e+03 +1.275745826e+03 +1.981385826e+03 +1.981385826e+03 -1.5957e+00 +2.6894e+00 +1.4165e+00 -3.6093e+00 +2.5447e-01
71 +6.981627227e+02 +6.981627227e+02 +1.403802723e+03 +1.403802723e+03 -2.5248e+00 -2.0694e+00 -1.4651e+00 -1.7972e+00 +4.0105e-01
137 +2.995247511e+02 +2.995247511e+02 +1.005164751e+03 +1.005164751e+03 +2.1294e-01 -1.2398e-01 +4.0819e-01 -2.9301e+00 +1.0291e+00
182 +4.753168109e+01 +4.753168109e+01 +7.531716811e+02 +7.531716811e+02 +1.4329e+00 +2.9720e+00 +8.5952e-01 -3.0899e+00 +1.7722e+00
937 +3.143277130e+00 +3.143277130e+00 +7.087832771e+02 +7.087832771e+02 -2.2792e+00 +1.5457e+00 -7.9238e-01 -2.4231e+00 +1.4735e+00
4433 +3.024045453e+00 +3.024045453e+00 +7.086640455e+02 +7.086640455e+02 -2.1400e+00 +1.7863e-01 -1.7912e+00 -1.6610e+00 +1.0187e+00
24090 +2.728442793e+00 +2.728442793e+00 +7.083684428e+02 +7.083684428e+02 -1.2208e+00 -3.9109e-01 -2.6418e+00 -1.6072e+00 +1.9270e+00
53194 +2.337286252e+00 +2.337286252e+00 +7.079772863e+02 +7.079772863e+02 +1.1703e+00 +2.8306e+00 -1.7868e+00 -1.6618e+00 +2.2217e+00
172874 +1.821529984e+00 +1.821529984e+00 +7.074615300e+02 +7.074615300e+02 +7.1242e-01 +1.8376e+00 -2.1405e+00 -5.3900e-01 +2.5163e+00
232737 +1.813682592e+00 +1.813682592e+00 +7.074536826e+02 +7.074536826e+02 +7.2050e-01 +2.7127e+00 -1.8628e+00 -2.2597e+00 +9.0915e-01
255805 +1.717846504e+00 +1.717846504e+00 +7.073578465e+02 +7.073578465e+02 -1.1920e+00 +2.4237e+00 -1.5187e+00 -2.2143e+00 +2.0580e+00
263583 +1.555694913e+00 +1.555694913e+00 +7.071956949e+02 +7.071956949e+02 +2.3397e+00 +3.1309e+00 -1.8617e+00 -2.1789e+00 +9.5278e-01
925985 +1.501939677e+00 +1.501939677e+00 +7.071419397e+02 +7.071419397e+02 -7.8492e-01 +2.5373e+00 -1.9677e+00 -2.1360e+00 +2.1658e+00
1440382 +1.134193514e+00 +1.134193514e+00 +7.067741935e+02 +7.067741935e+02 -2.1250e+00 +2.0727e+00 -1.5470e+00 -2.2930e+00 +1.7373e+00
5614173 +1.092842713e+00 +1.092842713e+00 +7.067328427e+02 +7.067328427e+02 +1.4504e+00 +3.0154e+00 -1.9075e+00 -1.7690e+00 +2.2151e+00
12637667 +8.774655924e-01 +8.774655924e-01 +7.065174656e+02 +7.065174656e+02 -2.0508e+00 -6.4676e-01 -2.8810e+00 -1.8323e+00 +2.1773e+00
49775894 +8.616941507e-01 +8.616941507e-01 +7.065016942e+02 +7.065016942e+02 -2.1443e+00 +2.1851e+00 +6.6559e-02 -2.6132e+00 +1.9751e+00
% function evaluation | noise-free fitness - Fopt (1.839000000000e+02) | best noise-free fitness - Fopt | measured fitness | best measured fitness | x1 | x2...
1 +8.597886594e+04 +8.597886594e+04 +8.616276594e+04 +8.616276594e+04 -7.2970e-01 +1.5384e+00 +4.5679e+00 +1.0853e+00 -3.0117e+00
2 +2.105413064e+03 +2.105413064e+03 +2.289313064e+03 +2.289313064e+03 +4.7924e+00 +1.9603e+00 +9.7056e-01 -1.9077e+00 +1.1305e+00
25 +1.279131810e+03 +1.279131810e+03 +1.463031810e+03 +1.463031810e+03 -2.9461e+00 +1.3068e+00 +1.9344e+00 -3.0423e+00 +1.5044e+00
28 +1.226319529e+03 +1.226319529e+03 +1.410219529e+03 +1.410219529e+03 +5.6389e-01 -3.7105e-01 -8.4211e-01 -1.3148e+00 +7.7834e-01
148 +9.033535504e+02 +9.033535504e+02 +1.087253550e+03 +1.087253550e+03 +5.1197e-01 +3.9373e+00 -1.3182e+00 -7.4453e-01 +1.9176e+00
173 +3.190601373e+02 +3.190601373e+02 +5.029601373e+02 +5.029601373e+02 -2.4559e+00 -9.6585e-01 +2.8286e+00 -2.3670e+00 +2.3532e+00
354 +1.596409591e+02 +1.596409591e+02 +3.435409591e+02 +3.435409591e+02 -4.7769e-01 +5.9885e-02 +3.1880e+00 -1.5710e+00 +1.0365e+00
487 +5.515873924e+01 +5.515873924e+01 +2.390587392e+02 +2.390587392e+02 -2.0308e+00 +2.1553e+00 -4.4828e-02 -2.4508e+00 +4.4651e-01
523 +5.139283235e+00 +5.139283235e+00 +1.890392832e+02 +1.890392832e+02 +2.2098e-01 +2.1713e+00 +6.5363e-01 -1.2414e+00 +1.3500e+00
863 +4.808141884e+00 +4.808141884e+00 +1.887081419e+02 +1.887081419e+02 +2.4842e+00 +9.9919e-01 +8.7436e-01 -5.9584e-01 +2.0497e+00
952 +4.142242835e+00 +4.142242835e+00 +1.880422428e+02 +1.880422428e+02 -2.7381e-01 +2.2683e+00 +2.8933e-01 -1.6675e+00 +1.0859e+00
3991 +3.642758158e+00 +3.642758158e+00 +1.875427582e+02 +1.875427582e+02 +2.8982e-02 +2.1351e+00 +2.0255e+00 -6.7972e-01 +1.6324e+00
7249 +3.009532574e+00 +3.009532574e+00 +1.869095326e+02 +1.869095326e+02 +2.4036e+00 +3.1579e+00 +2.3597e-01 -2.6176e+00 +1.0193e+00
12158 +2.829363300e+00 +2.829363300e+00 +1.867293633e+02 +1.867293633e+02 -2.1956e+00 +1.9549e+00 -1.8754e-02 -1.3878e+00 +2.0024e+00
16979 +2.789720428e+00 +2.789720428e+00 +1.866897204e+02 +1.866897204e+02 +1.1706e-01 -6.9901e-01 +2.8584e+00 -1.4343e+00 +2.3393e+00
24794 +2.639191540e+00 +2.639191540e+00 +1.865391915e+02 +1.865391915e+02 -2.1803e+00 +2.0494e+00 -2.6192e-01 -1.8847e+00 +2.1427e+00
25343 +2.374187465e+00 +2.374187465e+00 +1.862741875e+02 +1.862741875e+02 -1.8298e+00 +2.1402e+00 +1.4796e+00 -1.3107e+00 +2.2288e+00
70451 +2.216349594e+00 +2.216349594e+00 +1.861163496e+02 +1.861163496e+02 +1.7230e+00 +2.1158e+00 +1.5475e+00 -7.5965e-01 +2.4304e+00
85495 +1.813645227e+00 +1.813645227e+00 +1.857136452e+02 +1.857136452e+02 -2.1629e+00 +2.1453e+00 +1.0866e+00 -1.6129e+00 +1.0586e+00
340558 +1.767947300e+00 +1.767947300e+00 +1.856679473e+02 +1.856679473e+02 -2.0608e+00 +1.5433e+00 +2.2597e+00 -6.0867e-01 +2.4480e+00
861517 +1.400943654e+00 +1.400943654e+00 +1.853009437e+02 +1.853009437e+02 +1.6241e+00 +4.2105e-01 +4.0672e-01 -2.5672e+00 +1.9560e+00
2682186 +1.310895745e+00 +1.310895745e+00 +1.852108957e+02 +1.852108957e+02 -2.2064e+00 -7.0145e-01 +2.7565e+00 -1.3993e+00 +2.3025e+00
3975621 +9.405998967e-01 +9.405998967e-01 +1.848405999e+02 +1.848405999e+02 -1.0352e+00 +2.3185e+00 +2.0499e+00 -5.3757e-01 +2.5180e+00
10903088 +5.431424820e-01 +5.431424820e-01 +1.844431425e+02 +1.844431425e+02 -1.9406e+00 +2.1340e+00 +2.0588e+00 -2.0548e+00 +2.1362e+00
% function evaluation | noise-free fitness - Fopt (1.321000000000e+02) | best noise-free fitness - Fopt | measured fitness | best measured fitness | x1 | x2...
1 +5.858691200e+03 +5.858691200e+03 +5.990791200e+03 +5.990791200e+03 +1.5874e+00 +4.1903e+00 +2.9294e+00 +1.0531e+00 -1.8231e+00
2 +3.137015415e+03 +3.137015415e+03 +3.269115415e+03 +3.269115415e+03 -1.1334e+00 +2.3270e+00 +2.9261e+00 -3.0962e+00 -2.2088e+00
73 +1.792794701e+03 +1.792794701e+03 +1.924894701e+03 +1.924894701e+03 -3.2675e+00 +3.9951e+00 -6.2879e-01 -1.3040e+00 -3.0434e+00
150 +1.228525801e+03 +1.228525801e+03 +1.360625801e+03 +1.360625801e+03 +2.0948e+00 +1.7519e-02 +9.4325e-01 -2.2981e+00 -4.6543e-02
201 +8.817492558e+02 +8.817492558e+02 +1.013849256e+03 +1.013849256e+03 +2.5221e+00 +8.8450e-01 +3.4274e+00 -2.1250e+00 -1.5363e+00
203 +1.839410258e+02 +1.839410258e+02 +3.160410258e+02 +3.160410258e+02 +1.8078e-01 +1.4956e+00 +2.8558e+00 -1.5514e+00 -2.1171e+00
467 +3.491839411e+00 +3.491839411e+00 +1.355918394e+02 +1.355918394e+02 -7.6192e-01 +2.8461e+00 -4.9991e-01 -2.7217e+00 -1.4993e+00
3219 +3.317321955e+00 +3.317321955e+00 +1.354173220e+02 +1.354173220e+02 -1.3542e+00 +1.0844e+00 +2.2886e+00 -1.9078e+00 -1.4781e+00
6730 +2.913341879e+00 +2.913341879e+00 +1.350133419e+02 +1.350133419e+02 -1.7098e+00 +2.1472e+00 +1.4829e+00 -1.8505e+00 -1.5931e+00
9200 +2.593983502e+00 +2.593983502e+00 +1.346939835e+02 +1.346939835e+02 -2.1386e-01 +2.7829e+00 -6.1144e-01 -1.3391e+00 -2.3404e+00
11496 +2.384731492e+00 +2.384731492e+00 +1.344847315e+02 +1.344847315e+02 +2.0218e+00 +2.1944e+00 +1.9573e+00 -1.5837e+00 -1.8068e+00
23814 +2.287965389e+00 +2.287965389e+00 +1.343879654e+02 +1.343879654e+02 +1.9690e-01 +2.6211e+00 +2.0689e+00 -1.6930e+00 -9.9724e-01
48810 +2.125594930e+00 +2.125594930e+00 +1.342255949e+02 +1.342255949e+02 +9.9234e-01 +3.4041e-01 -5.9834e-02 -2.6571e+00 -8.6356e-01
84361 +1.744463493e+00 +1.744463493e+00 +1.338444635e+02 +1.338444635e+02 -1.5397e+00 +2.9465e+00 +7.2781e-01 -2.5354e+00 -1.9527e+00
288984 +1.443081456e+00 +1.443081456e+00 +1.335430815e+02 +1.335430815e+02 -6.1714e-01 +2.8179e+00 +1.4087e+00 -2.3234e+00 -2.0324e+00
686090 +1.408005864e+00 +1.408005864e+00 +1.335080059e+02 +1.335080059e+02 +1.9571e+00 -4.9834e-01 +2.6453e+00 -1.9392e+00 -2.2171e+00
1246446 +1.263942042e+00 +1.263942042e+00 +1.333639420e+02 +1.333639420e+02 +2.0640e+00 +2.0408e+00 +6.6013e-01 -9.1746e-01 -2.4394e+00
3286204 +1.135038270e+00 +1.135038270e+00 +1.332350383e+02 +1.332350383e+02 -1.3851e+00 +2.9280e+00 +1.9538e+00 -5.9761e-01 -2.5420e+00
3720139 +9.195213006e-01 +9.195213006e-01 +1.330195213e+02 +1.330195213e+02 +2.1528e+00 +1.0723e-02 +2.5636e+00 -2.0372e+00 -2.1384e+00
25781025 +9.060705580e-01 +9.060705580e-01 +1.330060706e+02 +1.330060706e+02 +2.0989e+00 +4.1235e-02 +2.6971e+00 -1.9180e+00 -2.1721e+00
27390843 +5.414694565e-01 +5.414694565e-01 +1.326414695e+02 +1.326414695e+02 +2.2924e+00 +2.0048e+00 +2.1635e+00 -2.0652e+00 -2.0856e+00
% function evaluation | noise-free fitness - Fopt (-6.067000000000e+01) | best noise-free fitness - Fopt | measured fitness | best measured fitness | x1 | x2...
1 +6.950477694e+04 +6.950477694e+04 +6.944410694e+04 +6.944410694e+04 -1.6421e+00 +2.3137e-01 +1.2433e+00 -3.6494e+00 -6.8690e-02
2 +2.697374247e+04 +2.697374247e+04 +2.691307247e+04 +2.691307247e+04 -4.6278e+00 +1.2783e+00 -6.2802e-01 +2.4295e+00 +4.5629e+00
4 +4.824775265e+03 +4.824775265e+03 +4.764105265e+03 +4.764105265e+03 -8.9013e-01 -2.5325e+00 -2.5863e+00 +3.5891e+00 +6.0840e-01
25 +3.475819294e+03 +3.475819294e+03 +3.415149294e+03 +3.415149294e+03 +4.7314e+00 -3.0304e+00 -1.7000e+00 +1.4878e+00 +5.2880e-01
29 +2.600532785e+03 +2.600532785e+03 +2.539862785e+03 +2.539862785e+03 -3.1299e+00 -2.5940e+00 -4.3864e-04 +3.7502e+00 +2.1338e+00
50 +2.297554994e+03 +2.297554994e+03 +2.236884994e+03 +2.236884994e+03 +1.7448e+00 +3.0537e+00 -3.0249e+00 +2.2894e-01 +1.9237e+00
104 +3.103647561e+01 +3.103647561e+01 -2.963352439e+01 -2.963352439e+01 -6.1644e-01 -2.7479e+00 +7.9861e-01 +2.4075e+00 +1.7112e+00
179 +4.881786600e+00 +4.881786600e+00 -5.578821340e+01 -5.578821340e+01 -9.4905e-01 -2.3312e+00 -1.4618e+00 +1.6219e+00 +1.6077e+00
358 +4.588097624e+00 +4.588097624e+00 -5.608190238e+01 -5.608190238e+01 +2.0279e+00 +1.0485e+00 -1.2787e+00 +1.6478e+00 +2.3351e+00
556 +4.477987757e+00 +4.477987757e+00 -5.619201224e+01 -5.619201224e+01 -2.3760e+00 -7.3263e-01 -2.5652e+00 +6.9017e-01 +1.6740e+00
688 +3.040917368e+00 +3.040917368e+00 -5.762908263e+01 -5.762908263e+01 +1.1085e+00 +4.5137e-01 -2.6136e+00 +9.0115e-01 +1.1787e+00
8879 +2.752073559e+00 +2.752073559e+00 -5.791792644e+01 -5.791792644e+01 +6.2227e-01 -1.7786e+00 -2.2881e+00 +5.6850e-01 +1.3843e+00
10632 +2.280740761e+00 +2.280740761e+00 -5.838925924e+01 -5.838925924e+01 +1.8819e+00 -2.3571e+00 -1.4272e+00 +2.2995e+00 +8.3648e-01
49422 +1.362508518e+00 +1.362508518e+00 -5.930749148e+01 -5.930749148e+01 +1.7482e+00 -2.2127e+00 -2.0889e+00 +2.1642e+00 +9.5099e-01
748605 +1.267752156e+00 +1.267752156e+00 -5.940224784e+01 -5.940224784e+01 +2.1145e+00 -2.0546e+00 -1.0740e-01 +2.5045e+00 +8.1080e-01
949575 +7.919619495e-01 +7.919619495e-01 -5.987803805e+01 -5.987803805e+01 +2.3080e+00 +7.1674e-01 -2.7792e+00 +1.9691e+00 +2.1274e+00
% function evaluation | noise-free fitness - Fopt (7.560000000000e+01) | best noise-free fitness - Fopt | measured fitness | best measured fitness | x1 | x2...
1 +1.417458464e+04 +1.417458464e+04 +1.425018464e+04 +1.425018464e+04 -4.6396e+00 +2.8882e+00 +1.3427e+00 -4.6747e+00 -1.9177e+00
16 +1.731987357e+03 +1.731987357e+03 +1.807587357e+03 +1.807587357e+03 +2.2465e+00 +3.5995e+00 -1.3100e+00 -3.4591e+00 -2.4406e+00
302 +2.294012545e+01 +2.294012545e+01 +9.854012545e+01 +9.854012545e+01 +9.6755e-01 +1.8308e-01 +2.0868e+00 -2.0745e+00 -2.3058e+00
595 +5.570230120e+00 +5.570230120e+00 +8.117023012e+01 +8.117023012e+01 -3.1547e-02 -4.0069e-01 +1.3625e+00 -5.1168e-01 -1.9485e+00
617 +2.888144661e+00 +2.888144661e+00 +7.848814466e+01 +7.848814466e+01 -2.1216e+00 +9.7199e-02 +6.7843e-01 -1.1579e+00 -1.2485e+00
3982 +2.865803125e+00 +2.865803125e+00 +7.846580313e+01 +7.846580313e+01 -2.1697e+00 +1.1503e+00 +1.6840e+00 -1.6817e+00 -1.4466e+00
9295 +2.240082135e+00 +2.240082135e+00 +7.784008213e+01 +7.784008213e+01 +1.8806e-01 -3.1995e-02 +5.8895e-01 -1.9695e+00 -2.0787e+00
196871 +2.227630532e+00 +2.227630532e+00 +7.782763053e+01 +7.782763053e+01 -3.8548e-01 +2.6388e+00 -1.5751e-01 -2.6586e+00 -1.5579e+00
292313 +1.801019347e+00 +1.801019347e+00 +7.740101935e+01 +7.740101935e+01 +6.9816e-01 +6.5400e-01 +2.4804e+00 -4.9734e-01 -2.5424e+00
318092 +1.531713366e+00 +1.531713366e+00 +7.713171337e+01 +7.713171337e+01 -2.1179e+00 +2.1829e+00 +2.1945e+00 -1.4200e+00 -2.2978e+00
380200 +9.914718094e-01 +9.914718094e-01 +7.659147181e+01 +7.659147181e+01 -2.0800e+00 +1.3964e+00 +2.0653e-01 -2.6160e+00 -1.9889e+00
3644310 +6.503458395e-01 +6.503458395e-01 +7.625034584e+01 +7.625034584e+01 -1.9266e+00 +2.1218e+00 +2.0639e+00 -2.1839e+00 -2.1049e+00
35095553 +3.952852438e-01 +3.952852438e-01 +7.599528524e+01 +7.599528524e+01 -2.1328e+00 +2.0787e+00 +6.7164e-02 -2.6645e+00 -1.9641e+00
% function evaluation | noise-free fitness - Fopt (-1.699200000000e+02) | best noise-free fitness - Fopt | measured fitness | best measured fitness | x1 | x2...
1 +2.522586609e+04 +2.522586609e+04 +2.505594609e+04 +2.505594609e+04 +3.6128e+00 +3.0375e+00 +3.2165e+00 +2.1411e+00 +4.2716e+00
3 +1.479979894e+04 +1.479979894e+04 +1.462987894e+04 +1.462987894e+04 -4.3599e-01 -2.2564e+00 -3.4321e+00 +3.7397e+00 +3.0715e+00
10 +5.246210874e+02 +5.246210874e+02 +3.547010874e+02 +3.547010874e+02 +3.6393e+00 +3.6740e+00 +9.2221e-02 +1.1825e+00 +2.1095e+00
181 +1.238884394e+02 +1.238884394e+02 -4.603156057e+01 -4.603156057e+01 -1.6066e+00 +2.7583e+00 +7.9919e-01 +3.1475e+00 +1.4118e+00
352 +1.001420256e+01 +1.001420256e+01 -1.599057974e+02 -1.599057974e+02 +2.1637e+00 +2.4882e+00 -2.2860e+00 +2.2355e+00 +1.2586e+00
472 +2.679717387e+00 +2.679717387e+00 -1.672402826e+02 -1.672402826e+02 -1.9624e+00 +2.2811e+00 -1.4356e+00 +1.6843e+00 +1.3812e+00
3360 +2.387684448e+00 +2.387684448e+00 -1.675323156e+02 -1.675323156e+02 +1.3979e+00 +2.9929e-01 -1.0001e+00 +8.9792e-01 +1.5987e+00
56337 +2.323964701e+00 +2.323964701e+00 -1.675960353e+02 -1.675960353e+02 +1.3790e+00 +2.8861e+00 -1.3933e+00 +1.6399e+00 +2.2342e+00
121986 +2.043744501e+00 +2.043744501e+00 -1.678762555e+02 -1.678762555e+02 -2.1052e+00 +1.9433e+00 -1.7117e-01 +1.6394e+00 +1.8550e+00
236483 +1.945657937e+00 +1.945657937e+00 -1.679743421e+02 -1.679743421e+02 -7.6047e-01 +1.5354e+00 -2.2352e+00 +2.0925e+00 +1.7601e+00
271417 +1.895477382e+00 +1.895477382e+00 -1.680245226e+02 -1.680245226e+02 +1.6227e+00 +3.0158e+00 +2.3238e-02 +2.1252e+00 +9.5415e-01
374001 +1.496684315e+00 +1.496684315e+00 -1.684233157e+02 -1.684233157e+02 -9.8044e-01 +1.0847e+00 -2.3362e+00 +1.9773e+00 +2.1159e+00
2176840 +1.233314743e+00 +1.233314743e+00 -1.686866853e+02 -1.686866853e+02 -2.1456e+00 -6.8741e-01 -2.7362e+00 +7.5204e-01 +2.4670e+00
3867302 +1.222586336e+00 +1.222586336e+00 -1.686974137e+02 -1.686974137e+02 -3.9666e-01 +2.6764e+00 -1.9279e+00 +2.1480e+00 +2.1210e+00
8820365 +1.093765481e+00 +1.093765481e+00 -1.688262345e+02 -1.688262345e+02 -2.3013e+00 -6.9260e-01 -2.8160e+00 +1.9420e+00 +1.8147e+00
13573596 +1.026897232e+00 +1.026897232e+00 -1.688931028e+02 -1.688931028e+02 -9.4070e-01 +2.3885e+00 +6.6052e-02 +2.6301e+00 +1.9352e+00
17097899 +7.383352618e-01 +7.383352618e-01 -1.691816647e+02 -1.691816647e+02 -2.0163e+00 -5.5606e-01 -2.8282e+00 +4.1923e-01 +2.5464e+00
28124672 +6.793243058e-01 +6.793243058e-01 -1.692406757e+02 -1.692406757e+02 -2.0821e+00 +2.0546e+00 -2.2043e+00 +2.0488e+00 +2.1778e+00
30265884 +5.973103413e-01 +5.973103413e-01 -1.693226897e+02 -1.693226897e+02 -2.0201e+00 +1.3252e+00 -2.2634e+00 +2.0939e+00 +2.1101e+00
% function evaluation | noise-free fitness - Fopt (-1.805400000000e+02) | best noise-free fitness - Fopt | measured fitness | best measured fitness | x1 | x2...
1 +5.303798653e+04 +5.303798653e+04 +5.285744653e+04 +5.285744653e+04 -1.4957e+00 +2.0113e+00 +2.5905e+00 +8.0052e-02 +2.1520e+00
3 +1.756596494e+04 +1.756596494e+04 +1.738542494e+04 +1.738542494e+04 -9.5639e-01 +3.6897e+00 +4.5311e+00 +3.6887e+00 -9.7155e-01
10 +9.199537957e+03 +9.199537957e+03 +9.018997957e+03 +9.018997957e+03 -3.5620e+00 -3.3590e+00 +6.7375e-01 -2.5589e-01 -3.3118e+00
12 +5.467652444e+03 +5.467652444e+03 +5.287112444e+03 +5.287112444e+03 +5.9803e-01 -2.8503e+00 -4.7967e+00 +6.4203e-01 -8.0777e-01
29 +9.174533726e+02 +9.174533726e+02 +7.369133726e+02 +7.369133726e+02 -2.5008e+00 -1.8114e+00 +6.1404e-02 +3.2132e-01 -9.3924e-01
124 +3.940720111e+00 +3.940720111e+00 -1.765992799e+02 -1.765992799e+02 -3.8445e-01 +1.5564e+00 -2.2112e+00 +1.1766e+00 -9.6467e-01
2523 +3.681325231e+00 +3.681325231e+00 -1.768586748e+02 -1.768586748e+02 -1.4011e+00 -1.5675e-01 -2.6355e+00 +1.5409e+00 -1.6600e+00
4252 +3.622448375e+00 +3.622448375e+00 -1.769175516e+02 -1.769175516e+02 +1.9232e+00 +2.3835e+00 -2.1627e+00 +2.0190e+00 -1.3721e+00
4734 +3.120516948e+00 +3.120516948e+00 -1.774194831e+02 -1.774194831e+02 +2.3389e+00 +3.3269e+00 +7.6370e-01 +2.9004e+00 -1.5044e+00
8861 +2.621941359e+00 +2.621941359e+00 -1.779180586e+02 -1.779180586e+02 +3.9467e-01 +6.6982e-01 -1.8037e+00 +1.0236e+00 -2.3814e+00
11419 +2.060815650e+00 +2.060815650e+00 -1.784791843e+02 -1.784791843e+02 +6.0140e-01 +2.8325e+00 +1.7068e-01 +2.7343e+00 -1.6749e+00
28507 +2.036667453e+00 +2.036667453e+00 -1.785033325e+02 -1.785033325e+02 +8.1681e-01 +1.6613e-01 -2.6677e+00 +1.9432e+00 -9.3474e-01
86851 +1.669937185e+00 +1.669937185e+00 -1.788700628e+02 -1.788700628e+02 +1.5873e+00 +1.9675e-01 -5.0765e-01 +2.4211e+00 -8.6789e-01
158365 +1.598119254e+00 +1.598119254e+00 -1.789418807e+02 -1.789418807e+02 -2.3838e+00 +1.1222e+00 -2.3391e+00 +1.9871e+00 -2.0990e+00
1612298 +1.546218489e+00 +1.546218489e+00 -1.789937815e+02 -1.789937815e+02 -2.0980e+00 +7.5364e-01 -2.4407e+00 +1.1218e-01 -2.6094e+00
1950512 +1.439219808e+00 +1.439219808e+00 -1.791007802e+02 -1.791007802e+02 +1.3722e+00 +4.0732e-01 -5.6179e-01 +2.4588e+00 -2.0286e+00
2413169 +1.401752856e+00 +1.401752856e+00 -1.791382471e+02 -1.791382471e+02 +1.7639e+00 +3.2166e+00 -1.8150e+00 +6.5083e-01 -2.4559e+00
8125138 +1.077751812e+00 +1.077751812e+00 -1.794622482e+02 -1.794622482e+02 -1.9876e+00 +2.0389e+00 -2.0700e+00 +5.9604e-01 -1.0244e+00
8480739 +1.021299656e+00 +1.021299656e+00 -1.795187003e+02 -1.795187003e+02 -2.2861e+00 +2.2137e+00 -2.0361e+00 +2.1283e+00 -2.1498e+00
13990216 +9.683142292e-01 +9.683142292e-01 -1.795716858e+02 -1.795716858e+02 +6.2453e-01 +2.7936e+00 -2.0242e+00 +2.1429e+00 -2.1270e+00
15477692 +8.670358121e-01 +8.670358121e-01 -1.796729642e+02 -1.796729642e+02 -2.0139e+00 -7.0149e-01 -2.8059e+00 +3.7741e-01 -2.5564e+00
32919807 +7.451897575e-01 +7.451897575e-01 -1.797948102e+02 -1.797948102e+02 +1.2813e+00 +2.9122e+00 -1.8970e+00 +2.1758e+00 -2.0772e+00
% function evaluation | noise-free fitness - Fopt (9.752000000000e+01) | best noise-free fitness - Fopt | measured fitness | best measured fitness | x1 | x2...
1 +5.722306436e+04 +5.722306436e+04 +5.732058436e+04 +5.732058436e+04 +1.3560e+00 -3.0135e+00 +1.2757e+00 -3.6759e+00 +3.4700e+00
2 +1.833144761e+04 +1.833144761e+04 +1.842896761e+04 +1.842896761e+04 -3.3910e+00 -1.8474e+00 -4.8246e+00 +3.8250e+00 +2.3940e+00
3 +1.317420276e+04 +1.317420276e+04 +1.327172276e+04 +1.327172276e+04 -7.3333e-01 +1.0352e+00 -1.0437e+00 -2.0815e-01 +4.5588e+00
14 +1.226239284e+04 +1.226239284e+04 +1.235991284e+04 +1.235991284e+04 -2.9482e-01 +1.5057e+00 +3.1202e+00 +4.6155e+00 -5.1478e-02
17 +2.893681493e+03 +2.893681493e+03 +2.991201493e+03 +2.991201493e+03 +1.3420e+00 +2.9905e+00 +1.9541e+00 +5.7872e-01 +2.4753e+00
31 +4.028913622e+01 +4.028913622e+01 +1.378091362e+02 +1.378091362e+02 +2.4600e+00 +1.1917e+00 -2.7221e+00 +1.5251e+00 +7.7836e-01
269 +3.939608054e+00 +3.939608054e+00 +1.014596081e+02 +1.014596081e+02 +2.4450e+00 +2.1153e-01 -2.7882e+00 +1.4977e+00 +1.9281e+00
2229 +3.363711917e+00 +3.363711917e+00 +1.008837119e+02 +1.008837119e+02 +2.1071e+00 +9.4827e-01 -2.1503e+00 +6.0766e-01 +2.0683e+00
10310 +3.243845312e+00 +3.243845312e+00 +1.007638453e+02 +1.007638453e+02 +2.0366e+00 -1.2770e+00 -1.0205e+00 +1.6802e+00 +1.7722e+00
13609 +2.931772597e+00 +2.931772597e+00 +1.004517726e+02 +1.004517726e+02 +7.1437e-01 -2.5186e-01 -1.6375e+00 +5.7912e-01 +2.4903e+00
13662 +2.580504329e+00 +2.580504329e+00 +1.001005043e+02 +1.001005043e+02 +2.2974e+00 -8.4546e-01 -8.2139e-01 +8.9446e-01 +1.9763e+00
16833 +2.361033712e+00 +2.361033712e+00 +9.988103371e+01 +9.988103371e+01 +1.9152e+00 +1.3305e+00 -2.5508e-01 +1.5513e+00 +2.1772e+00
33504 +2.047771213e+00 +2.047771213e+00 +9.956777121e+01 +9.956777121e+01 +9.8105e-01 +1.6963e+00 -2.4569e-01 +2.6181e+00 +2.0397e+00
123968 +2.034830931e+00 +2.034830931e+00 +9.955483093e+01 +9.955483093e+01 +2.0509e+00 -6.3968e-01 -2.1287e+00 +1.6321e+00 +1.6867e+00
393456 +1.305199590e+00 +1.305199590e+00 +9.882519959e+01 +9.882519959e+01 +2.3607e+00 +2.0524e+00 -2.0961e+00 +2.1368e+00 +1.2571e+00
2202079 +1.217897179e+00 +1.217897179e+00 +9.873789718e+01 +9.873789718e+01 -1.4987e+00 +2.2477e+00 -2.1053e+00 +2.1087e+00 +2.1729e+00
2688876 +1.097340879e+00 +1.097340879e+00 +9.861734088e+01 +9.861734088e+01 +1.8873e+00 +2.1964e+00 -2.1274e+00 +5.3253e-01 +1.3426e+00
10454182 +8.804836972e-01 +8.804836972e-01 +9.840048370e+01 +9.840048370e+01 +2.1081e+00 +2.0487e+00 -2.2111e+00 +2.0591e+00 +1.0310e+00
14835176 +8.673003236e-01 +8.673003236e-01 +9.838730032e+01 +9.838730032e+01 +2.1303e+00 +1.2829e+00 -2.1393e-01 +2.6119e+00 +1.9824e+00
24446904 +7.707691472e-01 +7.707691472e-01 +9.829076915e+01 +9.829076915e+01 +2.0783e+00 +2.1928e+00 -5.1760e-02 +2.6603e+00 +1.9082e+00
% function evaluation | noise-free fitness - Fopt (1.241000000000e+01) | best noise-free fitness - Fopt | measured fitness | best measured fitness | x1 | x2...
1 +5.965210116e+03 +5.965210116e+03 +5.977620116e+03 +5.977620116e+03 +1.2979e+00 -3.2956e+00 +3.3333e-01 -5.3770e-01 -3.7590e+00
18 +1.145320098e+03 +1.145320098e+03 +1.157730098e+03 +1.157730098e+03 -3.5402e+00 +2.7061e+00 +2.7599e+00 +1.4772e+00 -8.1751e-01
38 +4.204588483e+00 +4.204588483e+00 +1.661458848e+01 +1.661458848e+01 +6.1989e-02 -3.6346e-01 +5.0519e-01 +2.0890e+00 -1.9099e+00
494 +4.039308220e+00 +4.039308220e+00 +1.644930822e+01 +1.644930822e+01 -2.2800e+00 +2.0574e-01 +2.6710e+00 +1.9129e-01 -2.4724e+00
2972 +2.518857924e+00 +2.518857924e+00 +1.492885792e+01 +1.492885792e+01 +1.2833e+00 -1.8384e-01 +2.0513e+00 +2.1152e+00 -1.3153e+00
26533 +1.528303876e+00 +1.528303876e+00 +1.393830388e+01 +1.393830388e+01 +1.3210e+00 -2.8509e-01 +4.4664e-01 +2.5455e+00 -8.5101e-01
419770 +1.218730356e+00 +1.218730356e+00 +1.362873036e+01 +1.362873036e+01 +1.6317e+00 -3.1747e+00 +1.8042e+00 +2.1148e+00 -2.1548e+00
608534 +1.154171022e+00 +1.154171022e+00 +1.356417102e+01 +1.356417102e+01 +1.4314e+00 -3.0350e-01 +2.5176e+00 +4.9350e-01 -2.4505e+00
5235840 +1.057151267e+00 +1.057151267e+00 +1.346715127e+01 +1.346715127e+01 -2.1192e+00 -2.0737e+00 +2.1066e+00 +5.7458e-01 -1.8926e+00
26854116 +8.938028260e-01 +8.938028260e-01 +1.330380283e+01 +1.330380283e+01 -2.1291e+00 -2.0722e+00 +2.1153e+00 +1.6083e+00 -1.0484e+00
43014651 +6.065198107e-01 +6.065198107e-01 +1.301651981e+01 +1.301651981e+01 +6.4160e-01 -2.8007e+00 +1.9304e+00 +2.1558e+00 -2.0840e+00
46355725 +5.486791549e-01 +5.486791549e-01 +1.295867915e+01 +1.295867915e+01 -2.0978e+00 -2.0418e+00 +2.2457e+00 +2.0558e+00 -2.1222e+00
% function evaluation | noise-free fitness - Fopt (1.090700000000e+02) | best noise-free fitness - Fopt | measured fitness | best measured fitness | x1 | x2...
1 +1.933514000e+03 +1.933514000e+03 +2.042584000e+03 +2.042584000e+03 +4.6638e+00 +1.0909e-01 -2.8119e-02 +1.4812e+00 +7.3130e-01
47 +1.375429395e+03 +1.375429395e+03 +1.484499395e+03 +1.484499395e+03 -2.8306e+00 +1.7324e+00 +1.4161e+00 +1.1065e+00 +1.8953e+00
96 +4.670495372e+00 +4.670495372e+00 +1.137404954e+02 +1.137404954e+02 +1.8973e+00 +5.5464e-01 -1.3087e+00 +5.8986e-01 +2.4139e+00
111 +4.093003691e+00 +4.093003691e+00 +1.131630037e+02 +1.131630037e+02 +2.4757e+00 +1.4821e+00 +2.1467e-02 +1.0521e+00 +9.2894e-01
1122 +1.598444978e+00 +1.598444978e+00 +1.106684450e+02 +1.106684450e+02 -2.0927e+00 -5.7784e-01 -7.0058e-01 +2.5455e+00 +1.1523e+00
645166 +1.419095932e+00 +1.419095932e+00 +1.104890959e+02 +1.104890959e+02 +5.6153e-01 -6.6478e-01 -2.8277e+00 +1.9375e+00 +2.1043e+00
1111080 +1.331189266e+00 +1.331189266e+00 +1.104011893e+02 +1.104011893e+02 -2.1188e+00 -6.4952e-01 -2.9915e+00 +1.8761e+00 +2.1390e+00
1219766 +1.245082433e+00 +1.245082433e+00 +1.103150824e+02 +1.103150824e+02 -9.9625e-01 -3.7578e-01 -2.6899e+00 +4.1731e-01 +1.3901e+00
1940994 +9.496124140e-01 +9.496124140e-01 +1.100196124e+02 +1.100196124e+02 +1.5235e+00 +2.9591e+00 -1.2911e+00 +2.3243e+00 +2.0963e+00
44133830 +8.072944911e-01 +8.072944911e-01 +1.098772945e+02 +1.098772945e+02 -2.1972e+00 +1.2791e+00 -2.3188e+00 +2.0583e+00 +9.9354e-01
