% function evaluation | noise-free fitness - Fopt (-5.465000000000e+02) | best noise-free fitness - Fopt | measured fitness | best measured fitness | x1 | x2...
1 +4.475608389e+04 +4.475608389e+04 +4.420958389e+04 +4.420958389e+04 -1.7828e+00 +7.7755e-01 -2.3641e+00
2 +3.363269515e+03 +3.363269515e+03 +2.816769515e+03 +2.816769515e+03 +4.9842e+00 +3.5350e+00 +2.3437e+00
9 +2.016145791e+03 +2.016145791e+03 +1.469645791e+03 +1.469645791e+03 +4.7435e+00 +1.3199e+00 +1.7486e+00
18 +2.943943128e+02 +2.943943128e+02 -2.521056872e+02 -2.521056872e+02 +1.1101e+00 +1.3237e+00 +2.6950e+00
33 +1.396778421e+01 +1.396778421e+01 -5.325322158e+02 -5.325322158e+02 -1.3846e-01 -8.7375e-02 +1.4236e+00
49 +4.023763011e+00 +4.023763011e+00 -5.424762370e+02 -5.424762370e+02 -1.2302e+00 +1.4004e-01 +2.3109e+00
107 +3.646162414e+00 +3.646162414e+00 -5.428538376e+02 -5.428538376e+02 +1.6814e+00 +1.0283e+00 +2.1899e+00
165 +2.233477264e+00 +2.233477264e+00 -5.442665227e+02 -5.442665227e+02 -2.1322e+00 -9.3590e-02 +2.3116e+00
523 +1.846086099e+00 +1.846086099e+00 -5.446539139e+02 -5.446539139e+02 -2.2384e+00 +2.1613e+00 +1.9997e+00
2431 +1.469155649e+00 +1.469155649e+00 -5.450308444e+02 -5.450308444e+02 -1.9534e+00 +2.2298e+00 +2.0044e+00
7110 +1.113017213e+00 +1.113017213e+00 -5.453869828e+02 -5.453869828e+02 -2.2031e+00 +9.4039e-02 +1.4797e+00
11112 +2.401525678e-01 +2.401525678e-01 -5.462598474e+02 -5.462598474e+02 -2.2103e+00 +2.1063e+00 +2.0952e+00
891621 +4.566927891e-02 +4.566927891e-02 -5.464543307e+02 -5.464543307e+02 -2.1021e+00 +2.1221e+00 +2.1141e+00
2832370 +4.089923748e-02 +4.089923748e-02 -5.464591008e+02 -5.464591008e+02 -2.0927e+00 +2.0933e+00 +2.0950e+00
19195275 +2.715414052e-02 +2.715414052e-02 -5.464728459e+02 -5.464728459e+02 -2.1348e+00 +2.1084e+00 +2.0982e+00
19700391 +2.214698208e-02 +2.214698208e-02 -5.464778530e+02 -5.464778530e+02 -2.0967e+00 +2.1181e+00 +2.1107e+00
% function evaluation | noise-free fitness - Fopt (1.000000000000e+03) | best noise-free fitness - Fopt | measured fitness | best measured fitness | x1 | x2...
1 +3.219769252e+04 +3.219769252e+04 +3.319769252e+04 +3.319769252e+04 -3.4103e+00 +6.4715e-01 +1.8095e+00
3 +1.938699152e+04 +1.938699152e+04 +2.038699152e+04 +2.038699152e+04 -1.0753e+00 -4.1421e+00 -3.1253e+00
5 +1.975695572e+02 +1.975695572e+02 +1.197569557e+03 +1.197569557e+03 -2.7785e+00 +2.5144e+00 -1.5705e+00
23 +9.068302597e+01 +9.068302597e+01 +1.090683026e+03 +1.090683026e+03 -2.9615e+00 +2.0556e+00 -1.4769e+00
29 +3.287738999e+00 +3.287738999e+00 +1.003287739e+03 +1.003287739e+03 +1.3274e+00 +2.6852e+00 -1.9303e+00
381 +1.572292970e+00 +1.572292970e+00 +1.001572293e+03 +1.001572293e+03 -2.1623e+00 +2.2448e+00 -9.3108e-01
8903 +1.406706207e+00 +1.406706207e+00 +1.001406706e+03 +1.001406706e+03 +1.6086e+00 +1.0796e+00 -2.3317e+00
17879 +9.025666560e-01 +9.025666560e-01 +1.000902567e+03 +1.000902567e+03 -2.3000e+00 +1.9833e+00 -2.1219e+00
25539 +5.860631204e-01 +5.860631204e-01 +1.000586063e+03 +1.000586063e+03 -2.1330e+00 +1.9893e+00 -2.1300e+00
95320 +4.907255955e-01 +4.907255955e-01 +1.000490726e+03 +1.000490726e+03 -1.9929e+00 +2.1585e+00 -2.0519e+00
1223499 +4.618964606e-01 +4.618964606e-01 +1.000461896e+03 +1.000461896e+03 -2.0938e+00 +2.1512e+00 -2.0457e+00
1364678 +1.328557725e-01 +1.328557725e-01 +1.000132856e+03 +1.000132856e+03 -2.1453e+00 +2.1349e+00 -2.1081e+00
1571089 +2.734084169e-02 +2.734084169e-02 +1.000027341e+03 +1.000027341e+03 -2.0874e+00 +2.0969e+00 -2.0976e+00
% function evaluation | noise-free fitness - Fopt (2.083800000000e+02) | best noise-free fitness - Fopt | measured fitness | best measured fitness | x1 | x2...
1 +1.045882374e+05 +1.045882374e+05 +1.047966174e+05 +1.047966174e+05 -5.7716e-01 -3.5028e+00 -2.6917e+00
2 +5.546514581e+04 +5.546514581e+04 +5.567352581e+04 +5.567352581e+04 +3.9817e+00 -3.6621e+00 -4.9042e-01
3 +5.881840841e+03 +5.881840841e+03 +6.090220841e+03 +6.090220841e+03 +4.2622e+00 -8.0764e-01 +1.3799e+00
7 +2.368402276e+00 +2.368402276e+00 +2.107484023e+02 +2.107484023e+02 -2.1598e+00 +1.3868e+00 +1.2162e+00
812 +1.718030416e+00 +1.718030416e+00 +2.100980304e+02 +2.100980304e+02 +1.5287e+00 +2.9445e+00 +1.5988e+00
5967 +1.556404590e+00 +1.556404590e+00 +2.099364046e+02 +2.099364046e+02 +1.4095e+00 +1.4549e+00 +2.2686e+00
8476 +1.505217731e+00 +1.505217731e+00 +2.098852177e+02 +2.098852177e+02 -2.1788e+00 +2.0820e+00 +1.4647e+00
9497 +1.208544272e+00 +1.208544272e+00 +2.095885443e+02 +2.095885443e+02 -2.2009e+00 +1.9870e+00 +9.5352e-01
19290 +1.143413494e+00 +1.143413494e+00 +2.095234135e+02 +2.095234135e+02 -2.1554e+00 +2.2089e+00 +9.2183e-01
35382 +9.003442004e-01 +9.003442004e-01 +2.092803442e+02 +2.092803442e+02 -2.0529e+00 +1.5486e+00 +2.2595e+00
50496 +8.810875877e-01 +8.810875877e-01 +2.092610876e+02 +2.092610876e+02 -2.2360e+00 +1.9618e+00 +2.1486e+00
98510 +8.232143240e-01 +8.232143240e-01 +2.092032143e+02 +2.092032143e+02 -2.0174e+00 +2.2445e+00 +2.0628e+00
197737 +6.003195580e-01 +6.003195580e-01 +2.089803196e+02 +2.089803196e+02 -2.0530e+00 +6.0866e-02 +2.5874e+00
252503 +5.432199915e-01 +5.432199915e-01 +2.089232200e+02 +2.089232200e+02 +1.5743e+00 +3.0625e+00 +1.8583e+00
990845 +2.046660617e-01 +2.046660617e-01 +2.085846661e+02 +2.085846661e+02 -2.1786e+00 +2.1006e+00 +2.0809e+00
1565434 +1.813560734e-01 +1.813560734e-01 +2.085613561e+02 +2.085613561e+02 -2.0718e+00 +2.1239e+00 +2.1308e+00
2703720 +1.260084517e-01 +1.260084517e-01 +2.085060085e+02 +2.085060085e+02 -2.0852e+00 +2.0766e+00 +2.1311e+00
2749422 +9.495441133e-02 +9.495441133e-02 +2.084749544e+02 +2.084749544e+02 -2.0582e+00 +2.1466e+00 +2.1024e+00
5755799 +5.497462976e-02 +5.497462976e-02 +2.084349746e+02 +2.084349746e+02 -2.1323e+00 +2.0706e+00 +2.1094e+00
11806680 +4.412268533e-02 +4.412268533e-02 +2.084241227e+02 +2.084241227e+02 -2.0578e+00 +2.1050e+00 +2.1054e+00
% function evaluation | noise-free fitness - Fopt (-1.449600000000e+02) | best noise-free fitness - Fopt | measured fitness | best measured fitness | x1 | x2...
1 +1.177685576e+04 +1.177685576e+04 +1.163189576e+04 +1.163189576e+04 +4.0842e+00 +8.3518e-01 -4.2107e+00
4 +3.607165785e+00 +3.607165785e+00 -1.413528342e+02 -1.413528342e+02 -9.7577e-01 -5.4032e-01 -1.4277e+00
122 +2.501654472e+00 +2.501654472e+00 -1.424583455e+02 -1.424583455e+02 -9.6855e-01 -2.5208e+00 -8.0098e-01
1440 +2.427198900e+00 +2.427198900e+00 -1.425328011e+02 -1.425328011e+02 -2.1963e+00 -1.5235e+00 -1.6430e+00
3214 +1.356456931e+00 +1.356456931e+00 -1.436035431e+02 -1.436035431e+02 -1.0384e+00 -2.4311e+00 -2.0755e+00
3906 +1.113647827e+00 +1.113647827e+00 -1.438463522e+02 -1.438463522e+02 +1.5424e+00 -9.0766e-01 -2.4152e+00
23244 +8.010240464e-01 +8.010240464e-01 -1.441589760e+02 -1.441589760e+02 -2.0480e+00 -2.0378e+00 -9.8853e-01
43464 +2.745602092e-01 +2.745602092e-01 -1.446854398e+02 -1.446854398e+02 -2.0835e+00 -2.0534e+00 -2.0930e+00
2367867 +1.220310738e-01 +1.220310738e-01 -1.448379689e+02 -1.448379689e+02 -2.1014e+00 -2.1434e+00 -2.0785e+00
4092942 +7.735468505e-02 +7.735468505e-02 -1.448826453e+02 -1.448826453e+02 -2.1206e+00 -2.0663e+00 -2.1066e+00
8065223 +6.546475341e-02 +6.546475341e-02 -1.448945352e+02 -1.448945352e+02 -2.1280e+00 -2.0830e+00 -2.0943e+00
8922849 +3.510928366e-02 +3.510928366e-02 -1.449248907e+02 -1.449248907e+02 -2.1033e+00 -2.1225e+00 -2.1111e+00
25278733 +2.914400107e-02 +2.914400107e-02 -1.449308560e+02 -1.449308560e+02 -2.0638e+00 -2.1191e+00 -2.1020e+00
% function evaluation | noise-free fitness - Fopt (-6.300000000000e+00) | best noise-free fitness - Fopt | measured fitness | best measured fitness | x1 | x2...
1 +7.893654909e+04 +7.893654909e+04 +7.893024909e+04 +7.893024909e+04 +9.1547e-01 +4.8036e+00 +1.2286e+00
3 +2.774082678e+03 +2.774082678e+03 +2.767782678e+03 +2.767782678e+03 +4.0489e+00 -4.8874e-01 -3.3060e+00
4 +1.265979077e+03 +1.265979077e+03 +1.259679077e+03 +1.259679077e+03 +1.8664e+00 -1.5563e+00 -2.2336e-01
6 +8.663500716e+00 +8.663500716e+00 +2.363500716e+00 +2.363500716e+00 -1.3824e-01 -1.5296e-01 -1.0995e+00
79 +5.828823059e+00 +5.828823059e+00 -4.711769413e-01 -4.711769413e-01 +2.3844e-01 -1.7623e+00 -8.7562e-01
100 +4.920103196e+00 +4.920103196e+00 -1.379896804e+00 -1.379896804e+00 +1.6424e+00 -2.1281e+00 -1.8996e+00
131 +3.191392896e+00 +3.191392896e+00 -3.108607104e+00 -3.108607104e+00 -3.2978e-01 -2.0629e+00 -2.0429e+00
356 +3.067141878e+00 +3.067141878e+00 -3.232858122e+00 -3.232858122e+00 -1.2906e+00 -2.4130e+00 -1.1571e+00
1251 +2.869621767e+00 +2.869621767e+00 -3.430378233e+00 -3.430378233e+00 -2.6225e-02 -6.3613e-01 -2.0855e+00
2449 +2.483329544e+00 +2.483329544e+00 -3.816670456e+00 -3.816670456e+00 -1.4620e+00 -2.9864e+00 -1.6491e+00
3519 +1.440515715e+00 +1.440515715e+00 -4.859484285e+00 -4.859484285e+00 +2.2543e+00 -2.0268e+00 -1.0442e+00
18534 +4.340771405e-01 +4.340771405e-01 -5.865922859e+00 -5.865922859e+00 +1.9918e+00 -2.1782e+00 -2.0596e+00
681751 +2.011728418e-01 +2.011728418e-01 -6.098827158e+00 -6.098827158e+00 +2.0781e+00 -2.1693e+00 -2.0796e+00
1012432 +1.231103489e-01 +1.231103489e-01 -6.176889651e+00 -6.176889651e+00 +2.1652e+00 -2.1014e+00 -2.0876e+00
1874632 +6.522165866e-02 +6.522165866e-02 -6.234778341e+00 -6.234778341e+00 +2.0423e+00 -2.1187e+00 -2.1012e+00
7895588 +5.363054167e-02 +5.363054167e-02 -6.246369458e+00 -6.246369458e+00 +2.1137e+00 -2.1040e+00 -2.0873e+00
9594134 +5.169736064e-02 +5.169736064e-02 -6.248302639e+00 -6.248302639e+00 +2.0515e+00 -2.1093e+00 -2.1043e+00
18789901 +3.626067093e-02 +3.626067093e-02 -6.263739329e+00 -6.263739329e+00 +2.0801e+00 -2.0917e+00 -2.1020e+00
% function evaluation | noise-free fitness - Fopt (7.056400000000e+02) | best noise-free fitness - Fopt | measured fitness | best measured fitness | x1 | x2...
1 +8.676106678e+04 +8.676106678e+04 +8.746670678e+04 +8.746670678e+04 +8.7268e-01 -2.4253e+00 +2.6241e+00
2 +3.196496054e+04 +3.196496054e+04 +3.267060054e+04 +3.267060054e+04 -3.8046e+00 -7.7463e-01 +1.4281e+00
4 +8.706935942e+00 +8.706935942e+00 +7.143469359e+02 +7.143469359e+02 -1.5281e+00 +1.8625e+00 -6.7796e-01
92 +4.717746461e+00 +4.717746461e+00 +7.103577465e+02 +7.103577465e+02 +2.0892e-01 +4.3971e-01 -1.9745e+00
294 +3.379843281e+00 +3.379843281e+00 +7.090198433e+02 +7.090198433e+02 -1.8447e+00 +3.4221e-01 -1.4376e+00
467 +2.590359473e+00 +2.590359473e+00 +7.082303595e+02 +7.082303595e+02 +1.4674e+00 +2.5045e+00 -1.6826e+00
1121 +2.301722593e+00 +2.301722593e+00 +7.079417226e+02 +7.079417226e+02 -2.0240e+00 +5.7661e-01 -1.9166e+00
2124 +1.399748489e+00 +1.399748489e+00 +7.070397485e+02 +7.070397485e+02 +1.6353e+00 +2.9688e+00 -7.7030e-01
3359 +1.284106201e+00 +1.284106201e+00 +7.069241062e+02 +7.069241062e+02 -1.9365e+00 +2.1063e+00 -1.7745e+00
16784 +1.047782269e+00 +1.047782269e+00 +7.066877823e+02 +7.066877823e+02 -2.2058e+00 +3.8929e-02 -1.5003e+00
34495 +9.564853724e-01 +9.564853724e-01 +7.065964854e+02 +7.065964854e+02 -2.1851e+00 +6.4450e-02 -1.4539e+00
43837 +9.201431222e-01 +9.201431222e-01 +7.065601431e+02 +7.065601431e+02 +1.5865e+00 +9.9736e-01 -2.3666e+00
140701 +6.592575512e-01 +6.592575512e-01 +7.062992576e+02 +7.062992576e+02 +1.6149e+00 +3.0040e+00 -1.8643e+00
225893 +1.625890499e-01 +1.625890499e-01 +7.058025890e+02 +7.058025890e+02 -2.1152e+00 +2.0525e+00 -2.1317e+00
1100235 +9.283438087e-02 +9.283438087e-02 +7.057328344e+02 +7.057328344e+02 -2.0514e+00 +2.1381e+00 -2.0845e+00
10809838 +9.014369115e-02 +9.014369115e-02 +7.057301437e+02 +7.057301437e+02 -2.0741e+00 +2.1076e+00 -2.1250e+00
16256584 +8.203815527e-02 +8.203815527e-02 +7.057220382e+02 +7.057220382e+02 -2.1061e+00 +2.1347e+00 -2.1116e+00
18239409 +5.346918283e-02 +5.346918283e-02 +7.056934692e+02 +7.056934692e+02 -2.1091e+00 +2.1089e+00 -2.0862e+00
20951057 +4.037111254e-02 +4.037111254e-02 +7.056803711e+02 +7.056803711e+02 -2.0682e+00 +2.1141e+00 -2.1129e+00
% function evaluation | noise-free fitness - Fopt (1.839000000000e+02) | best noise-free fitness - Fopt | measured fitness | best measured fitness | x1 | x2...
1 +1.589833809e+04 +1.589833809e+04 +1.608223809e+04 +1.608223809e+04 +3.6754e+00 +2.2041e+00 -1.3347e+00
2 +6.250211491e+03 +6.250211491e+03 +6.434111491e+03 +6.434111491e+03 +4.4512e+00 -7.7853e-01 +2.3071e+00
3 +1.932561415e+03 +1.932561415e+03 +2.116461415e+03 +2.116461415e+03 +3.3020e+00 +2.6546e+00 +2.7379e+00
5 +1.225785531e+03 +1.225785531e+03 +1.409685531e+03 +1.409685531e+03 -4.2374e-01 +1.9865e+00 +1.2502e-01
7 +1.064441945e+03 +1.064441945e+03 +1.248341945e+03 +1.248341945e+03 -5.2348e-01 -9.4434e-01 +1.2265e+00
8 +4.878432906e+00 +4.878432906e+00 +1.887784329e+02 +1.887784329e+02 -1.3369e+00 +6.3839e-01 +1.7648e+00
10 +4.374250169e+00 +4.374250169e+00 +1.882742502e+02 +1.882742502e+02 -1.8140e-01 +1.3759e+00 +1.7765e+00
31 +3.452984175e+00 +3.452984175e+00 +1.873529842e+02 +1.873529842e+02 -1.0895e+00 +2.1635e+00 +8.7642e-01
49 +2.419898375e+00 +2.419898375e+00 +1.863198984e+02 +1.863198984e+02 +2.5319e+00 +3.2641e+00 +1.0804e+00
767 +1.983530560e+00 +1.983530560e+00 +1.858835306e+02 +1.858835306e+02 -2.1324e+00 -5.0764e-01 +1.9146e+00
3186 +1.926403721e+00 +1.926403721e+00 +1.858264037e+02 +1.858264037e+02 -3.0710e-02 +5.5157e-01 +2.5140e+00
8858 +1.320710259e+00 +1.320710259e+00 +1.852207103e+02 +1.852207103e+02 +1.4101e+00 +2.9392e+00 +7.1265e-01
12029 +1.271277966e+00 +1.271277966e+00 +1.851712780e+02 +1.851712780e+02 -2.0468e+00 +2.0953e+00 +1.5454e+00
28347 +1.018194926e+00 +1.018194926e+00 +1.849181949e+02 +1.849181949e+02 +1.5049e+00 +1.0315e+00 +2.3554e+00
36269 +9.331466890e-01 +9.331466890e-01 +1.848331467e+02 +1.848331467e+02 +1.5879e+00 +2.9561e+00 +1.8588e+00
49258 +8.457954656e-01 +8.457954656e-01 +1.847457955e+02 +1.847457955e+02 -2.2373e+00 +2.0536e+00 +1.0036e+00
124352 +8.316571718e-02 +8.316571718e-02 +1.839831657e+02 +1.839831657e+02 -2.0680e+00 +2.1078e+00 +2.1228e+00
1571367 +4.229616213e-02 +4.229616213e-02 +1.839422962e+02 +1.839422962e+02 -2.0549e+00 +2.1190e+00 +2.0994e+00
% function evaluation | noise-free fitness - Fopt (1.321000000000e+02) | best noise-free fitness - Fopt | measured fitness | best measured fitness | x1 | x2...
1 +6.792799611e+03 +6.792799611e+03 +6.924899611e+03 +6.924899611e+03 -3.6066e-01 +4.3835e+00 +2.6810e+00
8 +4.408341702e+02 +4.408341702e+02 +5.729341702e+02 +5.729341702e+02 +3.2782e+00 -1.1717e+00 +2.9730e+00
16 +4.322591591e+00 +4.322591591e+00 +1.364225916e+02 +1.364225916e+02 +2.3569e-02 +2.7348e+00 +1.7408e+00
67 +3.625435104e+00 +3.625435104e+00 +1.357254351e+02 +1.357254351e+02 +1.8854e+00 +9.2196e-01 +1.3556e+00
164 +2.664349088e+00 +2.664349088e+00 +1.347643491e+02 +1.347643491e+02 -1.4598e+00 +1.1126e+00 +2.4288e+00
404 +1.436529643e+00 +1.436529643e+00 +1.335365296e+02 +1.335365296e+02 -1.5618e+00 +4.4673e-01 +2.5291e+00
11667 +1.380003143e+00 +1.380003143e+00 +1.334800031e+02 +1.334800031e+02 -1.3988e+00 +3.0669e+00 +7.2291e-01
13224 +5.099763934e-01 +5.099763934e-01 +1.326099764e+02 +1.326099764e+02 +2.1240e+00 +2.0959e+00 +9.8879e-01
239403 +4.593519115e-01 +4.593519115e-01 +1.325593519e+02 +1.325593519e+02 -1.5200e+00 +3.0187e+00 +1.8954e+00
414318 +2.802641591e-02 +2.802641591e-02 +1.321280264e+02 +1.321280264e+02 +2.0679e+00 +2.1043e+00 +2.1041e+00
% function evaluation | noise-free fitness - Fopt (-6.067000000000e+01) | best noise-free fitness - Fopt | measured fitness | best measured fitness | x1 | x2...
1 +9.353507544e+02 +9.353507544e+02 +8.746807544e+02 +8.746807544e+02 -4.0265e+00 -1.5357e+00 -1.6235e+00
8 +4.681587639e+00 +4.681587639e+00 -5.598841236e+01 -5.598841236e+01 -7.6626e-01 -2.9873e+00 -1.7374e+00
68 +2.738417365e+00 +2.738417365e+00 -5.793158263e+01 -5.793158263e+01 +3.7633e-01 +6.3724e-02 -1.4597e+00
312 +2.045524265e+00 +2.045524265e+00 -5.862447573e+01 -5.862447573e+01 -7.0916e-01 -2.1403e+00 -2.0792e+00
3001 +1.422712723e+00 +1.422712723e+00 -5.924728728e+01 -5.924728728e+01 +2.1148e+00 -2.0753e+00 -1.3864e+00
14209 +1.383000519e+00 +1.383000519e+00 -5.928699948e+01 -5.928699948e+01 +2.7783e-01 -2.5197e+00 -1.9813e+00
18011 +4.207691126e-01 +4.207691126e-01 -6.024923089e+01 -6.024923089e+01 -1.5109e+00 -3.0115e+00 -1.8658e+00
223537 +2.040484956e-01 +2.040484956e-01 -6.046595150e+01 -6.046595150e+01 +2.1574e+00 -2.0797e+00 -2.0809e+00
241749 +1.209073037e-01 +1.209073037e-01 -6.054909270e+01 -6.054909270e+01 +2.1184e+00 -2.1402e+00 -2.0809e+00
3678163 +2.735586046e-02 +2.735586046e-02 -6.064264414e+01 -6.064264414e+01 +2.1139e+00 -2.1221e+00 -2.1063e+00
25307731 +1.282949815e-02 +1.282949815e-02 -6.065717050e+01 -6.065717050e+01 +2.1162e+00 -2.0899e+00 -2.1127e+00
% function evaluation | noise-free fitness - Fopt (7.560000000000e+01) | best noise-free fitness - Fopt | measured fitness | best measured fitness | x1 | x2...
1 +4.436839930e+04 +4.436839930e+04 +4.444399930e+04 +4.444399930e+04 -1.5494e+00 +3.0032e+00 -2.8923e+00
3 +3.409911971e+04 +3.409911971e+04 +3.417471971e+04 +3.417471971e+04 +4.8227e+00 +4.3386e+00 -2.7313e+00
4 +2.620709318e+04 +2.620709318e+04 +2.628269318e+04 +2.628269318e+04 +2.3233e-01 -3.9128e+00 +4.9420e+00
7 +1.316677363e+04 +1.316677363e+04 +1.324237363e+04 +1.324237363e+04 -4.5310e+00 +2.6436e+00 +3.7103e+00
9 +1.061590171e+03 +1.061590171e+03 +1.137190171e+03 +1.137190171e+03 +3.6463e+00 +1.0959e+00 +5.3824e-01
29 +3.148992013e+02 +3.148992013e+02 +3.904992013e+02 +3.904992013e+02 +7.9184e-01 +2.7124e+00 +2.1851e-01
62 +1.262278229e+02 +1.262278229e+02 +2.018278229e+02 +2.018278229e+02 +3.0574e+00 +2.1734e+00 +2.0888e+00
66 +2.592016773e+01 +2.592016773e+01 +1.015201677e+02 +1.015201677e+02 +2.7285e+00 +9.3646e-01 +1.0341e+00
92 +2.496571620e+01 +2.496571620e+01 +1.005657162e+02 +1.005657162e+02 -2.5926e+00 +4.0118e-01 +2.7164e+00
108 +5.078379802e+00 +5.078379802e+00 +8.067837980e+01 +8.067837980e+01 +4.1418e-01 +2.3380e+00 +1.9425e+00
159 +3.101092642e+00 +3.101092642e+00 +7.870109264e+01 +7.870109264e+01 +3.0724e-01 +2.5894e+00 +2.0571e+00
599 +2.442026227e+00 +2.442026227e+00 +7.804202623e+01 +7.804202623e+01 +1.5749e+00 +9.6096e-01 +9.1797e-01
825 +2.029988907e+00 +2.029988907e+00 +7.762998891e+01 +7.762998891e+01 -2.0981e+00 +1.0049e+00 +2.4390e+00
1409 +1.371385888e+00 +1.371385888e+00 +7.697138589e+01 +7.697138589e+01 +1.4862e+00 +2.9995e+00 +1.5762e+00
16103 +8.050258682e-01 +8.050258682e-01 +7.640502587e+01 +7.640502587e+01 -2.1622e+00 +2.1136e+00 +9.1383e-01
82634 +6.322212875e-01 +6.322212875e-01 +7.623222129e+01 +7.623222129e+01 -2.1956e+00 +2.1169e+00 +9.7258e-01
127122 +4.733124798e-01 +4.733124798e-01 +7.607331248e+01 +7.607331248e+01 -2.1221e+00 +2.1179e+00 +9.7621e-01
188779 +4.220388775e-01 +4.220388775e-01 +7.602203888e+01 +7.602203888e+01 -2.1426e+00 +5.7880e-02 +2.6206e+00
370660 +4.131977168e-01 +4.131977168e-01 +7.601319772e+01 +7.601319772e+01 +1.5173e+00 +2.9944e+00 +1.8876e+00
475419 +3.311078540e-01 +3.311078540e-01 +7.593110785e+01 +7.593110785e+01 -2.0347e+00 +2.1692e+00 +2.1171e+00
1289173 +2.659406055e-01 +2.659406055e-01 +7.586594061e+01 +7.586594061e+01 -2.0341e+00 +2.1800e+00 +2.0785e+00
1570085 +2.369228942e-01 +2.369228942e-01 +7.583692289e+01 +7.583692289e+01 -1.9847e+00 +2.1286e+00 +2.1018e+00
2683019 +1.347745178e-01 +1.347745178e-01 +7.573477452e+01 +7.573477452e+01 -2.1010e+00 +2.1557e+00 +2.0878e+00
3772910 +6.241164148e-02 +6.241164148e-02 +7.566241164e+01 +7.566241164e+01 -2.1007e+00 +2.0962e+00 +2.1255e+00
22575635 +5.107798747e-02 +5.107798747e-02 +7.565107799e+01 +7.565107799e+01 -2.0980e+00 +2.1051e+00 +2.0874e+00
% function evaluation | noise-free fitness - Fopt (-1.699200000000e+02) | best noise-free fitness - Fopt | measured fitness | best measured fitness | x1 | x2...
1 +3.244238632e+03 +3.244238632e+03 +3.074318632e+03 +3.074318632e+03 +4.2362e+00 -2.1549e-03 -3.1113e+00
3 +1.823975132e+03 +1.823975132e+03 +1.654055132e+03 +1.654055132e+03 -4.6136e+00 -1.2674e+00 -1.6054e+00
9 +5.163147572e+00 +5.163147572e+00 -1.647568524e+02 -1.647568524e+02 -2.5356e+00 +1.4325e+00 -1.5181e+00
78 +3.196433500e+00 +3.196433500e+00 -1.667235665e+02 -1.667235665e+02 -2.0362e+00 -9.4621e-02 -1.9372e+00
338 +2.175250268e+00 +2.175250268e+00 -1.677447497e+02 -1.677447497e+02 -1.9921e+00 +9.7314e-01 -1.2105e+00
1287 +1.976622387e+00 +1.976622387e+00 -1.679433776e+02 -1.679433776e+02 +1.5442e+00 +2.3598e+00 -1.7032e+00
4729 +1.555442914e+00 +1.555442914e+00 -1.683645571e+02 -1.683645571e+02 -1.0774e+00 +2.4311e+00 -1.9651e+00
11319 +4.494981046e-01 +4.494981046e-01 -1.694705019e+02 -1.694705019e+02 -2.0413e+00 +2.0344e+00 -2.1149e+00
57738 +2.777998500e-01 +2.777998500e-01 -1.696422002e+02 -1.696422002e+02 -2.1837e+00 +2.0298e+00 -2.1331e+00
2268414 +1.396894324e-01 +1.396894324e-01 -1.697803106e+02 -1.697803106e+02 -2.0367e+00 +2.1562e+00 -2.0921e+00
6177758 +6.252613190e-02 +6.252613190e-02 -1.698574739e+02 -1.698574739e+02 -2.1092e+00 +2.1354e+00 -2.1045e+00
20212567 +5.276139500e-03 +5.276139500e-03 -1.699147239e+02 -1.699147239e+02 -2.1070e+00 +2.0944e+00 -2.1077e+00
% function evaluation | noise-free fitness - Fopt (-1.805400000000e+02) | best noise-free fitness - Fopt | measured fitness | best measured fitness | x1 | x2...
1 +1.163953257e+03 +1.163953257e+03 +9.834132567e+02 +9.834132567e+02 -3.6989e+00 +1.8757e+00 -2.6709e+00
12 +8.432160434e+01 +8.432160434e+01 -9.621839566e+01 -9.621839566e+01 -2.2518e+00 +1.7429e+00 -5.9630e-01
80 +2.937663724e+01 +2.937663724e+01 -1.511633628e+02 -1.511633628e+02 -2.7391e+00 -5.4521e-01 -1.8612e+00
115 +2.122550703e+01 +2.122550703e+01 -1.593144930e+02 -1.593144930e+02 +2.7226e+00 +3.3935e+00 -1.3635e+00
153 +3.237936512e+00 +3.237936512e+00 -1.773020635e+02 -1.773020635e+02 +1.3737e+00 +1.7440e+00 -1.6375e+00
231 +2.971921132e+00 +2.971921132e+00 -1.775680789e+02 -1.775680789e+02 +7.7477e-01 +2.2675e+00 -2.1342e+00
875 +2.837860546e+00 +2.837860546e+00 -1.777021395e+02 -1.777021395e+02 +5.5754e-01 +1.6719e+00 -2.1690e+00
1011 +2.545089013e+00 +2.545089013e+00 -1.779949110e+02 -1.779949110e+02 -2.1368e+00 +1.0914e+00 -1.4472e+00
1595 +2.345330622e+00 +2.345330622e+00 -1.781946694e+02 -1.781946694e+02 -7.0084e-02 +5.8879e-01 -1.3122e+00
2057 +1.772067226e+00 +1.772067226e+00 -1.787679328e+02 -1.787679328e+02 -1.8982e+00 +2.2807e+00 -2.0127e+00
2068 +1.707760125e+00 +1.707760125e+00 -1.788322399e+02 -1.788322399e+02 +1.5733e+00 +1.5237e+00 -2.2852e+00
2969 +8.915521196e-01 +8.915521196e-01 -1.796484479e+02 -1.796484479e+02 +1.6635e+00 +3.0197e+00 -1.8527e+00
19442 +7.142013806e-01 +7.142013806e-01 -1.798257986e+02 -1.798257986e+02 +1.5230e+00 +2.9766e+00 -1.8473e+00
28144 +6.248912059e-01 +6.248912059e-01 -1.799151088e+02 -1.799151088e+02 -2.0693e+00 +4.9959e-02 -2.6498e+00
66731 +2.443830519e-01 +2.443830519e-01 -1.802956169e+02 -1.802956169e+02 -2.0978e+00 +2.0602e+00 -2.0878e+00
532109 +1.346800251e-01 +1.346800251e-01 -1.804053200e+02 -1.804053200e+02 -2.1186e+00 +2.1140e+00 -2.1297e+00
1706190 +1.017963166e-01 +1.017963166e-01 -1.804382037e+02 -1.804382037e+02 -2.1460e+00 +2.1307e+00 -2.1033e+00
2501654 +5.042318517e-02 +5.042318517e-02 -1.804895768e+02 -1.804895768e+02 -2.0740e+00 +2.1273e+00 -2.1109e+00
5084582 +2.606439556e-03 +2.606439556e-03 -1.805373936e+02 -1.805373936e+02 -2.1076e+00 +2.1102e+00 -2.1052e+00
% function evaluation | noise-free fitness - Fopt (9.752000000000e+01) | best noise-free fitness - Fopt | measured fitness | best measured fitness | x1 | x2...
1 +1.750054630e+04 +1.750054630e+04 +1.759806630e+04 +1.759806630e+04 -1.5637e+00 -3.2873e+00 -2.5142e+00
4 +5.065380164e+03 +5.065380164e+03 +5.162900164e+03 +5.162900164e+03 +1.1240e+00 +2.0137e+00 +4.5346e-01
6 +1.605663233e+03 +1.605663233e+03 +1.703183233e+03 +1.703183233e+03 +4.4994e+00 +8.5130e-01 -1.6137e+00
14 +1.225780298e+03 +1.225780298e+03 +1.323300298e+03 +1.323300298e+03 +4.2446e+00 -1.0661e+00 -1.6517e+00
16 +4.104615655e+02 +4.104615655e+02 +5.079815655e+02 +5.079815655e+02 +1.6831e+00 -9.0286e-01 -1.2795e+00
27 +3.505472650e+00 +3.505472650e+00 +1.010254727e+02 +1.010254727e+02 +6.0530e-02 +2.2030e+00 -2.0713e+00
31 +2.878754875e+00 +2.878754875e+00 +1.003987549e+02 +1.003987549e+02 +1.3947e-01 +1.0415e+00 -1.2256e+00
214 +2.606713593e+00 +2.606713593e+00 +1.001267136e+02 +1.001267136e+02 +1.9844e+00 -5.2703e-03 -2.2145e+00
364 +1.415117749e+00 +1.415117749e+00 +9.893511775e+01 +9.893511775e+01 +2.1637e+00 +8.6177e-01 -2.4146e+00
23983 +1.287833831e+00 +1.287833831e+00 +9.880783383e+01 +9.880783383e+01 +2.2608e+00 +2.1168e+00 -1.7723e+00
32517 +1.178895392e+00 +1.178895392e+00 +9.869889539e+01 +9.869889539e+01 -1.4157e+00 +3.0236e+00 -1.9340e+00
41661 +1.152421316e+00 +1.152421316e+00 +9.867242132e+01 +9.867242132e+01 +1.8531e+00 +2.2273e+00 -2.0921e+00
54897 +9.117987158e-01 +9.117987158e-01 +9.843179872e+01 +9.843179872e+01 +2.1033e+00 +2.1821e-02 -2.6746e+00
70289 +3.917270898e-01 +3.917270898e-01 +9.791172709e+01 +9.791172709e+01 +2.0227e+00 +2.0613e+00 -2.0953e+00
1806196 +1.351451573e-01 +1.351451573e-01 +9.765514516e+01 +9.765514516e+01 +2.1729e+00 +2.0947e+00 -2.0892e+00
3872727 +1.235941654e-01 +1.235941654e-01 +9.764359417e+01 +9.764359417e+01 +2.1041e+00 +2.1532e+00 -2.0903e+00
5760731 +4.127851567e-02 +4.127851567e-02 +9.756127852e+01 +9.756127852e+01 +2.1148e+00 +2.0778e+00 -2.1184e+00
17944770 +1.863407887e-02 +1.863407887e-02 +9.753863408e+01 +9.753863408e+01 +2.0919e+00 +2.1244e+00 -2.1031e+00
% function evaluation | noise-free fitness - Fopt (1.241000000000e+01) | best noise-free fitness - Fopt | measured fitness | best measured fitness | x1 | x2...
1 +2.271964786e+04 +2.271964786e+04 +2.273205786e+04 +2.273205786e+04 -3.1932e+00 +4.9760e+00 +3.7326e+00
2 +1.547361144e+04 +1.547361144e+04 +1.548602144e+04 +1.548602144e+04 -1.4656e+00 -2.4767e+00 +4.1030e+00
6 +2.049872504e+03 +2.049872504e+03 +2.062282504e+03 +2.062282504e+03 -4.7601e+00 +9.2819e-01 +2.9294e+00
8 +1.055520637e+03 +1.055520637e+03 +1.067930637e+03 +1.067930637e+03 +3.6217e+00 -3.6023e+00 -9.4680e-02
11 +6.078100202e+02 +6.078100202e+02 +6.202200202e+02 +6.202200202e+02 -2.5775e+00 -2.8983e+00 +1.6975e+00
37 +2.073175513e+02 +2.073175513e+02 +2.197275513e+02 +2.197275513e+02 +3.7973e-02 -2.3016e+00 +3.7492e-01
38 +1.709549899e+01 +1.709549899e+01 +2.950549899e+01 +2.950549899e+01 +1.9677e+00 -3.4342e+00 +3.5247e-01
59 +3.944610919e+00 +3.944610919e+00 +1.635461092e+01 +1.635461092e+01 -9.7846e-01 -2.2187e+00 +1.8373e+00
278 +3.303511791e+00 +3.303511791e+00 +1.571351179e+01 +1.571351179e+01 -2.2846e+00 +4.4981e-01 +2.4385e+00
712 +3.017519363e+00 +3.017519363e+00 +1.542751936e+01 +1.542751936e+01 +9.1180e-02 -4.8605e-02 +2.6891e+00
802 +2.884665044e+00 +2.884665044e+00 +1.529466504e+01 +1.529466504e+01 +2.9077e-02 -2.6473e+00 +1.1711e+00
1416 +2.667793195e+00 +2.667793195e+00 +1.507779319e+01 +1.507779319e+01 +5.4287e-01 -2.7033e+00 +1.2319e+00
1833 +2.376619974e+00 +2.376619974e+00 +1.478661997e+01 +1.478661997e+01 -2.2408e+00 -1.2115e+00 +2.2845e+00
2949 +2.073110645e+00 +2.073110645e+00 +1.448311065e+01 +1.448311065e+01 +9.3250e-01 -2.8896e+00 +1.8852e+00
4296 +1.113525516e+00 +1.113525516e+00 +1.352352552e+01 +1.352352552e+01 -2.0842e+00 -1.3736e-01 +1.4802e+00
19480 +5.119521062e-01 +5.119521062e-01 +1.292195211e+01 +1.292195211e+01 -2.1375e+00 -2.1204e+00 +9.3669e-01
465648 +4.609228695e-01 +4.609228695e-01 +1.287092287e+01 +1.287092287e+01 -2.0841e+00 -2.1049e+00 +9.4241e-01
646268 +3.718122631e-01 +3.718122631e-01 +1.278181226e+01 +1.278181226e+01 -2.0893e+00 -2.0777e+00 +2.0671e+00
1036079 +3.052213361e-01 +3.052213361e-01 +1.271522134e+01 +1.271522134e+01 -2.1089e+00 -2.0356e+00 +2.1020e+00
1279613 +1.120366576e-01 +1.120366576e-01 +1.252203666e+01 +1.252203666e+01 -2.1606e+00 -2.0621e+00 +2.1253e+00
9772450 +9.964656649e-02 +9.964656649e-02 +1.250964657e+01 +1.250964657e+01 -2.1052e+00 -2.0670e+00 +2.1021e+00
9896092 +3.645982302e-02 +3.645982302e-02 +1.244645982e+01 +1.244645982e+01 -2.0937e+00 -2.1160e+00 +2.0885e+00
15290005 +5.167831193e-03 +5.167831193e-03 +1.241516783e+01 +1.241516783e+01 -2.0901e+00 -2.1086e+00 +2.1009e+00
% function evaluation | noise-free fitness - Fopt (1.090700000000e+02) | best noise-free fitness - Fopt | measured fitness | best measured fitness | x1 | x2...
1 +1.084290721e+04 +1.084290721e+04 +1.095197721e+04 +1.095197721e+04 -3.5139e+00 +2.7646e+00 +1.0685e+00
7 +9.948195685e+03 +9.948195685e+03 +1.005726569e+04 +1.005726569e+04 +4.3768e+00 -1.4623e+00 -2.1244e+00
8 +7.131790396e+02 +7.131790396e+02 +8.222490396e+02 +8.222490396e+02 +3.8311e+00 +1.6019e+00 -1.0154e+00
21 +7.656908580e+01 +7.656908580e+01 +1.856390858e+02 +1.856390858e+02 -1.9109e+00 +1.3847e+00 -6.9217e-01
26 +5.124446476e+00 +5.124446476e+00 +1.141944465e+02 +1.141944465e+02 +2.1666e+00 +1.9239e+00 -9.3943e-01
33 +4.763926897e+00 +4.763926897e+00 +1.138339269e+02 +1.138339269e+02 -1.3976e+00 -1.9684e-01 -1.5434e+00
43 +4.657489316e+00 +4.657489316e+00 +1.137274893e+02 +1.137274893e+02 -1.0135e+00 -5.2631e-02 -1.8334e+00
163 +4.489751391e+00 +4.489751391e+00 +1.135597514e+02 +1.135597514e+02 -7.3013e-01 +1.0288e+00 -1.6456e+00
185 +4.001738576e+00 +4.001738576e+00 +1.130717386e+02 +1.130717386e+02 -2.4717e-01 +6.4249e-01 -1.2239e+00
200 +3.365033780e+00 +3.365033780e+00 +1.124350338e+02 +1.124350338e+02 -2.0137e+00 +1.3802e+00 -1.8040e+00
235 +3.228927209e+00 +3.228927209e+00 +1.122989272e+02 +1.122989272e+02 -1.7830e+00 +9.2159e-01 -1.2258e+00
596 +2.339237774e+00 +2.339237774e+00 +1.114092378e+02 +1.114092378e+02 -1.9571e+00 +1.1044e-01 -2.4893e+00
689 +1.532628000e+00 +1.532628000e+00 +1.106026280e+02 +1.106026280e+02 -2.1402e+00 +9.5913e-01 -2.3707e+00
1955 +1.116339344e+00 +1.116339344e+00 +1.101863393e+02 +1.101863393e+02 +1.4157e+00 +2.9932e+00 -7.7125e-01
12733 +9.582695475e-01 +9.582695475e-01 +1.100282695e+02 +1.100282695e+02 -2.1597e+00 +1.4211e+00 -2.2818e+00
45414 +9.314117753e-01 +9.314117753e-01 +1.100014118e+02 +1.100014118e+02 -2.1880e+00 +1.0978e-01 -2.6416e+00
132209 +8.133688182e-01 +8.133688182e-01 +1.098833688e+02 +1.098833688e+02 -2.0736e+00 -4.7753e-01 -2.7425e+00
241668 +1.757287386e-01 +1.757287386e-01 +1.092457287e+02 +1.092457287e+02 -2.1237e+00 +2.0431e+00 -2.1231e+00
464634 +9.078760797e-02 +9.078760797e-02 +1.091607876e+02 +1.091607876e+02 -2.1650e+00 +2.1112e+00 -2.0974e+00
3267228 +7.570718894e-02 +7.570718894e-02 +1.091457072e+02 +1.091457072e+02 -2.1671e+00 +2.0899e+00 -2.1006e+00
13014916 +6.479657016e-02 +6.479657016e-02 +1.091347966e+02 +1.091347966e+02 -2.1112e+00 +2.0814e+00 -2.1259e+00
14175871 +6.209359533e-02 +6.209359533e-02 +1.091320936e+02 +1.091320936e+02 -2.1358e+00 +2.0680e+00 -2.1168e+00
14613335 +4.945016263e-02 +4.945016263e-02 +1.091194502e+02 +1.091194502e+02 -2.1312e+00 +2.1218e+00 -2.1077e+00
