% function evaluation | noise-free fitness - Fopt (-5.465000000000e+02) | best noise-free fitness - Fopt | measured fitness | best measured fitness | x1 | x2...
1 +8.712275520e+04 +8.712275520e+04 +8.657625520e+04 +8.657625520e+04 +1.1359e+00 -4.4534e-01 +3.9433e+00 -2.1829e+00 +1.2567e+00 +3.5852e+00 +2.3532e+00 +1.2701e-01 -5.6462e-01 -2.0968e+00
3 +8.458628129e+04 +8.458628129e+04 +8.403978129e+04 +8.403978129e+04 -2.3439e+00 +9.4748e-01 -3.0425e+00 -4.7290e+00 +1.4518e+00 +2.8621e+00 +4.4832e+00 +3.5496e+00 +5.0617e-01 +4.4252e+00
4 +5.008493690e+04 +5.008493690e+04 +4.953843690e+04 +4.953843690e+04 +6.8777e-01 -4.4542e-01 +1.6552e+00 +4.6160e+00 -2.3143e+00 -2.3382e+00 -7.2113e-01 -2.1305e+00 -5.8620e-01 -1.7345e-01
8 +3.571697744e+04 +3.571697744e+04 +3.517047744e+04 +3.517047744e+04 -9.3674e-01 -3.6467e+00 -8.8761e-01 -1.9028e+00 +9.8798e-01 -3.4937e+00 -2.4579e+00 -3.0536e+00 -6.2521e-01 +1.1615e-01
14 +2.314637322e+04 +2.314637322e+04 +2.259987322e+04 +2.259987322e+04 +6.0603e-01 -1.9434e-02 -4.1378e-01 -2.4674e+00 -1.1549e-01 +2.1375e+00 -1.9406e+00 -1.1813e+00 -1.4582e+00 +3.9776e+00
80 +2.289695647e+04 +2.289695647e+04 +2.235045647e+04 +2.235045647e+04 +1.8371e+00 +5.7573e-01 +4.2794e+00 -1.9997e+00 +1.3422e+00 -2.1945e+00 -2.9272e+00 -2.3910e+00 -1.0738e-01 +1.9853e+00
100 +4.066614465e+03 +4.066614465e+03 +3.520114465e+03 +3.520114465e+03 -1.4902e+00 +1.9233e-01 -2.0872e-01 -1.9292e+00 +6.1638e-01 -2.5308e+00 +9.6580e-01 +3.4661e+00 -1.5982e+00 +9.2911e-03
753 +1.613453347e+02 +1.613453347e+02 -3.851546653e+02 -3.851546653e+02 -2.3562e+00 -4.1800e-01 -1.1553e+00 -1.0765e+00 +1.1570e+00 -2.2593e+00 +1.5824e-01 +7.7876e-01 -9.3409e-01 +2.6576e+00
4033 +6.825890557e+01 +6.825890557e+01 -4.782410944e+02 -4.782410944e+02 +1.3121e+00 -2.7964e-01 +6.4097e-01 +2.8797e-01 +1.9245e+00 -2.3140e+00 +2.6824e-01 +1.6677e+00 -2.3819e+00 +1.4664e+00
27060 +2.781178285e+01 +2.781178285e+01 -5.186882172e+02 -5.186882172e+02 -5.5729e-01 +2.3915e+00 +1.9993e+00 -3.4923e-01 +1.5955e+00 -3.7178e-02 -2.5792e+00 +1.5345e+00 -2.4772e+00 +1.5761e+00
53243 +2.232522424e+01 +2.232522424e+01 -5.241747758e+02 -5.241747758e+02 -2.7115e+00 -3.6830e-01 +3.0000e+00 -1.4186e+00 +1.8831e+00 -1.1457e+00 -1.2814e+00 +1.9009e+00 -8.6800e-01 +2.4412e+00
86020 +1.370979510e+01 +1.370979510e+01 -5.327902049e+02 -5.327902049e+02 -2.6403e+00 +1.2898e+00 -4.0040e-01 -3.0346e+00 +1.5263e+00 -5.9629e-01 -8.4820e-01 +6.8734e-01 -2.5263e+00 +2.0021e+00
147141 +1.277668002e+01 +1.277668002e+01 -5.337233200e+02 -5.337233200e+02 -1.3084e+00 +1.4335e+00 +1.4491e+00 -2.1858e+00 +9.2452e-01 -1.9530e+00 +6.6919e-02 +1.5756e+00 -1.5352e+00 +1.8528e+00
285004 +4.060258029e+00 +4.060258029e+00 -5.424397420e+02 -5.424397420e+02 +6.9020e-01 +8.4501e-01 -1.0613e+00 -8.2176e-01 +1.0404e+00 -2.3642e+00 -8.7937e-01 +1.9344e+00 -1.5732e+00 +9.6791e-01
2134585 +3.918069878e+00 +3.918069878e+00 -5.425819301e+02 -5.425819301e+02 +1.7219e+00 -7.6174e-02 +2.7179e+00 -8.6893e-01 +2.6471e+00 -8.5693e-01 -4.0807e-01 +2.0189e+00 -6.6421e-01 +2.4221e+00
2675736 +3.802603540e+00 +3.802603540e+00 -5.426973965e+02 -5.426973965e+02 +1.6820e+00 +3.3021e+00 -1.9005e-01 -3.8273e-01 +2.3675e+00 -2.7889e-01 -7.6710e-01 +2.5506e+00 -7.9826e-01 +1.1871e+00
3796155 +3.690285474e+00 +3.690285474e+00 -5.428097145e+02 -5.428097145e+02 -7.2573e-01 +3.1099e-01 +1.3386e+00 -5.3361e-01 +7.8239e-01 -9.3530e-01 -1.8423e+00 +1.0807e+00 -9.8077e-01 +1.2707e+00
5635802 +3.398116533e+00 +3.398116533e+00 -5.431018835e+02 -5.431018835e+02 -1.1960e+00 -1.0294e-01 +6.5627e-01 -2.4180e+00 +1.5448e+00 -2.2491e+00 -1.8726e-01 +2.5307e+00 -1.6990e+00 +1.7629e+00
7107333 +3.321584154e+00 +3.321584154e+00 -5.431784158e+02 -5.431784158e+02 +7.5122e-01 -1.5447e-01 +5.6671e-01 -1.8154e+00 +1.5796e+00 -6.8101e-01 -6.7853e-01 +1.4620e+00 -9.1317e-01 +2.0363e+00
7199908 +2.578106845e+00 +2.578106845e+00 -5.439218932e+02 -5.439218932e+02 +1.3873e+00 +5.8272e-01 +1.1287e+00 -7.1100e-01 +2.3241e+00 -9.8865e-01 -7.3310e-01 +2.4538e+00 -2.0853e+00 +1.2396e+00
38231691 +1.809920268e+00 +1.809920268e+00 -5.446900797e+02 -5.446900797e+02 +3.3875e-01 +1.8726e+00 +2.0209e+00 -2.2176e+00 +2.0636e+00 -2.1913e+00 -3.7981e-01 +2.5081e+00 -2.0192e+00 +2.0053e+00
% function evaluation | noise-free fitness - Fopt (1.000000000000e+03) | best noise-free fitness - Fopt | measured fitness | best measured fitness | x1 | x2...
1 +1.124665953e+05 +1.124665953e+05 +1.134665953e+05 +1.134665953e+05 -3.0133e+00 +1.3137e+00 -2.0554e+00 -4.0844e-01 -3.5553e+00 +4.1159e+00 +3.9001e+00 +1.5361e+00 +4.4488e+00 -4.9988e+00
2 +1.040269209e+05 +1.040269209e+05 +1.050269209e+05 +1.050269209e+05 -3.0912e+00 -1.5572e+00 -1.6001e+00 +9.4568e-01 +4.2346e+00 -3.4548e+00 +1.8086e+00 +1.4464e+00 -1.7733e+00 +2.1116e+00
7 +5.473135993e+04 +5.473135993e+04 +5.573135993e+04 +5.573135993e+04 +3.5841e+00 -1.1675e+00 +3.5546e-01 +3.9474e+00 -3.1068e-01 -1.5444e+00 -4.9128e+00 +4.1110e+00 +1.0015e+00 +5.2233e-01
10 +1.983489719e+03 +1.983489719e+03 +2.983489719e+03 +2.983489719e+03 +1.4138e+00 +4.0338e+00 -1.1662e+00 +1.4434e+00 -4.2871e+00 +1.4828e+00 -1.0004e+00 +2.2350e+00 -1.5492e+00 -2.5406e+00
1468 +9.902973644e+02 +9.902973644e+02 +1.990297364e+03 +1.990297364e+03 +3.7624e+00 +3.0811e-01 +2.6866e-02 +9.4300e-01 -3.0938e+00 -6.9171e-01 -3.2791e+00 +7.7062e-01 -9.5065e-01 -1.3326e+00
11073 +8.425578633e+02 +8.425578633e+02 +1.842557863e+03 +1.842557863e+03 +1.2843e+00 -7.8724e-01 -2.6987e+00 -6.9754e-01 -5.4873e-01 +3.4251e+00 -7.6414e-01 +1.4728e+00 -4.3961e-01 -1.5287e+00
13712 +2.683257119e+02 +2.683257119e+02 +1.268325712e+03 +1.268325712e+03 +1.4484e+00 +3.5624e+00 +2.0298e+00 -3.7050e+00 -1.2893e+00 +1.6117e-01 -1.6989e+00 +2.6034e+00 -5.6506e-01 -1.1918e+00
59471 +1.984592969e+02 +1.984592969e+02 +1.198459297e+03 +1.198459297e+03 +1.5234e+00 -6.8170e-01 -2.1098e+00 -6.6840e-02 -1.7113e+00 +1.6089e+00 -2.5240e+00 +1.8504e+00 -1.3837e+00 -6.2258e-01
98622 +1.893651903e+02 +1.893651903e+02 +1.189365190e+03 +1.189365190e+03 -2.6804e-01 +6.9703e-01 -2.8199e+00 -2.4470e+00 +3.7077e-01 +2.1416e+00 +7.5484e-02 +2.1779e+00 -2.2992e-01 -2.6924e+00
100208 +2.126063215e+01 +2.126063215e+01 +1.021260632e+03 +1.021260632e+03 +1.6769e+00 -1.1839e+00 -2.6014e+00 +9.3148e-01 -6.5809e-01 +9.5826e-01 -1.6769e+00 +9.9727e-01 -1.7643e+00 -1.2015e+00
308897 +7.879958045e+00 +7.879958045e+00 +1.007879958e+03 +1.007879958e+03 -7.7277e-01 +1.8884e+00 -1.5588e+00 -4.9695e-01 +2.4558e-01 +5.7929e-01 -1.7865e+00 +7.6517e-01 -9.5029e-01 -9.0901e-01
367169 +5.185387556e+00 +5.185387556e+00 +1.005185388e+03 +1.005185388e+03 +1.9710e-02 +1.2326e+00 +9.4032e-01 -8.0073e-01 -5.8901e-01 +1.2588e+00 -1.9600e+00 +1.4304e+00 -1.2165e+00 -1.5152e+00
480563 +4.081264626e+00 +4.081264626e+00 +1.004081265e+03 +1.004081265e+03 -2.3605e+00 -1.2239e+00 +4.3504e-01 +1.9315e-01 -2.6859e+00 -1.7404e-01 -1.8043e+00 +1.4561e+00 -1.2908e+00 -1.9128e+00
1790265 +3.591286771e+00 +3.591286771e+00 +1.003591287e+03 +1.003591287e+03 -1.8693e+00 +9.5206e-01 -2.2523e+00 -2.3158e+00 -4.4176e-01 +2.6045e+00 -6.3032e-01 +2.1115e+00 -1.5715e+00 -1.9530e+00
1819786 +3.496833521e+00 +3.496833521e+00 +1.003496834e+03 +1.003496834e+03 +9.0633e-01 -1.1184e+00 +2.7005e-01 -1.3017e+00 -2.2361e+00 -3.5246e-01 -2.7372e+00 +5.9811e-01 -2.5199e+00 -1.2640e+00
3991449 +2.970747307e+00 +2.970747307e+00 +1.002970747e+03 +1.002970747e+03 -2.2751e+00 -9.6779e-01 -8.1540e-02 -1.3826e+00 -1.5618e+00 +2.2275e+00 -1.1629e+00 +1.9777e+00 -5.6953e-01 -2.1690e+00
17484784 +2.853935070e+00 +2.853935070e+00 +1.002853935e+03 +1.002853935e+03 -8.4558e-01 +2.5939e+00 +1.1786e-02 -1.5466e+00 -1.6228e-01 +2.6911e+00 -1.4843e+00 +2.3401e+00 -1.5986e+00 -1.3822e+00
85417036 +2.807467213e+00 +2.807467213e+00 +1.002807467e+03 +1.002807467e+03 +1.5990e+00 +2.0612e+00 -1.4995e+00 -2.2330e+00 -1.9522e+00 +5.0928e-02 -1.0473e+00 +1.4644e+00 -1.8128e+00 -2.1502e+00
% function evaluation | noise-free fitness - Fopt (2.083800000000e+02) | best noise-free fitness - Fopt | measured fitness | best measured fitness | x1 | x2...
1 +1.132598258e+05 +1.132598258e+05 +1.134682058e+05 +1.134682058e+05 -2.2227e+00 -2.5463e+00 -2.0089e+00 -6.2574e-01 -3.3026e+00 +3.6734e+00 -4.5217e+00 +2.4582e+00 -4.7920e+00 -3.4076e+00
3 +2.809838248e+04 +2.809838248e+04 +2.830676248e+04 +2.830676248e+04 +2.9146e+00 -2.6259e+00 +4.3784e+00 -4.2136e+00 +8.6265e-01 -2.4176e+00 +2.4777e+00 +2.7424e+00 +8.9630e-02 +4.3806e+00
23 +2.088364035e+04 +2.088364035e+04 +2.109202035e+04 +2.109202035e+04 -1.4194e+00 -4.6359e+00 +3.6994e+00 +1.2442e+00 -3.8466e+00 +5.0847e-01 -7.6348e-01 +5.0991e-01 -1.3838e+00 +5.5345e-01
71 +1.721056790e+04 +1.721056790e+04 +1.741894790e+04 +1.741894790e+04 +7.8207e-01 -7.9522e-01 -7.0070e-01 +7.5298e-01 +4.1100e+00 -2.1055e+00 +1.2878e+00 -1.4943e+00 -3.2839e+00 +2.8905e+00
86 +1.386556646e+04 +1.386556646e+04 +1.407394646e+04 +1.407394646e+04 +1.7539e+00 +2.9936e+00 -1.0864e+00 +1.9972e-01 +4.3527e+00 +1.4743e+00 +1.6646e+00 +4.0633e+00 -4.9434e-01 +7.1472e-04
152 +1.211913797e+04 +1.211913797e+04 +1.232751797e+04 +1.232751797e+04 -3.4790e+00 +1.0157e+00 -3.3576e+00 +2.5802e+00 +2.3953e+00 +3.4257e+00 -2.7810e-01 +4.2922e+00 -2.8617e-01 +3.3233e+00
155 +2.551803039e+03 +2.551803039e+03 +2.760183039e+03 +2.760183039e+03 -3.8393e+00 -2.5568e+00 +3.5437e+00 +1.3605e+00 +5.3230e-01 +1.8255e+00 +1.6033e+00 +1.6413e+00 -3.0860e+00 +1.8342e-01
2583 +1.265721697e+03 +1.265721697e+03 +1.474101697e+03 +1.474101697e+03 -1.7393e+00 +2.1658e+00 -1.2949e+00 -7.9493e-01 -5.2402e-01 -1.5698e-02 +3.2655e+00 +5.7063e-01 -1.1461e+00 +1.8587e+00
4624 +1.114285102e+03 +1.114285102e+03 +1.322665102e+03 +1.322665102e+03 +2.2228e+00 -7.1919e-01 +3.9960e+00 +1.0323e+00 +2.9861e+00 +2.6450e+00 +1.7873e+00 +2.2173e+00 -1.7240e+00 +1.4743e+00
6591 +2.416205512e+02 +2.416205512e+02 +4.500005512e+02 +4.500005512e+02 -2.8542e-02 +2.5071e+00 +1.4868e+00 +9.1887e-01 +1.9381e+00 -2.1483e-01 +2.2918e+00 -1.3670e-01 -1.5467e+00 +1.2756e+00
39990 +2.333239392e+02 +2.333239392e+02 +4.417039392e+02 +4.417039392e+02 +3.0936e+00 +2.8769e+00 +1.8360e+00 +4.5855e-01 +9.1807e-01 +2.6504e+00 -3.8421e-01 +1.1030e+00 -1.8934e+00 +2.0493e+00
150029 +2.787912408e+01 +2.787912408e+01 +2.362591241e+02 +2.362591241e+02 +9.3497e-01 -4.2331e-01 +1.0463e+00 +4.1777e-01 +2.6740e+00 +1.5470e+00 -9.1059e-03 +2.1907e+00 -1.0914e+00 +2.3132e+00
321729 +4.276543455e+00 +4.276543455e+00 +2.126565435e+02 +2.126565435e+02 +2.5434e+00 +1.7217e+00 +5.8727e-01 +1.3768e+00 +2.2888e+00 +8.1589e-01 +1.0452e+00 +5.1599e-01 -8.6890e-01 +1.7552e+00
1012620 +3.032196776e+00 +3.032196776e+00 +2.114121968e+02 +2.114121968e+02 +1.5565e+00 +2.4912e-01 +2.5912e+00 +1.9274e+00 +4.5466e-01 +8.8233e-02 +1.3631e+00 +6.5455e-01 -2.2678e+00 +2.0588e+00
15939153 +2.926616927e+00 +2.926616927e+00 +2.113066169e+02 +2.113066169e+02 -9.4389e-01 +1.4393e+00 +9.5023e-01 +1.0565e+00 +2.5364e+00 +2.0847e+00 +4.3830e-01 +1.1554e+00 -2.3583e+00 +1.0638e+00
18375612 +2.560764437e+00 +2.560764437e+00 +2.109407644e+02 +2.109407644e+02 -3.1243e-01 -4.4929e-01 +2.6737e+00 +1.8680e+00 +2.0257e+00 +1.6154e+00 +1.5956e+00 +6.7180e-01 -1.2440e+00 +1.1610e+00
% function evaluation | noise-free fitness - Fopt (-1.449600000000e+02) | best noise-free fitness - Fopt | measured fitness | best measured fitness | x1 | x2...
1 +2.817270615e+05 +2.817270615e+05 +2.815821015e+05 +2.815821015e+05 -1.7468e+00 -1.6050e+00 +3.3742e+00 +1.9456e+00 -2.0127e+00 -3.4949e+00 +4.9861e+00 -3.9127e+00 +1.8707e+00 -2.0919e+00
2 +1.671740744e+05 +1.671740744e+05 +1.670291144e+05 +1.670291144e+05 +1.3362e+00 +2.0153e+00 -4.7178e+00 -3.7118e+00 -1.4246e+00 -3.4154e+00 +1.4766e+00 -2.6619e+00 -1.5587e+00 -4.1600e+00
3 +1.356086630e+05 +1.356086630e+05 +1.354637030e+05 +1.354637030e+05 +3.9945e+00 -1.0548e+00 +4.0088e+00 -5.4788e-01 +1.9005e+00 -1.9156e+00 -4.9013e-01 -7.0115e-01 +4.8645e+00 +4.0838e+00
4 +7.891978872e+04 +7.891978872e+04 +7.877482872e+04 +7.877482872e+04 +8.9759e-01 +4.7444e+00 +3.6743e-01 +3.4178e+00 +3.9065e+00 +3.7953e+00 +4.9898e+00 +4.3111e+00 +6.7965e-03 +3.4915e+00
11 +5.738414458e+04 +5.738414458e+04 +5.723918458e+04 +5.723918458e+04 +2.4197e-01 -2.4738e+00 -4.2386e+00 +4.0954e-01 +4.3351e+00 -4.2161e-01 +5.4773e-01 -2.5065e+00 -2.0611e+00 +6.0827e-01
16 +5.498619547e+04 +5.498619547e+04 +5.484123547e+04 +5.484123547e+04 -4.5083e+00 -4.2003e+00 -2.7089e+00 +3.5055e+00 -1.7830e+00 +1.8454e+00 -4.0572e+00 +4.8304e+00 -3.9008e+00 +2.2274e+00
17 +4.613133796e+04 +4.613133796e+04 +4.598637796e+04 +4.598637796e+04 -1.0710e+00 +3.1562e+00 +1.5703e-01 -2.6335e+00 -4.3819e+00 +2.4524e+00 -3.9729e+00 -3.9243e+00 -1.4762e+00 +1.4327e+00
19 +3.034832557e+04 +3.034832557e+04 +3.020336557e+04 +3.020336557e+04 +2.5529e-01 -1.9724e+00 -2.4651e+00 -3.9273e+00 -1.6647e+00 -1.8306e+00 -4.8939e+00 -2.4034e+00 -6.3439e-01 +3.9838e+00
27 +6.511030817e+03 +6.511030817e+03 +6.366070817e+03 +6.366070817e+03 -4.1263e-01 +5.8212e-01 -1.1678e+00 -3.0298e+00 -3.2783e+00 -1.9091e+00 -3.0778e+00 -1.0082e+00 -2.4674e+00 +4.0597e-01
80 +4.434699704e+03 +4.434699704e+03 +4.289739704e+03 +4.289739704e+03 -7.5980e-01 -4.1429e+00 -3.6372e+00 -1.6345e+00 -1.4835e+00 -4.3963e-01 -1.1009e+00 +2.0373e+00 -7.5622e-01 +4.0092e-01
853 +1.999902396e+03 +1.999902396e+03 +1.854942396e+03 +1.854942396e+03 -1.5428e+00 -3.8746e+00 -2.0259e+00 -4.1167e-01 +1.0356e-01 +3.5948e+00 -4.9134e-01 +7.2635e-01 -1.7964e+00 +2.6152e+00
1672 +1.216525029e+03 +1.216525029e+03 +1.071565029e+03 +1.071565029e+03 -3.5285e+00 -4.7588e-01 +9.6096e-01 -6.3262e-01 -1.0604e+00 +2.6340e+00 -2.7624e+00 +2.3078e+00 -1.0824e+00 +1.5685e+00
10452 +5.944253446e+02 +5.944253446e+02 +4.494653446e+02 +4.494653446e+02 -3.0410e+00 +2.1083e-01 -2.3070e+00 +1.2251e+00 -1.6423e-02 +2.9395e+00 -1.1417e-01 +4.2237e-01 -2.8765e+00 +3.3179e-01
12239 +5.039643584e+02 +5.039643584e+02 +3.590043584e+02 +3.590043584e+02 +1.8534e+00 -3.3643e+00 -3.5825e-01 +5.7821e-01 -3.2624e+00 -3.2025e-01 -2.6605e+00 +2.5512e+00 -7.2293e-01 +1.4071e+00
21117 +1.685564160e+02 +1.685564160e+02 +2.359641596e+01 +2.359641596e+01 +1.5991e+00 -1.3160e+00 -1.0000e+00 -1.9446e+00 -2.8313e-01 +1.0044e+00 -7.9185e-01 +2.9031e-01 -9.0054e-01 +1.2340e+00
26840 +5.543958332e+01 +5.543958332e+01 -8.952041668e+01 -8.952041668e+01 -2.8199e+00 +1.9861e+00 -3.5425e+00 -1.3892e+00 -5.1080e-01 +1.6680e+00 -2.7799e-01 +9.0979e-01 -1.2301e+00 +1.6400e+00
314754 +5.243723237e+00 +5.243723237e+00 -1.397162768e+02 -1.397162768e+02 -1.7269e+00 +4.8197e-01 +3.2380e-01 +2.2201e-01 -2.0652e-01 +2.7169e+00 -1.5533e+00 +1.4252e+00 -9.4764e-01 +1.3997e+00
383531 +3.909751026e+00 +3.909751026e+00 -1.410502490e+02 -1.410502490e+02 +3.7217e-01 +1.0674e+00 -1.2828e+00 -8.3485e-01 -1.7956e+00 +2.0847e+00 -2.0225e+00 +2.2311e+00 -1.5392e+00 +1.8283e+00
2862379 +3.281732519e+00 +3.281732519e+00 -1.416782675e+02 -1.416782675e+02 -4.1018e-01 +5.6049e-01 -2.7469e-01 -1.8806e+00 +6.1011e-01 +2.9533e+00 -1.4769e+00 +1.8475e+00 -8.2100e-01 +1.5748e+00
3797622 +2.856864766e+00 +2.856864766e+00 -1.421031352e+02 -1.421031352e+02 -1.8045e+00 -1.9576e+00 -2.0682e+00 -2.6882e-01 -4.3825e-01 +1.2566e+00 -5.3683e-01 +2.4953e+00 -3.8076e-01 +1.2942e+00
7213230 +2.761395263e+00 +2.761395263e+00 -1.421986047e+02 -1.421986047e+02 -1.6091e-01 +1.4513e+00 -2.0042e-01 -1.1037e-01 +1.1813e-01 +1.4168e+00 -6.0351e-01 +9.0232e-01 -1.1588e+00 +1.1428e+00
24562331 +2.752718186e+00 +2.752718186e+00 -1.422072818e+02 -1.422072818e+02 -4.9335e-01 -1.3879e-01 +2.0993e-01 -1.2010e-01 -1.9699e+00 +2.6646e-01 -1.0613e+00 +8.1168e-01 -1.1723e+00 +1.1420e+00
25862181 +2.222186485e+00 +2.222186485e+00 -1.427378135e+02 -1.427378135e+02 -1.1669e+00 +1.7114e+00 -5.9038e-02 -5.8697e-01 -2.4073e+00 +1.9119e+00 -1.6979e+00 +7.3067e-01 -2.4410e+00 +2.0472e+00
26183931 +2.096321491e+00 +2.096321491e+00 -1.428636785e+02 -1.428636785e+02 -2.1103e+00 -2.1856e+00 -2.1510e+00 +3.2367e-01 -2.6824e+00 +1.6518e+00 -5.9163e-01 +1.2577e+00 -2.3123e+00 +1.6390e+00
% function evaluation | noise-free fitness - Fopt (-6.300000000000e+00) | best noise-free fitness - Fopt | measured fitness | best measured fitness | x1 | x2...
1 +1.200942092e+05 +1.200942092e+05 +1.200879092e+05 +1.200879092e+05 -3.0366e+00 +1.3552e+00 -2.6015e+00 -3.8190e+00 +4.1178e+00 -2.1284e+00 +4.5415e+00 +4.2715e+00 -1.5824e+00 +2.7726e+00
2 +6.002842643e+04 +6.002842643e+04 +6.002212643e+04 +6.002212643e+04 +1.6677e+00 -3.0009e+00 +7.0675e-01 +9.4024e-01 +7.3644e-02 -4.7945e+00 -1.6764e+00 +2.7909e+00 +2.8505e+00 -1.4855e+00
5 +1.568819441e+04 +1.568819441e+04 +1.568189441e+04 +1.568189441e+04 -3.1672e+00 +1.2661e+00 -3.5000e+00 +8.9628e-01 -2.7278e+00 -3.6733e+00 -1.5057e+00 +8.9074e-01 +1.8608e+00 +2.3494e+00
65 +1.236611718e+04 +1.236611718e+04 +1.235981718e+04 +1.235981718e+04 -3.2462e+00 +1.5869e+00 -1.9331e+00 -1.4415e+00 +2.7130e+00 -3.7714e+00 -7.1948e-01 -3.7870e+00 +1.4743e+00 +1.0589e+00
240 +1.078331385e+04 +1.078331385e+04 +1.077701385e+04 +1.077701385e+04 +3.7985e+00 +2.5418e+00 -4.3000e+00 +3.8448e+00 -2.7365e+00 -1.9214e+00 -8.6838e-01 -1.3042e+00 -4.3599e-01 +9.8323e-01
255 +3.812289563e+03 +3.812289563e+03 +3.805989563e+03 +3.805989563e+03 -4.9283e+00 -1.3469e-01 -1.7683e+00 -6.7272e-02 -5.4289e-01 +2.2364e-01 +3.4827e+00 +6.2179e-01 +1.7840e+00 +2.3952e+00
618 +2.934262301e+03 +2.934262301e+03 +2.927962301e+03 +2.927962301e+03 +3.7422e+00 -6.0762e-01 +5.5320e-01 +2.1903e+00 -2.1060e-01 +1.1193e+00 +1.1429e+00 -1.8012e+00 +2.1138e+00 +1.4915e+00
726 +2.642989303e+03 +2.642989303e+03 +2.636689303e+03 +2.636689303e+03 +6.2247e-01 +1.4251e+00 -4.9707e+00 +1.8347e+00 -2.8178e+00 +5.5937e-01 +2.9814e+00 +4.6959e-01 +1.8862e+00 +1.9956e+00
3493 +1.406694079e+03 +1.406694079e+03 +1.400394079e+03 +1.400394079e+03 -1.5512e+00 -1.1955e+00 -2.8601e+00 +1.7273e+00 +4.8335e-01 -1.7373e+00 +2.4174e+00 -1.7856e+00 +2.9819e+00 +2.1043e+00
23308 +9.893981046e+02 +9.893981046e+02 +9.830981046e+02 +9.830981046e+02 -3.3592e+00 -3.0954e+00 +2.5673e+00 +4.7676e-01 -1.8589e+00 -1.0196e+00 +2.8034e+00 -6.8222e-02 +1.4533e+00 +6.6527e-01
25495 +3.509194202e+02 +3.509194202e+02 +3.446194202e+02 +3.446194202e+02 -2.5613e+00 -3.0236e+00 -1.3340e+00 -1.2060e+00 -3.2097e+00 -1.1543e+00 +2.1820e+00 -1.2885e+00 +1.5553e+00 +5.4748e-01
29912 +3.298632196e+02 +3.298632196e+02 +3.235632196e+02 +3.235632196e+02 -2.4835e+00 +1.2583e+00 -3.7107e-01 +3.3102e+00 -5.6116e-01 -8.8510e-01 +7.1335e-01 -2.3109e+00 +8.8944e-01 +1.6007e+00
31337 +1.254142050e+02 +1.254142050e+02 +1.191142050e+02 +1.191142050e+02 -1.4885e+00 -6.0801e-01 -1.6607e+00 +1.0044e+00 +7.1206e-01 -2.4230e+00 +1.9259e+00 -6.3128e-01 +2.1885e+00 +1.3629e+00
33528 +5.264994196e+00 +5.264994196e+00 -1.035005804e+00 -1.035005804e+00 -1.4040e+00 -3.0682e+00 -3.3138e-01 +1.0267e+00 -4.1121e-01 -4.4765e-01 +2.7244e+00 -1.1136e+00 +2.0117e+00 +7.9140e-01
1382896 +4.333930589e+00 +4.333930589e+00 -1.966069411e+00 -1.966069411e+00 +1.9615e+00 +3.6461e-02 -8.3574e-01 +2.6164e+00 -1.0194e+00 -1.9186e+00 +1.3129e+00 -4.8464e-01 +1.3945e+00 +2.1622e+00
1961228 +3.691719760e+00 +3.691719760e+00 -2.608280240e+00 -2.608280240e+00 +2.4739e+00 +9.2240e-01 -2.7122e+00 +1.1814e+00 -2.1925e+00 -3.6374e-01 +2.0619e+00 -1.3905e+00 +1.7413e+00 +1.5331e+00
2588194 +3.056485305e+00 +3.056485305e+00 -3.243514695e+00 -3.243514695e+00 -5.6921e-01 -1.8969e-01 -1.3801e+00 +1.5923e+00 +3.5564e-02 -2.6388e+00 +1.0284e+00 -1.0402e+00 +2.4209e+00 +1.6779e+00
10241786 +2.851366131e+00 +2.851366131e+00 -3.448633869e+00 -3.448633869e+00 -8.5973e-01 -2.8980e+00 -6.0818e-01 -1.8347e-02 -1.3759e+00 -2.2665e+00 +2.4711e-01 -7.2693e-01 +1.1427e+00 +8.8388e-01
15909365 +2.636071465e+00 +2.636071465e+00 -3.663928535e+00 -3.663928535e+00 +2.2314e+00 -2.1448e+00 +8.1091e-01 +2.6145e+00 -1.2436e+00 -1.0410e+00 +6.3277e-01 -1.0345e+00 +1.4287e+00 +1.6195e+00
% function evaluation | noise-free fitness - Fopt (7.056400000000e+02) | best noise-free fitness - Fopt | measured fitness | best measured fitness | x1 | x2...
1 +6.152153997e+04 +6.152153997e+04 +6.222717997e+04 +6.222717997e+04 +1.9680e+00 +1.6805e+00 +1.2383e+00 +4.4866e-01 -4.2927e+00 -3.1176e+00 +3.1716e+00 +2.4484e+00 +4.7823e+00 -1.0665e+00
5 +5.790335205e+04 +5.790335205e+04 +5.860899205e+04 +5.860899205e+04 +3.0790e+00 -3.9074e+00 +7.8938e-01 +9.1177e-01 +2.6952e+00 +4.3019e+00 -4.7683e+00 -3.9187e+00 +2.0921e+00 +1.2675e+00
9 +4.439273053e+04 +4.439273053e+04 +4.509837053e+04 +4.509837053e+04 -3.3655e+00 +3.6950e+00 -4.4793e+00 -2.0261e+00 -3.5714e+00 +1.4438e+00 -2.8253e+00 +2.3063e+00 -4.9031e-01 +4.9581e+00
11 +7.455709852e+03 +7.455709852e+03 +8.161349852e+03 +8.161349852e+03 +4.3908e+00 +3.7166e+00 +2.2328e+00 -5.2409e-01 -6.1965e-01 -5.5888e-01 +2.2287e-01 -5.9858e-01 +7.4977e-01 +1.5111e+00
49 +6.292347373e+03 +6.292347373e+03 +6.997987373e+03 +6.997987373e+03 +6.8830e-01 +7.4782e-01 -2.2893e+00 -3.0696e-01 -1.4758e+00 -1.0380e+00 -1.3227e+00 -9.4938e-01 +1.4019e+00 +2.0863e+00
686 +1.968449681e+03 +1.968449681e+03 +2.674089681e+03 +2.674089681e+03 -3.6299e+00 -2.4306e+00 -1.0822e+00 -2.9693e+00 -8.8694e-01 +5.0764e-01 -3.1769e+00 +1.6623e+00 +2.3523e+00 +2.0143e+00
6276 +8.801069809e+02 +8.801069809e+02 +1.585746981e+03 +1.585746981e+03 +1.9363e+00 +6.4286e-01 -1.0650e+00 -1.1113e+00 +9.1532e-01 -3.1206e+00 +5.4591e-01 +2.7091e+00 +1.1325e+00 +5.8450e-01
10898 +3.834393231e+02 +3.834393231e+02 +1.089079323e+03 +1.089079323e+03 +2.3286e+00 +1.3306e+00 +1.5321e+00 +2.6365e-01 -2.1560e-01 -2.4587e+00 -2.5959e+00 +9.6675e-01 +2.5358e+00 +8.5802e-01
16809 +3.360394264e+02 +3.360394264e+02 +1.041679426e+03 +1.041679426e+03 +3.1736e+00 -7.0039e-01 -2.7283e+00 +1.2244e+00 +3.4503e+00 -1.7818e-01 -7.0559e-01 +1.3452e+00 +1.6626e+00 +6.3438e-01
27909 +3.322797333e+00 +3.322797333e+00 +7.089627973e+02 +7.089627973e+02 +2.3500e+00 +1.6797e+00 +8.6670e-01 -2.8198e+00 +1.3052e+00 -2.1195e-01 -9.5460e-01 +2.4830e+00 +1.6357e+00 +7.8075e-01
6579518 +3.303842456e+00 +3.303842456e+00 +7.089438425e+02 +7.089438425e+02 -2.4372e+00 -3.8524e-01 +2.0914e-02 -2.1045e+00 +7.9200e-01 -2.4266e+00 -1.8476e+00 +2.0952e+00 +9.2017e-01 +2.4822e+00
8548863 +2.906755356e+00 +2.906755356e+00 +7.085467554e+02 +7.085467554e+02 -1.3537e+00 +2.1584e+00 -8.0398e-01 -5.1811e-01 +2.4451e+00 -1.1669e+00 -2.3530e+00 +1.9956e+00 +1.8276e+00 +1.3680e+00
30095207 +2.751490707e+00 +2.751490707e+00 +7.083914907e+02 +7.083914907e+02 -1.9587e+00 +1.7442e+00 -8.4216e-01 -2.3711e+00 +5.5453e-01 -1.9219e+00 -2.0444e+00 +6.5942e-01 +1.9841e+00 +9.7047e-01
35501370 +2.587884988e+00 +2.587884988e+00 +7.082278850e+02 +7.082278850e+02 -2.0330e+00 -1.4307e+00 -7.8288e-01 -2.4071e+00 +1.3584e+00 -2.1469e+00 +4.1006e-02 +1.1240e+00 +2.4314e+00 +1.7204e+00
% function evaluation | noise-free fitness - Fopt (1.839000000000e+02) | best noise-free fitness - Fopt | measured fitness | best measured fitness | x1 | x2...
1 +2.036800729e+05 +2.036800729e+05 +2.038639729e+05 +2.038639729e+05 +1.2016e+00 -2.9630e+00 +3.2702e+00 +2.4010e-01 +2.9599e+00 +2.0172e+00 +2.6790e+00 -4.2126e+00 +6.7261e-01 +4.1635e+00
2 +2.754710836e+04 +2.754710836e+04 +2.773100836e+04 +2.773100836e+04 +4.4676e+00 -1.5510e+00 +4.6562e+00 -4.8933e+00 -3.6444e-01 -2.4812e+00 -2.9309e+00 +5.1829e-01 +3.0131e+00 -2.9942e+00
14 +1.733153733e+04 +1.733153733e+04 +1.751543733e+04 +1.751543733e+04 +4.6933e+00 +2.1873e+00 +4.3241e+00 -3.9418e-03 +1.3610e+00 +2.7299e+00 -4.4832e-01 +4.5950e+00 -1.3149e+00 -1.8025e+00
34 +1.320116106e+04 +1.320116106e+04 +1.338506106e+04 +1.338506106e+04 -1.0804e+00 -1.9807e+00 +4.0393e-01 -5.6155e-01 +4.0288e+00 -1.3450e+00 -3.5119e+00 +3.9297e+00 -5.2412e-01 -2.9863e+00
76 +1.185756910e+04 +1.185756910e+04 +1.204146910e+04 +1.204146910e+04 +2.1702e+00 -1.9359e+00 +3.1878e+00 -1.0551e+00 +1.7795e-01 +3.5153e+00 -1.6641e+00 +4.2999e+00 +5.1316e-01 -3.2716e+00
283 +1.056780132e+04 +1.056780132e+04 +1.075170132e+04 +1.075170132e+04 +3.1805e-01 +4.3651e-01 +3.1554e+00 -2.7680e+00 +2.3165e+00 -2.5633e+00 -1.4082e-01 +2.9446e+00 -4.1098e-01 -2.6601e+00
336 +9.779431132e+03 +9.779431132e+03 +9.963331132e+03 +9.963331132e+03 -8.6178e-01 -2.9893e+00 -6.3570e-02 -2.9388e+00 -2.8402e+00 +6.0217e-01 -2.2945e+00 +3.4754e+00 -3.1731e-01 -2.6497e+00
339 +2.057757149e+03 +2.057757149e+03 +2.241657149e+03 +2.241657149e+03 +1.0922e+00 +2.5568e+00 -1.9740e-01 -4.2461e+00 +1.3023e+00 +2.8995e+00 -1.1047e+00 +7.1161e-02 +2.0450e+00 -1.1354e+00
3768 +1.994488184e+03 +1.994488184e+03 +2.178388184e+03 +2.178388184e+03 -2.1125e+00 -3.1484e+00 +1.3245e+00 -3.1774e+00 -1.9279e-01 -5.4567e-01 -9.1476e-01 +2.1323e+00 +1.0633e+00 -2.5565e+00
14865 +7.081065598e+01 +7.081065598e+01 +2.547106560e+02 +2.547106560e+02 +1.3865e+00 -1.0334e-01 +2.9170e+00 +1.5141e+00 +5.3026e-01 +1.6808e+00 -6.8283e-01 +2.4568e+00 +5.7387e-01 -1.5017e+00
163799 +1.698052120e+01 +1.698052120e+01 +2.008805212e+02 +2.008805212e+02 -1.0900e+00 -1.1032e+00 +2.2551e+00 -2.1853e+00 -6.9366e-01 +2.4582e+00 -1.1932e-01 +1.7935e+00 +4.6372e-01 -2.0313e+00
771513 +4.052082869e+00 +4.052082869e+00 +1.879520829e+02 +1.879520829e+02 -1.2638e+00 +1.3311e+00 +1.5885e+00 -1.8412e+00 -5.0936e-01 +2.6341e+00 -1.4050e+00 +2.3816e+00 +3.8008e-01 -1.1508e+00
2006500 +3.835853123e+00 +3.835853123e+00 +1.877358531e+02 +1.877358531e+02 -8.4071e-01 +4.8994e-01 +1.9358e+00 -1.4827e+00 -4.9607e-01 +3.7306e-01 -2.3741e+00 +3.7827e-01 +2.1095e+00 -2.1281e+00
2696174 +3.559436814e+00 +3.559436814e+00 +1.874594368e+02 +1.874594368e+02 -2.0128e+00 +8.9868e-01 -5.5184e-01 -2.3912e+00 +1.2932e+00 +9.2162e-01 -1.2088e+00 +2.4238e+00 +1.8473e+00 -2.1588e+00
8251057 +3.267998418e+00 +3.267998418e+00 +1.871679984e+02 +1.871679984e+02 +2.4328e+00 +2.4750e+00 +8.0632e-01 -2.3916e+00 -1.3638e-01 +2.0245e+00 -1.0527e+00 +4.7415e-01 +1.9145e+00 -2.1979e+00
13297177 +2.574463658e+00 +2.574463658e+00 +1.864744637e+02 +1.864744637e+02 -1.3073e+00 +2.2633e+00 +1.0512e+00 -2.5421e+00 +1.9549e+00 +3.7749e-01 -4.2838e-01 +1.5071e+00 +2.2853e+00 -2.0747e+00
% function evaluation | noise-free fitness - Fopt (1.321000000000e+02) | best noise-free fitness - Fopt | measured fitness | best measured fitness | x1 | x2...
1 +2.422738404e+05 +2.422738404e+05 +2.424059404e+05 +2.424059404e+05 -1.7789e+00 -9.7283e-01 -5.4750e-01 -1.0048e+00 -3.7611e+00 -1.9893e+00 -3.8124e+00 -1.4152e+00 -4.6280e+00 +3.2501e+00
2 +9.018958390e+04 +9.018958390e+04 +9.032168390e+04 +9.032168390e+04 -4.4985e+00 -3.8238e+00 -1.0799e-01 -3.9316e+00 -3.3391e+00 +4.1797e+00 +2.2906e+00 -2.3985e+00 +3.0431e+00 -4.8806e+00
3 +8.407176677e+04 +8.407176677e+04 +8.420386677e+04 +8.420386677e+04 +9.6135e-01 -2.2339e+00 -4.2379e+00 +2.9277e+00 -3.5878e+00 -4.8124e+00 -6.3460e-01 +4.8423e+00 +2.5126e+00 +1.8272e+00
4 +6.920487760e+04 +6.920487760e+04 +6.933697760e+04 +6.933697760e+04 +3.2865e+00 -1.4085e-02 -5.2386e-02 -1.2537e+00 +3.8063e+00 +4.0955e+00 +4.9961e+00 -2.4925e-01 -4.0962e-01 -3.2405e+00
6 +4.165659578e+04 +4.165659578e+04 +4.178869578e+04 +4.178869578e+04 +1.2843e+00 -4.1125e+00 +1.8399e+00 +2.8856e+00 +2.0072e+00 -2.5861e+00 +3.0535e-02 +3.7955e+00 -1.5367e+00 -1.5472e+00
11 +2.384380034e+03 +2.384380034e+03 +2.516480034e+03 +2.516480034e+03 +1.4601e+00 +1.1650e+00 -2.4983e+00 +1.0699e+00 -3.1132e+00 +5.5134e-01 -4.4721e-01 +2.6134e+00 +8.2865e-01 -8.2324e-01
5931 +1.743834212e+03 +1.743834212e+03 +1.875934212e+03 +1.875934212e+03 +1.0729e+00 -1.8338e+00 +3.6741e+00 -4.5449e-01 -1.7293e+00 +1.3451e-01 +1.1631e-01 +1.1121e+00 +4.7974e-01 -3.1137e+00
6284 +5.775015848e+01 +5.775015848e+01 +1.898501585e+02 +1.898501585e+02 +1.7009e+00 -6.6061e-01 +2.7985e+00 -2.1550e+00 -2.3323e+00 +2.4468e+00 -1.7894e+00 +1.1047e+00 +2.1668e+00 -7.6849e-01
8581 +5.323026813e+01 +5.323026813e+01 +1.853302681e+02 +1.853302681e+02 +2.7833e+00 +1.3944e+00 +9.4037e-02 -2.4895e+00 -2.2790e+00 +2.3168e+00 -1.8741e+00 +2.3912e+00 +6.5954e-01 -2.5712e+00
75263 +4.472676947e+01 +4.472676947e+01 +1.768267695e+02 +1.768267695e+02 +2.4204e+00 -2.1565e+00 +9.8502e-01 -1.9020e+00 -1.9475e+00 -4.3393e-01 -1.9404e+00 +1.9661e+00 +6.0927e-01 -1.7084e+00
142511 +3.865709530e+00 +3.865709530e+00 +1.359657095e+02 +1.359657095e+02 -2.0520e+00 +2.4916e+00 +3.1038e-01 -1.7025e+00 -2.2864e+00 +1.3801e+00 -2.3455e+00 +2.1811e-01 +1.5428e+00 -2.1772e+00
1122587 +3.405690622e+00 +3.405690622e+00 +1.355056906e+02 +1.355056906e+02 +1.0815e+00 +5.3130e-01 +2.7091e+00 -1.3388e+00 -2.1571e+00 +2.2948e+00 -1.9439e+00 +1.5880e+00 +2.2864e+00 -1.3573e+00
3379306 +3.203121306e+00 +3.203121306e+00 +1.353031213e+02 +1.353031213e+02 +1.9688e-01 +2.5628e-01 +5.1905e-01 -1.9563e-01 -2.5643e+00 +2.1638e+00 -1.9655e+00 +1.6733e+00 +5.7707e-01 -1.8105e+00
13498603 +2.981685272e+00 +2.981685272e+00 +1.350816853e+02 +1.350816853e+02 +9.8479e-01 +1.2859e-01 +2.6438e+00 -3.9994e-01 -2.3377e+00 +2.1992e+00 -4.5601e-01 +2.5971e+00 +7.5859e-01 -1.6514e+00
20442936 +2.330250461e+00 +2.330250461e+00 +1.344302505e+02 +1.344302505e+02 +1.3079e+00 -8.6934e-01 +2.7144e+00 -2.4249e-01 -5.3031e-01 +6.3226e-01 -7.2425e-01 +2.4668e+00 +7.9762e-01 -2.4046e+00
% function evaluation | noise-free fitness - Fopt (-6.067000000000e+01) | best noise-free fitness - Fopt | measured fitness | best measured fitness | x1 | x2...
1 +7.084699311e+04 +7.084699311e+04 +7.078632311e+04 +7.078632311e+04 -2.4940e+00 +4.6742e+00 -2.8019e+00 -3.0628e+00 -4.0638e+00 +4.1460e+00 -2.8878e+00 +9.6000e-01 +1.4482e+00 -8.4550e-01
2 +4.865913449e+04 +4.865913449e+04 +4.859846449e+04 +4.859846449e+04 -3.0541e+00 +2.2979e+00 -1.1784e+00 +1.8186e+00 -8.3505e-01 -2.5421e+00 +5.3000e-02 -2.4054e+00 +1.5837e+00 -2.0666e+00
13 +3.867737492e+04 +3.867737492e+04 +3.861670492e+04 +3.861670492e+04 -2.3089e+00 +2.9727e+00 +1.4727e+00 -2.0598e+00 +2.4102e+00 +1.1343e+00 +4.5283e+00 -4.0832e+00 +7.2902e-01 +4.1993e+00
29 +1.014758070e+04 +1.014758070e+04 +1.008691070e+04 +1.008691070e+04 -3.8613e+00 -3.9663e+00 +1.4839e+00 +1.1398e+00 -4.1579e-01 +3.1802e+00 +7.5601e-01 -4.1258e+00 -1.0879e+00 +3.3668e+00
94 +7.026933623e+03 +7.026933623e+03 +6.966263623e+03 +6.966263623e+03 +2.5948e+00 -1.1794e+00 +2.3542e+00 +3.2989e+00 +3.3517e+00 +2.0362e+00 +3.7039e+00 -2.3359e+00 +2.3760e+00 +1.3274e+00
347 +6.264609105e+03 +6.264609105e+03 +6.203939105e+03 +6.203939105e+03 +3.9219e+00 -3.9887e+00 +3.8641e+00 +5.3849e-01 -1.1061e+00 +3.3899e+00 +1.2420e+00 -2.1177e+00 +1.8209e+00 +2.3597e+00
376 +3.973379847e+03 +3.973379847e+03 +3.912709847e+03 +3.912709847e+03 +2.9682e+00 -4.3328e+00 -1.1368e-02 +3.2847e-01 +1.8213e+00 -1.3112e+00 +1.7278e+00 -2.3974e+00 +2.0998e+00 +1.8398e+00
702 +1.727784780e+03 +1.727784780e+03 +1.667114780e+03 +1.667114780e+03 -8.1075e-01 -3.1214e+00 -1.7272e+00 +3.7245e+00 +5.0484e-01 -1.3860e-01 +2.1503e+00 -1.5260e+00 +2.7018e+00 +1.7524e+00
5184 +2.251159994e+02 +2.251159994e+02 +1.644459994e+02 +1.644459994e+02 +2.0174e+00 +1.8296e+00 -2.3465e+00 +1.4636e+00 -8.8602e-02 -1.6759e-01 +1.5401e+00 -1.2275e+00 +1.7470e+00 +8.0959e-01
26055 +1.984547382e+02 +1.984547382e+02 +1.377847382e+02 +1.377847382e+02 -2.5878e+00 -2.1770e+00 -1.8290e+00 -1.2124e-01 +1.6145e-01 -4.8945e-02 +2.0515e+00 -2.5101e+00 +2.1352e+00 +7.0748e-01
52730 +1.501906003e+02 +1.501906003e+02 +8.952060033e+01 +8.952060033e+01 +1.4534e+00 -1.8351e+00 -2.2845e+00 -1.3576e+00 +3.0623e-01 +9.4671e-01 +7.5140e-01 -2.6233e+00 +2.2748e+00 +1.4145e+00
69014 +2.370190771e+01 +2.370190771e+01 -3.696809229e+01 -3.696809229e+01 -2.2103e+00 -7.0304e-01 +1.1933e+00 +2.5755e+00 +1.5154e+00 +2.5578e+00 +7.7491e-01 -7.9337e-01 +9.6124e-01 +1.7299e+00
119358 +1.097327228e+01 +1.097327228e+01 -4.969672772e+01 -4.969672772e+01 +2.0838e+00 -4.6430e-01 -2.8304e+00 +2.0848e+00 +4.3982e-01 +8.1579e-01 +2.2630e-01 -1.3270e+00 +1.2535e+00 +2.0069e+00
188663 +1.076108365e+01 +1.076108365e+01 -4.990891635e+01 -4.990891635e+01 -1.9679e+00 -4.9570e-01 -1.1537e+00 -4.3641e-01 +2.8029e+00 +1.8102e+00 +1.9530e+00 -2.0983e-01 +2.0943e+00 +1.4445e+00
350925 +3.907859426e+00 +3.907859426e+00 -5.676214057e+01 -5.676214057e+01 -2.2886e+00 -2.5537e+00 -2.0481e+00 +1.0705e+00 +9.5979e-02 +8.4144e-01 +1.9303e+00 -1.0807e+00 +1.3241e+00 +1.3837e+00
3113738 +3.674356109e+00 +3.674356109e+00 -5.699564389e+01 -5.699564389e+01 -2.5306e+00 -1.4153e+00 -2.0980e+00 +1.8833e+00 +1.6529e+00 +2.1407e+00 +1.4216e+00 -2.3947e+00 +1.0920e+00 +2.4282e+00
6274445 +3.480451769e+00 +3.480451769e+00 -5.718954823e+01 -5.718954823e+01 -5.6999e-01 -3.0685e+00 -5.2198e-01 +1.5794e+00 +1.9097e+00 +2.1497e+00 +1.2620e+00 -9.1919e-01 +1.4262e+00 +1.9246e+00
8803258 +3.016082171e+00 +3.016082171e+00 -5.765391783e+01 -5.765391783e+01 +1.1193e+00 +5.8944e-02 -2.5935e+00 +4.4317e-01 +1.9344e+00 +6.7200e-01 +3.4384e-01 -1.0186e+00 +1.1531e+00 +1.3714e+00
9960388 +2.608545944e+00 +2.608545944e+00 -5.806145406e+01 -5.806145406e+01 -7.1949e-01 -1.6747e+00 -7.0933e-02 +2.2237e-01 +2.6156e+00 +6.4756e-01 +2.3743e+00 -5.2852e-01 +1.5595e+00 +1.1486e+00
% function evaluation | noise-free fitness - Fopt (7.560000000000e+01) | best noise-free fitness - Fopt | measured fitness | best measured fitness | x1 | x2...
1 +2.593738228e+05 +2.593738228e+05 +2.594494228e+05 +2.594494228e+05 -3.8168e+00 -2.2492e+00 +1.4738e+00 -2.3850e+00 +1.6447e-01 -2.1064e+00 +8.2449e-01 +3.4408e+00 +2.7494e+00 -3.9024e+00
2 +1.130891322e+05 +1.130891322e+05 +1.131647322e+05 +1.131647322e+05 +4.5771e+00 +1.8278e+00 -4.8827e+00 +1.7279e+00 -1.9554e+00 -1.8326e+00 +4.2266e+00 +2.4584e+00 -3.7606e+00 -2.1292e-01
4 +3.322011999e+04 +3.322011999e+04 +3.329571999e+04 +3.329571999e+04 -2.6317e+00 -3.7559e+00 -3.6983e+00 -2.9548e+00 +2.2611e+00 +2.6158e+00 -1.9350e+00 +1.3057e+00 -4.5658e+00 +3.0163e+00
15 +1.974654049e+04 +1.974654049e+04 +1.982214049e+04 +1.982214049e+04 +4.3324e+00 -1.5086e+00 +4.1512e+00 -2.8242e+00 -3.3898e+00 +4.6878e+00 +1.4125e+00 -1.9880e+00 -1.3883e+00 +3.3178e+00
28 +1.471111522e+04 +1.471111522e+04 +1.478671522e+04 +1.478671522e+04 +3.9444e+00 -2.9479e+00 +2.4501e+00 +4.6069e-01 -3.5839e+00 -2.7464e+00 -4.5982e+00 +1.2280e+00 -9.8697e-01 +9.6545e-01
46 +1.090087294e+04 +1.090087294e+04 +1.097647294e+04 +1.097647294e+04 +1.7417e+00 -1.7554e+00 -8.1373e-01 -1.3956e+00 -3.3843e+00 -1.2025e+00 -1.8995e+00 -2.2471e+00 -1.2703e+00 +3.9584e+00
85 +8.968726431e+03 +8.968726431e+03 +9.044326431e+03 +9.044326431e+03 -4.9754e+00 -8.1486e-01 +2.2039e+00 +2.5291e+00 +4.8703e-01 +1.2999e+00 -3.7890e+00 -6.6960e-01 -1.6122e+00 +2.6782e+00
114 +7.832164925e+03 +7.832164925e+03 +7.907764925e+03 +7.907764925e+03 -6.1698e-01 +3.4254e+00 +2.7286e+00 +2.4344e-01 +1.7918e+00 +4.9563e+00 -1.3490e+00 -2.6034e+00 -7.0496e-01 +1.9807e+00
241 +3.334200697e+03 +3.334200697e+03 +3.409800697e+03 +3.409800697e+03 +5.8734e-01 -2.2849e+00 +3.4222e+00 -2.5488e-01 +9.2248e-01 +2.4409e+00 -6.6428e-01 -2.6391e+00 -2.8998e+00 +2.3013e+00
306 +2.813746091e+03 +2.813746091e+03 +2.889346091e+03 +2.889346091e+03 -4.1957e+00 -1.1525e+00 +3.1310e+00 +2.6767e+00 -1.1006e+00 +1.4581e+00 -5.2813e-01 -7.7083e-01 -2.3231e+00 +1.8999e+00
408 +1.454872436e+03 +1.454872436e+03 +1.530472436e+03 +1.530472436e+03 +1.0068e+00 +1.8009e+00 +3.1584e+00 -1.7655e+00 +5.1982e-01 +2.0281e+00 -1.3798e+00 -2.5001e+00 -2.2985e+00 +2.6992e+00
1084 +1.238405055e+03 +1.238405055e+03 +1.314005055e+03 +1.314005055e+03 +1.1888e+00 -1.2479e+00 -1.3110e+00 -3.2781e+00 +1.6457e-02 +3.7141e-01 -8.6008e-01 -1.8493e+00 -2.0237e+00 +1.9284e-01
3663 +8.803945503e+02 +8.803945503e+02 +9.559945503e+02 +9.559945503e+02 -2.0999e+00 -2.0294e+00 -5.0770e-01 -1.3149e+00 -2.1206e+00 +2.9179e+00 -1.6210e+00 -2.5303e+00 -3.7875e-01 +8.1214e-01
8402 +8.306400186e+02 +8.306400186e+02 +9.062400186e+02 +9.062400186e+02 +1.2860e+00 +1.4451e+00 +1.0190e+00 -1.6618e+00 -1.0618e+00 +1.5526e+00 +2.8828e-01 -2.4794e+00 -1.9375e+00 +3.2394e-01
25869 +4.781768600e+02 +4.781768600e+02 +5.537768600e+02 +5.537768600e+02 +2.2091e-01 +1.1753e-01 +2.3035e+00 -2.7158e+00 -2.7281e+00 -4.7565e-01 -1.0960e+00 -4.8380e-01 -7.7518e-01 +1.7274e+00
26693 +4.377616802e+02 +4.377616802e+02 +5.133616802e+02 +5.133616802e+02 -2.6244e+00 -5.9014e-01 +2.6695e+00 -7.4131e-01 -1.0975e+00 +2.4144e+00 -1.9625e+00 -4.8598e-01 -1.3979e+00 +2.7337e+00
68895 +4.065538001e+02 +4.065538001e+02 +4.821538001e+02 +4.821538001e+02 +2.3304e+00 +1.8252e+00 +3.4328e-01 +1.2748e+00 -7.9282e-01 +1.0172e+00 -5.3671e-01 -2.5985e+00 -1.7768e+00 +2.1244e+00
96004 +9.910198565e+01 +9.910198565e+01 +1.747019856e+02 +1.747019856e+02 +6.9345e-01 +1.8427e+00 -1.1452e+00 -2.6727e+00 -1.4309e+00 +2.7374e+00 -2.3600e-02 -2.5309e+00 -4.8923e-01 +2.1741e+00
190638 +3.651851563e+00 +3.651851563e+00 +7.925185156e+01 +7.925185156e+01 -1.0044e+00 +2.0530e-01 -3.2122e-01 -2.8779e+00 -4.7968e-01 +6.6144e-01 -2.5021e+00 -5.1241e-01 -2.4320e+00 +5.4830e-01
762914 +3.552964801e+00 +3.552964801e+00 +7.915296480e+01 +7.915296480e+01 +2.3340e+00 +2.2909e-01 +2.1047e-01 -4.6871e-01 -3.9656e-01 +5.7809e-01 -2.5125e+00 -1.3038e+00 -2.4003e+00 +1.1220e+00
1047573 +3.332303357e+00 +3.332303357e+00 +7.893230336e+01 +7.893230336e+01 +1.6424e+00 +4.6446e-01 +1.0150e+00 -1.0723e+00 -8.7617e-01 +1.1749e+00 -2.3782e+00 -1.6570e+00 -9.0525e-01 +1.6994e+00
2016925 +3.170484387e+00 +3.170484387e+00 +7.877048439e+01 +7.877048439e+01 -1.1394e+00 -7.3043e-01 +9.2602e-01 +6.8614e-01 -3.7958e-01 +2.5090e+00 -1.4998e+00 -2.3308e+00 -2.1599e+00 +1.7061e+00
6113102 +2.753130155e+00 +2.753130155e+00 +7.835313015e+01 +7.835313015e+01 +1.4876e+00 +3.0030e+00 +1.7506e+00 +7.5329e-01 -1.6177e+00 +1.7856e+00 -2.3332e+00 -2.0637e+00 -2.0716e+00 +2.0289e+00
% function evaluation | noise-free fitness - Fopt (-1.699200000000e+02) | best noise-free fitness - Fopt | measured fitness | best measured fitness | x1 | x2...
1 +1.131716467e+05 +1.131716467e+05 +1.130017267e+05 +1.130017267e+05 -4.1382e+00 +3.3044e+00 -2.7290e+00 -2.1283e+00 -1.9301e+00 +2.4401e+00 +3.8835e+00 +1.9925e+00 -2.8936e+00 +3.6745e+00
2 +4.831469334e+04 +4.831469334e+04 +4.814477334e+04 +4.814477334e+04 +2.8449e+00 +3.0590e+00 -2.0851e+00 +3.2028e-01 -4.6849e-01 -9.1470e-01 +2.4832e+00 -2.6144e+00 -2.6300e+00 -2.3707e+00
4 +3.891950688e+04 +3.891950688e+04 +3.874958688e+04 +3.874958688e+04 +2.2413e+00 -3.0778e+00 +5.9489e-01 +4.0089e-01 -1.5289e+00 -4.2427e+00 +2.9457e+00 -2.5235e+00 -2.6145e+00 +4.4304e+00
7 +2.587616993e+04 +2.587616993e+04 +2.570624993e+04 +2.570624993e+04 -4.3887e+00 -4.8192e+00 -3.9511e+00 +4.5575e+00 +1.7907e+00 -4.5599e+00 -1.1059e+00 -2.4594e+00 -3.8549e+00 +1.0183e+00
10 +1.803405240e+04 +1.803405240e+04 +1.786413240e+04 +1.786413240e+04 +1.8844e+00 -3.9356e+00 -5.7422e-02 -1.6098e-01 +4.3599e+00 -1.8709e+00 +2.3793e+00 -3.0202e+00 -1.2983e-01 +2.9918e+00
34 +1.390661629e+04 +1.390661629e+04 +1.373669629e+04 +1.373669629e+04 +3.6637e+00 +2.3249e+00 +1.0153e+00 -2.1812e+00 +4.4609e+00 +6.6075e-01 -2.2239e+00 +8.1275e-01 -2.4311e+00 +3.4227e+00
40 +6.202593730e+03 +6.202593730e+03 +6.032673730e+03 +6.032673730e+03 +4.5115e+00 +2.4198e+00 -3.1266e+00 +4.6202e-01 +8.3212e-01 -1.2658e+00 +4.7932e-01 -1.3186e-01 -3.7555e-01 +5.6716e-01
826 +2.771127596e+03 +2.771127596e+03 +2.601207596e+03 +2.601207596e+03 +2.8455e+00 +3.6617e+00 -1.0127e+00 -8.3251e-01 +1.0505e+00 -2.1647e+00 -5.2076e-01 +1.7056e-01 -3.3466e+00 +4.5176e-02
6694 +2.122925568e+03 +2.122925568e+03 +1.953005568e+03 +1.953005568e+03 -1.2670e+00 -8.6059e-01 -2.7373e+00 -1.0681e+00 +2.0084e+00 -2.7810e+00 -2.3501e+00 -1.8555e+00 +8.5033e-02 +7.9867e-01
11016 +1.074262992e+03 +1.074262992e+03 +9.043429923e+02 +9.043429923e+02 +7.5592e-01 +4.1709e+00 +1.7007e+00 +5.0322e-01 -9.1310e-01 -2.3284e+00 -8.0845e-01 -3.7843e-01 -1.9428e+00 +1.3571e+00
14212 +4.806657089e+02 +4.806657089e+02 +3.107457089e+02 +3.107457089e+02 +3.0068e+00 -3.9934e-01 -3.8293e-01 +1.1544e+00 +1.7665e+00 -4.8728e-01 -4.9573e-01 -7.6616e-01 -5.5379e-01 +8.0860e-01
20753 +3.989017896e+02 +3.989017896e+02 +2.289817896e+02 +2.289817896e+02 +2.5890e+00 +4.4800e+00 +2.1069e+00 +2.2007e+00 +2.0257e+00 -1.1634e+00 -2.0804e+00 -2.9841e-01 -1.3177e+00 +7.8466e-01
56328 +2.370065362e+02 +2.370065362e+02 +6.708653621e+01 +6.708653621e+01 -2.1143e+00 +2.8985e+00 -2.3205e+00 +4.8653e-02 +3.1842e+00 -9.3432e-01 -3.3843e-01 -1.2411e+00 -1.5863e+00 +2.3484e+00
88221 +3.221367162e+00 +3.221367162e+00 -1.666986328e+02 -1.666986328e+02 -3.3126e-01 -5.3086e-01 -5.7024e-01 +1.5572e+00 +2.1767e+00 -1.3762e+00 -1.6825e+00 -1.1085e+00 -7.2262e-01 +2.0809e+00
10509341 +3.091462658e+00 +3.091462658e+00 -1.668285373e+02 -1.668285373e+02 +7.6359e-01 +2.8375e+00 -1.8204e+00 -2.5816e-03 +2.0782e+00 -2.2503e+00 -1.4532e+00 -9.6402e-01 -1.4043e+00 +2.3109e+00
13847789 +3.044961861e+00 +3.044961861e+00 -1.668750381e+02 -1.668750381e+02 -9.8109e-01 +4.0763e-01 +3.1670e-01 +1.9624e+00 +1.4401e+00 -2.3228e+00 -2.9753e-01 -2.4894e+00 -1.8151e+00 +1.9702e+00
20993094 +2.610625226e+00 +2.610625226e+00 -1.673093748e+02 -1.673093748e+02 +1.6074e+00 -2.9155e-02 -2.9164e+00 +8.6580e-01 +2.5201e+00 -2.0221e+00 -4.9764e-01 -2.2972e+00 -2.0742e+00 +2.0555e+00
98921174 +2.524575901e+00 +2.524575901e+00 -1.673954241e+02 -1.673954241e+02 -2.2633e+00 -9.7583e-01 -1.3409e+00 +2.1772e+00 -8.7042e-02 -2.5869e+00 -5.4574e-01 -1.7513e+00 -1.7733e+00 +1.0698e+00
% function evaluation | noise-free fitness - Fopt (-1.805400000000e+02) | best noise-free fitness - Fopt | measured fitness | best measured fitness | x1 | x2...
1 +3.569753253e+04 +3.569753253e+04 +3.551699253e+04 +3.551699253e+04 -4.9363e-01 -3.3757e+00 +1.5394e+00 +1.3519e+00 -1.5762e+00 +3.4192e+00 +3.9797e+00 +4.0990e-01 -3.0429e+00 -1.6632e+00
2 +3.319446213e+04 +3.319446213e+04 +3.301392213e+04 +3.301392213e+04 +2.9226e+00 +4.6781e+00 +1.9623e+00 -1.0819e+00 -1.6596e+00 -2.2784e+00 +4.1257e+00 -4.9760e+00 -1.2037e+00 +5.9859e-01
10 +2.986012916e+04 +2.986012916e+04 +2.967958916e+04 +2.967958916e+04 -2.1754e-01 +2.2307e+00 +1.0617e+00 +6.3599e-02 -2.7197e+00 +1.4365e+00 +3.9061e-01 +1.8574e+00 -4.9120e+00 +2.5704e+00
11 +2.555721940e+04 +2.555721940e+04 +2.537667940e+04 +2.537667940e+04 +2.8401e+00 -1.6683e+00 -3.4338e+00 -8.2610e-01 +2.3415e+00 -4.4632e+00 +3.3025e+00 -3.9267e+00 +9.8683e-01 +2.5597e+00
41 +2.126200567e+04 +2.126200567e+04 +2.108146567e+04 +2.108146567e+04 -1.9633e+00 -3.3784e+00 +1.2850e+00 -2.6324e+00 +1.7762e+00 +1.0842e+00 +9.1087e-01 +3.1677e-01 -3.6809e+00 +9.1035e-01
59 +1.087466175e+04 +1.087466175e+04 +1.069412175e+04 +1.069412175e+04 -2.0987e+00 -2.7555e+00 +6.1325e-01 +4.1528e+00 -3.7323e+00 +2.2745e+00 +1.1766e-01 -2.0800e+00 -2.5599e+00 +1.1593e+00
64 +8.285635813e+03 +8.285635813e+03 +8.105095813e+03 +8.105095813e+03 +7.6885e-01 -6.8807e-01 +9.5711e-01 -4.2566e-02 -9.5449e-01 +1.0029e-01 -1.5732e+00 -1.1192e+00 -2.6936e+00 +1.4084e+00
105 +5.438414188e+03 +5.438414188e+03 +5.257874188e+03 +5.257874188e+03 -3.8948e-01 +4.6490e-01 +9.5602e-01 -5.9124e-02 -2.6395e+00 -2.2584e+00 +2.7812e+00 +1.0597e+00 -3.6085e+00 -2.0486e-01
208 +4.987477273e+03 +4.987477273e+03 +4.806937273e+03 +4.806937273e+03 +4.5077e+00 +3.6159e+00 -1.7611e+00 -2.0192e+00 -4.1216e+00 -9.0470e-01 -9.7630e-02 -1.1768e+00 -1.5730e+00 +2.9770e+00
1083 +2.020997032e+03 +2.020997032e+03 +1.840457032e+03 +1.840457032e+03 -7.3038e-01 +3.7380e+00 +8.7725e-02 +3.5178e+00 +5.9814e-01 -2.4448e+00 +1.4840e+00 -5.4911e-01 -3.2718e+00 +1.0299e+00
5393 +8.421415777e+02 +8.421415777e+02 +6.616015777e+02 +6.616015777e+02 -1.1717e+00 +1.1935e+00 -3.1292e+00 +2.8022e+00 -1.2693e+00 +5.5076e-01 +2.3360e+00 -1.1396e+00 -1.8145e+00 +6.9762e-01
15105 +5.833050654e+02 +5.833050654e+02 +4.027650654e+02 +4.027650654e+02 -2.6919e+00 -2.7403e+00 -6.2419e-01 +1.2996e+00 -1.4714e-01 +3.2695e-01 +9.3446e-01 -1.3781e+00 -6.4173e-01 +1.3059e+00
21894 +2.125689580e+02 +2.125689580e+02 +3.202895799e+01 +3.202895799e+01 +1.6310e+00 +2.0901e+00 +1.1332e+00 -7.1394e-01 -2.5833e+00 -1.5545e+00 +2.1314e+00 -1.7395e+00 -6.8772e-01 +1.8312e+00
84544 +1.962506976e+01 +1.962506976e+01 -1.609149302e+02 -1.609149302e+02 +7.3054e-01 -1.2850e+00 -2.0216e+00 +1.9608e-01 +6.9480e-02 -1.4702e-01 +2.2015e+00 -2.2957e+00 -1.2680e+00 +1.0467e+00
462313 +1.232856931e+01 +1.232856931e+01 -1.682114307e+02 -1.682114307e+02 -3.2017e-01 +1.7940e+00 -7.0275e-01 +1.1571e+00 -4.8738e-02 -2.9046e+00 -2.3801e-01 -1.2435e+00 -1.0768e+00 +1.2789e+00
568517 +1.011457521e+01 +1.011457521e+01 -1.704254248e+02 -1.704254248e+02 +1.5186e+00 -8.9181e-01 +6.9103e-01 +1.7124e+00 -2.2119e+00 -7.1382e-02 +1.7705e+00 -5.1246e-01 -2.6879e+00 +6.8954e-01
823489 +3.351070671e+00 +3.351070671e+00 -1.771889293e+02 -1.771889293e+02 +8.9538e-01 +2.0264e+00 +6.2766e-01 +2.8898e+00 +1.7158e-01 -2.0567e+00 +1.1365e+00 -1.6604e+00 -5.8461e-01 +1.4624e+00
3072574 +3.304196490e+00 +3.304196490e+00 -1.772358035e+02 -1.772358035e+02 -1.4461e+00 -1.7427e+00 -2.3424e+00 +4.4581e-01 -4.5134e-01 -1.6276e+00 +8.9648e-01 -2.4528e+00 -2.0060e+00 +1.4388e+00
10284553 +3.139506353e+00 +3.139506353e+00 -1.774004936e+02 -1.774004936e+02 -1.0194e+00 +5.2600e-02 -1.9676e+00 -3.4117e-01 -1.4157e+00 -1.6623e+00 +1.5130e+00 -2.2298e+00 -1.1744e+00 +2.0424e+00
20619093 +2.959215366e+00 +2.959215366e+00 -1.775807846e+02 -1.775807846e+02 -2.2258e+00 +5.6458e-01 -2.5789e+00 +2.1732e+00 -1.2380e+00 -9.7280e-01 +6.6000e-01 -1.7000e+00 -2.1995e+00 +1.1104e+00
74541457 +2.853125366e+00 +2.853125366e+00 -1.776868746e+02 -1.776868746e+02 +9.6981e-02 +1.5316e+00 -2.4131e+00 +5.0577e-01 +1.5147e-01 -2.7274e+00 +8.1497e-01 -1.0386e+00 -2.3701e+00 +2.0401e+00
% function evaluation | noise-free fitness - Fopt (9.752000000000e+01) | best noise-free fitness - Fopt | measured fitness | best measured fitness | x1 | x2...
1 +7.796879871e+04 +7.796879871e+04 +7.806631871e+04 +7.806631871e+04 -1.6979e+00 +3.0785e+00 +2.9146e+00 +3.2773e+00 -4.4221e+00 +1.3220e+00 -8.6427e-01 -2.3184e+00 -1.6272e+00 -1.4034e+00
6 +3.685878487e+04 +3.685878487e+04 +3.695630487e+04 +3.695630487e+04 -4.0048e+00 -5.6334e-01 +2.9711e+00 -9.5902e-01 +2.3460e+00 +2.6845e+00 -3.6186e-01 -3.6245e+00 +3.9975e+00 -8.5304e-01
19 +2.978705504e+04 +2.978705504e+04 +2.988457504e+04 +2.988457504e+04 +4.8373e+00 +7.4779e-01 +4.9204e+00 -1.9333e+00 +4.6223e+00 +8.5406e-01 +4.6190e+00 -8.3974e-01 +2.2200e-01 +6.2790e-02
52 +1.745037260e+04 +1.745037260e+04 +1.754789260e+04 +1.754789260e+04 +2.1841e+00 -6.4258e-01 -1.6515e+00 +2.6656e+00 -7.2985e-01 +1.7152e+00 +1.3006e+00 -2.1391e-01 +2.7506e+00 +3.7247e+00
82 +6.220170438e+03 +6.220170438e+03 +6.317690438e+03 +6.317690438e+03 +4.2032e+00 -1.8048e+00 -3.1183e+00 +1.0810e+00 +7.0584e-01 -1.7583e+00 +2.2743e+00 +3.0928e-01 +2.0050e+00 -3.8429e-01
89 +5.658214865e+03 +5.658214865e+03 +5.755734865e+03 +5.755734865e+03 +1.9374e+00 -3.0900e+00 -6.1173e-01 -2.6744e+00 +1.1178e+00 +9.0887e-02 +1.5779e+00 -2.6975e+00 +2.7228e+00 +2.1131e+00
382 +1.568318171e+03 +1.568318171e+03 +1.665838171e+03 +1.665838171e+03 -9.0087e-01 +2.3154e+00 -1.9852e-01 +7.3747e-02 -6.7554e-01 -1.1601e+00 +7.1982e-02 -1.8499e-01 +3.1159e+00 +3.0202e-01
434 +1.204442514e+03 +1.204442514e+03 +1.301962514e+03 +1.301962514e+03 -3.3815e+00 -7.5255e-01 +1.5202e+00 +3.0248e+00 +1.4241e+00 -3.0481e+00 +1.2600e+00 -1.4840e+00 +1.7691e+00 +2.3750e+00
1811 +1.176532057e+03 +1.176532057e+03 +1.274052057e+03 +1.274052057e+03 +3.5855e+00 +1.5363e+00 +4.7083e-01 +1.9065e+00 +1.2797e+00 +8.1617e-01 +2.4790e+00 -1.8107e+00 +1.0044e+00 +2.1956e+00
17366 +1.321338545e+02 +1.321338545e+02 +2.296538545e+02 +2.296538545e+02 -2.1436e+00 -9.0841e-01 -3.6020e+00 +8.2813e-01 +6.8946e-01 -1.8679e+00 +1.9962e+00 -1.2742e+00 +1.0464e+00 +1.2411e+00
26857 +4.930673314e+00 +4.930673314e+00 +1.024506733e+02 +1.024506733e+02 +6.2999e-01 -9.3279e-01 -2.3256e+00 +2.2098e+00 -2.4326e-01 -2.4293e+00 +1.3114e+00 -1.8956e+00 +9.6207e-01 +1.0979e+00
272240 +3.748546109e+00 +3.748546109e+00 +1.012685461e+02 +1.012685461e+02 +1.2967e+00 +1.0934e+00 -1.3087e+00 +2.3227e+00 +1.0561e+00 -3.1957e-01 +2.0205e+00 -1.8145e+00 +2.1698e+00 +1.9499e+00
2005421 +3.444714045e+00 +3.444714045e+00 +1.009647140e+02 +1.009647140e+02 +2.0427e+00 -1.9600e+00 -9.5239e-01 -4.8560e-01 +2.7661e+00 -1.8161e+00 +5.7223e-01 -1.3223e+00 +1.3754e+00 +1.3690e+00
3324877 +3.285410024e+00 +3.285410024e+00 +1.008054100e+02 +1.008054100e+02 +8.5990e-01 -4.5393e-01 -2.5699e+00 +4.1545e-01 +1.2025e+00 -1.3116e+00 +2.2684e+00 -1.2595e+00 +1.5937e+00 +2.2045e+00
6807854 +2.997427675e+00 +2.997427675e+00 +1.005174277e+02 +1.005174277e+02 +1.6063e+00 -1.8091e+00 -3.0259e+00 +2.1190e+00 +4.3598e-01 -1.1104e+00 +2.2667e+00 -2.1542e+00 +7.8872e-01 +1.3701e+00
7321767 +2.883307415e+00 +2.883307415e+00 +1.004033074e+02 +1.004033074e+02 +2.0559e+00 +2.0920e+00 -5.7679e-01 +1.3513e-01 +2.1046e+00 -1.1618e+00 +2.5266e+00 -1.2665e+00 +2.3399e+00 +1.2055e+00
25425532 +2.638320313e+00 +2.638320313e+00 +1.001583203e+02 +1.001583203e+02 -1.6440e+00 -1.8178e-01 -2.6613e+00 -7.0998e-01 +2.6998e+00 -1.2682e+00 +2.2297e+00 -1.2334e+00 +1.7029e+00 +1.9029e+00
28861398 +2.411479049e+00 +2.411479049e+00 +9.993147905e+01 +9.993147905e+01 -1.4869e+00 +1.1226e+00 -2.3576e+00 +1.9481e+00 +8.1841e-01 -1.7522e+00 +9.2474e-01 -2.3126e+00 +7.2751e-01 +1.5495e+00
% function evaluation | noise-free fitness - Fopt (1.241000000000e+01) | best noise-free fitness - Fopt | measured fitness | best measured fitness | x1 | x2...
1 +6.340068172e+04 +6.340068172e+04 +6.341309172e+04 +6.341309172e+04 -9.4272e-02 -3.4149e+00 -3.7393e+00 +3.4738e+00 +3.3431e+00 -2.6881e+00 -3.9786e-01 +1.9839e+00 +4.6966e+00 -4.3955e+00
4 +2.832949191e+04 +2.832949191e+04 +2.834190191e+04 +2.834190191e+04 +3.2343e+00 -9.8776e-02 -8.8578e-01 -3.9804e+00 -4.7753e-01 -3.1133e+00 -3.3676e+00 +1.9066e+00 +4.4372e+00 +2.4734e-01
13 +2.265396296e+04 +2.265396296e+04 +2.266637296e+04 +2.266637296e+04 +4.1159e-01 +2.9377e-01 +4.4582e+00 +4.0303e+00 +3.5674e+00 -2.3958e+00 +1.7649e-01 -4.3272e+00 -1.3749e+00 -3.1461e+00
14 +2.133201863e+04 +2.133201863e+04 +2.134442863e+04 +2.134442863e+04 -4.7318e-02 +1.5729e+00 -2.4352e+00 +1.6471e-01 -1.1130e+00 +2.9739e+00 -3.6014e+00 +9.7889e-01 -7.5303e-02 -1.5077e+00
29 +1.270968872e+04 +1.270968872e+04 +1.272209872e+04 +1.272209872e+04 +1.4396e+00 +2.5103e+00 -3.6787e+00 +4.5017e+00 -7.9541e-01 -3.8897e+00 -1.8696e+00 -1.7056e+00 +3.0167e+00 -1.8842e+00
69 +4.717897197e+03 +4.717897197e+03 +4.730307197e+03 +4.730307197e+03 -2.5873e+00 -1.8062e+00 -6.1837e-01 +1.1282e-01 -1.5946e+00 +1.8230e+00 -3.0462e+00 +1.5083e-01 +1.8999e+00 -2.3584e-01
466 +3.344872646e+03 +3.344872646e+03 +3.357282646e+03 +3.357282646e+03 +3.8684e+00 -2.7707e+00 -1.0265e+00 +3.2445e+00 -3.0149e-01 -3.3557e+00 -1.0470e+00 -2.9933e+00 +2.5972e+00 -2.4792e+00
469 +2.707129903e+03 +2.707129903e+03 +2.719539903e+03 +2.719539903e+03 +7.1346e-01 +4.2711e-01 -8.6877e-01 -7.7539e-01 -3.0598e+00 -2.3583e+00 +4.3399e-01 -3.4466e+00 +3.6585e-02 -5.6598e-01
3404 +2.286547445e+03 +2.286547445e+03 +2.298957445e+03 +2.298957445e+03 -4.3412e+00 +1.0836e+00 +2.7102e+00 +2.6364e+00 -1.3714e+00 -1.6271e+00 +5.2377e-01 -3.1119e+00 +1.2338e+00 -1.9331e+00
3498 +2.107125415e+01 +2.107125415e+01 +3.348125415e+01 +3.348125415e+01 +2.1164e+00 -3.0276e+00 +1.1001e+00 +2.4250e+00 +8.6139e-01 -7.7794e-01 -1.3523e+00 -1.3725e+00 +1.0275e+00 -1.0477e+00
132872 +4.539489783e+00 +4.539489783e+00 +1.694948978e+01 +1.694948978e+01 +2.1267e+00 -2.1342e-01 +1.3576e+00 +7.2270e-01 -1.2730e+00 -8.7701e-01 -2.0561e+00 -6.5245e-01 +8.5396e-01 -1.6725e+00
345459 +4.340067862e+00 +4.340067862e+00 +1.675006786e+01 +1.675006786e+01 -1.0283e+00 -1.9061e+00 -1.3674e+00 +2.1284e+00 -1.5190e+00 -1.4398e+00 -5.3858e-01 -1.1657e+00 +1.2557e+00 -1.0516e+00
712245 +4.122064869e+00 +4.122064869e+00 +1.653206487e+01 +1.653206487e+01 +1.3240e+00 -2.2223e+00 -1.4247e+00 +8.7832e-01 -2.5622e+00 +1.1143e-01 -2.7702e+00 -6.6590e-01 +2.3858e+00 -1.1431e+00
1148706 +3.957182580e+00 +3.957182580e+00 +1.636718258e+01 +1.636718258e+01 +1.0305e+00 +1.0608e+00 +2.8925e+00 +1.0820e+00 -7.1625e-01 -2.1820e+00 -8.6024e-01 -2.3478e+00 +4.2481e-01 -2.6525e+00
3362784 +3.853053021e+00 +3.853053021e+00 +1.626305302e+01 +1.626305302e+01 -2.2147e+00 -1.2153e+00 -8.1388e-01 +2.2342e+00 -7.4286e-01 -1.7874e+00 -1.2125e+00 -9.8723e-01 +1.0401e+00 -1.4221e+00
4299233 +3.633810341e+00 +3.633810341e+00 +1.604381034e+01 +1.604381034e+01 -7.7459e-01 -1.3913e-01 -2.9628e-01 +2.9808e+00 -1.9040e+00 -1.9666e+00 -1.3670e+00 -1.3024e+00 +2.2502e+00 -2.1803e+00
6447092 +3.590166246e+00 +3.590166246e+00 +1.600016625e+01 +1.600016625e+01 +5.1389e-01 -8.8788e-01 -1.1420e+00 +5.0554e-01 -9.2957e-01 -1.0673e+00 -6.4390e-01 -9.8316e-01 +7.8463e-01 -1.0636e+00
6961886 +3.190274592e+00 +3.190274592e+00 +1.560027459e+01 +1.560027459e+01 +5.0459e-01 -1.5944e+00 -5.7043e-01 +2.1234e+00 -9.3400e-01 -5.9696e-01 -6.3383e-01 -6.3454e-01 +2.4589e+00 -8.4214e-01
9497515 +3.099417234e+00 +3.099417234e+00 +1.550941723e+01 +1.550941723e+01 +2.3521e-01 -9.7562e-01 +3.2083e-01 +2.5063e+00 -5.3893e-01 -2.0208e+00 -9.7297e-01 -2.5138e+00 +1.9486e+00 -2.1150e+00
9503039 +2.866958732e+00 +2.866958732e+00 +1.527695873e+01 +1.527695873e+01 -3.9563e-01 -2.3686e+00 +5.4404e-01 +1.1870e+00 -2.3204e+00 -1.8061e-01 -2.2634e+00 -1.6655e+00 +1.2741e+00 -2.3360e+00
22763841 +2.779522964e+00 +2.779522964e+00 +1.518952296e+01 +1.518952296e+01 +5.2775e-01 -2.7419e+00 +6.9425e-01 +2.4763e+00 -9.1663e-02 -6.3455e-01 -1.6432e+00 -2.2059e+00 +1.9566e+00 -1.5570e+00
56077175 +2.612691486e+00 +2.612691486e+00 +1.502269149e+01 +1.502269149e+01 +1.7595e+00 -1.8977e-01 -2.3112e-01 +2.7598e+00 +2.5788e-01 -2.8529e+00 -1.3862e+00 -2.2445e+00 +7.6904e-01 -1.4475e+00
% function evaluation | noise-free fitness - Fopt (1.090700000000e+02) | best noise-free fitness - Fopt | measured fitness | best measured fitness | x1 | x2...
1 +9.627737921e+04 +9.627737921e+04 +9.638644921e+04 +9.638644921e+04 -3.3613e+00 +1.2793e+00 +2.7883e+00 +1.8909e+00 +4.9314e+00 -4.9063e+00 -1.8015e+00 +8.7638e-01 -2.6233e+00 -2.4148e-01
2 +5.935285074e+04 +5.935285074e+04 +5.946192074e+04 +5.946192074e+04 -2.2293e+00 -2.6167e+00 -4.2952e-01 +3.2494e+00 +5.1462e-01 +3.0035e+00 +2.7152e+00 +9.9593e-02 -1.9621e+00 -2.5940e-01
9 +1.675384259e+04 +1.675384259e+04 +1.686291259e+04 +1.686291259e+04 -3.9114e+00 -2.5148e+00 -3.4127e+00 -1.4824e+00 -7.2849e-01 +3.9861e+00 +3.2039e+00 -2.2602e+00 +1.5715e+00 +2.3940e+00
38 +1.570620427e+04 +1.570620427e+04 +1.581527427e+04 +1.581527427e+04 +1.7921e+00 -2.0496e+00 -2.3279e+00 +1.3086e+00 +2.8004e+00 +3.9082e+00 +1.3535e+00 +2.0220e-01 +3.8943e+00 -4.2725e-01
68 +1.380710669e+04 +1.380710669e+04 +1.391617669e+04 +1.391617669e+04 -2.5311e-01 -2.8756e+00 -2.0298e-01 -2.3689e-01 -1.7458e+00 +8.9842e-01 -3.1958e+00 +6.7776e-02 +4.4942e+00 +1.0078e+00
81 +9.749889331e+03 +9.749889331e+03 +9.858959331e+03 +9.858959331e+03 +4.4458e+00 +2.7079e-01 +1.3939e+00 +3.7665e+00 +4.4546e+00 +9.8938e-01 +1.1679e-01 -3.2796e+00 +1.1543e+00 +7.9053e-01
407 +9.135286682e+03 +9.135286682e+03 +9.244356682e+03 +9.244356682e+03 -2.5103e+00 +4.7945e-01 -4.9191e+00 +1.5829e+00 +5.9523e-01 +1.7165e+00 -3.8740e+00 -2.6938e+00 +2.3864e+00 +6.5149e-01
515 +2.342146095e+03 +2.342146095e+03 +2.451216095e+03 +2.451216095e+03 +2.2888e+00 +3.3560e+00 -1.4565e+00 +1.5895e+00 -7.1225e-01 +3.6227e+00 +1.3901e+00 -2.9243e+00 +1.4388e+00 +2.2957e+00
1883 +1.063834390e+03 +1.063834390e+03 +1.172904390e+03 +1.172904390e+03 -2.5223e+00 -3.4960e-01 -1.7901e+00 +2.9840e-02 -8.5389e-01 -1.6591e-01 -2.2050e+00 -9.8683e-01 +1.5168e+00 +1.9973e+00
5505 +4.991053829e+02 +4.991053829e+02 +6.081753829e+02 +6.081753829e+02 -1.8765e+00 +2.0365e-01 -1.3686e+00 -4.8534e-01 -8.2171e-02 +8.5629e-01 -1.4879e+00 -2.6513e+00 +1.5845e+00 +4.7847e-01
19758 +1.636872243e+02 +1.636872243e+02 +2.727572243e+02 +2.727572243e+02 -2.7018e-01 +3.4277e+00 -1.3207e+00 +2.6006e+00 +7.2064e-01 -9.7705e-02 -1.2425e+00 -9.7135e-01 +1.8871e+00 +1.7843e+00
39824 +1.499588983e+01 +1.499588983e+01 +1.240658898e+02 +1.240658898e+02 +2.1910e+00 -9.1609e-01 -2.2977e+00 +1.0194e+00 +2.4509e+00 +2.3064e+00 -6.4058e-01 -1.7314e+00 +2.3121e+00 +1.2856e+00
220579 +8.868222442e+00 +8.868222442e+00 +1.179382224e+02 +1.179382224e+02 +4.3515e-01 +3.1714e+00 +1.5824e+00 +2.6876e+00 +7.7856e-01 +2.5709e+00 -2.1230e+00 -1.1358e+00 +7.9782e-01 +1.8658e+00
279472 +4.503488989e+00 +4.503488989e+00 +1.135734890e+02 +1.135734890e+02 +1.7089e+00 -1.2023e-01 -1.3539e+00 +1.0017e+00 +1.9198e+00 +1.9015e+00 -1.3452e+00 -4.6014e-01 +1.8973e+00 +8.3186e-01
1144445 +3.755235682e+00 +3.755235682e+00 +1.128252357e+02 +1.128252357e+02 +8.8505e-01 +1.5836e-01 -2.5364e+00 -2.6179e-01 +2.5234e+00 +1.6796e+00 -6.6749e-01 -1.0374e+00 +1.0987e+00 +1.4938e+00
1729088 +3.631348685e+00 +3.631348685e+00 +1.127013487e+02 +1.127013487e+02 +1.6283e-01 +2.8274e+00 -1.1843e+00 +5.6413e-01 +1.3679e+00 +1.8874e+00 -2.0575e+00 -7.6422e-01 +1.4356e+00 +1.7515e+00
4196558 +3.611740968e+00 +3.611740968e+00 +1.126817410e+02 +1.126817410e+02 -1.3435e+00 +1.1679e+00 -2.3149e+00 -6.5365e-01 +2.2285e-02 +2.2865e+00 +8.2884e-02 -2.6491e+00 +1.4685e+00 +1.9394e+00
9013527 +3.390433323e+00 +3.390433323e+00 +1.124604333e+02 +1.124604333e+02 -1.9666e+00 +1.0693e+00 -5.5903e-01 -4.5854e-02 -5.0487e-02 +2.7758e+00 -1.0478e+00 -1.4368e+00 +1.0147e+00 +1.3693e+00
12221670 +2.827506085e+00 +2.827506085e+00 +1.118975061e+02 +1.118975061e+02 -8.7598e-01 -1.6324e+00 -1.7933e+00 +1.4752e+00 +5.8622e-01 +1.3999e+00 -1.7545e+00 -6.9459e-01 +2.5099e+00 +1.1786e+00
30102839 +2.641837951e+00 +2.641837951e+00 +1.117118380e+02 +1.117118380e+02 -2.0764e+00 -1.3742e+00 -1.5510e-01 -5.3253e-01 +1.4626e+00 +2.4495e-01 -2.0004e+00 -2.1449e+00 +2.0502e+00 +1.6556e+00
