% f evaluations | g evaluations | best noise-free fitness - Fopt (4.078000000000e+01) + sum g_i+ | measured fitness | best measured fitness or single-digit g-values | x1 | x2...
1 0 +7.205749419e+01 +1.128374942e+02 +1.128374942e+02 -1.1239e-01 -8.7983e-01 +6.3321e-01 -1.3685e+00 -5.7760e-02 -9.0323e-01 -3.0733e-02 -1.1237e+00 -2.3569e+00 +2.1634e+00
3 0 +6.743799267e+01 +1.082179927e+02 +1.082179927e+02 +2.9116e+00 +1.1346e+00 +5.6475e-01 +2.5349e+00 +1.2447e+00 -7.7890e-01 -2.0177e+00 -2.8822e+00 -1.2250e+00 +7.6491e-01
24 0 +6.597684051e+01 +1.067568405e+02 +1.067568405e+02 -1.8298e+00 +1.9551e+00 +5.0641e-01 +1.8660e+00 +1.5182e+00 +1.2941e-02 -2.4059e+00 +1.2124e+00 +1.6247e+00 -2.2262e+00
55 0 +4.858776452e+01 +8.936776452e+01 +8.936776452e+01 -1.3885e+00 -2.0265e+00 -5.0565e-01 +2.3109e+00 +1.9945e+00 -2.2775e+00 -2.5854e+00 +2.5021e+00 -6.9854e-01 +3.0506e-02
602 0 +4.576008231e+01 +8.654008231e+01 +8.654008231e+01 -3.7450e-01 +2.6771e+00 -7.0652e-01 +1.2556e+00 -2.9250e+00 +6.9565e-01 +1.2132e+00 -1.9356e+00 -2.1928e+00 -3.0936e-01
809 0 +2.531705541e+01 +6.609705541e+01 +6.609705541e+01 -1.7826e+00 -1.2670e+00 -1.7216e+00 -1.7664e+00 +2.9395e+00 +2.5064e+00 -4.9572e-01 -2.3936e+00 -1.7667e+00 -2.9578e-01
1660 0 +2.155746873e+01 +6.233746873e+01 +6.233746873e+01 +1.6974e+00 +1.2572e+00 +1.6523e-01 +2.8755e+00 -1.1675e-01 +1.3489e+00 -7.8926e-01 -1.8326e+00 -6.1708e-01 -1.1408e+00
17816 0 +2.015829190e+01 +6.093829190e+01 +6.093829190e+01 +2.8870e+00 +1.9643e+00 +1.8430e+00 +1.2383e+00 -4.3649e-02 -1.4183e+00 -6.8264e-01 -2.7755e+00 +2.9929e+00 +1.6540e+00
22943 0 +1.938652888e+01 +6.016652888e+01 +6.016652888e+01 -1.4460e+00 -2.1063e+00 +1.9583e+00 -2.0346e+00 -1.5299e+00 -1.1245e-01 +8.1616e-01 -2.7208e+00 +1.8273e+00 -2.6039e+00
26199 0 +1.828008316e+01 +5.906008316e+01 +5.906008316e+01 -2.5256e+00 -1.7649e+00 -1.4043e+00 -1.9470e+00 +2.5965e+00 +2.2953e+00 -6.7232e-01 -1.5404e+00 -1.4887e+00 +1.1437e+00
32603 0 +1.156282740e+01 +5.234282740e+01 +5.234282740e+01 +2.7017e+00 +2.2033e+00 -6.0789e-01 +2.0535e+00 -1.4653e+00 -7.1260e-01 +1.0345e+00 -2.9150e+00 +1.0684e+00 +1.6414e+00
44366 0 +9.765243500e+00 +5.054524350e+01 +5.054524350e+01 -2.8934e+00 -1.4046e+00 +1.8768e+00 -2.6693e+00 -2.9311e+00 -4.4761e-02 -2.8287e-01 -2.3574e+00 +1.3068e+00 -2.3443e+00
234386 0 +9.286863137e+00 +5.006686314e+01 +5.006686314e+01 -2.4785e+00 -6.4602e-01 +1.2873e+00 +5.1207e-01 +2.3487e+00 -1.6301e-01 +1.4348e+00 -2.2998e+00 -8.1676e-01 +2.1014e+00
321138 0 +7.474015786e+00 +4.825401579e+01 +4.825401579e+01 -1.8317e+00 -1.8063e+00 +1.4763e+00 -2.0220e+00 -2.9153e+00 -8.1453e-02 -2.9467e+00 -2.7362e+00 +2.3529e+00 -2.7699e+00
600967 0 +6.328759626e+00 +4.710875963e+01 +4.710875963e+01 -2.0374e+00 -4.7389e-01 +2.8083e+00 -2.3213e+00 -2.0512e+00 +7.9118e-01 -1.2339e-01 -2.5735e+00 +2.4883e+00 -2.7573e+00
661913 0 +6.036218558e+00 +4.681621856e+01 +4.681621856e+01 -2.8272e+00 -1.9738e+00 +2.5220e+00 -2.3545e+00 -2.1302e+00 +2.8680e-01 -3.3437e-01 -1.9752e+00 +2.3611e+00 -2.2838e+00
704176 0 +2.589449309e+00 +4.336944931e+01 +4.336944931e+01 -1.1972e+00 -1.6566e+00 +2.8028e+00 -2.3149e+00 -2.8134e+00 +4.2538e-01 -2.4285e+00 -2.6399e+00 +2.0305e+00 -2.8029e+00
5088288 0 +9.697390258e-01 +4.174973903e+01 +4.174973903e+01 -2.5207e+00 -1.2909e+00 +2.9241e+00 -2.5131e+00 -2.4161e+00 +1.4470e-01 -1.5955e+00 -2.4739e+00 +2.8374e+00 -1.9273e+00
% f evaluations | g evaluations | best noise-free fitness - Fopt (-1.600000000000e+00) + sum g_i+ | measured fitness | best measured fitness or single-digit g-values | x1 | x2...
1 0 +6.828146480e+01 +6.668146480e+01 +6.668146480e+01 -6.4770e-01 -2.7142e+00 +4.8416e-01 +2.9518e+00 +2.0429e+00 -1.4189e+00 +6.0024e-01 -1.9402e+00 +4.2363e-01 +2.1830e+00
4 0 +6.767706446e+01 +6.607706446e+01 +6.607706446e+01 +9.1612e-01 +1.1321e-01 +4.1506e-01 -4.8005e-01 -1.2197e-01 -2.2099e+00 -4.2684e-01 +1.8003e+00 -5.1553e-01 +6.3257e-01
6 0 +6.604086031e+01 +6.444086031e+01 +6.444086031e+01 +7.0726e-01 -1.6613e+00 -1.9724e+00 -2.0041e+00 +3.5339e-01 -2.1342e+00 +1.3650e+00 +2.8554e+00 +2.3474e-01 +9.7432e-01
24 0 +6.396657237e+01 +6.236657237e+01 +6.236657237e+01 +2.8609e+00 +5.9839e-01 +1.4845e+00 -1.7023e+00 +4.6678e-01 +2.1732e+00 -1.9873e+00 -1.4957e-01 -2.7603e+00 +2.6385e+00
39 0 +3.875522019e+01 +3.715522019e+01 +3.715522019e+01 +2.3228e+00 -2.7279e+00 -1.7557e+00 -7.6649e-01 -7.7617e-01 +1.1868e+00 -1.9599e-01 -8.5276e-01 -7.2487e-01 +3.9915e-01
108 0 +2.183085344e+01 +2.023085344e+01 +2.023085344e+01 +8.7995e-01 -2.3767e+00 -1.9842e-01 +1.7454e+00 -2.1211e+00 +1.2514e+00 -2.6706e+00 -2.1411e+00 -2.2281e-01 +1.5449e+00
942 0 +1.951022010e+01 +1.791022010e+01 +1.791022010e+01 +1.3651e+00 +1.2032e+00 +9.2292e-01 -1.9927e+00 -1.5507e+00 +1.9240e-01 -9.5465e-01 +7.2889e-02 -2.9775e+00 +1.1076e+00
6105 0 +1.726520006e+01 +1.566520006e+01 +1.566520006e+01 +1.2232e+00 +1.5573e+00 -8.2353e-01 -1.9459e+00 -1.9451e+00 +1.2142e+00 +2.6448e+00 -1.6897e-01 +2.1107e+00 +2.8508e+00
11770 0 +1.598436291e+01 +1.438436291e+01 +1.438436291e+01 +9.2781e-01 +2.0771e+00 -1.1471e+00 -1.6248e+00 -2.1988e+00 +1.8406e+00 +2.5014e+00 +1.1657e+00 +7.4240e-01 +2.8959e+00
14647 0 +1.425080576e+01 +1.265080576e+01 +1.265080576e+01 +1.5975e+00 +6.0334e-01 +2.4420e+00 -2.7487e+00 -2.1384e+00 +1.7129e+00 -8.7363e-01 -1.6107e+00 -2.1576e+00 +2.8706e+00
22620 0 +9.854404496e+00 +8.254404496e+00 +8.254404496e+00 +9.9239e-01 -2.9484e+00 +3.4734e-01 +2.5468e+00 -1.8838e+00 -1.1235e+00 -2.0508e+00 -2.9298e+00 +5.1210e-01 +1.6719e+00
26740 0 +7.445107877e+00 +5.845107877e+00 +5.845107877e+00 +1.5454e+00 -4.1724e-01 +1.1380e+00 -1.7665e+00 -2.1903e+00 +1.3480e+00 -3.7829e-01 -2.5448e-01 -2.1098e+00 +2.5541e+00
182188 0 +7.383600897e+00 +5.783600897e+00 +5.783600897e+00 +3.0673e-01 -2.4820e+00 +1.5235e+00 +2.8256e+00 -1.4691e+00 +2.2298e-01 -2.4600e+00 -2.5441e+00 +1.1246e+00 +1.3997e+00
1160446 0 +6.525332687e+00 +4.925332687e+00 +4.925332687e+00 +1.0028e+00 +2.8471e+00 -1.3457e+00 -2.0020e+00 -4.6773e-01 +8.9910e-01 +2.9700e+00 +7.9191e-01 +2.7418e+00 +2.1806e+00
1962635 0 +5.735727722e+00 +4.135727722e+00 +4.135727722e+00 +2.3988e+00 -2.3273e+00 +1.0690e+00 +2.6064e+00 -1.0717e+00 -9.4825e-01 -2.7269e+00 -2.1606e+00 +1.1408e+00 +2.6918e+00
2649960 0 +2.218003489e+00 +6.180034888e-01 +6.180034888e-01 +2.0628e+00 -8.6111e-01 -2.7085e-01 +2.8642e+00 -1.8583e+00 -2.1837e+00 -2.5077e+00 -2.9976e+00 +1.8386e-01 +2.2059e+00
7980711 0 +2.050529371e+00 +4.505293712e-01 +4.505293712e-01 +2.8652e+00 -2.0599e+00 +3.4405e-01 +1.5591e+00 -1.3961e+00 -1.0620e+00 -2.5633e+00 -2.7995e+00 +2.8517e-01 +2.6847e+00
% f evaluations | g evaluations | best noise-free fitness - Fopt (-3.708400000000e+02) + sum g_i+ | measured fitness | best measured fitness or single-digit g-values | x1 | x2...
1 0 +7.081420589e+01 -3.000257941e+02 -3.000257941e+02 +2.3337e+00 +3.9911e-01 +2.9333e+00 +2.2773e+00 +2.6696e+00 -7.6488e-01 +5.2588e-01 -1.9816e+00 -1.5612e+00 +2.1727e+00
9 0 +7.053913121e+01 -3.003008688e+02 -3.003008688e+02 -1.4876e+00 +2.4296e+00 -2.3250e+00 +1.6715e-01 -7.8604e-01 +2.8760e+00 -1.9066e+00 +5.7257e-01 -2.0857e+00 -1.1227e+00
14 0 +5.786943144e+01 -3.129705686e+02 -3.129705686e+02 -1.4364e+00 -2.1413e+00 -2.7536e+00 -6.8675e-01 +1.4655e+00 +2.5030e+00 +1.0768e+00 -2.6846e+00 +1.9808e+00 +2.5636e+00
32 0 +3.493077066e+01 -3.359092293e+02 -3.359092293e+02 +2.3948e+00 -2.2758e+00 -2.7274e+00 +2.3514e+00 +7.7693e-01 +3.0162e-01 -2.6344e+00 -7.7200e-01 -1.1290e+00 -1.7391e+00
85 0 +2.792114156e+01 -3.429188584e+02 -3.429188584e+02 -9.7192e-02 -1.9561e+00 -2.5386e+00 +2.4513e+00 +1.8985e+00 +1.4446e+00 -2.4584e-01 +2.1232e+00 -1.6181e+00 -1.2791e+00
152 0 +2.579875973e+01 -3.450412403e+02 -3.450412403e+02 +2.8609e+00 -2.7898e-01 +1.4184e+00 +1.4958e+00 +1.1058e+00 +4.4655e-01 -2.8435e+00 +3.0201e-01 -2.5218e+00 +1.5178e+00
445 0 +2.026717105e+01 -3.505728289e+02 -3.505728289e+02 +1.6129e+00 -6.6849e-01 -2.2188e+00 +1.8139e+00 -6.4757e-01 +2.7091e-01 -1.2955e+00 +2.9665e+00 -2.2996e+00 -7.1873e-02
646 0 +1.802388236e+01 -3.528161176e+02 -3.528161176e+02 +1.4291e+00 +4.3636e-01 -1.8468e+00 +2.3342e+00 +2.6769e+00 +1.1471e+00 -1.4509e+00 +8.9751e-01 -2.3000e+00 +5.8494e-01
1170 0 +1.563873196e+01 -3.552012680e+02 -3.552012680e+02 +1.4576e+00 +1.7381e+00 +1.6367e-01 -2.4651e+00 -1.2574e+00 -1.8323e+00 -3.7011e-01 +2.0138e+00 -1.0933e+00 +4.3602e-01
2608 0 +1.513805262e+01 -3.557019474e+02 -3.557019474e+02 +2.0390e+00 +2.0284e+00 -2.2774e+00 -2.6046e+00 -1.7947e+00 -1.5724e+00 -4.0900e-01 +5.7035e-01 -2.7613e+00 -6.3153e-01
3260 0 +1.389299986e+01 -3.569470001e+02 -3.569470001e+02 +1.3298e+00 +2.7226e+00 +4.4491e-01 -1.8528e+00 -1.3920e+00 +9.4582e-01 +1.4485e+00 +8.7518e-01 -2.0912e+00 -6.7230e-02
12013 0 +1.128228328e+01 -3.595577167e+02 -3.595577167e+02 +1.3011e+00 +1.4424e+00 -3.4911e-01 +6.1276e-01 +8.2249e-01 +1.4442e+00 -2.8478e+00 +2.0450e+00 -2.1969e+00 +4.3391e-01
12058 0 +1.084858817e+01 -3.599914118e+02 -3.599914118e+02 +1.3682e+00 +1.4757e+00 -1.8954e+00 -2.3523e+00 -1.2947e+00 -9.7564e-01 +9.1387e-01 +2.2695e+00 -2.7847e+00 -6.5015e-02
18361 0 +8.748602327e+00 -3.620913977e+02 -3.620913977e+02 +1.6829e+00 -2.4319e+00 -2.7003e+00 +1.9105e+00 +1.9199e+00 +9.8985e-01 +9.0372e-01 +2.4967e+00 -2.1051e+00 +3.7666e-01
19423 0 +6.069812036e+00 -3.647701880e+02 -3.647701880e+02 +1.8835e+00 -2.5419e-01 -7.2540e-01 +9.9581e-01 +1.3892e+00 +9.4216e-01 -2.0974e+00 +1.4688e+00 -2.9520e+00 +6.8321e-01
21957 0 +3.851098341e+00 -3.669889017e+02 -3.669889017e+02 +2.8664e+00 +8.9420e-01 -1.0385e+00 +1.6387e+00 -5.5558e-01 +1.1650e+00 -1.7186e+00 +1.1947e+00 -2.2515e+00 -4.3452e-01
142932 0 +3.683918742e+00 -3.671560813e+02 -3.671560813e+02 +8.0399e-01 -6.5027e-01 -2.0566e+00 +2.1380e+00 +2.2800e+00 +2.4972e+00 +1.2875e-01 +1.2542e+00 -2.8720e+00 +5.9508e-01
203174 0 +3.320416101e+00 -3.675195839e+02 -3.675195839e+02 +2.3649e+00 -6.3541e-01 -1.0726e-01 +1.9068e+00 +1.6686e+00 +1.5315e+00 -2.6332e+00 +2.5716e+00 -2.8744e+00 +2.6669e-01
383297 0 +3.252307789e+00 -3.675876922e+02 -3.675876922e+02 +2.9933e+00 -1.0114e-01 -1.0362e+00 +1.8801e+00 -6.6424e-01 +2.6180e-01 -1.3248e+00 +1.3978e+00 -2.5174e+00 +5.1944e-02
395157 0 +1.942000913e+00 -3.688979991e+02 -3.688979991e+02 +1.8722e+00 -1.6716e+00 -2.2474e+00 +2.1536e+00 +1.2311e+00 +5.6809e-01 -2.2327e-01 +8.7173e-01 -2.8309e+00 +1.6749e-01
1406419 0 +1.785743996e+00 -3.690542560e+02 -3.690542560e+02 +2.3994e+00 -7.3211e-02 -1.2303e+00 +1.2827e+00 +7.1304e-01 +9.3972e-01 -7.2941e-01 +1.6861e+00 -2.2930e+00 +7.3764e-01
3037889 0 +1.695689912e+00 -3.691443101e+02 -3.691443101e+02 +2.2863e+00 -1.3349e+00 -2.7060e+00 +9.2710e-01 +3.7135e-01 +9.6861e-01 -2.2800e-01 +2.1918e+00 -2.3395e+00 -3.3692e-01
4778045 0 +1.498781677e+00 -3.693412183e+02 -3.693412183e+02 +2.9897e+00 +3.9585e-02 -1.9583e+00 +1.0364e+00 -4.2491e-01 +1.2033e+00 -1.0243e+00 +2.2001e+00 -2.6454e+00 -5.9067e-01
5300190 0 +1.150204400e+00 -3.696897956e+02 -3.696897956e+02 +2.2672e+00 -1.5394e+00 -2.3978e+00 +1.5839e+00 +5.4489e-01 +1.1081e-01 -4.0547e-01 +1.9543e+00 -2.5675e+00 -1.4765e-01
5377881 0 +7.181240235e-01 -3.701218760e+02 -3.701218760e+02 +2.7900e+00 -2.4378e-01 -1.2664e+00 +1.2868e+00 -3.1962e-02 +1.1047e+00 -1.4272e+00 +1.9037e+00 -2.3810e+00 -7.9709e-01
% f evaluations | g evaluations | best noise-free fitness - Fopt (-3.256000000000e+01) + sum g_i+ | measured fitness | best measured fitness or single-digit g-values | x1 | x2...
1 0 +7.018545385e+01 +3.762545385e+01 +3.762545385e+01 +1.6428e+00 +1.8603e+00 +1.1121e+00 +2.5479e+00 +9.2037e-01 +1.9920e-01 +1.0341e+00 +2.7761e+00 +1.4214e+00 +2.5325e+00
15 0 +6.721611114e+01 +3.465611114e+01 +3.465611114e+01 +2.3956e+00 -5.3913e-02 +2.0050e+00 +1.7617e-01 +1.9665e+00 -8.0172e-01 +2.6100e+00 +6.7605e-01 -2.1374e+00 +2.1061e+00
18 0 +6.535908463e+01 +3.279908463e+01 +3.279908463e+01 -8.1234e-01 -1.6814e+00 +8.1168e-01 +1.6415e+00 -1.0391e+00 -1.3676e+00 -6.5789e-01 -2.7150e+00 -1.1699e+00 -1.5257e+00
23 0 +6.445378716e+01 +3.189378716e+01 +3.189378716e+01 -4.4330e-01 -2.8610e+00 -2.3037e+00 -3.2248e-01 -7.4173e-01 -1.3795e+00 +1.7261e+00 +2.1570e+00 +2.5917e+00 +2.3073e+00
55 0 +2.819464940e+01 -4.365350603e+00 -4.365350603e+00 +1.6385e+00 -2.4433e+00 -1.8056e+00 +1.1654e+00 +1.6969e+00 +2.9300e+00 -4.5481e-01 +2.9740e+00 -1.8129e+00 +1.4039e+00
2131 0 +2.311559377e+01 -9.444406232e+00 -9.444406232e+00 +1.8088e+00 +2.6744e+00 +1.3456e-01 +1.0781e+00 +2.9368e+00 +5.3211e-01 +2.0112e+00 +2.7873e+00 +1.3084e+00 -5.9218e-01
2321 0 +1.109207440e+01 -2.146792560e+01 -2.146792560e+01 +2.9186e+00 -1.6646e+00 +4.8464e-01 +1.4480e+00 +8.2714e-01 +1.5330e+00 +9.8954e-02 +2.7034e+00 -2.7815e+00 -1.1420e-01
8181 0 +9.117478292e+00 -2.344252171e+01 -2.344252171e+01 +2.4303e+00 -2.3435e+00 -8.1993e-01 +2.0665e+00 -3.2636e-01 +1.2145e+00 -2.7880e+00 +1.3101e+00 -1.1545e+00 -2.5820e+00
20709 0 +8.820233603e+00 -2.373976640e+01 -2.373976640e+01 +2.9116e+00 -7.9496e-01 +2.7763e+00 +2.5406e+00 +7.3196e-01 +2.4025e+00 +8.1433e-01 +2.2143e+00 -2.7769e+00 +7.8584e-01
29747 0 +7.254779746e+00 -2.530522025e+01 -2.530522025e+01 +2.7883e+00 -2.5497e+00 -9.6159e-01 +1.5544e+00 +8.3177e-01 +2.2666e+00 +7.4476e-01 +2.7480e+00 -2.2000e+00 +8.4776e-01
47539 0 +5.094080732e+00 -2.746591927e+01 -2.746591927e+01 +7.8552e-01 -2.4133e+00 -1.0689e+00 +2.5000e+00 -8.7749e-01 +1.3222e+00 -2.8633e+00 +1.4944e+00 -1.7441e+00 -1.4797e+00
245828 0 +3.666798388e+00 -2.889320161e+01 -2.889320161e+01 +1.9676e+00 -2.4119e+00 -2.0777e+00 +2.9834e+00 -1.9290e+00 +1.8549e+00 -2.9960e+00 +9.2908e-01 -2.5384e+00 -1.4215e+00
727068 0 +2.279288301e+00 -3.028071170e+01 -3.028071170e+01 +8.5651e-01 -2.5889e+00 -8.0131e-01 +2.8110e+00 -1.6320e+00 +1.8446e+00 -2.4665e+00 +1.0822e+00 -1.4490e+00 -2.0291e+00
% f evaluations | g evaluations | best noise-free fitness - Fopt (5.154000000000e+02) + sum g_i+ | measured fitness | best measured fitness or single-digit g-values | x1 | x2...
1 0 +7.116569985e+01 +5.865656998e+02 +5.865656998e+02 -2.6186e+00 +2.4569e+00 +1.2592e+00 -1.0743e+00 -1.3035e+00 -1.8073e+00 +2.0118e+00 -2.2888e-01 +2.6932e+00 +1.7437e+00
5 0 +6.979751141e+01 +5.851975114e+02 +5.851975114e+02 +2.4830e+00 +1.1701e+00 +1.7058e+00 +6.7662e-01 +9.9955e-03 -1.1877e+00 -6.4404e-01 -1.2259e+00 -2.1680e+00 +2.1241e+00
16 0 +6.363150818e+01 +5.790315082e+02 +5.790315082e+02 -1.3346e+00 +2.4283e+00 +2.1035e+00 +4.3113e-01 -2.1319e+00 -1.8943e+00 +2.8926e+00 -2.3956e+00 +1.8909e+00 -1.4431e+00
21 0 +6.216025104e+01 +5.775602510e+02 +5.775602510e+02 +2.2004e-01 -2.8493e+00 +2.4258e+00 -1.1606e+00 +1.4644e+00 +2.7301e+00 +2.2966e+00 -1.7426e+00 -1.5286e+00 -2.9844e+00
22 0 +4.700924663e+01 +5.624092466e+02 +5.624092466e+02 +2.8235e+00 +1.6215e+00 -1.2656e-02 +2.6952e+00 +2.5872e+00 -1.9467e+00 +2.4166e-01 -2.3357e+00 +2.4819e+00 +1.5416e+00
27 0 +3.966273586e+01 +5.550627359e+02 +5.550627359e+02 +2.6115e+00 -1.4188e+00 -2.7433e+00 +2.0595e+00 +9.9520e-01 -6.3202e-01 -1.4530e+00 -1.5096e+00 +2.7078e+00 +1.4923e+00
113 0 +2.725446942e+01 +5.426544694e+02 +5.426544694e+02 +2.6061e+00 -1.0899e+00 -1.4614e+00 +2.1105e+00 +2.7399e+00 -2.9179e+00 +1.0553e+00 -5.9038e-01 -1.3563e+00 -2.3797e+00
1641 0 +2.070181679e+01 +5.361018168e+02 +5.361018168e+02 +2.1731e+00 +9.1139e-01 -1.5345e+00 +2.0944e+00 +2.7023e+00 +5.6377e-01 -1.8034e+00 -9.9260e-01 -8.5129e-03 +1.4333e+00
4498 0 +1.933841185e+01 +5.347384118e+02 +5.347384118e+02 -2.6415e+00 +4.3678e-02 -2.8203e+00 +6.4030e-02 -1.9332e+00 -1.0850e+00 -8.0416e-01 +1.2581e+00 -2.3179e+00 +9.1580e-01
9000 0 +1.828425895e+01 +5.336842590e+02 +5.336842590e+02 +2.7269e+00 -5.6451e-01 -9.5966e-01 +3.3954e-03 +1.8196e+00 -1.5206e+00 -1.4530e+00 -2.9744e+00 +1.8355e+00 -7.4197e-01
9164 0 +1.702638574e+01 +5.324263857e+02 +5.324263857e+02 +2.4010e+00 -1.9828e+00 -1.7903e+00 -3.4755e-01 +1.7208e+00 -2.5492e+00 -1.3905e+00 -1.7712e+00 -7.2673e-01 -1.9152e+00
9944 0 +1.056864977e+01 +5.259686498e+02 +5.259686498e+02 +1.6236e+00 +8.4911e-04 -2.2647e+00 -3.7814e-01 +3.4512e-01 -2.6969e+00 -1.6516e+00 -1.7313e+00 +8.0448e-01 -2.1713e+00
49178 0 +1.007703728e+01 +5.254770373e+02 +5.254770373e+02 +2.9820e+00 -1.7262e+00 -1.7812e+00 +1.0493e+00 +2.3770e+00 -2.5192e+00 +1.0306e-01 -1.5545e+00 +5.3457e-01 -1.9493e+00
77997 0 +9.054895113e+00 +5.244548951e+02 +5.244548951e+02 -2.5484e+00 -5.6574e-02 -2.0996e+00 +2.9254e-01 -2.1129e+00 -2.7904e+00 -1.0297e+00 -3.2379e-01 -1.2518e+00 +1.8580e+00
79979 0 +6.208535191e+00 +5.216085352e+02 +5.216085352e+02 -2.9721e+00 -1.4802e-02 -1.7532e+00 -8.6859e-01 -2.8273e+00 -2.9577e+00 +8.7623e-02 +2.2596e+00 -2.9107e+00 +1.7212e+00
327463 0 +5.764072512e+00 +5.211640725e+02 +5.211640725e+02 -2.2193e+00 -4.9677e-01 -2.9691e+00 +5.5283e-01 -9.9494e-01 -2.4725e+00 -1.0810e+00 +1.2035e+00 -2.4830e+00 +9.8804e-01
1227018 0 +4.827843473e+00 +5.202278435e+02 +5.202278435e+02 -2.7305e+00 -1.4696e+00 -2.1655e+00 +6.5932e-02 -2.8471e+00 -2.5833e+00 -2.4718e+00 +1.5866e+00 -2.5265e+00 +1.4690e+00
1557700 0 +2.395109590e+00 +5.177951096e+02 +5.177951096e+02 -2.5362e+00 -5.3135e-01 -2.6800e+00 +1.3746e+00 -2.4667e+00 -2.9527e+00 -2.7902e+00 +1.5733e+00 -2.9573e+00 +2.4495e+00
3221833 0 +2.213735272e+00 +5.176137353e+02 +5.176137353e+02 -2.9012e+00 -1.0509e+00 -2.8910e+00 +6.1531e-02 -2.0309e+00 -2.6829e+00 -2.4853e+00 +1.2795e+00 -1.8402e+00 +1.5649e+00
7274046 0 +2.142120634e+00 +5.175421206e+02 +5.175421206e+02 -2.9151e+00 -5.4513e-01 -2.4846e+00 +1.3163e+00 -1.3675e+00 -2.2038e+00 -1.8615e+00 +2.1770e+00 -2.9780e+00 +1.3574e+00
% f evaluations | g evaluations | best noise-free fitness - Fopt (-8.628000000000e+01) + sum g_i+ | measured fitness | best measured fitness or single-digit g-values | x1 | x2...
1 0 +7.329624909e+01 -1.298375091e+01 -1.298375091e+01 +1.8424e+00 -1.1620e-02 +1.9556e+00 -2.3169e+00 -1.3943e+00 +7.4865e-01 +6.1456e-01 +2.0687e+00 +2.4156e+00 +1.9364e+00
5 0 +6.912417110e+01 -1.715582890e+01 -1.715582890e+01 +2.8151e+00 -1.8172e+00 -1.4892e-01 +4.9803e-01 -1.4554e+00 +3.6722e-01 -1.7940e+00 -1.4833e+00 -3.4512e-01 -2.5551e+00
7 0 +6.467065033e+01 -2.160934967e+01 -2.160934967e+01 +2.9884e+00 -1.9930e+00 -1.0866e+00 -2.7687e-01 +2.4489e+00 +5.3778e-01 +9.7460e-01 +2.9186e+00 +1.0498e+00 -2.8840e+00
10 0 +6.309841444e+01 -2.318158556e+01 -2.318158556e+01 -2.5315e+00 +2.6701e+00 -6.5910e-01 -7.9819e-01 +2.6174e+00 +1.5832e-01 +2.7180e-01 -6.3195e-01 -1.0086e+00 +2.2873e-01
51 0 +5.854062227e+01 -2.773937773e+01 -2.773937773e+01 +2.0208e+00 +1.5823e+00 +1.0657e+00 +6.0137e-01 -1.0996e+00 -5.6398e-01 -7.6056e-01 -1.7827e+00 -1.8922e-01 -2.7848e+00
88 0 +4.740983000e+01 -3.887017000e+01 -3.887017000e+01 -2.5744e+00 +1.9606e+00 -1.1167e+00 +2.2243e+00 -1.4043e+00 -2.9694e+00 +3.9711e-01 -7.1168e-01 -3.0800e-01 -2.8100e+00
137 0 +3.830934394e+01 -4.797065606e+01 -4.797065606e+01 -2.5610e+00 -7.0121e-01 +1.9089e+00 -5.2754e-01 -1.3527e-01 -6.1605e-01 -1.1711e+00 +1.8254e+00 -1.9093e+00 +2.8507e+00
265 0 +3.518202360e+01 -5.109797640e+01 -5.109797640e+01 -1.6122e+00 +2.2737e+00 +1.3176e+00 -6.4363e-01 +6.7720e-01 -2.4804e+00 -8.4402e-02 -5.5349e-01 -2.6383e-01 +1.6745e+00
280 0 +1.621754172e+01 -7.006245828e+01 -7.006245828e+01 -8.5900e-01 +7.0866e-01 +8.5511e-01 +7.3483e-01 +1.5445e+00 -2.5630e+00 -1.1155e+00 +1.8537e+00 +3.5454e-01 +2.2117e+00
895 0 +1.504243381e+01 -7.123756619e+01 -7.123756619e+01 -2.7044e+00 +1.0837e+00 +1.9610e+00 -8.1022e-01 +2.2273e+00 -2.6276e+00 -7.6552e-01 +1.5346e+00 -1.6888e+00 +1.8015e+00
1541 0 +1.279707217e+01 -7.348292783e+01 -7.348292783e+01 +2.8403e+00 +5.3703e-01 -1.1905e+00 +5.7654e-01 -2.4829e+00 +1.0811e+00 -2.8971e-01 +2.7343e+00 -2.5560e+00 +7.9434e-01
6625 0 +1.195214704e+01 -7.432785296e+01 -7.432785296e+01 -2.6408e+00 +1.2852e+00 +2.1335e+00 -3.4525e-01 +1.4171e+00 -2.2360e+00 +2.3046e-01 -1.5295e+00 -1.0907e+00 +2.9338e+00
8105 0 +7.890875812e+00 -7.838912419e+01 -7.838912419e+01 -2.0125e+00 +1.3857e+00 +1.8924e+00 +7.0861e-01 +7.0519e-01 -2.4060e+00 -1.7321e-01 +1.0897e+00 -3.5386e-01 +1.8547e+00
14547 0 +6.761069069e+00 -7.951893093e+01 -7.951893093e+01 -2.9499e+00 +2.1508e+00 +2.6795e+00 +1.5416e+00 +8.2664e-01 -2.8845e+00 -3.4148e-01 -4.6869e-01 -6.6348e-01 +1.8923e+00
181469 0 +6.011218632e+00 -8.026878137e+01 -8.026878137e+01 -2.2311e+00 +2.7144e+00 +2.3438e+00 +5.5137e-01 +2.3210e+00 -1.9204e+00 -1.3696e-01 -1.3007e+00 +1.2334e+00 +1.6529e+00
218935 0 +4.878458037e+00 -8.140154196e+01 -8.140154196e+01 -2.6019e+00 +1.0274e+00 +1.9017e+00 +1.0796e+00 +1.1749e+00 -2.8495e+00 -1.7581e+00 +3.3451e-01 -1.0851e+00 +2.9034e+00
258219 0 +4.079937396e+00 -8.220006260e+01 -8.220006260e+01 -1.6998e+00 +1.5301e+00 +2.1056e+00 -7.7690e-01 +1.6277e+00 -2.8269e+00 -1.0402e+00 -1.1907e+00 -3.2367e-01 +2.4287e+00
285131 0 +1.938111727e+00 -8.434188827e+01 -8.434188827e+01 -2.2164e+00 +1.6791e+00 +2.4726e+00 -8.0734e-01 +2.1411e+00 -2.3253e+00 -6.4128e-01 -3.9941e-01 +2.0638e-01 +1.7577e+00
2863961 0 +1.810313285e+00 -8.446968672e+01 -8.446968672e+01 -1.9970e+00 +1.4923e+00 +2.1520e+00 -6.6307e-01 +2.4759e+00 -2.8649e+00 -1.7171e+00 -9.2386e-01 -7.1983e-02 +2.2541e+00
% f evaluations | g evaluations | best noise-free fitness - Fopt (2.224000000000e+01) + sum g_i+ | measured fitness | best measured fitness or single-digit g-values | x1 | x2...
1 0 +6.260589862e+01 +8.484589862e+01 +8.484589862e+01 +1.1927e+00 +1.3686e+00 -1.3996e-01 -3.7669e-01 +2.3396e+00 -1.5826e+00 +2.0915e+00 -2.8095e+00 -1.1416e+00 +1.8129e+00
27 0 +4.750578477e+01 +6.974578477e+01 +6.974578477e+01 -1.3163e+00 +2.7293e+00 -9.4732e-01 +7.3813e-01 +2.1772e+00 -2.0767e+00 +1.7681e+00 -6.1605e-03 -1.5440e+00 -9.4460e-01
141 0 +3.751157255e+01 +5.975157255e+01 +5.975157255e+01 +1.8422e+00 +7.1983e-01 +1.9846e+00 +7.4387e-01 -2.0661e+00 +2.8256e+00 -1.9520e+00 -4.6640e-01 -1.1668e+00 +2.7604e+00
225 0 +8.013124471e+00 +3.025312447e+01 +3.025312447e+01 +2.9372e+00 +1.8587e+00 -1.2140e+00 +1.9581e+00 +2.0516e+00 -2.4679e+00 +1.9038e+00 -2.7192e+00 -2.5021e+00 +1.2600e-01
90328 0 +7.535501475e+00 +2.977550148e+01 +2.977550148e+01 +2.6422e+00 +1.5225e+00 +2.6607e+00 +2.5191e+00 -2.6074e+00 -2.9129e-01 -2.0967e+00 -1.4610e+00 +2.0672e+00 +4.3949e-01
112376 0 +6.311861610e+00 +2.855186161e+01 +2.855186161e+01 +2.8128e+00 +1.9944e+00 -1.8756e-01 +2.5642e+00 -2.4744e+00 +2.3433e-01 -1.6671e+00 -9.6130e-01 +8.4159e-01 +7.4016e-01
194652 0 +2.157759737e+00 +2.439775974e+01 +2.439775974e+01 +2.6416e+00 +1.5305e+00 -1.7473e+00 +1.1772e+00 +2.3350e+00 -2.3195e+00 +2.4212e+00 -2.4675e+00 -2.1888e+00 -1.8323e+00
284291 0 +1.998921370e+00 +2.423892137e+01 +2.423892137e+01 +2.9303e+00 +2.9350e+00 +2.9199e+00 +1.7827e+00 -2.9314e+00 +5.7215e-01 -2.5764e+00 -7.1694e-01 +1.0641e+00 +1.3259e+00
7211713 0 +1.183163922e+00 +2.342316392e+01 +2.342316392e+01 +2.7597e+00 +1.6898e+00 +2.4179e+00 +2.2711e+00 -2.8288e+00 +1.0647e+00 -2.3652e+00 -6.1171e-02 +1.1577e+00 +1.2914e+00
% f evaluations | g evaluations | best noise-free fitness - Fopt (-2.301000000000e+01) + sum g_i+ | measured fitness | best measured fitness or single-digit g-values | x1 | x2...
1 0 +5.772938284e+01 +3.471938284e+01 +3.471938284e+01 +1.7727e+00 +9.6785e-01 -1.9828e+00 +2.0021e+00 -1.6248e+00 +1.1084e+00 -1.0720e+00 -2.7693e-03 +1.1424e+00 +3.8017e-01
29 0 +5.327598288e+01 +3.026598288e+01 +3.026598288e+01 -8.6694e-01 -2.3374e+00 +2.5731e-01 +2.0321e+00 +2.3150e-01 +1.0713e+00 +2.4033e+00 -2.9552e+00 -2.6003e+00 +1.8598e-02
62 0 +4.817428708e+01 +2.516428708e+01 +2.516428708e+01 -1.6187e+00 -2.8361e+00 +2.0301e+00 +2.2285e+00 +1.4830e+00 +2.7469e+00 +1.2649e+00 -4.5424e-01 -2.0135e+00 -6.6734e-01
119 0 +4.047164603e+01 +1.746164603e+01 +1.746164603e+01 +1.5672e+00 -2.2478e+00 -1.1213e+00 +1.9733e+00 +1.2064e+00 +6.4177e-02 -6.7193e-01 +1.2505e+00 +1.0533e+00 +7.6541e-01
457 0 +2.745079636e+01 +4.440796356e+00 +4.440796356e+00 +1.2697e+00 +2.6406e+00 -4.1557e-01 -2.4234e+00 +2.5346e+00 +1.2727e+00 +2.2778e+00 +2.6769e+00 -1.1256e+00 +1.9604e+00
530 0 +1.581165150e+01 -7.198348502e+00 -7.198348502e+00 +7.0262e-01 -2.1159e+00 +1.8135e+00 +8.4148e-01 +8.9918e-01 +5.6310e-02 +1.2072e+00 +4.6565e-01 -2.4204e+00 +1.8221e-02
9761 0 +1.508268281e+01 -7.927317193e+00 -7.927317193e+00 +1.6913e+00 -2.0331e+00 +1.8357e+00 +1.4433e+00 +2.0655e+00 -6.3871e-01 +1.2939e+00 -4.4239e-01 -1.8084e+00 +8.4653e-01
10472 0 +1.336434852e+01 -9.645651475e+00 -9.645651475e+00 -2.4895e+00 -2.3207e+00 +7.7486e-01 +2.6661e+00 -1.1945e+00 -1.0567e+00 -1.0516e+00 -1.4648e+00 -1.9002e+00 +7.5511e-02
12071 0 +3.418687761e+00 -1.959131224e+01 -1.959131224e+01 +8.6999e-01 -1.8027e+00 +2.5097e+00 +2.1359e+00 +4.1858e-01 -1.5011e+00 -1.3176e+00 -1.2727e+00 -2.9275e+00 +5.3270e-02
86810 0 +3.352322718e+00 -1.965767728e+01 -1.965767728e+01 +1.2253e+00 -2.3043e+00 +2.4644e+00 +2.2998e+00 -5.2610e-01 -2.4615e+00 -2.1817e+00 -2.8847e+00 -2.3610e+00 -2.1730e-01
193604 0 +2.553710630e+00 -2.045628937e+01 -2.045628937e+01 +2.6014e+00 -2.5479e+00 +2.6684e+00 +1.2541e+00 +9.9136e-01 -2.5281e+00 -7.9693e-02 -1.6520e+00 -2.7296e+00 +1.1233e-01
2327689 0 +1.914578340e+00 -2.109542166e+01 -2.109542166e+01 +1.8405e+00 -2.6273e+00 +2.8740e+00 +5.3412e-01 +3.7265e-01 -1.8959e+00 -1.6063e+00 -1.0690e+00 -2.4723e+00 -6.9010e-01
4426342 0 +1.814676294e+00 -2.119532371e+01 -2.119532371e+01 +2.4510e+00 -2.3945e+00 +2.5736e+00 +1.1308e+00 -8.3403e-02 -2.2884e+00 -2.9249e+00 -1.4122e+00 -2.8547e+00 +1.2704e-01
6895478 0 +1.652905303e+00 -2.135709470e+01 -2.135709470e+01 +1.1782e+00 -2.7321e+00 +2.9433e+00 +1.6190e+00 +4.0865e-01 -2.6706e+00 -2.3607e+00 -8.7197e-01 -2.4908e+00 -5.8703e-01
% f evaluations | g evaluations | best noise-free fitness - Fopt (-3.323700000000e+02) + sum g_i+ | measured fitness | best measured fitness or single-digit g-values | x1 | x2...
1 0 +7.771021079e+01 -2.546597892e+02 -2.546597892e+02 +7.2255e-01 -2.0292e-01 -2.3605e+00 -1.9532e+00 -2.1307e+00 +2.9684e+00 -2.1637e-01 -9.3560e-01 -1.6763e+00 +2.6200e+00
2 0 +7.634699892e+01 -2.560230011e+02 -2.560230011e+02 -2.8786e+00 -4.8661e-02 +6.9414e-01 +2.1823e+00 +8.4875e-01 -1.5407e+00 +1.1816e+00 +2.2729e+00 -8.0700e-01 +2.8744e+00
3 0 +7.578717097e+01 -2.565828290e+02 -2.565828290e+02 -2.4854e+00 +9.0528e-01 -2.0313e+00 -7.8289e-01 +4.6003e-01 +2.7769e+00 +2.8252e+00 +4.3157e-01 +4.2551e-01 -7.7146e-01
6 0 +6.903499316e+01 -2.633350068e+02 -2.633350068e+02 +2.9192e+00 +1.9991e+00 -2.3206e+00 -2.3605e+00 +8.3440e-01 +6.8653e-01 +1.1729e+00 -2.3011e+00 -1.4906e-02 -1.6405e+00
11 0 +5.860280586e+01 -2.737671941e+02 -2.737671941e+02 +1.5306e-01 +9.2637e-01 -3.3938e-01 +2.6767e+00 +2.7347e+00 -8.5311e-01 +2.4227e+00 -1.3195e+00 -2.5171e+00 -2.9664e-01
37 0 +5.464854767e+01 -2.777214523e+02 -2.777214523e+02 -2.1750e+00 -1.0685e+00 -2.0026e+00 +1.3396e+00 -2.6781e+00 -1.9830e+00 -1.5410e+00 +2.3854e+00 -1.9026e+00 -1.2919e+00
160 0 +4.920573304e+01 -2.831642670e+02 -2.831642670e+02 +2.0189e+00 +8.1414e-01 -6.8442e-01 -1.3138e+00 +1.4591e+00 -6.0783e-01 -1.2668e+00 -1.8153e+00 +4.0983e-01 +1.4303e+00
192 0 +1.839895310e+01 -3.139710469e+02 -3.139710469e+02 +4.2080e-01 +2.8985e+00 +2.0594e+00 +4.2502e-01 +1.4067e+00 -1.6604e+00 -2.0537e+00 -2.2656e+00 +5.3568e-01 -2.4679e+00
1503 0 +1.688720501e+01 -3.154827950e+02 -3.154827950e+02 -1.1213e+00 -2.7394e+00 +2.4562e+00 +6.4632e-01 +7.1760e-04 -2.2794e+00 -2.9860e+00 +1.4362e+00 -3.8933e-01 -1.5036e+00
17549 0 +1.428541656e+01 -3.180845834e+02 -3.180845834e+02 +2.2335e+00 -2.6519e-01 +6.3369e-01 -4.7026e-01 +2.6620e+00 -1.5755e+00 +7.8905e-01 -2.9553e+00 -1.5234e+00 -6.7188e-02
18121 0 +1.302133066e+01 -3.193486693e+02 -3.193486693e+02 +6.8304e-01 -5.1819e-01 -2.3517e+00 +8.6999e-01 -2.9087e+00 -1.4685e+00 -1.7438e+00 +2.9976e+00 -1.4942e+00 +4.9596e-01
26915 0 +9.713391958e+00 -3.226566080e+02 -3.226566080e+02 +1.8182e+00 -2.1865e+00 +1.8160e+00 +1.5270e-01 -3.7557e-01 -2.5880e+00 -1.8588e+00 +2.4326e+00 +3.3674e-01 -2.7534e+00
151020 0 +8.203070634e+00 -3.241669294e+02 -3.241669294e+02 +1.4511e-02 +8.6914e-01 -2.3604e+00 +1.1552e+00 -2.3324e+00 -1.9057e+00 -8.3791e-01 +2.5797e+00 -1.3531e+00 +5.9300e-01
167351 0 +3.945525979e+00 -3.284244740e+02 -3.284244740e+02 +9.8127e-01 +1.7096e+00 +7.0531e-02 +7.2810e-01 +2.8504e+00 -7.7344e-01 -7.8022e-01 -2.9377e+00 -1.1491e+00 -1.1997e+00
345606 0 +1.919175030e+00 -3.304508250e+02 -3.304508250e+02 +1.9749e-01 -2.6439e+00 +1.7857e+00 +1.8987e+00 +3.3856e-01 -1.8285e+00 -1.9081e+00 +2.2946e+00 +4.3399e-01 -2.3109e+00
7765710 0 +1.177664118e+00 -3.311923359e+02 -3.311923359e+02 +1.1382e-01 -2.9533e+00 +1.4225e+00 +4.3044e-01 +5.4560e-01 -2.2925e+00 -2.3890e+00 +1.7124e+00 +6.0750e-01 -2.7948e+00
% f evaluations | g evaluations | best noise-free fitness - Fopt (-1.231300000000e+02) + sum g_i+ | measured fitness | best measured fitness or single-digit g-values | x1 | x2...
1 0 +6.606559313e+01 -5.706440687e+01 -5.706440687e+01 +2.5928e+00 +1.4143e+00 +1.7166e+00 +2.8717e+00 +1.8102e+00 -4.3846e-01 +2.4825e+00 -2.2865e-01 -1.6312e+00 -9.2539e-01
22 0 +6.160616882e+01 -6.152383118e+01 -6.152383118e+01 -2.2579e+00 -2.1178e+00 -1.7921e+00 +2.8530e+00 +1.1123e-01 +2.2842e+00 +1.3090e-01 +8.1237e-01 -3.6462e-01 +1.5779e+00
49 0 +5.911484860e+01 -6.401515140e+01 -6.401515140e+01 +1.1818e+00 +3.6018e-01 +5.6646e-01 -5.0261e-01 -1.4110e+00 +1.1561e+00 +9.6567e-01 -1.3506e+00 +1.7637e+00 -1.8775e+00
73 0 +5.831350773e+01 -6.481649227e+01 -6.481649227e+01 +1.9503e-01 -1.8696e+00 -2.5254e+00 +2.8329e+00 +1.4510e-01 +2.7460e+00 -1.7456e+00 +2.5499e+00 -2.6433e+00 +2.2069e+00
90 0 +3.189742468e+01 -9.123257532e+01 -9.123257532e+01 +2.0953e+00 +2.5585e-01 -1.7680e+00 -1.5396e-01 -2.9204e-01 -1.9811e+00 +1.7845e+00 -1.6345e+00 +1.1395e+00 -1.2269e+00
288 0 +3.036674328e+01 -9.276325672e+01 -9.276325672e+01 +1.1940e+00 +9.7087e-01 -8.1973e-01 -2.4889e-01 -1.1506e+00 +3.2593e-01 +1.0240e+00 -2.6954e+00 -2.3802e-01 -2.2962e+00
348 0 +2.689825740e+01 -9.623174260e+01 -9.623174260e+01 -7.5421e-01 -2.1722e+00 -1.9588e+00 -7.6299e-01 +4.8192e-01 -2.7915e+00 +2.1206e+00 -2.8090e+00 +1.1410e+00 -2.5724e+00
1092 0 +2.565900769e+01 -9.747099231e+01 -9.747099231e+01 +2.5062e+00 -5.5917e-01 -1.4653e+00 -4.9956e-01 +2.5177e+00 +6.0005e-01 +2.4560e+00 -2.2892e+00 +1.8655e-01 -2.3876e+00
3206 0 +2.139576876e+01 -1.017342312e+02 -1.017342312e+02 +1.1558e+00 -2.7227e+00 -2.8456e-01 +9.1165e-01 -1.2971e+00 +2.7943e-01 -2.7261e+00 +2.5629e+00 -2.1984e+00 +4.2842e-01
7259 0 +1.062502832e+01 -1.125049717e+02 -1.125049717e+02 +9.4442e-01 +5.3759e-01 -1.9596e+00 +2.1983e+00 +9.5520e-01 +2.0795e-01 +7.4471e-02 -2.8403e+00 +8.9047e-01 -2.1048e+00
11912 0 +9.170764407e+00 -1.139592356e+02 -1.139592356e+02 +2.1673e+00 -1.0034e+00 -1.5627e+00 +3.2012e-01 -3.4956e-01 -1.4863e+00 +9.2880e-01 -2.8590e+00 +2.2678e+00 -1.7362e+00
52853 0 +8.500712366e+00 -1.146292876e+02 -1.146292876e+02 +8.7550e-01 -7.7290e-01 -2.3797e+00 +1.3403e+00 +2.0991e+00 -1.5382e+00 +1.5433e+00 -2.7448e+00 +1.2020e+00 -2.1200e+00
81894 0 +8.191457881e+00 -1.149385421e+02 -1.149385421e+02 +1.3138e+00 -2.0658e-01 -2.0291e+00 +2.0377e+00 +2.7225e+00 -7.2804e-01 +1.3833e+00 -2.5483e+00 +2.0505e-01 -2.1369e+00
84245 0 +2.842734031e+00 -1.202872660e+02 -1.202872660e+02 +2.3041e+00 -1.1324e+00 -2.5479e+00 +1.0662e+00 +2.1226e+00 -2.9151e-01 +9.4480e-01 -2.1594e+00 +1.7359e+00 -2.2668e+00
255240 0 +2.104379252e+00 -1.210256207e+02 -1.210256207e+02 +2.4461e+00 -4.9573e-01 -2.3545e+00 -2.8115e-01 +1.6855e+00 -1.2820e+00 +7.5132e-01 -2.5214e+00 +1.5748e+00 -2.4884e+00
582778 0 +2.071449868e+00 -1.210585501e+02 -1.210585501e+02 +2.9801e+00 -1.6172e+00 -2.4108e+00 -7.0560e-01 +2.1517e+00 -1.6006e+00 +1.6001e+00 -2.3259e+00 +2.5358e+00 -2.6273e+00
623518 0 +1.962272456e+00 -1.211677275e+02 -1.211677275e+02 +1.6870e+00 -1.5294e+00 -2.2041e+00 +1.3182e-03 +2.9888e+00 -3.5375e-01 +8.3729e-01 -1.8050e+00 +1.0262e+00 -2.8154e+00
1133077 0 +1.125583676e+00 -1.220044163e+02 -1.220044163e+02 +1.9825e+00 -1.4680e+00 -2.4803e+00 -1.9944e-02 +9.8567e-01 -4.7599e-01 +9.0171e-01 -2.8867e+00 +1.7775e+00 -1.7852e+00
6990138 0 +7.858197707e-01 -1.223441802e+02 -1.223441802e+02 +1.7444e+00 -1.3326e+00 -2.4288e+00 +1.9997e-01 +2.0915e+00 -7.0031e-01 +9.5201e-01 -2.4727e+00 +1.1052e+00 -2.5071e+00
% f evaluations | g evaluations | best noise-free fitness - Fopt (-1.537900000000e+02) + sum g_i+ | measured fitness | best measured fitness or single-digit g-values | x1 | x2...
1 0 +7.941689807e+01 -7.437310193e+01 -7.437310193e+01 -2.8355e-01 -2.5349e+00 +1.7034e+00 -2.4716e+00 -1.3676e+00 +1.5939e+00 +6.8701e-01 +1.7552e+00 -2.2738e+00 -3.7611e-02
2 0 +7.767407137e+01 -7.611592863e+01 -7.611592863e+01 -2.6548e+00 -1.8164e+00 -3.0922e-01 +4.2019e-01 -2.6512e+00 -1.7609e+00 -8.8437e-01 +6.7064e-01 +5.4327e-01 -2.4218e+00
3 0 +7.687212219e+01 -7.691787781e+01 -7.691787781e+01 -2.2784e+00 +2.9788e+00 -2.1701e+00 +2.7228e+00 -4.6649e-01 -2.1124e+00 -2.5281e+00 +1.9814e+00 +2.6687e-01 +1.2276e+00
5 0 +6.299888141e+01 -9.079111859e+01 -9.079111859e+01 +2.5111e+00 +9.0285e-01 -2.0592e+00 +2.6638e+00 +6.4402e-01 +1.9872e+00 -4.7429e-02 -2.1532e+00 -2.4144e+00 +1.5158e+00
60 0 +5.556283203e+01 -9.822716797e+01 -9.822716797e+01 -1.7610e+00 -7.8278e-01 +5.7382e-01 +1.2338e+00 -8.9940e-01 +2.0537e+00 +2.2558e+00 -4.5818e-01 +2.0021e+00 +1.3224e+00
102 0 +3.929400093e+01 -1.144959991e+02 -1.144959991e+02 -2.9953e+00 +7.9835e-01 +1.3431e-01 +8.3943e-01 +1.2535e+00 +2.3151e+00 +1.5531e+00 +1.1000e+00 +1.3150e+00 +2.3019e+00
934 0 +3.252438761e+01 -1.212656124e+02 -1.212656124e+02 -1.3626e+00 +1.6671e+00 +7.8634e-01 -1.5405e+00 +2.4225e+00 -2.1150e+00 -1.3156e+00 -2.9541e+00 +2.4115e+00 -1.0460e-01
996 0 +2.516031897e+01 -1.286296810e+02 -1.286296810e+02 -2.1571e+00 +2.4424e+00 +9.2882e-01 +1.1484e+00 +2.7789e-01 -2.4745e+00 -1.1168e+00 -1.5334e+00 +7.4492e-01 -1.7131e+00
1921 0 +1.395499422e+01 -1.398350058e+02 -1.398350058e+02 -1.4381e+00 +2.8934e+00 +1.8602e+00 -1.3732e-01 -2.2211e-01 -1.3128e+00 -2.4355e-02 -2.7080e+00 +1.5758e+00 +1.1570e-01
5674 0 +9.119847222e+00 -1.446701528e+02 -1.446701528e+02 -2.7853e+00 +1.9911e+00 +2.5496e+00 +6.5221e-01 +9.1189e-01 -2.6004e+00 -3.4629e-01 -2.0932e+00 +1.7688e+00 +2.0881e-01
63092 0 +6.348238721e+00 -1.474417613e+02 -1.474417613e+02 -1.9740e+00 +7.4361e-01 +2.8893e+00 -1.8026e+00 +2.5197e+00 -2.3374e+00 -5.4246e-01 -2.6278e+00 -3.2983e-01 -3.4748e-01
338177 0 +3.794079290e+00 -1.499959207e+02 -1.499959207e+02 -1.5847e+00 +2.6500e+00 +1.9707e+00 -1.4699e+00 +1.8658e+00 -2.6840e+00 -1.2888e-01 -2.1684e+00 +1.6444e+00 -2.7547e-01
362327 0 +1.988825471e+00 -1.518011745e+02 -1.518011745e+02 -2.4928e+00 +2.5247e+00 +2.8984e+00 -9.9888e-01 +1.4945e+00 -2.4635e+00 +1.7624e-01 -2.2382e+00 +1.6948e+00 +5.0509e-01
% f evaluations | g evaluations | best noise-free fitness - Fopt (-4.860000000000e+01) + sum g_i+ | measured fitness | best measured fitness or single-digit g-values | x1 | x2...
1 0 +6.391148605e+01 +1.531148605e+01 +1.531148605e+01 -2.3401e+00 +2.7793e+00 -1.8003e+00 -1.4004e+00 -1.3282e+00 +1.8588e+00 +1.8518e+00 -2.6606e+00 -2.9235e+00 -2.0590e+00
4 0 +6.075901378e+01 +1.215901378e+01 +1.215901378e+01 +7.4387e-01 -1.8389e+00 +1.5922e-02 -1.5664e+00 -2.4919e+00 +6.9052e-01 -1.2283e+00 +1.3747e+00 +2.2499e+00 -2.1199e+00
59 0 +5.350975705e+01 +4.909757053e+00 +4.909757053e+00 -1.4758e+00 -2.2647e+00 -2.1716e+00 -1.2576e+00 +1.9079e+00 +8.6176e-01 +1.0221e+00 +2.2522e+00 +1.3833e+00 -2.9701e+00
74 0 +4.619614241e+01 -2.403857585e+00 -2.403857585e+00 +1.9038e+00 -1.3026e+00 +2.1762e+00 +3.3863e-01 -2.6304e+00 -2.3673e+00 +1.6265e+00 +9.8481e-01 -1.1324e+00 -1.8470e+00
140 0 +3.673379384e+01 -1.186620616e+01 -1.186620616e+01 -2.4796e+00 -2.6734e+00 -1.8061e+00 -1.5089e+00 -2.3129e-01 +8.1642e-01 -1.1536e+00 +1.5610e+00 +2.1820e+00 +1.4455e+00
210 0 +3.505360463e+01 -1.354639537e+01 -1.354639537e+01 +6.5115e-01 +2.3632e+00 +6.5221e-01 +1.8591e+00 +1.5059e+00 -1.9660e+00 +8.9193e-01 +2.0030e+00 +2.8901e+00 -2.3082e+00
509 0 +1.603815463e+01 -3.256184537e+01 -3.256184537e+01 -2.3143e+00 -2.5179e-01 -3.7851e-01 -1.2903e+00 +9.5030e-02 +2.4758e+00 -1.8766e+00 +2.1605e+00 +2.2780e+00 -1.7767e+00
819 0 +9.139645457e+00 -3.946035454e+01 -3.946035454e+01 -2.1832e+00 -4.3179e-01 -5.7738e-01 -2.9585e+00 +7.3338e-01 +2.4952e+00 -2.4715e+00 +2.3785e+00 +1.3353e+00 -2.7533e+00
55092 0 +8.325490281e+00 -4.027450972e+01 -4.027450972e+01 -1.1736e+00 -2.2327e+00 -8.9232e-01 -2.1461e+00 +6.6916e-01 +2.3332e+00 -2.6063e+00 +2.4652e+00 -1.2002e+00 -6.1151e-01
61629 0 +8.173220552e+00 -4.042677945e+01 -4.042677945e+01 -1.5659e+00 -1.8796e+00 +7.0072e-01 -1.9765e+00 +4.8272e-01 +2.9383e+00 -2.6710e+00 +2.0073e+00 +1.9558e+00 -1.4407e+00
89994 0 +5.573675673e+00 -4.302632433e+01 -4.302632433e+01 -6.0343e-01 -2.6122e+00 +7.3717e-01 -2.4223e+00 -7.0831e-01 +1.5584e+00 -2.3656e+00 +2.4313e+00 +1.1054e+00 -8.9201e-01
186896 0 +3.625805879e+00 -4.497419412e+01 -4.497419412e+01 -2.2165e+00 -1.1606e+00 +9.3803e-01 -2.3431e+00 +7.0986e-01 +2.7515e+00 -1.9184e+00 +2.3911e+00 +1.5785e+00 -9.1099e-01
985686 0 +3.435439219e+00 -4.516456078e+01 -4.516456078e+01 -2.3674e+00 -2.0328e+00 -5.3521e-01 -1.4012e+00 +6.8437e-01 +2.9050e+00 -2.6858e+00 +2.9980e+00 -9.7950e-01 +5.1241e-02
1335777 0 +2.772298948e+00 -4.582770105e+01 -4.582770105e+01 -2.3100e+00 -2.2558e+00 -7.6888e-01 -1.7699e+00 -2.6846e-01 +2.8331e+00 -2.1050e+00 +2.2846e+00 -3.0185e-01 +8.2747e-01
2383427 0 +2.686867791e+00 -4.591313221e+01 -4.591313221e+01 -1.5490e+00 -2.3499e+00 -1.7629e-01 -2.8254e+00 +5.0960e-01 +2.9785e+00 -2.8048e+00 +2.9428e+00 -6.6572e-01 +1.0988e+00
2620873 0 +1.120625254e+00 -4.747937475e+01 -4.747937475e+01 -1.8786e+00 -2.1113e+00 +2.2632e-01 -2.4290e+00 +4.6974e-01 +2.7023e+00 -2.6244e+00 +2.9603e+00 +8.4301e-02 -3.7458e-01
6283586 0 +6.208937059e-01 -4.797910629e+01 -4.797910629e+01 -2.3855e+00 -2.0562e+00 -3.0880e-01 -1.8524e+00 +5.7147e-02 +2.2454e+00 -1.7669e+00 +2.8600e+00 +3.4928e-01 +1.3684e-01
% f evaluations | g evaluations | best noise-free fitness - Fopt (2.770000000000e+01) + sum g_i+ | measured fitness | best measured fitness or single-digit g-values | x1 | x2...
1 0 +7.909089553e+01 +1.067908955e+02 +1.067908955e+02 -6.1600e-01 +1.2619e+00 -2.2348e+00 +5.9195e-01 -1.5181e+00 +2.9297e-01 +6.8124e-01 +1.5272e+00 +1.7577e+00 +2.1238e+00
2 0 +6.460879320e+01 +9.230879320e+01 +9.230879320e+01 -1.7006e-01 -9.7947e-01 +1.0337e+00 -2.1374e+00 -2.4520e+00 +1.2369e-01 +1.1889e+00 +1.0835e+00 -2.8428e+00 +2.0398e+00
6 0 +5.066593529e+01 +7.836593529e+01 +7.836593529e+01 +2.5202e+00 -9.9453e-01 +3.4621e-01 -2.8363e+00 +1.3351e+00 -2.9908e-02 -2.7826e-01 -1.1053e+00 +7.9231e-01 +2.7140e+00
32 0 +4.805638956e+01 +7.575638956e+01 +7.575638956e+01 -1.6956e+00 -1.3690e+00 +1.4710e+00 +6.4373e-01 -1.1133e+00 +2.0561e+00 +2.3667e+00 +2.3533e+00 +2.6005e+00 -9.5661e-01
73 0 +1.749655896e+01 +4.519655896e+01 +4.519655896e+01 -2.4393e+00 -1.3961e+00 +2.1747e+00 -1.5047e+00 -2.2273e+00 -1.5018e+00 +2.0389e+00 +9.1824e-01 +1.0230e+00 +4.3925e-01
698 0 +1.437620518e+01 +4.207620518e+01 +4.207620518e+01 +1.4667e+00 +1.1954e+00 -1.3056e+00 +1.4693e+00 -2.0942e+00 +9.7279e-01 -2.2688e-02 +1.4606e+00 -1.1333e+00 -2.9953e-01
3961 0 +1.204365982e+01 +3.974365982e+01 +3.974365982e+01 +2.4279e+00 +2.4552e+00 +1.3593e+00 -2.2590e+00 -2.3836e+00 -4.9796e-01 +7.6978e-02 +2.0954e+00 -1.8006e+00 +2.0125e-01
4793 0 +1.083457199e+01 +3.853457199e+01 +3.853457199e+01 +1.8724e+00 +9.5951e-01 +4.7599e-01 -3.1419e-01 -2.9337e+00 +1.9243e+00 +2.4050e+00 +2.6153e+00 -1.9387e+00 -4.7322e-01
14850 0 +8.048926359e+00 +3.574892636e+01 +3.574892636e+01 +1.3947e+00 +2.3045e+00 +6.4580e-01 -7.9628e-01 -2.9413e+00 -7.1858e-01 +1.5938e+00 +1.9678e+00 -1.6078e+00 +8.8205e-01
46273 0 +7.849474246e+00 +3.554947425e+01 +3.554947425e+01 +9.1810e-01 +1.6287e+00 +1.3007e+00 +8.3705e-02 -2.4972e+00 +2.9814e-03 -2.1333e-01 +2.7246e+00 -2.2819e+00 +2.7051e-01
92343 0 +6.539506402e+00 +3.423950640e+01 +3.423950640e+01 +1.7184e+00 +1.0519e+00 -1.1069e-02 -1.3324e+00 -1.8537e+00 +9.1886e-03 -1.0745e+00 +2.0525e+00 -2.3521e+00 -4.0951e-01
216629 0 +6.348603953e+00 +3.404860395e+01 +3.404860395e+01 +2.3885e+00 +2.4420e-01 +7.2591e-01 -5.9179e-01 -2.6017e+00 +4.8187e-01 -1.7826e+00 +1.9873e+00 -1.7394e+00 -3.0316e-03
278094 0 +3.970763166e+00 +3.167076317e+01 +3.167076317e+01 +2.7074e+00 +8.2063e-01 +1.9600e+00 -2.6531e+00 -2.7796e+00 -8.0256e-01 +9.9486e-02 +2.0332e+00 -2.6217e+00 +5.3320e-02
2045771 0 +3.749365213e+00 +3.144936521e+01 +3.144936521e+01 +2.4842e+00 -1.1907e-02 +4.3063e-01 -1.5024e+00 -2.5008e+00 +6.3440e-01 -1.3443e+00 +2.4332e+00 -2.1543e+00 -6.9858e-02
3211996 0 +2.711445413e+00 +3.041144541e+01 +3.041144541e+01 +2.1019e+00 +1.1409e+00 +2.7641e-01 -2.2398e+00 -2.7260e+00 -1.3044e+00 -1.3088e+00 +1.8078e+00 -2.2358e+00 +8.8879e-01
% f evaluations | g evaluations | best noise-free fitness - Fopt (2.993000000000e+01) + sum g_i+ | measured fitness | best measured fitness or single-digit g-values | x1 | x2...
1 0 +7.766334344e+01 +1.075933434e+02 +1.075933434e+02 +2.7587e+00 -1.2331e+00 -1.8270e+00 -2.8824e-01 -4.8024e-01 +2.4842e+00 +1.3803e+00 -1.0283e+00 +2.5805e+00 -1.6711e+00
2 0 +7.614342456e+01 +1.060734246e+02 +1.060734246e+02 +2.0950e+00 -1.8202e+00 -4.2603e-02 -2.9487e+00 -2.1249e+00 +2.7983e-01 -1.4518e+00 +6.4714e-01 +2.9266e+00 -2.9759e+00
3 0 +5.827737144e+01 +8.820737144e+01 +8.820737144e+01 +1.3921e+00 -2.0938e+00 -2.8580e-01 -1.3670e+00 +1.3904e+00 +1.2652e+00 -2.7484e-01 -1.4752e+00 +1.5710e+00 +2.5543e+00
9 0 +5.305586404e+01 +8.298586404e+01 +8.298586404e+01 +1.7089e+00 +8.2724e-01 +8.4861e-01 +1.7088e-01 +2.7688e+00 -1.2259e+00 -2.5390e-01 +2.7767e+00 -7.5087e-01 -1.9335e+00
102 0 +4.246938623e+01 +7.239938623e+01 +7.239938623e+01 -2.0033e+00 +1.5611e+00 +2.7844e+00 -2.4332e+00 +5.1807e-02 -9.0922e-01 +1.3907e+00 -1.1571e+00 +1.2318e+00 -2.2321e+00
133 0 +1.910608110e+01 +4.903608110e+01 +4.903608110e+01 -2.9596e+00 +2.7313e+00 +2.8022e+00 -1.3702e+00 +8.6228e-01 -2.0179e+00 -2.1901e+00 +2.6699e+00 +2.1453e+00 +2.7366e+00
1648 0 +1.344227205e+01 +4.337227205e+01 +4.337227205e+01 -1.7429e+00 +9.7682e-01 +1.3904e+00 -1.0214e+00 +2.2455e+00 -5.1224e-01 +9.1838e-01 +1.4801e+00 +1.1656e+00 -1.8930e+00
3940 0 +7.136744735e+00 +3.706674473e+01 +3.706674473e+01 -9.3118e-01 +1.1070e+00 +2.0642e+00 -2.9706e+00 +1.7503e+00 -1.5487e+00 -4.5374e-01 +1.1116e+00 +2.9731e+00 -6.2837e-01
4749 0 +6.481793787e+00 +3.641179379e+01 +3.641179379e+01 -7.9444e-01 +1.5010e+00 +2.9693e+00 -2.9741e+00 +9.5720e-01 +2.5257e-01 -1.3334e+00 +2.7932e+00 +1.3289e+00 +7.7723e-01
10343 0 +2.373756551e+00 +3.230375655e+01 +3.230375655e+01 -2.2168e+00 +1.9906e+00 +1.8638e+00 -2.8658e+00 +1.3565e+00 -1.4080e+00 +8.6281e-01 +2.3110e+00 +1.4218e+00 -2.2244e-01
135666 0 +2.023555110e+00 +3.195355511e+01 +3.195355511e+01 +1.3116e+00 +1.3841e+00 +2.5540e+00 -2.2996e+00 +2.9176e+00 -1.2842e+00 -1.2113e-01 +1.9941e+00 +2.5376e+00 +1.7801e+00
409887 0 +1.934779124e+00 +3.186477912e+01 +3.186477912e+01 -1.4000e+00 +2.6572e+00 +1.9542e+00 -2.8365e+00 +2.0167e+00 -2.7614e+00 -1.5475e+00 +2.6241e+00 +2.8312e+00 +2.4685e+00
618492 0 +1.757300159e+00 +3.168730016e+01 +3.168730016e+01 -8.8436e-01 +1.8881e+00 +9.4656e-01 -2.6816e+00 +2.9397e+00 -2.3758e+00 +1.2356e+00 +2.1816e+00 +2.7624e+00 +3.1169e-01
1086570 0 +1.825142679e-01 +3.011251427e+01 +3.011251427e+01 -7.1068e-01 +1.3348e+00 +2.4730e+00 -2.9959e+00 +1.7011e+00 -1.7458e+00 -6.5175e-01 +2.1063e+00 +2.3280e+00 +1.9142e+00
% f evaluations | g evaluations | best noise-free fitness - Fopt (-1.983000000000e+01) + sum g_i+ | measured fitness | best measured fitness or single-digit g-values | x1 | x2...
1 0 +7.537871293e+01 +5.554871293e+01 +5.554871293e+01 +1.1769e+00 -2.9717e+00 -8.9896e-01 +2.8668e+00 -2.7149e+00 -4.3462e-01 +7.8646e-01 +4.6572e-01 -2.3062e+00 +1.8643e+00
2 0 +7.186390638e+01 +5.203390638e+01 +5.203390638e+01 -1.0338e+00 -1.3713e+00 -1.7110e+00 -2.4233e+00 -3.3733e-02 +1.4844e+00 -1.5849e+00 -3.7171e-01 -7.4462e-02 +1.1649e+00
12 0 +3.492877001e+01 +1.509877001e+01 +1.509877001e+01 +2.4536e+00 +1.2231e-01 -9.4600e-01 +2.9762e-01 +8.5144e-01 +2.6817e+00 +2.0291e+00 +2.3677e+00 +3.8523e-03 -1.9862e+00
36 0 +3.036023836e+01 +1.053023836e+01 +1.053023836e+01 -5.4869e-01 +1.5472e+00 -2.3603e+00 +2.8547e-01 +8.9045e-01 -1.2275e-01 -9.4546e-01 -3.1788e-01 +7.5141e-01 -1.7673e+00
169 0 +8.286094384e+00 -1.154390562e+01 -1.154390562e+01 +8.6334e-01 +6.7692e-01 +2.4387e+00 -4.9409e-01 -6.7723e-01 -6.4089e-01 +1.9805e+00 -1.3266e+00 +1.4575e-01 -2.6176e+00
12418 0 +7.813875402e+00 -1.201612460e+01 -1.201612460e+01 -1.6902e+00 +8.9196e-01 -1.1220e+00 +7.4586e-01 +1.0932e+00 -1.3171e+00 +2.9543e+00 -2.9325e+00 -5.7849e-01 -2.4606e+00
13929 0 +6.189820942e+00 -1.364017906e+01 -1.364017906e+01 +1.0928e+00 +2.0150e+00 +1.0176e+00 +4.2730e-02 -1.6336e+00 -1.5405e+00 +2.6163e+00 -2.3403e+00 -1.0504e+00 -2.8363e+00
18566 0 +2.277727159e+00 -1.755227284e+01 -1.755227284e+01 +1.3084e+00 +9.5815e-01 -2.6393e-01 +1.1228e+00 +3.5399e-01 -2.4421e+00 +2.9194e+00 -2.1559e+00 -2.1234e+00 -1.9321e+00
86327 0 +2.149978586e+00 -1.768002141e+01 -1.768002141e+01 -7.9155e-01 +1.6909e+00 -1.5079e-01 +9.6397e-02 -4.7009e-01 -2.8116e-01 +1.4088e+00 -1.5294e+00 +3.9614e-02 -2.8256e+00
517706 0 +2.109171721e+00 -1.772082828e+01 -1.772082828e+01 +2.8809e-01 +2.5892e+00 -8.7192e-01 +1.3886e+00 +8.8974e-01 -1.9149e+00 +6.6782e-01 -1.7080e+00 -1.1252e+00 -2.0427e+00
618198 0 +2.028078954e+00 -1.780192105e+01 -1.780192105e+01 +2.2615e+00 +9.9778e-01 +2.0686e+00 +5.2162e-01 -6.6437e-01 -2.6421e+00 +2.7605e+00 -2.0685e+00 -4.6838e-01 -2.6997e+00
1132752 0 +7.424846104e-01 -1.908751539e+01 -1.908751539e+01 +4.5869e-01 +1.4671e+00 -9.1189e-02 +8.6629e-01 +1.8914e-01 -2.0746e+00 +2.3008e+00 -2.8156e+00 -2.8996e-01 -2.2625e+00
2800578 0 +6.322730536e-01 -1.919772695e+01 -1.919772695e+01 +1.9377e-01 +2.5886e+00 +7.3823e-01 +1.4729e+00 +4.5216e-01 -1.9534e+00 +1.2504e+00 -1.9757e+00 -9.3499e-01 -2.8933e+00
5759693 0 +2.861293261e-01 -1.954387067e+01 -1.954387067e+01 +1.2595e+00 +1.5022e+00 +2.1576e-01 +1.0736e+00 +2.8336e-01 -2.0558e+00 +2.0407e+00 -1.9674e+00 -5.6483e-01 -2.7168e+00
