% f evaluations | g evaluations | best noise-free fitness - Fopt (4.078000000000e+01) + sum g_i+ | measured fitness | best measured fitness or single-digit g-values | x1 | x2...
1 0 +6.553110264e+01 +1.063111026e+02 +1.063111026e+02 -2.7348e+00 +5.3918e-01 -1.8911e+00 +2.0201e+00 +5.9022e-01
2 0 +3.230724258e+01 +7.308724258e+01 +7.308724258e+01 -2.0786e+00 -6.2957e-01 +6.0383e-01 +1.4361e-01 +1.4038e+00
7 0 +2.800460967e+01 +6.878460967e+01 +6.878460967e+01 -1.6241e+00 -7.2257e-01 +2.7825e+00 -2.7804e+00 +1.3961e+00
31 0 +2.352541050e+01 +6.430541050e+01 +6.430541050e+01 -2.2846e-01 -2.8700e+00 +2.3610e+00 +1.3155e+00 +7.2039e-01
45 0 +1.098856362e+01 +5.176856362e+01 +5.176856362e+01 -1.5827e+00 +2.4052e+00 +1.7754e+00 -1.5630e+00 +1.0619e-01
53 0 +6.140661681e+00 +4.692066168e+01 +4.692066168e+01 -1.2470e+00 +8.0433e-01 +2.1554e-01 -8.0368e-01 -1.6393e-01
410 0 +2.916464251e+00 +4.369646425e+01 +4.369646425e+01 -9.6324e-01 +1.2537e+00 +1.0841e+00 -1.6610e+00 +7.2289e-01
1113 0 +1.985226430e+00 +4.276522643e+01 +4.276522643e+01 -2.1111e+00 +1.0278e+00 +4.3827e-01 -1.1436e+00 +5.7409e-01
4719 0 +1.804256760e+00 +4.258425676e+01 +4.258425676e+01 -1.7394e+00 +1.2428e+00 +3.0389e-01 -1.2689e+00 +2.7583e-01
5340 0 +1.222886425e+00 +4.200288642e+01 +4.200288642e+01 -2.4038e+00 -1.8917e+00 +2.7250e+00 -1.7421e+00 -2.9929e+00
13832 0 +9.355270333e-01 +4.171552703e+01 +4.171552703e+01 -2.1941e+00 -5.2449e-01 +2.8445e+00 -2.5725e+00 -2.7941e+00
58367 0 +8.877738447e-01 +4.166777384e+01 +4.166777384e+01 -1.4269e+00 -1.0776e+00 +2.6439e+00 -2.4952e+00 -2.7406e+00
91291 0 +7.603795751e-01 +4.154037958e+01 +4.154037958e+01 -1.8212e+00 -1.4956e+00 +2.9163e+00 -2.3848e+00 -2.7414e+00
160434 0 +5.223905433e-01 +4.130239054e+01 +4.130239054e+01 -2.3701e+00 -6.7255e-01 +2.6604e+00 -2.3637e+00 -2.8447e+00
366787 0 +5.001717593e-01 +4.128017176e+01 +4.128017176e+01 -2.1218e+00 -1.4749e+00 +2.7635e+00 -1.9789e+00 -2.7009e+00
797511 0 +4.245129740e-01 +4.120451297e+01 +4.120451297e+01 -1.8767e+00 -1.0512e+00 +2.9382e+00 -2.0746e+00 -2.7102e+00
851085 0 +3.474048874e-01 +4.112740489e+01 +4.112740489e+01 -2.0309e+00 -8.1888e-01 +2.9765e+00 -2.4712e+00 -2.9451e+00
1065586 0 +3.048594495e-01 +4.108485945e+01 +4.108485945e+01 -2.2303e+00 -1.5431e+00 +2.9011e+00 -2.1168e+00 -2.9406e+00
1760973 0 +2.262127323e-01 +4.100621273e+01 +4.100621273e+01 -2.1044e+00 -1.2800e+00 +2.8373e+00 -2.2288e+00 -2.9093e+00
2206641 0 +2.073785404e-01 +4.098737854e+01 +4.098737854e+01 -1.8678e+00 -1.4038e+00 +2.8638e+00 -2.1106e+00 -2.8625e+00
% f evaluations | g evaluations | best noise-free fitness - Fopt (-1.600000000000e+00) + sum g_i+ | measured fitness | best measured fitness or single-digit g-values | x1 | x2...
1 0 +3.547931273e+01 +3.387931273e+01 +3.387931273e+01 +6.2459e-01 +2.0541e+00 +2.0699e+00 -3.2797e-01 -7.1740e-01
2 0 +3.396882460e+01 +3.236882460e+01 +3.236882460e+01 +1.8632e+00 +9.9897e-01 +2.1019e+00 -7.7526e-01 -1.8547e+00
7 0 +9.444383547e+00 +7.844383547e+00 +7.844383547e+00 +2.8580e+00 +2.1862e+00 +1.6737e+00 +1.7911e-01 -1.5082e+00
18 0 +9.200464107e+00 +7.600464107e+00 +7.600464107e+00 -5.1512e-01 -2.1872e+00 +7.2494e-02 +2.4491e+00 -2.5107e+00
32 0 +8.111608015e+00 +6.511608015e+00 +6.511608015e+00 +1.4341e+00 +1.5963e+00 +2.3796e+00 -1.6064e+00 +2.4958e+00
76 0 +7.065326548e+00 +5.465326548e+00 +5.465326548e+00 -1.2186e+00 -7.8406e-01 -2.5140e+00 -1.3549e+00 -8.5581e-01
197 0 +1.992466892e+00 +3.924668917e-01 +3.924668917e-01 +4.6632e-01 -2.4521e+00 -9.6585e-01 +2.8887e+00 -2.8353e+00
2289 0 +1.745013892e+00 +1.450138917e-01 +1.450138917e-01 +4.2957e-01 -1.9091e+00 +7.3535e-01 +2.4023e+00 -1.7874e+00
10519 0 +1.534371708e+00 -6.562829212e-02 -6.562829212e-02 +1.4602e+00 -2.9613e+00 -4.3371e-01 +2.9089e+00 -2.7199e+00
10580 0 +4.275316762e-01 -1.172468324e+00 -1.172468324e+00 +1.6054e+00 -1.3098e+00 +1.4789e+00 +2.9572e+00 -1.8338e+00
17431 0 +1.063967843e-01 -1.493603216e+00 -1.493603216e+00 +9.3746e-01 -1.7017e+00 +1.1916e+00 +2.8233e+00 -1.2868e+00
24108 0 +2.270943000e-02 -1.577290570e+00 -1.577290570e+00 +1.4176e+00 -1.8622e+00 +9.7845e-01 +2.9938e+00 -1.9729e+00
383534 0 +1.933826806e-02 -1.580661732e+00 -1.580661732e+00 +1.0244e+00 -2.2516e+00 +3.0370e-01 +2.8367e+00 -2.0417e+00
1034707 0 +1.354088808e-02 -1.586459112e+00 -1.586459112e+00 +8.6607e-01 -1.9129e+00 +6.7707e-01 +2.9879e+00 -1.9770e+00
1500710 0 +7.572779863e-03 -1.592427220e+00 -1.592427220e+00 +9.0050e-01 -2.0977e+00 +2.8276e-01 +2.9841e+00 -2.1835e+00
2277019 0 +1.205342169e-03 -1.598794658e+00 -1.598794658e+00 +1.1547e+00 -1.8458e+00 +8.2028e-01 +2.9909e+00 -1.8517e+00
% f evaluations | g evaluations | best noise-free fitness - Fopt (-3.708400000000e+02) + sum g_i+ | measured fitness | best measured fitness or single-digit g-values | x1 | x2...
1 0 +6.537052024e+01 -3.054694798e+02 -3.054694798e+02 -2.8229e-01 -7.0389e-01 -2.7010e+00 -3.5359e-01 +2.7038e+00
2 0 +6.370807362e+01 -3.071319264e+02 -3.071319264e+02 +1.9170e+00 +2.1772e+00 -5.4945e-01 -1.6344e+00 -6.2626e-01
3 0 +6.135758197e+01 -3.094824180e+02 -3.094824180e+02 -2.7586e+00 +2.4130e+00 -2.0194e+00 -1.0366e+00 -1.6073e+00
9 0 +4.938425134e+01 -3.214557487e+02 -3.214557487e+02 -2.6140e+00 +6.1288e-01 -3.0256e-01 +2.5527e+00 +2.8164e+00
12 0 +2.965555520e+01 -3.411844448e+02 -3.411844448e+02 -2.5631e+00 -1.3275e+00 -1.1629e+00 -2.9032e+00 +5.8953e-01
51 0 +2.126782411e+01 -3.495721759e+02 -3.495721759e+02 +2.8193e+00 +1.2045e-01 +9.9507e-01 -1.2300e+00 -1.0003e+00
65 0 +7.079507307e+00 -3.637604927e+02 -3.637604927e+02 +2.0080e+00 -2.0085e+00 +4.6985e-01 -9.7902e-01 -6.1658e-01
172 0 +2.094692951e+00 -3.687453070e+02 -3.687453070e+02 +2.9798e+00 -1.9913e-01 -2.1720e+00 +6.9553e-01 +1.2556e+00
5236 0 +1.981248054e+00 -3.688587519e+02 -3.688587519e+02 +2.5205e+00 +2.9221e-01 -1.8470e+00 +1.9611e+00 +3.7451e-01
6534 0 +5.868892248e-01 -3.702531108e+02 -3.702531108e+02 +2.9284e+00 +5.0634e-01 -2.1132e+00 +1.9627e+00 +7.4121e-01
7031 0 +5.113945607e-02 -3.707888605e+02 -3.707888605e+02 +2.9634e+00 -1.4730e-01 -1.8370e+00 +1.5345e+00 +6.9360e-01
20036 0 +3.943879859e-02 -3.708005612e+02 -3.708005612e+02 +2.9523e+00 -6.7898e-01 -2.0714e+00 +1.6062e+00 +8.5800e-01
71925 0 +3.409619788e-02 -3.708059038e+02 -3.708059038e+02 +2.9462e+00 -7.5290e-01 -1.9449e+00 +1.8726e+00 +8.8560e-01
155476 0 +2.412846125e-02 -3.708158715e+02 -3.708158715e+02 +2.9847e+00 -8.0683e-01 -1.6346e+00 +1.9435e+00 +4.3594e-01
688624 0 +2.213037384e-02 -3.708178696e+02 -3.708178696e+02 +2.9082e+00 -2.1942e-01 -1.8454e+00 +1.8044e+00 +7.7100e-01
784147 0 +3.420237367e-03 -3.708365798e+02 -3.708365798e+02 +2.9251e+00 -7.0416e-01 -1.9373e+00 +1.7116e+00 +7.4656e-01
2518161 0 +1.836166343e-03 -3.708381638e+02 -3.708381638e+02 +2.9464e+00 -7.9161e-01 -1.8386e+00 +2.0021e+00 +6.0517e-01
% f evaluations | g evaluations | best noise-free fitness - Fopt (-3.256000000000e+01) + sum g_i+ | measured fitness | best measured fitness or single-digit g-values | x1 | x2...
1 0 +7.314226582e+01 +4.058226582e+01 +4.058226582e+01 +9.7126e-01 +1.6517e+00 +2.0228e+00 +2.3721e+00 +2.0553e+00
2 0 +7.232349494e+01 +3.976349494e+01 +3.976349494e+01 +2.5552e+00 +1.2391e+00 +2.6635e+00 +3.2521e-02 +2.0901e+00
3 0 +6.535563219e+01 +3.279563219e+01 +3.279563219e+01 -5.7801e-01 -1.8423e+00 -1.8506e-01 +3.5287e-01 +2.2431e+00
4 0 +5.863406835e+01 +2.607406835e+01 +2.607406835e+01 -2.7034e+00 +2.0489e+00 +2.8822e-02 +4.0153e-01 +1.7505e+00
8 0 +4.682697538e+01 +1.426697538e+01 +1.426697538e+01 -3.5310e-01 -2.6418e+00 +1.2620e+00 -2.4990e+00 -2.4261e+00
21 0 +1.323847004e+01 -1.932152996e+01 -1.932152996e+01 +1.3843e+00 -2.9475e+00 -5.5600e-01 +2.2613e+00 -1.4035e-01
47 0 +1.006855730e+01 -2.249144270e+01 -2.249144270e+01 +1.0874e+00 +1.0551e+00 -5.4819e-01 +2.2507e+00 -1.7500e+00
59 0 +9.927811197e+00 -2.263218880e+01 -2.263218880e+01 -7.1469e-01 +1.4584e+00 -1.0282e+00 +1.6603e+00 -1.7831e+00
83 0 +8.483867832e+00 -2.407613217e+01 -2.407613217e+01 +8.5926e-01 +7.2073e-01 -2.1798e+00 +1.6289e+00 -2.3820e+00
502 0 +7.782065587e+00 -2.477793441e+01 -2.477793441e+01 -3.2590e-01 +1.8064e+00 -1.9931e+00 +1.0897e+00 -2.4021e+00
674 0 +6.318589037e+00 -2.624141096e+01 -2.624141096e+01 +1.8998e-01 +1.6245e+00 -2.3709e+00 +1.6816e+00 -2.6464e+00
4156 0 +5.898307447e+00 -2.666169255e+01 -2.666169255e+01 +2.8485e+00 +1.1522e+00 -2.0822e-01 +1.4631e+00 -2.2051e+00
5424 0 +5.698888085e+00 -2.686111191e+01 -2.686111191e+01 +1.4804e-01 +1.8887e+00 -1.5361e-01 +1.9307e+00 -2.6835e+00
6708 0 +2.241644500e+00 -3.031835550e+01 -3.031835550e+01 +6.6907e-01 +1.8099e+00 -1.6984e+00 +2.3378e+00 -2.8648e+00
13846 0 +2.103982863e+00 -3.045601714e+01 -3.045601714e+01 +1.8129e+00 -2.9693e+00 -5.5270e-01 +2.9095e+00 -1.2915e+00
26786 0 +2.006030856e+00 -3.055396914e+01 -3.055396914e+01 +1.2224e+00 -2.9205e+00 -7.3594e-01 +2.8701e+00 -6.1491e-01
40941 0 +1.730134255e+00 -3.082986574e+01 -3.082986574e+01 +1.6379e+00 -2.9580e+00 -2.1484e+00 +2.9230e+00 -1.3162e+00
123419 0 +1.586469057e+00 -3.097353094e+01 -3.097353094e+01 +1.4287e+00 -2.9371e+00 -1.2338e+00 +2.9312e+00 -8.0505e-01
468733 0 +8.197435786e-01 -3.174025642e+01 -3.174025642e+01 +1.2658e+00 -2.9403e+00 -1.1116e+00 +2.9271e+00 -1.3687e+00
1218891 0 +6.663256913e-01 -3.189367431e+01 -3.189367431e+01 +1.4710e+00 -2.9205e+00 -1.6780e+00 +2.9076e+00 -1.2970e+00
4416340 0 +5.421939052e-01 -3.201780609e+01 -3.201780609e+01 +1.4521e+00 -2.9871e+00 -1.8268e+00 +2.9771e+00 -1.6318e+00
% f evaluations | g evaluations | best noise-free fitness - Fopt (5.154000000000e+02) + sum g_i+ | measured fitness | best measured fitness or single-digit g-values | x1 | x2...
1 0 +6.244124294e+01 +5.778412429e+02 +5.778412429e+02 +1.0754e+00 -8.0640e-01 +3.7573e-01 +2.3345e+00 +1.4500e+00
2 0 +3.525464541e+01 +5.506546454e+02 +5.506546454e+02 -1.5620e+00 +8.4791e-01 -2.8108e+00 +8.2108e-01 +1.8448e-01
3 0 +2.706775645e+01 +5.424677564e+02 +5.424677564e+02 -7.9464e-01 -1.4256e-01 +1.7472e+00 -4.9171e-01 -6.9150e-01
9 0 +2.526004956e+01 +5.406600496e+02 +5.406600496e+02 -2.1545e+00 -1.1033e+00 +2.1958e+00 -2.9595e+00 +1.6995e-01
11 0 +2.414600531e+01 +5.395460053e+02 +5.395460053e+02 +9.8547e-01 -1.2287e+00 +3.8400e-01 -2.8487e-01 -8.6036e-01
16 0 +2.111189512e+01 +5.365118951e+02 +5.365118951e+02 +7.3162e-01 -2.3986e-01 -1.5897e+00 +2.9041e+00 +2.2588e+00
27 0 +9.979918966e+00 +5.253799190e+02 +5.253799190e+02 -1.6672e+00 -1.6559e+00 -1.7518e+00 +4.2996e-01 -6.1021e-01
214 0 +7.292943095e+00 +5.226929431e+02 +5.226929431e+02 -1.5789e+00 +1.7139e+00 -1.8390e+00 -3.5784e-01 -2.1677e+00
692 0 +5.875405426e+00 +5.212754054e+02 +5.212754054e+02 -4.2847e-01 -2.9710e+00 -1.4976e+00 -1.1732e-01 -2.4207e+00
768 0 +4.456768564e+00 +5.198567686e+02 +5.198567686e+02 -2.4823e+00 -6.3113e-01 -2.8721e+00 +9.1653e-01 -2.4895e+00
1091 0 +3.079185202e+00 +5.184791852e+02 +5.184791852e+02 +7.5184e-01 -7.5438e-01 -3.5039e-01 -2.5446e+00 -1.6627e-01
1981 0 +2.589658938e+00 +5.179896589e+02 +5.179896589e+02 -1.0757e+00 -2.8785e+00 -9.9279e-01 +1.2956e+00 -2.2687e+00
2527 0 +2.224139199e+00 +5.176241392e+02 +5.176241392e+02 -1.2258e+00 +4.6635e-01 -1.7084e+00 -1.3928e-01 -1.3239e+00
6148 0 +2.007431491e+00 +5.174074315e+02 +5.174074315e+02 -2.4236e+00 +2.5461e-01 -2.8652e+00 +3.1686e-01 -2.5291e+00
8043 0 +9.007759742e-01 +5.163007760e+02 +5.163007760e+02 -2.7399e+00 +8.0281e-01 -2.3625e+00 -1.0289e-01 -2.3219e+00
10398 0 +6.014293659e-01 +5.160014294e+02 +5.160014294e+02 -2.7499e+00 +7.4596e-01 -2.4061e+00 -2.8632e-01 -2.0848e+00
21717 0 +2.454973783e-01 +5.156454974e+02 +5.156454974e+02 -2.9746e+00 +2.6018e-01 -2.5378e+00 -4.7585e-02 -2.0415e+00
153114 0 +9.508208210e-02 +5.154950821e+02 +5.154950821e+02 -2.6521e+00 -3.4650e-02 -2.5367e+00 +4.9347e-02 -2.0822e+00
917743 0 +8.420375795e-02 +5.154842038e+02 +5.154842038e+02 -2.9936e+00 -1.0709e+00 -2.4040e+00 +5.4783e-01 -2.0049e+00
921427 0 +5.313747367e-02 +5.154531375e+02 +5.154531375e+02 -2.8880e+00 -4.5783e-01 -2.2243e+00 +2.4905e-01 -2.2677e+00
1810235 0 +2.538923426e-02 +5.154253892e+02 +5.154253892e+02 -2.9194e+00 -5.9594e-01 -2.1542e+00 +4.0018e-01 -2.1394e+00
% f evaluations | g evaluations | best noise-free fitness - Fopt (-8.628000000000e+01) + sum g_i+ | measured fitness | best measured fitness or single-digit g-values | x1 | x2...
1 0 +5.677207112e+01 -2.950792888e+01 -2.950792888e+01 +2.3138e+00 -1.0051e+00 -2.3083e+00 -1.6662e+00 +1.9942e+00
2 0 +4.611650436e+01 -4.016349564e+01 -4.016349564e+01 +1.4355e+00 +2.8407e+00 +1.1065e+00 +1.5447e+00 +7.2359e-01
7 0 +4.096650716e+01 -4.531349284e+01 -4.531349284e+01 +2.4237e+00 +7.6927e-01 -7.9451e-01 -1.0307e+00 +7.7239e-01
8 0 +3.239440359e+01 -5.388559641e+01 -5.388559641e+01 -2.4393e+00 +1.5525e+00 +1.4137e+00 +1.8410e-01 +9.8485e-02
18 0 +1.098216828e+01 -7.529783172e+01 -7.529783172e+01 -2.2427e+00 -2.0169e+00 +8.9855e-01 +1.0716e+00 -2.7840e+00
179 0 +1.085172596e+01 -7.542827404e+01 -7.542827404e+01 -3.1093e-01 +1.7193e+00 -2.1736e+00 -1.2965e+00 -6.5313e-01
327 0 +1.041252397e+01 -7.586747603e+01 -7.586747603e+01 +1.7364e-01 +8.8345e-01 +1.5075e+00 -1.6374e+00 +1.0747e+00
340 0 +8.435557089e+00 -7.784444291e+01 -7.784444291e+01 -2.7034e+00 +2.3774e+00 +1.5063e+00 +5.9807e-01 +2.7893e+00
394 0 +2.117431453e+00 -8.416256855e+01 -8.416256855e+01 -2.1615e+00 +2.5772e+00 +1.3710e+00 +6.7556e-01 +2.2741e+00
1735 0 +2.893478772e-01 -8.599065212e+01 -8.599065212e+01 -2.8339e+00 +2.4867e+00 +2.9032e+00 +5.6628e-01 +1.7166e+00
23687 0 +1.744951414e-01 -8.610550486e+01 -8.610550486e+01 -1.5991e+00 +2.7305e+00 +2.6660e+00 -1.2428e-01 +2.5019e+00
45833 0 +1.498103279e-01 -8.613018967e+01 -8.613018967e+01 -2.0334e+00 +2.3146e+00 +2.6188e+00 +2.8632e-02 +2.1989e+00
67780 0 +1.315512080e-01 -8.614844879e+01 -8.614844879e+01 -2.5436e+00 +2.3187e+00 +2.8058e+00 +1.3888e-01 +1.7695e+00
99888 0 +1.203560936e-01 -8.615964391e+01 -8.615964391e+01 -2.8066e+00 +2.7485e+00 +2.7702e+00 +5.8999e-01 +2.2399e+00
181725 0 +7.430628518e-02 -8.620569371e+01 -8.620569371e+01 -2.7848e+00 +2.5712e+00 +2.6934e+00 +6.6784e-01 +2.1646e+00
239688 0 +6.940951588e-02 -8.621059048e+01 -8.621059048e+01 -2.2065e+00 +2.6063e+00 +2.8359e+00 +4.2136e-01 +2.7636e+00
320065 0 +2.734714766e-02 -8.625265285e+01 -8.625265285e+01 -2.5549e+00 +2.4655e+00 +2.7206e+00 +2.1072e-01 +2.1101e+00
416631 0 +2.276866467e-02 -8.625723134e+01 -8.625723134e+01 -2.6654e+00 +2.6060e+00 +2.9616e+00 +4.6775e-01 +2.2515e+00
1103046 0 +2.027891295e-02 -8.625972109e+01 -8.625972109e+01 -1.9438e+00 +2.3576e+00 +2.7787e+00 +3.0202e-01 +2.4420e+00
1436117 0 +1.415468895e-02 -8.626584531e+01 -8.626584531e+01 -2.4533e+00 +2.4109e+00 +2.9216e+00 +3.6704e-01 +2.5282e+00
2173535 0 +1.352436664e-02 -8.626647563e+01 -8.626647563e+01 -2.3042e+00 +2.2656e+00 +2.8867e+00 +2.9466e-01 +2.2586e+00
2782307 0 +1.152078648e-02 -8.626847921e+01 -8.626847921e+01 -2.1297e+00 +2.4884e+00 +2.7761e+00 +3.6492e-01 +2.4041e+00
3025283 0 +5.773237346e-03 -8.627422676e+01 -8.627422676e+01 -2.8046e+00 +2.5300e+00 +2.7956e+00 +4.4410e-01 +2.2602e+00
% f evaluations | g evaluations | best noise-free fitness - Fopt (2.224000000000e+01) + sum g_i+ | measured fitness | best measured fitness or single-digit g-values | x1 | x2...
1 0 +7.012221480e+01 +9.236221480e+01 +9.236221480e+01 -2.8580e+00 +2.2081e-01 +1.1112e+00 +9.3686e-01 -2.9360e+00
2 0 +5.492364326e+01 +7.716364326e+01 +7.716364326e+01 -4.3007e-01 -5.7028e-01 +1.8676e+00 +2.2331e+00 +2.7738e+00
5 0 +1.804738913e+01 +4.028738913e+01 +4.028738913e+01 -1.2279e+00 +2.3595e+00 -1.2269e+00 -4.7868e-01 -1.1938e-01
10 0 +1.297501682e+01 +3.521501682e+01 +3.521501682e+01 -1.9808e+00 +1.6622e+00 +3.6788e-01 +2.1732e+00 -1.2177e+00
23 0 +8.346729855e+00 +3.058672985e+01 +3.058672985e+01 -9.2237e-02 +2.8811e-01 -2.7364e+00 -1.3057e+00 -2.2089e+00
80 0 +5.905627661e+00 +2.814562766e+01 +2.814562766e+01 -1.8637e+00 +1.8488e+00 +6.2734e-01 +1.1325e+00 +1.1306e+00
87 0 +4.724406145e+00 +2.696440614e+01 +2.696440614e+01 -1.6513e+00 +1.4770e+00 +1.1351e+00 +1.1304e+00 +1.6827e-01
409 0 +3.610002166e+00 +2.585000217e+01 +2.585000217e+01 -1.7422e-02 -5.2261e-02 -2.0603e+00 +1.5970e-01 -2.3986e+00
536 0 +3.201617335e+00 +2.544161733e+01 +2.544161733e+01 -1.4826e+00 +1.5714e+00 +8.9271e-01 +1.2610e+00 -1.3045e+00
2429 0 +2.357484264e+00 +2.459748426e+01 +2.459748426e+01 -1.1011e-01 -7.6923e-01 -2.1945e+00 +7.0067e-01 -2.1412e+00
9536 0 +2.015735495e+00 +2.425573550e+01 +2.425573550e+01 +4.2232e-01 -1.2299e+00 -2.5126e+00 +1.2869e-01 -2.4074e+00
146664 0 +1.957663380e+00 +2.419766338e+01 +2.419766338e+01 +5.9145e-01 -9.7885e-01 -2.4986e+00 -9.8568e-02 -2.4317e+00
164967 0 +1.922928751e+00 +2.416292875e+01 +2.416292875e+01 +4.3568e-01 -8.6434e-01 -2.5891e+00 -3.9731e-01 -2.5041e+00
355084 0 +1.826574724e+00 +2.406657472e+01 +2.406657472e+01 +3.4525e-01 -7.7036e-01 -2.6201e+00 -2.5089e-01 -2.4866e+00
363377 0 +1.691696789e+00 +2.393169679e+01 +2.393169679e+01 +1.8939e-01 -7.0024e-01 -2.5465e+00 -6.2009e-02 -2.2078e+00
460428 0 +1.654390057e+00 +2.389439006e+01 +2.389439006e+01 +4.0206e-01 -7.9582e-01 -2.4073e+00 -2.7409e-01 -2.2902e+00
2911494 0 +1.600550918e+00 +2.384055092e+01 +2.384055092e+01 +2.9009e+00 -5.5412e-02 +2.9059e+00 +2.7694e+00 -2.9950e+00
% f evaluations | g evaluations | best noise-free fitness - Fopt (-2.301000000000e+01) + sum g_i+ | measured fitness | best measured fitness or single-digit g-values | x1 | x2...
1 0 +4.023125046e+01 +1.722125046e+01 +1.722125046e+01 -1.4455e+00 -1.7182e+00 +1.1192e+00 -2.5130e+00 -1.2166e+00
3 0 +2.693132793e+01 +3.921327934e+00 +3.921327934e+00 -2.0615e+00 -1.9422e+00 -2.8979e+00 +2.0777e-01 -2.7395e+00
19 0 +8.547725122e+00 -1.446227488e+01 -1.446227488e+01 +1.6770e+00 -2.4506e+00 +1.7357e+00 -2.9721e-01 +2.2204e+00
127 0 +7.579046640e+00 -1.543095336e+01 -1.543095336e+01 +6.1259e-01 +1.4362e+00 +2.1278e+00 +1.9705e+00 -2.0013e+00
263 0 +2.038124146e+00 -2.097187585e+01 -2.097187585e+01 +1.6169e+00 -2.6087e+00 +2.9296e+00 +1.4463e+00 -1.9054e-02
7191 0 +2.031938163e-01 -2.280680618e+01 -2.280680618e+01 +2.6340e+00 -2.6461e+00 +2.9450e+00 +6.9262e-01 -3.1009e-01
73958 0 +1.234111620e-01 -2.288658884e+01 -2.288658884e+01 +2.7673e+00 -2.0004e+00 +2.9023e+00 +9.6460e-01 +5.3962e-01
149857 0 +2.126425657e-02 -2.298873574e+01 -2.298873574e+01 +2.7511e+00 -2.5151e+00 +2.9076e+00 +6.8946e-01 +2.7294e-01
414849 0 +1.683665532e-02 -2.299316334e+01 -2.299316334e+01 +2.9766e+00 -2.8637e+00 +2.9525e+00 +9.7561e-01 -1.4699e-01
573094 0 +1.227883873e-02 -2.299772116e+01 -2.299772116e+01 +2.7667e+00 -2.9406e+00 +2.9916e+00 +9.0060e-01 -1.0030e-01
2841903 0 +1.170541808e-02 -2.299829458e+01 -2.299829458e+01 +2.8964e+00 -2.9647e+00 +2.9468e+00 +9.1345e-01 -1.8353e-01
3343818 0 +3.491418724e-03 -2.300650858e+01 -2.300650858e+01 +2.7287e+00 -2.9585e+00 +2.9200e+00 +6.4958e-01 -1.1612e-01
4136538 0 +8.195437392e-04 -2.300918046e+01 -2.300918046e+01 +2.9981e+00 -2.9442e+00 +2.9706e+00 +4.6010e-01 -5.5132e-02
% f evaluations | g evaluations | best noise-free fitness - Fopt (-3.323700000000e+02) + sum g_i+ | measured fitness | best measured fitness or single-digit g-values | x1 | x2...
1 0 +4.387357692e+01 -2.884964231e+02 -2.884964231e+02 -1.4987e+00 +2.1421e+00 +3.8660e-01 -1.3270e+00 +8.0378e-01
7 0 +1.452222657e+01 -3.178477734e+02 -3.178477734e+02 +2.1742e-01 -1.1588e+00 -7.0640e-01 +6.4815e-01 +8.0178e-01
49 0 +9.858314985e+00 -3.225116850e+02 -3.225116850e+02 +9.8904e-01 -1.5458e+00 +2.5659e+00 -5.9649e-01 +2.5184e-01
173 0 +9.374240294e+00 -3.229957597e+02 -3.229957597e+02 +2.7054e+00 -1.8285e+00 +1.7214e+00 +7.6442e-02 +1.3149e+00
216 0 +7.357554625e+00 -3.250124454e+02 -3.250124454e+02 -1.6957e+00 -2.7963e+00 -2.9535e-01 +1.6485e+00 +1.2674e-01
484 0 +1.650902123e+00 -3.307190979e+02 -3.307190979e+02 -6.3927e-01 -2.3193e+00 +2.8908e-02 +1.0939e+00 +9.4440e-01
1685 0 +7.307522989e-01 -3.316392477e+02 -3.316392477e+02 -2.4818e-01 -2.2614e+00 +2.0247e-01 +1.9864e+00 +6.7657e-01
9943 0 +4.955099884e-01 -3.318744900e+02 -3.318744900e+02 +1.0593e+00 -2.7041e+00 +9.5265e-01 +1.0637e+00 +1.3210e+00
36162 0 +5.959882725e-02 -3.323104012e+02 -3.323104012e+02 +3.5904e-01 -2.6232e+00 +8.3499e-01 +1.3934e+00 +9.5289e-01
429882 0 +2.818975903e-02 -3.323418102e+02 -3.323418102e+02 +4.2259e-01 -2.8883e+00 +1.1152e+00 +1.3397e+00 +1.1000e+00
3442887 0 +1.881889824e-02 -3.323511811e+02 -3.323511811e+02 -2.1864e-01 -2.9659e+00 +9.3742e-01 +1.4228e+00 +8.7433e-01
% f evaluations | g evaluations | best noise-free fitness - Fopt (-1.231300000000e+02) + sum g_i+ | measured fitness | best measured fitness or single-digit g-values | x1 | x2...
1 0 +5.948169793e+01 -6.364830207e+01 -6.364830207e+01 -1.8596e+00 -1.4564e+00 +7.2453e-01 +2.9684e-01 +2.4730e+00
2 0 +5.562478345e+01 -6.750521655e+01 -6.750521655e+01 -7.3076e-01 -1.6369e+00 -2.1476e+00 +6.8766e-02 -9.3440e-01
3 0 +1.924296738e+01 -1.038870326e+02 -1.038870326e+02 +2.7711e+00 +8.0826e-01 -1.1496e+00 +2.0512e+00 -1.6352e+00
24 0 +1.719509686e+01 -1.059349031e+02 -1.059349031e+02 -1.7648e+00 -7.3939e-01 +7.4904e-01 -2.7701e+00 +1.0166e+00
39 0 +1.084798572e+01 -1.122820143e+02 -1.122820143e+02 -8.8959e-01 +1.3001e+00 -2.6573e+00 +1.0425e+00 -2.3821e+00
171 0 +2.305784046e+00 -1.208242160e+02 -1.208242160e+02 +2.1025e+00 +3.3848e-01 -1.7178e+00 +1.7338e+00 -7.2270e-01
1644 0 +3.490808145e-01 -1.227809192e+02 -1.227809192e+02 +1.7856e+00 -1.2898e+00 -1.9432e+00 +6.6990e-01 +2.1607e+00
39468 0 +2.380618360e-01 -1.228919382e+02 -1.228919382e+02 +2.1377e+00 -6.7699e-01 -1.7994e+00 +4.5227e-01 +2.4761e+00
49989 0 +1.593600960e-01 -1.229706399e+02 -1.229706399e+02 +2.5661e+00 -1.4353e+00 -1.6812e+00 +5.1107e-01 +2.3394e+00
55856 0 +1.087619564e-01 -1.230212380e+02 -1.230212380e+02 +2.1146e+00 -1.3486e+00 -2.1746e+00 +4.3776e-01 +2.3753e+00
65877 0 +8.726541565e-02 -1.230427346e+02 -1.230427346e+02 +2.7982e+00 -1.0162e+00 -2.4094e+00 -2.0392e-01 +2.3342e+00
82105 0 +8.180058780e-02 -1.230481994e+02 -1.230481994e+02 +2.8702e+00 -1.1609e+00 -2.2793e+00 -6.4984e-02 +2.9577e+00
140948 0 +5.705101733e-02 -1.230729490e+02 -1.230729490e+02 +2.0826e+00 -8.1586e-01 -1.8404e+00 +4.1980e-01 +2.7070e+00
163767 0 +4.275119756e-02 -1.230872488e+02 -1.230872488e+02 +2.8189e+00 -1.2793e+00 -2.3052e+00 +8.0417e-02 +2.7405e+00
326013 0 +2.874794385e-02 -1.231012521e+02 -1.231012521e+02 +2.2917e+00 -8.3129e-01 -2.0223e+00 +2.7683e-01 +2.4143e+00
687633 0 +2.495479199e-02 -1.231050452e+02 -1.231050452e+02 +2.3410e+00 -1.3321e+00 -2.1496e+00 +3.3647e-01 +2.3680e+00
1231031 0 +1.330919211e-02 -1.231166908e+02 -1.231166908e+02 +2.3361e+00 -1.3525e+00 -2.0396e+00 +4.0139e-01 +2.8844e+00
1753176 0 +3.466510486e-03 -1.231265335e+02 -1.231265335e+02 +2.2946e+00 -1.2936e+00 -2.0455e+00 +2.1537e-01 +2.7510e+00
4279810 0 +9.052236721e-04 -1.231290948e+02 -1.231290948e+02 +2.3755e+00 -1.2403e+00 -2.0890e+00 +2.7300e-01 +2.7968e+00
% f evaluations | g evaluations | best noise-free fitness - Fopt (-1.537900000000e+02) + sum g_i+ | measured fitness | best measured fitness or single-digit g-values | x1 | x2...
1 0 +6.509959793e+01 -8.869040207e+01 -8.869040207e+01 -2.9972e+00 -6.0023e-01 +1.7578e+00 +2.6393e+00 +6.6200e-01
2 0 +5.607245384e+01 -9.771754616e+01 -9.771754616e+01 -2.8827e+00 -1.5351e+00 +9.9821e-01 +7.6079e-01 -1.7064e+00
3 0 +3.476186533e+01 -1.190281347e+02 -1.190281347e+02 +2.2431e+00 +4.0267e-01 +1.7417e+00 +2.3016e+00 -1.0554e+00
7 0 +2.592968670e+01 -1.278603133e+02 -1.278603133e+02 -2.7139e+00 +2.1574e+00 -1.9172e+00 +1.6799e-01 +2.0946e+00
9 0 +2.188807931e+01 -1.319019207e+02 -1.319019207e+02 +5.6394e-01 -1.1773e+00 -2.7590e+00 +7.9880e-01 +1.1777e+00
11 0 +2.114329994e+01 -1.326467001e+02 -1.326467001e+02 +1.1957e+00 +2.3534e+00 -9.8338e-01 +1.4829e+00 +5.0357e-01
13 0 +1.625325621e+01 -1.375367438e+02 -1.375367438e+02 +9.4454e-01 +9.3531e-01 +2.7212e-01 +2.0664e+00 +2.9561e+00
26 0 +1.134543465e+01 -1.424445653e+02 -1.424445653e+02 +2.1386e-01 -2.7891e+00 +1.9882e+00 +1.1316e+00 +2.6592e+00
232 0 +9.133681208e+00 -1.446563188e+02 -1.446563188e+02 +1.5940e+00 +1.8353e+00 -2.0174e+00 +2.4983e+00 +2.7612e-01
259 0 +7.183558180e+00 -1.466064418e+02 -1.466064418e+02 -6.1760e-01 +3.0351e-01 -2.7026e+00 -3.9111e-01 +2.3215e-01
705 0 +2.928785402e+00 -1.508612146e+02 -1.508612146e+02 -1.3397e+00 +1.4217e+00 +2.9312e+00 -1.7691e+00 +2.7052e+00
2100 0 +2.435732699e+00 -1.513542673e+02 -1.513542673e+02 -2.6332e+00 +2.4064e+00 -2.9316e+00 +2.6857e+00 +1.1595e+00
4630 0 +2.001413219e+00 -1.517885868e+02 -1.517885868e+02 -1.8732e+00 +1.9033e+00 +2.9228e+00 -2.0814e+00 +2.3606e+00
9372 0 +1.955727226e+00 -1.518342728e+02 -1.518342728e+02 +1.5215e+00 +2.3721e+00 -1.9603e+00 +2.8676e+00 +2.4361e+00
9787 0 +1.748154956e+00 -1.520418450e+02 -1.520418450e+02 +1.3269e+00 +2.5538e+00 -2.3680e+00 +2.6079e+00 +1.2820e+00
154343 0 +1.326527363e+00 -1.524634726e+02 -1.524634726e+02 -1.8097e+00 +1.4700e+00 +2.9733e+00 -2.3430e+00 +2.7844e+00
223988 0 +1.030845754e+00 -1.527591542e+02 -1.527591542e+02 +1.6022e+00 +2.7183e+00 -2.6416e+00 +2.6939e+00 +1.5106e+00
493771 0 +7.264276460e-01 -1.530635724e+02 -1.530635724e+02 -2.5853e+00 +1.9212e+00 +2.9731e+00 -2.2355e+00 +2.8287e+00
3623942 0 +6.191709790e-01 -1.531708290e+02 -1.531708290e+02 -2.2439e+00 +2.1782e+00 +2.9962e+00 -2.6355e+00 +2.9925e+00
% f evaluations | g evaluations | best noise-free fitness - Fopt (-4.860000000000e+01) + sum g_i+ | measured fitness | best measured fitness or single-digit g-values | x1 | x2...
1 0 +7.516911759e+01 +2.656911759e+01 +2.656911759e+01 +4.3288e-01 -1.1812e-01 -2.4577e+00 +2.7412e+00 -6.5842e-01
2 0 +4.861666194e+01 +1.666193699e-02 +1.666193699e-02 -1.0315e+00 -9.4098e-01 +1.4119e+00 -6.1721e-01 +1.7591e+00
8 0 +8.766326728e+00 -3.983367327e+01 -3.983367327e+01 -2.9517e+00 +2.3232e+00 +1.1700e+00 +1.9373e+00 +9.7119e-01
178 0 +5.767098850e+00 -4.283290115e+01 -4.283290115e+01 -9.9684e-01 +6.9242e-01 +1.6514e+00 -2.6758e-01 +2.8822e+00
289 0 +2.808970815e+00 -4.579102918e+01 -4.579102918e+01 -2.6643e+00 -2.2678e+00 -2.3460e-01 -1.6927e+00 -9.6581e-01
525 0 +7.164994745e-01 -4.788350053e+01 -4.788350053e+01 -1.7004e+00 -1.7122e+00 -2.3246e-04 -2.8938e+00 +1.2531e-01
2173 0 +5.278861946e-01 -4.807211381e+01 -4.807211381e+01 -2.6973e+00 -9.9592e-01 +5.0902e-01 -1.8786e+00 +5.0125e-01
7179 0 +4.160544675e-01 -4.818394553e+01 -4.818394553e+01 -1.4693e+00 -1.5738e+00 -7.9040e-01 -2.4177e+00 +3.9866e-02
9337 0 +2.017524309e-01 -4.839824757e+01 -4.839824757e+01 -1.7363e+00 -2.2079e+00 -8.7179e-01 -1.9442e+00 -1.4367e-01
33021 0 +3.481570029e-03 -4.859651843e+01 -4.859651843e+01 -2.4013e+00 -1.3922e+00 +3.4663e-02 -1.6015e+00 -5.9097e-02
2507716 0 +3.012368873e-03 -4.859698763e+01 -4.859698763e+01 -2.3792e+00 -1.3258e+00 +5.5582e-02 -1.8970e+00 -1.7746e-02
3969677 0 +1.429458389e-03 -4.859857054e+01 -4.859857054e+01 -2.2813e+00 -1.5904e+00 -5.6541e-02 -1.7536e+00 -8.4034e-02
% f evaluations | g evaluations | best noise-free fitness - Fopt (2.770000000000e+01) + sum g_i+ | measured fitness | best measured fitness or single-digit g-values | x1 | x2...
1 0 +6.360754512e+01 +9.130754512e+01 +9.130754512e+01 +2.9511e+00 +1.2222e+00 +1.9652e+00 -2.1371e+00 +2.1909e+00
2 0 +5.089474626e+01 +7.859474626e+01 +7.859474626e+01 -1.2379e+00 -5.6854e-03 +9.4911e-01 -9.1827e-01 +4.0565e-01
4 0 +3.659747661e+01 +6.429747661e+01 +6.429747661e+01 +1.3384e+00 -1.6580e+00 -1.0905e+00 -2.3191e+00 -3.5906e-01
10 0 +1.530211543e+01 +4.300211543e+01 +4.300211543e+01 +2.2386e+00 +1.1260e+00 -1.8105e+00 +1.0905e+00 +2.8782e+00
27 0 +9.601895739e+00 +3.730189574e+01 +3.730189574e+01 +2.0985e+00 +1.5310e+00 -2.7790e+00 +1.3338e+00 +1.9048e+00
621 0 +7.958622787e+00 +3.565862279e+01 +3.565862279e+01 +2.0823e-01 -6.2918e-01 -2.9168e+00 -2.5065e+00 -1.8888e+00
719 0 +5.470609785e+00 +3.317060978e+01 +3.317060978e+01 -1.8298e+00 +4.0650e-01 -2.8972e+00 -2.8407e+00 -1.5277e+00
2561 0 +4.920155184e+00 +3.262015518e+01 +3.262015518e+01 -1.3321e+00 +3.2538e-01 -2.6013e+00 -2.6235e+00 -1.8007e+00
4177 0 +4.084765290e+00 +3.178476529e+01 +3.178476529e+01 -2.6095e+00 +6.2373e-01 -2.3531e+00 -2.3718e+00 -2.4585e+00
6133 0 +3.321922745e+00 +3.102192274e+01 +3.102192274e+01 -1.8452e+00 -6.1863e-01 -2.7408e+00 -2.7016e+00 -2.4382e+00
11120 0 +3.223421863e+00 +3.092342186e+01 +3.092342186e+01 -1.9942e+00 -6.9293e-01 -2.1391e+00 -2.9931e+00 -2.4650e+00
14759 0 +3.071966071e+00 +3.077196607e+01 +3.077196607e+01 -2.1631e+00 -1.3476e-01 -2.9406e+00 -2.9602e+00 -2.1201e+00
21372 0 +2.052084975e+00 +2.975208498e+01 +2.975208498e+01 -2.5163e+00 -2.0475e-01 -2.4448e+00 -2.6758e+00 -2.9060e+00
40314 0 +1.877279143e+00 +2.957727914e+01 +2.957727914e+01 -2.8980e+00 +6.1597e-01 -2.7452e+00 -2.1853e+00 -2.8834e+00
1291077 0 +1.763110790e+00 +2.946311079e+01 +2.946311079e+01 -2.7503e+00 +1.9981e-01 -2.7124e+00 -2.6898e+00 -2.3872e+00
3255061 0 +1.614015617e+00 +2.931401562e+01 +2.931401562e+01 -2.8527e+00 -4.8494e-02 -2.4736e+00 -2.9395e+00 -2.5255e+00
% f evaluations | g evaluations | best noise-free fitness - Fopt (2.993000000000e+01) + sum g_i+ | measured fitness | best measured fitness or single-digit g-values | x1 | x2...
1 0 +7.009279875e+01 +1.000227988e+02 +1.000227988e+02 +1.8411e+00 +2.0150e+00 +2.5321e+00 +8.8800e-01 -1.1201e+00
2 0 +4.228493990e+01 +7.221493990e+01 +7.221493990e+01 -2.2355e+00 -2.0796e+00 -2.3336e+00 +9.0150e-01 +2.4034e+00
3 0 +1.544153352e+01 +4.537153352e+01 +4.537153352e+01 -6.6645e-01 +2.8010e+00 +5.2230e-01 -1.1685e+00 -1.0833e+00
20 0 +2.170137977e+00 +3.210013798e+01 +3.210013798e+01 -1.4458e+00 +2.9931e+00 +1.5038e+00 -2.2685e+00 +2.7344e-01
1797 0 +2.001309058e+00 +3.193130906e+01 +3.193130906e+01 -1.2190e+00 +7.7072e-01 +2.3823e+00 -2.8440e+00 +2.6636e+00
2903 0 +1.979749761e+00 +3.190974976e+01 +3.190974976e+01 +7.5415e-01 -1.4458e+00 -2.8688e+00 +2.7550e+00 +2.7863e+00
2948 0 +1.903597517e+00 +3.183359752e+01 +3.183359752e+01 -1.0352e+00 -9.2261e-01 -2.1416e+00 +1.8351e+00 +2.5121e+00
6848 0 +6.193068780e-01 +3.054930688e+01 +3.054930688e+01 -1.4405e+00 +2.4393e+00 +1.1063e+00 -2.9747e+00 +9.9720e-01
7154 0 +2.959588214e-01 +3.022595882e+01 +3.022595882e+01 -8.3402e-01 +2.2437e+00 +1.8044e+00 -2.8084e+00 +1.6715e+00
46923 0 +1.896079551e-01 +3.011960796e+01 +3.011960796e+01 -1.2016e+00 +2.3895e+00 +1.4649e+00 -2.6733e+00 +1.0671e+00
60648 0 +4.369796786e-02 +2.997369797e+01 +2.997369797e+01 -1.1217e+00 +1.8587e+00 +2.1523e+00 -2.4394e+00 +1.7455e+00
65654 0 +1.587778002e-02 +2.994587778e+01 +2.994587778e+01 -1.0528e+00 +1.5227e+00 +1.9908e+00 -2.8238e+00 +1.9513e+00
479663 0 +8.759274710e-04 +2.993087593e+01 +2.993087593e+01 -9.7422e-01 +1.8516e+00 +1.8197e+00 -2.9561e+00 +1.8350e+00
% f evaluations | g evaluations | best noise-free fitness - Fopt (-1.983000000000e+01) + sum g_i+ | measured fitness | best measured fitness or single-digit g-values | x1 | x2...
1 0 +1.895137246e+01 -8.786275419e-01 -8.786275419e-01 -7.5305e-01 +8.3920e-01 -2.8052e+00 -7.6592e-01 +6.4638e-01
57 0 +1.589106342e+01 -3.938936581e+00 -3.938936581e+00 -1.1621e+00 +2.8203e+00 -2.4407e-01 +2.2958e+00 +2.9859e+00
69 0 +1.213008714e+01 -7.699912861e+00 -7.699912861e+00 +1.0741e+00 +1.3330e+00 +1.2894e+00 -1.8426e-01 -1.7604e+00
120 0 +1.196278489e+01 -7.867215109e+00 -7.867215109e+00 +1.7983e+00 +7.6774e-01 +1.1728e+00 +2.7741e-01 -1.1363e+00
123 0 +9.272453165e+00 -1.055754684e+01 -1.055754684e+01 +9.7789e-01 +2.4185e+00 -1.9253e-01 -2.8673e+00 +1.5686e+00
132 0 +9.031226357e+00 -1.079877364e+01 -1.079877364e+01 +1.1934e+00 +9.3977e-01 +7.8454e-01 -1.9848e-01 +1.0920e-01
134 0 +4.016212026e+00 -1.581378797e+01 -1.581378797e+01 +3.6451e-01 +2.6766e+00 +1.1898e+00 +2.9110e-01 -7.6070e-02
149 0 +2.317663810e-01 -1.959823362e+01 -1.959823362e+01 +7.3515e-01 +1.9868e+00 +3.7238e-01 +9.2799e-01 -2.0697e-01
5013 0 +1.490586435e-01 -1.968094136e+01 -1.968094136e+01 +8.0382e-01 +1.1405e+00 +6.5827e-01 +1.2030e+00 -2.4516e-01
9679 0 +1.342977088e-01 -1.969570229e+01 -1.969570229e+01 +2.9849e-01 +1.8796e+00 +9.0527e-01 +9.0016e-02 -1.6426e-01
15435 0 +1.080618950e-01 -1.972193811e+01 -1.972193811e+01 +5.4368e-01 +1.0006e+00 +5.0512e-01 +3.0192e-01 -3.4181e-01
32793 0 +7.358730547e-02 -1.975641269e+01 -1.975641269e+01 +3.9022e-03 +1.6536e+00 +5.5660e-01 +5.7320e-01 -1.4928e-01
65303 0 +4.221261103e-02 -1.978778739e+01 -1.978778739e+01 +6.1063e-01 +1.1123e+00 +2.4537e-01 +9.8186e-01 -6.5526e-02
163093 0 +2.749882917e-02 -1.980250117e+01 -1.980250117e+01 +1.1673e-01 +1.4228e+00 +4.8122e-01 +1.1912e+00 +1.9565e-01
262547 0 +5.412509000e-03 -1.982458749e+01 -1.982458749e+01 +6.3069e-01 +1.3408e+00 +4.4823e-01 +1.1420e+00 -7.9058e-02
1326136 0 +3.543299991e-03 -1.982645670e+01 -1.982645670e+01 +6.1912e-01 +1.3014e+00 +4.5696e-01 +9.5713e-01 -1.8444e-01
2515094 0 +1.983697107e-03 -1.982801630e+01 -1.982801630e+01 +5.0055e-01 +1.4487e+00 +4.6419e-01 +8.3076e-01 -1.6687e-01
3169953 0 +1.925718776e-03 -1.982807428e+01 -1.982807428e+01 +5.5320e-01 +1.3959e+00 +4.4708e-01 +1.0395e+00 -4.0498e-02
