% f evaluations | g evaluations | best noise-free fitness - Fopt (4.078000000000e+01) + sum g_i+ | measured fitness | best measured fitness or single-digit g-values | x1 | x2...
1 0 +8.315460687e+01 +1.239346069e+02 +1.239346069e+02 -1.7566e+00 -1.9192e+00 -1.8483e+00 -2.7022e+00 +1.9425e+00 -2.5977e+00 -2.8103e+00 -7.9385e-01 -1.7767e+00 -4.1935e-01 +7.5497e-01 -7.1668e-01 -8.0847e-01 +2.3788e+00 +2.4319e+00 -2.5656e+00 +1.7431e-01 -4.0498e-01 +2.8055e+00 +2.8775e+00
2 0 +7.955000450e+01 +1.203300045e+02 +1.203300045e+02 +1.8778e+00 -2.8000e+00 -1.0882e+00 +1.9042e+00 +2.1960e+00 -1.9261e-01 -1.4453e+00 +7.6684e-01 +2.8936e+00 -5.7699e-01 -9.5777e-01 -4.5329e-01 +2.1156e+00 +1.0656e-01 +1.1018e+00 -4.3875e-01 +1.8415e+00 +1.3094e+00 +2.8740e+00 -2.1032e+00
10 0 +7.904070399e+01 +1.198207040e+02 +1.198207040e+02 +2.6857e+00 -1.8408e-01 -1.7255e+00 +2.6875e+00 -1.9356e+00 +1.3461e+00 +2.7696e-01 -2.1385e+00 +1.5994e+00 +2.5474e-01 +1.7787e+00 +9.2729e-01 +1.6036e+00 -1.2105e+00 -2.7455e+00 -5.3567e-02 -2.5241e+00 -1.0447e+00 +9.4008e-02 -1.1326e+00
21 0 +7.421106380e+01 +1.149910638e+02 +1.149910638e+02 -1.2675e-01 +6.0319e-01 -1.2371e+00 +2.8598e+00 +9.6710e-01 +1.9055e+00 -1.4525e+00 +2.1877e-01 -2.4270e+00 +2.8461e+00 +7.4667e-01 +2.6371e+00 +2.1437e+00 +2.2449e+00 +2.7641e+00 -1.6702e+00 +8.7414e-01 -1.9269e-01 -2.8074e+00 +7.6250e-02
38 0 +7.343015691e+01 +1.142101569e+02 +1.142101569e+02 -2.1437e+00 -2.8245e+00 +1.7396e-01 -1.2566e+00 -2.3380e+00 +1.0160e+00 -2.5204e+00 +4.4448e-01 +2.1175e+00 -2.4796e+00 +2.7448e+00 -2.6418e+00 +2.9999e+00 -2.9811e+00 -1.1112e+00 -2.7956e+00 +1.9000e+00 -2.1148e+00 +4.4342e-01 -1.2288e+00
52 0 +7.164869533e+01 +1.124286953e+02 +1.124286953e+02 -1.7434e+00 -3.5046e-01 -8.8673e-01 -2.1434e+00 +3.1905e-01 -1.6427e-01 -2.6786e+00 -5.9521e-01 +1.9849e+00 -1.7741e+00 +2.3526e+00 -2.1591e+00 +9.0383e-01 -1.0627e+00 -1.0467e+00 -2.3635e+00 -2.2826e-01 +3.1438e-01 -2.3538e+00 -2.3382e+00
128 0 +7.007698007e+01 +1.108569801e+02 +1.108569801e+02 -3.9226e-02 -1.8375e+00 +4.2955e-01 +1.6426e+00 -2.9910e+00 -2.6033e-01 -4.1462e-01 -1.7151e+00 +2.9489e+00 -7.7642e-01 +1.7188e+00 -1.2620e+00 -2.3882e+00 -5.6764e-01 -1.7569e+00 -2.6105e+00 +1.4943e+00 -2.5445e+00 -1.9410e+00 -2.3835e+00
176 0 +6.629741174e+01 +1.070774117e+02 +1.070774117e+02 -1.8350e+00 +4.8284e-01 +1.7684e+00 -2.3709e+00 +6.8041e-01 -8.6393e-01 -1.7005e+00 -2.0459e+00 +2.2248e+00 -1.2949e+00 +2.5434e-01 -1.7782e+00 +5.7476e-01 +2.1671e+00 +2.5056e+00 +8.3816e-01 +2.6187e+00 -1.9228e+00 +8.7672e-01 +2.4068e+00
279 0 +5.295590494e+01 +9.373590494e+01 +9.373590494e+01 -1.2394e+00 -1.9145e-01 +2.3201e+00 -2.1124e+00 +3.0777e-01 -8.0465e-01 -2.2995e+00 -2.9135e+00 -7.3070e-01 +5.3973e-01 +1.8341e+00 -1.9581e+00 +1.4889e-01 +2.0186e+00 +6.8067e-01 -1.2987e+00 +2.6249e+00 +1.6224e+00 +1.6591e+00 +7.8665e-01
24783 0 +4.872402065e+01 +8.950402065e+01 +8.950402065e+01 -2.6710e+00 -4.3871e-01 -2.6371e-01 -1.7109e+00 -2.2816e+00 +1.1149e+00 -1.7436e+00 -2.3230e+00 +9.4636e-02 -2.8501e+00 +7.7666e-01 -1.3392e+00 +2.1452e+00 +2.9632e+00 -2.4613e-01 +1.8444e+00 +2.3682e+00 +8.4413e-01 -9.6374e-01 -1.4002e+00
26761 0 +4.547293897e+01 +8.625293897e+01 +8.625293897e+01 -2.4071e+00 -2.8693e+00 +1.5194e+00 -1.8102e-01 -2.3423e+00 -2.7131e+00 -1.3414e+00 -1.1451e+00 +1.3836e+00 -2.9201e+00 -1.3829e+00 -1.5428e+00 +2.8576e+00 +2.7737e+00 +2.8079e+00 +2.1638e+00 +2.8518e+00 +1.0162e+00 -2.7779e+00 +1.2124e+00
118904 0 +2.334420623e+01 +6.412420623e+01 +6.412420623e+01 -6.7500e-01 -1.8052e+00 +1.5855e+00 -2.1747e+00 -1.3938e+00 +3.8819e-02 -2.6290e+00 -2.2620e+00 +1.1635e+00 -1.9412e+00 -1.7178e-01 -1.4727e+00 +9.8676e-01 +2.7709e+00 +3.3295e-01 -3.4444e-02 +5.0791e-01 +2.8364e+00 +1.6667e+00 +1.0555e+00
3840660 0 +1.661245239e+01 +5.739245239e+01 +5.739245239e+01 -2.8041e+00 -9.3313e-01 +2.8617e+00 -1.8751e+00 -1.4753e+00 -7.9268e-01 -1.3821e+00 -8.9941e-01 +2.3578e+00 -2.1055e+00 +5.4192e-01 -2.2323e+00 +2.3125e+00 +2.9603e+00 +1.9450e+00 -1.1083e+00 +2.6149e+00 +1.5220e+00 +1.6800e+00 +1.7983e+00
4831391 0 +1.600974199e+01 +5.678974199e+01 +5.678974199e+01 -1.4855e+00 -1.0302e+00 +2.5714e+00 -1.7437e+00 -1.7541e+00 +7.9686e-01 -2.1210e+00 -2.1132e+00 +2.0756e+00 -2.3262e+00 +1.3877e+00 -1.0961e+00 +1.6028e+00 +2.3728e+00 -1.5515e+00 -2.1360e+00 +1.5493e+00 +9.9955e-01 +1.3579e+00 +1.3533e+00
% f evaluations | g evaluations | best noise-free fitness - Fopt (-1.600000000000e+00) + sum g_i+ | measured fitness | best measured fitness or single-digit g-values | x1 | x2...
1 0 +7.219331099e+01 +7.059331099e+01 +7.059331099e+01 +5.8166e-01 +4.8118e-02 -5.2853e-02 +1.0986e-01 +1.6203e+00 -1.0146e+00 +2.2243e-01 -1.4049e-01 +8.7578e-01 -1.1128e+00 -2.1778e+00 -2.1388e+00 +2.6617e+00 +2.5876e+00 -2.8234e+00 +2.9851e+00 +1.8450e+00 +2.2603e+00 -1.3286e+00 -9.0957e-01
194 0 +7.050574126e+01 +6.890574126e+01 +6.890574126e+01 -3.1323e-01 +1.7808e+00 +2.2350e-01 -4.8621e-01 +2.8327e+00 +1.6878e+00 +8.7930e-01 -2.7029e-01 -9.8482e-02 -1.1071e+00 -2.9768e+00 +8.1310e-01 -1.4905e+00 +1.4459e+00 +2.4077e+00 -1.7627e-01 -1.9501e+00 -1.1590e-01 +2.0692e+00 -2.0854e+00
1125 0 +6.624245749e+01 +6.464245749e+01 +6.464245749e+01 +2.1958e+00 +1.8476e+00 +1.0143e+00 -9.3699e-01 +2.3625e+00 -1.2237e-01 +1.1800e+00 -2.5617e+00 +2.4781e+00 -9.2365e-01 -4.7037e-01 -6.1490e-01 -2.5877e+00 -2.2066e-01 -4.9262e-01 -2.6229e+00 -1.7326e+00 +1.6418e+00 +3.6820e-01 +1.4177e+00
2362 0 +5.864358865e+01 +5.704358865e+01 +5.704358865e+01 -4.1960e-01 -2.6736e-02 -2.4784e+00 +3.4479e-02 +9.8533e-01 -5.7535e-01 -3.2924e-01 +1.1012e+00 -8.9658e-01 -2.4382e+00 -7.3731e-01 -1.4723e+00 +8.7371e-01 +2.8731e+00 +5.6207e-01 -4.5714e-03 +1.7234e+00 +1.7571e+00 -3.4886e-01 -2.2053e+00
35557 0 +4.457013315e+01 +4.297013315e+01 +4.297013315e+01 +2.1094e+00 -8.8917e-01 +1.2088e+00 +1.7714e+00 -1.1981e+00 -1.8319e+00 -1.6959e+00 -2.0191e+00 +9.0612e-01 +2.6568e+00 -1.7664e+00 +2.7697e+00 -2.2067e+00 +9.3945e-01 -1.5350e+00 -5.7324e-01 +8.7181e-01 -1.5944e+00 -1.6157e+00 -2.7139e+00
93460 0 +3.317277605e+01 +3.157277605e+01 +3.157277605e+01 +1.3514e+00 +2.9451e+00 -1.2321e+00 -7.7666e-01 +1.3356e+00 +2.3003e+00 +1.1563e+00 -2.8550e+00 -2.3194e-01 -6.2709e-01 -2.3615e+00 +1.4988e+00 -2.3052e+00 +4.1199e-02 -1.5050e+00 -1.7591e+00 +6.1505e-02 +2.3628e+00 +3.1063e-02 -2.5705e+00
4405238 0 +3.021376331e+01 +2.861376331e+01 +2.861376331e+01 +1.5271e+00 +8.6240e-01 -1.3238e+00 -2.9737e+00 +2.8957e+00 +2.5679e+00 +8.1786e-01 -2.4756e+00 -1.2629e+00 -1.0835e+00 -2.9351e+00 +1.6221e+00 -2.8734e+00 +2.2850e-01 -1.8431e+00 +2.0609e+00 -2.4646e-01 +1.2793e+00 -2.4042e-01 -1.6270e+00
7738678 0 +2.936770518e+01 +2.776770518e+01 +2.776770518e+01 +2.8752e+00 +1.1177e+00 -1.2019e+00 -2.6691e+00 +2.9556e+00 +1.2871e+00 +2.5667e+00 -6.3290e-01 +5.5046e-01 -1.2639e+00 -2.0721e+00 +1.5562e+00 -2.8410e+00 +1.3152e+00 +2.2052e-01 -1.6659e+00 -1.9130e+00 +2.4970e+00 +8.7663e-01 -1.2176e+00
% f evaluations | g evaluations | best noise-free fitness - Fopt (-3.708400000000e+02) + sum g_i+ | measured fitness | best measured fitness or single-digit g-values | x1 | x2...
1 0 +8.238419216e+01 -2.884558078e+02 -2.884558078e+02 +6.2287e-02 +1.2122e+00 -1.4699e+00 +1.2851e-01 +1.8804e+00 +1.3693e+00 -4.4142e-01 +6.7650e-01 +1.4173e+00 -1.0544e+00 +1.5874e+00 +2.0611e+00 +5.7326e-01 +4.1122e-02 +2.0782e+00 -7.3676e-01 -2.1665e+00 -1.8553e-01 +1.5481e-01 +1.4953e+00
2 0 +8.086466890e+01 -2.899753311e+02 -2.899753311e+02 -1.2122e+00 -1.5584e+00 +1.0193e+00 +2.4256e+00 -1.3684e+00 +1.7361e-01 +4.6049e-01 -1.4885e+00 -1.8251e+00 +1.4303e+00 +1.5478e+00 +1.1963e+00 -7.7870e-01 -1.5711e+00 +2.1086e+00 +1.0367e+00 +1.3080e+00 -3.7917e-02 -2.6979e+00 +2.7350e+00
3 0 +7.882346852e+01 -2.920165315e+02 -2.920165315e+02 +1.6888e+00 +1.0712e+00 -2.0749e+00 -1.8811e+00 -8.9608e-01 -1.8233e+00 +4.3060e-01 +1.7046e+00 -1.9115e+00 -2.6063e+00 +9.7518e-01 +1.7580e+00 -2.4227e+00 +2.6216e+00 -1.7490e-03 -5.9441e-01 +9.0576e-01 -1.5235e+00 -1.8990e+00 +2.1619e+00
4 0 +7.280823710e+01 -2.980317629e+02 -2.980317629e+02 +4.2164e-01 +1.2314e+00 -1.2444e+00 -2.2239e+00 +3.0411e-01 -1.7466e+00 +1.0911e+00 +1.5406e+00 -1.2859e+00 -7.9498e-01 -1.8802e+00 -2.1835e+00 +2.6303e+00 +2.0207e+00 +2.0139e+00 -8.0661e-02 -1.3952e-01 -2.9326e+00 +2.9908e+00 +1.9390e+00
7 0 +6.943580206e+01 -3.014041979e+02 -3.014041979e+02 +2.2652e+00 +1.9068e+00 +2.8239e+00 +1.5261e+00 +1.0586e+00 -2.6712e+00 -9.9532e-01 -5.7693e-01 -2.4932e+00 +5.6338e-01 -2.3983e+00 +1.3031e+00 +1.7787e+00 -7.1643e-01 -2.9135e+00 +2.8445e+00 +4.7128e-01 -1.3531e+00 -6.2044e-02 +2.0783e+00
657 0 +6.910045355e+01 -3.017395464e+02 -3.017395464e+02 +1.2559e+00 +2.1946e+00 -2.8625e+00 -1.4019e+00 +6.8429e-01 -2.9320e+00 -1.0903e+00 +2.6675e+00 -2.8629e+00 +3.7322e-02 -1.6328e+00 -2.2227e+00 +2.2263e+00 -1.6290e+00 -2.7353e+00 +1.2315e+00 -1.7053e+00 -2.3049e+00 +2.0257e+00 -1.5016e+00
1943 0 +6.020854445e+01 -3.106314555e+02 -3.106314555e+02 -2.3607e+00 -1.6764e+00 +1.6839e+00 -9.5205e-01 -1.4049e+00 -2.0724e+00 -1.2462e+00 +1.2898e+00 -1.8650e+00 +5.3569e-01 +2.5301e+00 -1.3561e+00 -2.4355e-01 -1.9944e+00 +7.5114e-01 +1.5007e+00 -2.8830e+00 -5.8343e-01 +1.0719e+00 -1.2533e+00
70811 0 +5.849614534e+01 -3.123438547e+02 -3.123438547e+02 -2.9484e+00 -5.9761e-01 +2.9035e+00 +2.3962e+00 -2.3518e+00 -9.2892e-01 +1.5345e+00 +1.7704e+00 +7.7583e-01 +1.1995e+00 -2.8611e+00 -8.1475e-01 -1.9184e+00 +1.5651e+00 +5.4649e-01 +7.0615e-01 -2.9276e+00 -1.7166e+00 -4.7103e-01 -1.0224e-03
96475 0 +5.611862478e+01 -3.147213752e+02 -3.147213752e+02 +1.9535e+00 +1.6461e+00 +2.6019e+00 -2.7138e+00 +1.3115e+00 -2.4869e+00 +6.5733e-01 +2.6871e+00 -1.2308e+00 +1.3468e+00 -1.7266e+00 +7.2458e-01 +1.0266e+00 -8.3635e-01 -1.8202e+00 +1.2554e+00 -6.1960e-01 -2.7276e+00 +4.5835e-01 +1.4982e+00
201891 0 +4.483580270e+01 -3.260041973e+02 -3.260041973e+02 +2.9862e+00 +2.9742e-01 -2.7678e-02 +1.1680e+00 -1.2654e+00 +2.6552e+00 +1.4582e+00 +7.3492e-01 -1.6290e+00 -7.6889e-01 +1.6771e+00 -2.5059e+00 -1.7558e+00 +1.9276e+00 +2.2519e+00 -1.0148e+00 +2.8299e+00 -1.2240e+00 +2.8507e+00 +1.7548e+00
399669 0 +3.924229046e+01 -3.315977095e+02 -3.315977095e+02 +2.9196e+00 -1.9779e-01 +1.2690e-01 +2.3619e+00 +1.4193e+00 +2.3893e+00 -2.1994e+00 +2.3940e+00 -1.1762e+00 +2.3439e+00 +2.7575e+00 -1.1006e+00 -6.1886e-01 +1.2920e+00 +6.3305e-01 -1.4482e+00 +2.3629e+00 +5.7490e-01 +2.1111e+00 +1.8028e+00
401025 0 +3.635247009e+01 -3.344875299e+02 -3.344875299e+02 +2.8467e+00 +3.1951e-01 -2.2890e+00 +7.2136e-01 +2.2002e+00 +1.2374e+00 -1.1454e+00 +2.8943e+00 -2.6812e+00 -8.3829e-01 +1.5582e+00 -2.9885e+00 +3.1033e-02 +1.6478e-01 +2.8810e+00 +9.8965e-01 +2.9188e+00 -1.9486e-01 +8.6024e-01 +1.5287e+00
427541 0 +3.471228321e+01 -3.361277168e+02 -3.361277168e+02 +2.2811e+00 -1.8792e-01 -8.9185e-01 +1.9801e+00 -9.8607e-01 +2.5152e+00 -1.0570e+00 +2.1395e+00 -1.9862e+00 -2.6552e+00 +2.3136e+00 -2.8310e+00 +2.0714e-03 +7.3928e-01 +2.3945e+00 +1.2315e+00 +1.9427e+00 -1.7450e+00 +2.4525e+00 +2.9059e+00
4157186 0 +3.003861401e+01 -3.408013860e+02 -3.408013860e+02 +2.5275e+00 +1.8367e-01 -1.0342e+00 -6.3565e-01 +2.4404e+00 +1.0895e+00 -9.0689e-01 +9.1166e-01 -2.7663e+00 +2.7481e+00 +2.5653e+00 -2.1332e+00 -1.2130e+00 -6.0341e-01 +1.4882e+00 +1.3760e+00 +2.6685e+00 -1.9466e+00 +2.4305e+00 +2.3119e+00
10536340 0 +2.061345420e+01 -3.502265458e+02 -3.502265458e+02 +2.6902e+00 -1.0103e+00 -2.1334e+00 +1.9349e+00 +6.4035e-01 +7.2164e-01 -1.7225e+00 -5.8306e-01 -1.1584e+00 -3.9280e-01 +2.5383e+00 -2.2622e+00 -8.4109e-01 +1.7146e+00 +2.2453e+00 -2.8498e-01 +1.8990e+00 -2.1942e+00 +2.9220e+00 +2.7619e+00
% f evaluations | g evaluations | best noise-free fitness - Fopt (-3.256000000000e+01) + sum g_i+ | measured fitness | best measured fitness or single-digit g-values | x1 | x2...
1 0 +8.268483178e+01 +5.012483178e+01 +5.012483178e+01 +2.8948e+00 +2.1229e+00 -4.5755e-02 -9.1340e-01 -2.5963e-01 -5.4372e-01 +1.7227e+00 -2.5712e+00 -8.6280e-01 +2.2855e+00 +2.7995e+00 +1.6514e+00 -1.3876e+00 -4.7233e-01 +2.2705e+00 +2.4800e+00 +1.0337e+00 +2.2836e-01 +1.3735e+00 -1.1121e+00
2 0 +6.707768311e+01 +3.451768311e+01 +3.451768311e+01 +2.7402e+00 -2.0239e+00 -7.0388e-01 -2.1932e+00 +8.4596e-01 +5.0996e-01 +6.9231e-01 +3.3085e-01 +7.7685e-01 +6.3975e-02 +1.6778e+00 +5.1942e-01 -1.6289e+00 -1.1861e+00 +3.5016e-01 -5.2844e-01 +2.7766e+00 -1.9140e+00 -1.0703e+00 +4.9709e-01
356 0 +6.601968531e+01 +3.345968531e+01 +3.345968531e+01 +1.9827e+00 -1.9640e+00 -1.9701e-03 -2.8922e+00 +1.4924e+00 +2.0940e+00 +2.5671e+00 +8.9930e-02 -1.9885e+00 -6.4189e-01 +1.1709e+00 -1.2963e+00 -1.6830e+00 -2.8841e+00 +4.7373e-01 +2.2401e+00 -1.4131e+00 -1.4620e+00 -3.6991e-01 +1.8899e+00
7708 0 +6.303539040e+01 +3.047539040e+01 +3.047539040e+01 +1.0348e+00 -1.9949e+00 -2.4163e+00 +4.0782e-01 -2.2777e+00 -8.6478e-01 -1.2937e+00 +1.6490e+00 -5.6127e-01 +5.8386e-01 +2.7056e+00 +2.8401e+00 +8.8884e-01 +1.6470e+00 -3.2652e-01 -5.3163e-01 +1.7261e+00 -4.0855e-01 -1.6450e+00 -2.5426e+00
9080 0 +6.141062848e+01 +2.885062848e+01 +2.885062848e+01 +2.3712e-01 -7.1881e-01 -1.4155e+00 +8.0671e-01 -2.2686e+00 -1.3119e-02 -7.7106e-01 +1.7465e+00 +1.1454e+00 -1.4840e+00 +2.3647e+00 -1.6685e+00 +2.0385e+00 +2.6157e+00 -2.8305e+00 -7.2156e-01 +1.0513e+00 -2.7500e+00 +1.3180e+00 -1.6312e+00
15181 0 +5.240019897e+01 +1.984019897e+01 +1.984019897e+01 +2.9924e+00 -5.8411e-01 -2.7812e+00 -9.3476e-01 -1.5719e+00 -9.7667e-01 -2.8968e-01 +5.4984e-01 -2.7118e+00 +4.2548e-01 +1.4589e+00 -2.3599e+00 -1.0908e-01 +2.8961e+00 +9.1598e-01 +1.0939e+00 +2.7864e+00 +2.6765e+00 -1.6578e-01 -1.5244e+00
98504 0 +3.567672278e+01 +3.116722783e+00 +3.116722783e+00 +1.9119e+00 -2.6886e+00 -8.7473e-01 +5.6843e-01 -2.1762e+00 +1.7324e+00 -1.6985e+00 +5.4781e-01 -3.3204e-01 +9.7697e-01 +2.2305e+00 +1.4526e+00 +2.9341e-01 +2.8905e+00 -1.5512e+00 +1.8386e+00 +2.9609e-01 -2.7810e+00 -1.7223e-01 -9.0172e-01
315435 0 +3.122778528e+01 -1.332214725e+00 -1.332214725e+00 +2.5188e+00 -1.9876e+00 -7.9197e-01 +2.9024e+00 +2.1329e+00 -3.2689e-02 -2.6973e+00 -2.0272e+00 -9.4028e-01 -1.2624e+00 +2.9230e+00 +8.1994e-01 +1.3439e+00 +2.4388e+00 -1.4371e+00 +2.2672e+00 +6.1802e-01 -1.8195e+00 -1.2420e+00 -1.6975e+00
507343 0 +2.455003211e+01 -8.009967886e+00 -8.009967886e+00 +2.1817e+00 -2.9112e+00 +4.2136e-01 +2.7574e+00 -1.8178e-01 +1.0300e+00 -2.6043e+00 -1.6964e+00 -1.5845e+00 -3.2215e-01 +2.0563e+00 -5.4448e-01 +2.0221e+00 +2.3038e+00 -5.3662e-01 +9.9788e-01 +5.9775e-01 -2.4843e+00 +1.0694e+00 -1.6028e+00
529142 0 +2.307915159e+01 -9.480848411e+00 -9.480848411e+00 +5.7099e-01 -1.6988e+00 -7.7059e-01 +1.7532e+00 -1.3642e+00 -1.3202e+00 -2.2890e+00 +2.5492e+00 -1.6764e+00 -4.5432e-01 +2.9097e+00 +6.1360e-01 -6.6423e-01 +1.9181e+00 -9.3687e-01 -4.5063e-01 +2.4144e+00 -2.0498e+00 +4.0860e-01 -2.6269e+00
14000040 0 +1.965645295e+01 -1.290354705e+01 -1.290354705e+01 +2.9711e+00 -2.9521e+00 -1.3893e+00 +2.0325e+00 -2.2680e-01 +1.4757e+00 -2.4725e+00 +6.9558e-02 -2.7624e+00 -1.4694e+00 +1.9337e+00 +1.9405e+00 +7.3288e-01 +2.0067e+00 -1.4171e+00 -5.4519e-01 +1.7384e+00 -5.7590e-01 +4.5867e-01 -2.9298e+00
% f evaluations | g evaluations | best noise-free fitness - Fopt (5.154000000000e+02) + sum g_i+ | measured fitness | best measured fitness or single-digit g-values | x1 | x2...
1 0 +8.468478612e+01 +6.000847861e+02 +6.000847861e+02 -1.9251e+00 +2.6392e-01 -1.0174e+00 +1.0422e+00 -2.9855e+00 -1.0829e+00 -2.6235e+00 +2.3679e+00 +2.6803e+00 -6.2605e-01 -1.6058e+00 -4.9884e-02 +2.3786e+00 +2.7830e+00 +2.2317e+00 -1.8495e+00 -3.0533e-01 +1.5444e+00 +2.0695e+00 -2.5416e+00
2 0 +8.310223907e+01 +5.985022391e+02 +5.985022391e+02 +2.6478e+00 +2.6065e-01 -1.7877e+00 -8.4790e-01 +1.6150e+00 +2.9523e+00 -4.2177e-01 -1.1741e+00 +1.8449e+00 +2.9602e+00 -8.5815e-01 +1.6988e+00 -1.3099e+00 -5.0928e-01 -1.7450e+00 -2.5415e+00 -2.7006e+00 +1.1815e+00 -2.1480e+00 -1.1927e+00
3 0 +7.656667465e+01 +5.919666746e+02 +5.919666746e+02 -2.0761e+00 +1.3451e+00 +1.2379e+00 -3.4525e-01 +1.9686e+00 +2.7407e+00 +2.8978e+00 +1.1667e+00 -2.9723e+00 +5.9177e-01 -1.8848e+00 -1.5234e+00 -4.2538e-01 -1.6262e+00 +2.3961e+00 +1.2918e+00 +1.7865e+00 -1.1902e+00 +1.0577e+00 +7.0884e-01
13 0 +7.542585767e+01 +5.908258577e+02 +5.908258577e+02 +2.4884e+00 +2.7533e+00 -9.0619e-01 +1.7121e+00 +2.3766e+00 +1.6771e-01 -2.5825e-01 -1.0125e+00 +8.7045e-01 -7.2712e-01 -1.8506e+00 -1.3518e+00 -1.3027e-01 +2.9237e+00 -8.2340e-01 +6.6322e-01 -1.2640e+00 +3.5333e-01 +1.6610e+00 +9.5899e-01
19 0 +7.219934504e+01 +5.875993450e+02 +5.875993450e+02 -2.2526e+00 -8.0464e-01 -2.1213e+00 -1.9250e+00 -7.4523e-01 +1.7316e+00 +1.7937e+00 -4.4740e-01 -1.1753e+00 -5.8438e-01 -4.4526e-01 +2.4024e+00 +6.4178e-01 -9.6553e-01 -3.3407e-01 +1.3906e+00 -2.0770e+00 +1.5104e+00 -3.0876e-01 -1.0476e+00
280 0 +6.732324407e+01 +5.827232441e+02 +5.827232441e+02 +1.3804e+00 +2.7714e+00 +2.6680e+00 -1.2337e+00 +2.4996e+00 +1.8086e+00 -7.7265e-01 -2.2864e-01 -2.4617e+00 +2.7859e+00 +2.2530e+00 +2.3793e+00 -4.8245e-01 +2.8959e+00 -2.8805e+00 -4.4231e-01 +2.0661e+00 -8.5706e-01 +1.8717e-01 -2.0928e+00
423 0 +6.564069759e+01 +5.810406976e+02 +5.810406976e+02 +2.8610e-01 +1.4950e+00 +7.6715e-01 +5.1052e-01 +7.8527e-01 -7.2303e-01 -2.3466e+00 -4.0426e-02 -6.9106e-02 -2.6939e+00 +1.1350e+00 +4.1105e-01 +4.1702e-01 +2.5733e+00 -1.5739e+00 -7.5914e-01 +6.6960e-01 -2.5990e+00 -2.5073e+00 +1.4088e+00
759 0 +6.082796353e+01 +5.762279635e+02 +5.762279635e+02 -1.6124e+00 +2.7395e+00 -1.6293e-01 -6.5768e-01 +8.2477e-01 -2.5159e+00 -5.3646e-01 +1.1013e+00 +1.7759e-01 +2.5848e+00 -1.5970e+00 +2.0951e+00 -5.4665e-01 -1.0726e+00 -2.3262e+00 -5.1739e-01 -1.5891e+00 +5.1696e-01 -1.9829e+00 -2.1231e+00
2098 0 +5.884012763e+01 +5.742401276e+02 +5.742401276e+02 -2.0095e+00 +2.6469e+00 -3.2689e-02 -1.8965e+00 +1.7923e+00 +1.0661e+00 -2.7422e+00 -1.5397e+00 +9.9974e-01 -1.7822e+00 +2.1906e+00 +1.8503e+00 -1.9682e+00 +2.6348e+00 +1.7015e+00 -8.1219e-01 +1.2478e+00 -1.4134e+00 -2.6685e+00 -6.5899e-01
7569 0 +5.483352154e+01 +5.702335215e+02 +5.702335215e+02 -2.7226e+00 +1.9842e+00 -7.1375e-01 +1.6059e+00 +1.0585e+00 -2.2095e+00 +8.7438e-02 +1.6977e-01 +2.7646e+00 +1.4913e+00 +1.0095e+00 -1.0127e+00 -1.9165e+00 -2.3446e+00 +1.7235e+00 +1.9722e-01 -1.8505e+00 +2.8804e+00 -2.1190e+00 -2.3372e+00
8455 0 +5.307887698e+01 +5.684788770e+02 +5.684788770e+02 +5.5237e-01 +2.1281e+00 -4.3465e-01 -1.0395e+00 +3.5560e-01 -1.3565e+00 -2.6778e+00 +1.6791e+00 -2.9117e+00 -4.7432e-01 +2.9246e+00 +2.1558e+00 -5.3925e-01 +2.8328e+00 +1.4662e+00 +2.3862e-01 +2.1500e+00 +7.2742e-01 -5.9352e-01 +2.8595e+00
12475 0 +3.507406875e+01 +5.504740687e+02 +5.504740687e+02 -5.6306e-01 +1.3176e+00 +1.9081e+00 +2.3582e+00 -5.0029e-01 -1.8146e+00 -2.5734e-01 -2.4505e+00 +1.8790e+00 +2.4618e+00 +1.4442e-01 +1.0895e-01 -1.1209e+00 -1.3231e-01 -1.5723e+00 -4.5809e-01 -1.6782e+00 +2.1677e+00 +9.5738e-02 -1.4286e+00
236685 0 +3.057000915e+01 +5.459700092e+02 +5.459700092e+02 -8.9593e-01 +5.2714e-02 +1.2159e+00 +2.1434e+00 +2.5123e-01 -2.8864e+00 -2.2451e+00 +1.3884e+00 -1.7783e+00 +1.6950e+00 +2.1542e-02 +2.5103e-01 -7.7565e-01 -4.3930e-02 +2.9208e+00 +1.3944e+00 -2.8058e+00 -8.7148e-02 -1.8571e+00 -1.2058e+00
1281468 0 +2.804947400e+01 +5.434494740e+02 +5.434494740e+02 -4.4263e-01 +8.0865e-01 +1.7448e+00 +1.7380e+00 -6.5091e-01 -2.4937e+00 -2.0897e+00 -4.9502e-01 -5.6454e-01 +1.4119e+00 +2.1146e+00 -2.2791e+00 -2.0123e+00 +4.6043e-01 +1.2386e+00 -6.3350e-01 -1.9205e+00 +1.4588e+00 -2.9666e+00 -1.2756e+00
2343232 0 +2.584135450e+01 +5.412413545e+02 +5.412413545e+02 -2.3425e+00 +3.7964e-01 -9.6227e-01 +1.7787e+00 +5.2774e-01 -2.6983e+00 -2.5578e+00 +9.5583e-01 -1.7641e+00 +2.1899e+00 +7.0861e-02 -2.8598e+00 +1.0102e+00 +9.6231e-01 -1.4572e+00 -2.6974e+00 +2.8737e+00 -1.9810e+00 +1.4371e+00 -2.4098e+00
7058455 0 +2.520157156e+01 +5.406015716e+02 +5.406015716e+02 -3.2910e-01 +6.7801e-01 +2.7609e+00 +1.1658e+00 +2.3454e-01 -2.5040e+00 -1.7101e+00 -5.0999e-01 +7.7519e-01 +1.3596e+00 -2.5296e+00 +8.3825e-01 -7.0684e-01 -7.6058e-01 +2.1335e+00 -6.8202e-01 -1.1045e+00 +7.2141e-01 -2.4001e+00 -2.6386e+00
12343434 0 +2.434054795e+01 +5.397405479e+02 +5.397405479e+02 -1.4782e+00 -4.6067e-01 +2.0472e+00 +2.2260e+00 +1.4150e+00 -1.8193e+00 -1.3500e+00 -2.3027e+00 +2.3332e+00 +1.0515e+00 -2.4345e+00 +5.2647e-01 -9.9580e-01 -7.8109e-01 +2.4227e+00 +8.3905e-01 -2.2426e+00 +1.5311e+00 -1.5370e+00 -2.1128e+00
% f evaluations | g evaluations | best noise-free fitness - Fopt (-8.628000000000e+01) + sum g_i+ | measured fitness | best measured fitness or single-digit g-values | x1 | x2...
1 0 +7.948692902e+01 -6.793070984e+00 -6.793070984e+00 +1.4984e+00 -2.3984e+00 +1.0630e+00 -2.6417e+00 -2.4433e+00 -5.0020e-01 -1.8931e+00 +2.4880e+00 -2.1008e+00 -4.3167e-01 +3.5156e-01 +2.4882e+00 -1.3634e+00 -6.7542e-01 +1.1222e+00 -2.5740e+00 -2.2489e+00 -5.9943e-01 -6.9308e-01 +2.1019e+00
7 0 +7.420655778e+01 -1.207344222e+01 -1.207344222e+01 -3.4073e-01 -2.8407e+00 -6.1836e-02 -1.3190e+00 +2.4245e+00 -3.9121e-01 -7.4376e-01 +2.7884e+00 -3.8577e-01 +2.7359e+00 -2.1029e+00 -1.0742e+00 -2.3189e+00 -2.5058e+00 -1.3826e+00 -2.8426e+00 -2.2233e+00 -4.7735e-01 -1.6677e+00 +2.2681e+00
26 0 +6.996665760e+01 -1.631334240e+01 -1.631334240e+01 -1.1411e+00 +2.4537e+00 +2.6824e+00 -2.6968e+00 -2.6878e+00 -1.3024e-01 +1.8416e+00 -2.4076e+00 +2.3165e+00 -2.7382e+00 +1.2619e+00 -1.8087e+00 -1.7003e-01 -9.4076e-01 +5.2608e-01 -8.5946e-01 -4.8532e-01 +8.0160e-01 -4.2498e-01 +2.1729e+00
110 0 +5.031404535e+01 -3.596595465e+01 -3.596595465e+01 +1.2660e+00 -1.9794e+00 +1.5642e-01 +2.2863e+00 +2.8660e+00 +2.8948e+00 +1.6220e+00 +2.1019e+00 -2.6278e+00 -1.2820e+00 -1.1152e+00 +1.7671e-01 +2.8084e+00 +2.4359e+00 -1.3127e+00 -1.0153e+00 +2.3491e+00 -2.0414e+00 -1.0349e+00 -2.1917e+00
18199 0 +4.792035295e+01 -3.835964705e+01 -3.835964705e+01 +3.5592e-01 -1.8861e+00 -7.5221e-01 +2.5386e+00 +1.8169e+00 +1.6550e+00 +1.5927e+00 +8.4542e-01 -6.6913e-02 -7.6537e-01 -2.8457e+00 +1.3025e-01 +1.8309e-01 -2.7461e+00 +4.7049e-02 -1.5773e+00 +1.2444e-01 +3.1934e-01 -1.4785e+00 -1.1511e+00
89028 0 +4.324212427e+01 -4.303787573e+01 -4.303787573e+01 +1.4582e+00 -8.4897e-01 -2.0334e+00 +2.1787e+00 +1.5045e+00 +1.8592e-01 +2.5052e+00 +4.0473e-01 -2.1355e+00 +1.6675e+00 -2.4404e+00 -2.0654e+00 -6.7414e-01 -1.0029e+00 -7.7834e-01 -1.3578e-01 +2.4348e-01 +1.1127e+00 -5.7858e-01 -1.9207e+00
92893 0 +4.089874537e+01 -4.538125463e+01 -4.538125463e+01 -6.8359e-01 -2.4541e+00 -1.5818e+00 +2.9298e+00 -3.2374e-01 +1.8785e+00 +2.8717e+00 +2.1484e+00 +1.5079e+00 +2.4354e+00 -1.6624e+00 +1.0184e+00 +1.8851e+00 -1.5787e+00 -1.3756e+00 -2.6265e-01 +1.0512e+00 -2.0629e+00 -2.0453e+00 -1.4013e+00
203106 0 +4.009372453e+01 -4.618627547e+01 -4.618627547e+01 -2.6833e+00 -1.9898e+00 -2.0960e+00 +2.5896e+00 -1.9218e+00 -3.8908e-01 +1.1286e+00 +4.2978e-01 +2.8969e-01 +9.1698e-01 -2.8769e+00 -9.4440e-01 +2.0426e+00 -3.9665e-01 -2.8148e+00 -8.4232e-01 -2.0342e+00 -1.4188e+00 -5.6459e-02 -2.0903e+00
204956 0 +3.441886344e+01 -5.186113656e+01 -5.186113656e+01 -3.0073e-01 -2.7651e+00 -1.4745e+00 +2.4690e+00 +5.4906e-01 +2.4587e+00 +2.8933e+00 +2.1492e+00 +6.6755e-02 +2.0196e+00 -8.0999e-01 -2.3039e+00 +7.9308e-01 -2.4330e+00 -2.0415e+00 -1.6754e+00 -1.1833e+00 -1.6473e+00 -1.4228e+00 -2.6592e+00
318800 0 +3.071323490e+01 -5.556676510e+01 -5.556676510e+01 -6.9072e-01 -1.4624e+00 -1.4875e+00 +7.8320e-01 -1.9677e-01 +1.5612e+00 +2.1884e+00 +1.9554e+00 -7.0816e-01 +1.8691e+00 -1.0774e+00 -2.6902e+00 +2.2207e+00 +4.6628e-01 -9.2182e-01 -7.3569e-02 -1.5647e+00 -4.3896e-01 -2.9706e+00 -2.8746e+00
376987 0 +2.430531726e+01 -6.197468274e+01 -6.197468274e+01 +9.8428e-01 -3.6172e-01 -4.5163e-01 -2.4783e+00 -2.5728e+00 -1.9579e+00 +2.8223e+00 +1.7827e+00 -1.5886e+00 +1.0615e+00 -6.4715e-01 -1.6055e+00 -2.0386e+00 -2.8755e+00 -5.4459e-02 -1.7456e-02 -1.0268e+00 +1.7879e+00 -4.7385e-01 +1.2056e+00
1187864 0 +2.099877037e+01 -6.528122963e+01 -6.528122963e+01 -2.9904e-02 -1.9234e+00 -1.7164e+00 +1.3005e+00 -4.1761e-01 +2.3312e+00 +3.3822e-01 +8.9442e-01 -1.3113e+00 +1.9809e+00 -1.9486e+00 +9.0195e-02 +2.6950e+00 -2.5663e+00 -1.8887e+00 +7.0420e-01 -1.2908e+00 +7.7776e-01 -1.3831e+00 -6.8745e-01
5318743 0 +1.823819484e+01 -6.804180516e+01 -6.804180516e+01 -2.0538e+00 -1.4252e+00 -6.9608e-01 +2.0538e+00 -1.4006e+00 +1.9483e+00 +1.5293e+00 -6.3793e-01 -1.6328e+00 +1.8065e+00 -6.8469e-02 -2.1199e+00 +1.8656e+00 -8.8924e-01 -1.9906e+00 +8.3994e-01 -2.0122e+00 -1.4673e+00 -1.8265e+00 -1.8800e+00
15312236 0 +1.773431746e+01 -6.854568254e+01 -6.854568254e+01 -3.7425e-01 -9.4092e-01 +1.7852e-01 +2.7744e+00 -9.7213e-01 +1.2255e+00 +2.1325e+00 +1.3141e+00 -2.8151e+00 +1.3709e+00 -1.4055e+00 -7.7475e-01 +2.1210e+00 -5.8672e-01 -1.7252e+00 +1.1694e+00 +6.9922e-01 -1.5605e+00 -2.7449e+00 -2.7486e+00
% f evaluations | g evaluations | best noise-free fitness - Fopt (2.224000000000e+01) + sum g_i+ | measured fitness | best measured fitness or single-digit g-values | x1 | x2...
1 0 +7.501041247e+01 +9.725041247e+01 +9.725041247e+01 +1.5777e+00 -4.0437e-03 +1.2224e+00 -4.7193e-01 -1.4665e+00 +8.5201e-01 +7.9054e-01 +9.1774e-01 +2.7055e+00 +1.5751e+00 +1.4842e+00 -7.7325e-01 +1.6837e+00 +1.0127e+00 +2.7648e+00 -1.1599e-01 -1.5573e+00 +1.2056e+00 +2.1026e+00 +4.6102e-01
17 0 +7.199202379e+01 +9.423202379e+01 +9.423202379e+01 -8.8991e-01 +1.6422e-01 -1.8800e+00 -5.6013e-01 -7.4477e-02 -6.1929e-01 -6.2716e-01 +1.1212e+00 +2.0457e+00 +1.0741e+00 -2.9641e+00 +2.7634e+00 +1.7635e+00 -2.2870e+00 -1.8557e+00 +4.9265e-01 -2.2832e+00 -7.1673e-01 +8.6584e-01 -2.3062e+00
69 0 +7.078491051e+01 +9.302491051e+01 +9.302491051e+01 +2.4245e+00 +2.2123e+00 +7.1949e-02 +2.5661e+00 -1.1303e+00 +3.8846e-01 -1.3404e+00 -7.6999e-01 +1.9474e-01 +1.5798e+00 -9.8031e-01 +1.8436e+00 -1.7760e+00 +2.2344e-01 +7.0033e-01 +1.5733e+00 +2.2566e+00 +2.2847e+00 +2.6367e+00 -1.1201e+00
107 0 +6.771371915e+01 +8.995371915e+01 +8.995371915e+01 -3.0354e-01 +1.4990e+00 -9.8701e-01 -1.0135e-01 +1.1054e+00 +1.0741e+00 +8.0116e-02 -3.4051e-01 +2.7547e+00 -1.4732e+00 +1.6139e+00 +1.4862e+00 +1.1368e+00 -8.9153e-02 +2.4047e+00 -2.8342e+00 +1.9009e+00 +1.6918e-01 +1.3230e+00 -1.3468e+00
272 0 +5.815732443e+01 +8.039732443e+01 +8.039732443e+01 +1.2942e+00 +1.3749e+00 +2.4362e+00 +1.8453e+00 -1.8918e+00 +2.9311e+00 +8.0557e-01 -8.5792e-01 +1.0257e+00 +6.6278e-01 +2.3865e+00 +2.8467e+00 +6.8935e-02 -2.9820e+00 +6.1189e-01 -1.5822e+00 +4.6795e-01 +1.6465e+00 +9.9557e-01 -2.2056e-02
1752 0 +5.560416856e+01 +7.784416856e+01 +7.784416856e+01 +6.5979e-01 +8.5060e-02 +4.8047e-01 +9.9931e-01 -2.3887e+00 -5.2043e-01 -3.8605e-01 +8.1350e-01 +2.5605e+00 +2.9258e+00 -2.7991e+00 +1.5730e+00 -1.9705e-01 -9.8630e-01 -2.7722e+00 -1.6851e+00 -6.9216e-03 +2.9326e+00 +2.8586e+00 +1.1156e+00
3004 0 +4.687832112e+01 +6.911832112e+01 +6.911832112e+01 +4.5332e-01 +4.1972e-01 -1.2016e+00 +2.5510e+00 -2.1570e-01 -2.4413e+00 -2.2488e+00 +6.6961e-01 -3.3029e-01 +1.7580e+00 -2.4028e+00 +6.0728e-01 -2.6554e+00 -1.9181e+00 +2.0191e+00 +2.0499e+00 -1.7231e+00 +2.5097e+00 +1.1679e+00 -2.1199e-01
3448 0 +4.319413141e+01 +6.543413141e+01 +6.543413141e+01 +1.6497e+00 +2.7733e+00 -7.1195e-01 +2.8345e+00 -2.1206e+00 -2.7976e-01 -1.7398e+00 +4.8161e-01 +1.0115e+00 +9.2668e-01 -2.0787e+00 +2.4079e+00 -2.1508e+00 -1.3377e+00 -2.5675e+00 +4.3447e-01 -2.8234e+00 -2.1774e+00 +1.8652e+00 -7.1895e-01
5620 0 +3.378807565e+01 +5.602807565e+01 +5.602807565e+01 +1.0809e+00 +1.7251e+00 +4.7387e-01 +2.6141e+00 -2.9547e+00 -1.2734e+00 -2.1536e+00 -2.2142e+00 +2.2584e+00 +2.6955e-01 +9.6113e-01 +2.8652e+00 +1.0346e+00 -1.2847e+00 -1.0224e+00 +1.1325e+00 +8.8651e-01 +1.0533e+00 +2.5274e+00 +2.0887e+00
38015 0 +2.977307054e+01 +5.201307054e+01 +5.201307054e+01 +2.2702e+00 -1.3579e-01 +1.8583e+00 +1.4401e+00 -2.0383e+00 +4.3720e-01 -1.3612e+00 -2.3724e+00 +8.7778e-01 -1.1129e+00 -4.4686e-01 +2.0270e+00 +2.8675e+00 -2.8832e+00 +8.1068e-01 -1.0805e+00 -2.5831e-01 -6.8659e-01 +2.4115e+00 +1.1328e+00
102555 0 +2.121090450e+01 +4.345090450e+01 +4.345090450e+01 +1.6890e+00 +2.2547e+00 +2.8331e+00 +1.6839e+00 -2.3225e+00 +8.1512e-01 -2.4189e+00 -7.5433e-01 +9.5488e-01 -2.1609e+00 -6.0399e-01 +1.9031e+00 +1.1473e+00 -2.0594e+00 -2.1005e-01 +7.6668e-01 -1.0024e+00 +1.4452e+00 +1.8787e+00 +1.4274e+00
659657 0 +1.717882973e+01 +3.941882973e+01 +3.941882973e+01 +1.1710e+00 +4.0342e-01 -2.3837e-01 +2.8395e+00 -4.5173e-01 +1.7028e-01 -2.7674e+00 -1.2833e+00 +2.2217e+00 +5.7146e-01 -1.1630e+00 +2.6241e+00 -7.0723e-01 -1.7374e+00 +9.9462e-01 +9.9821e-01 -2.5686e-01 +2.4894e+00 +6.9489e-01 +8.0470e-01
1599107 0 +1.492112365e+01 +3.716112365e+01 +3.716112365e+01 +1.5809e+00 -1.3426e+00 +1.5836e+00 +1.4211e-01 -2.3865e+00 +9.3877e-01 -2.3368e+00 -3.2215e-01 -5.3472e-01 +1.0446e+00 -2.6426e+00 +2.4340e+00 +6.7606e-01 -7.6691e-01 -7.5070e-01 +1.5616e+00 -8.9998e-01 +1.8963e+00 +1.4228e+00 +1.5111e+00
2702424 0 +1.407535162e+01 +3.631535162e+01 +3.631535162e+01 +1.9223e+00 +2.6164e+00 +3.5317e-01 +2.7826e+00 -1.9315e+00 +7.4234e-01 -1.2621e+00 -1.0296e+00 -2.4869e-02 +1.8276e+00 -1.3664e+00 +2.4193e+00 -1.3126e-01 -1.1674e+00 -1.6574e+00 +6.6841e-02 -1.3103e+00 +1.0577e+00 +1.5897e+00 +2.6148e+00
% f evaluations | g evaluations | best noise-free fitness - Fopt (-2.301000000000e+01) + sum g_i+ | measured fitness | best measured fitness or single-digit g-values | x1 | x2...
1 0 +8.307876031e+01 +6.006876031e+01 +6.006876031e+01 -2.7620e+00 +2.4896e+00 -1.1700e+00 -2.7462e-01 +2.4264e-01 +1.5123e-01 +2.4378e+00 -1.8804e-01 +1.1008e+00 -1.3734e+00 +2.7574e+00 +6.0066e-01 +9.2334e-02 +1.5045e+00 -1.1736e+00 -1.4292e+00 +1.5260e+00 +1.0131e+00 -1.3309e+00 +1.5027e+00
2 0 +8.267797481e+01 +5.966797481e+01 +5.966797481e+01 -1.7530e-01 -1.0544e+00 -9.6456e-01 -2.9619e+00 -1.6578e+00 +2.7131e+00 +9.5248e-01 -2.8684e+00 -5.1240e-01 +6.7423e-01 +2.0288e+00 -1.2140e-01 -5.7958e-01 -2.9954e+00 +6.0001e-01 -1.6451e+00 +1.1205e+00 -2.4989e+00 -2.4093e-01 -1.2554e+00
4 0 +7.983510846e+01 +5.682510846e+01 +5.682510846e+01 -1.5975e+00 -2.2436e+00 +1.6801e+00 -2.7785e+00 -1.3696e+00 +2.3760e+00 +2.1068e+00 +1.1626e+00 -5.0694e-01 +2.7898e+00 -2.1101e+00 +4.0247e-01 +5.7246e-01 +2.6169e+00 +2.9640e+00 -6.6119e-01 +1.9315e+00 -1.8913e+00 +2.5482e+00 -3.6460e-01
10 0 +7.870351006e+01 +5.569351006e+01 +5.569351006e+01 -1.2154e+00 -9.8917e-01 -5.5625e-01 -1.9977e+00 +1.7625e+00 +8.3302e-01 -9.5681e-01 -4.3073e-01 -6.2853e-01 -2.2610e-01 +1.9722e+00 -9.4067e-01 -2.3870e+00 +2.9068e+00 +2.6093e+00 +1.0121e+00 -2.9089e+00 +2.9062e+00 +8.3652e-01 +1.8670e+00
31 0 +7.197971279e+01 +4.896971279e+01 +4.896971279e+01 +6.8020e-01 -1.5370e-01 -1.9532e+00 -7.8033e-01 +1.8245e-01 -2.5151e+00 -8.3932e-01 -2.8249e+00 -2.4169e+00 -7.5818e-01 -2.3297e+00 -1.8733e+00 +2.4968e+00 +1.8470e+00 +2.6340e+00 -4.9416e-02 +2.6882e+00 +2.4190e+00 -2.7938e-01 +1.9541e+00
2198 0 +7.015472288e+01 +4.714472288e+01 +4.714472288e+01 -1.1373e+00 +2.7490e+00 -2.4987e+00 +5.5632e-01 -2.4704e+00 +1.4665e+00 -3.6779e-01 +6.2460e-01 -2.2614e-01 -7.1840e-01 -2.2020e+00 +3.6943e-01 +2.4699e+00 -2.2270e+00 +3.1577e-01 -1.6542e+00 +9.2719e-01 -2.0412e+00 +6.2650e-01 +2.9096e+00
2244 0 +6.855731149e+01 +4.554731149e+01 +4.554731149e+01 +1.6510e+00 -5.8330e-01 -1.9435e+00 -1.4806e+00 -7.3525e-01 -3.4272e-01 +8.4155e-01 -2.1068e-01 +1.1549e+00 -6.9116e-01 +2.1804e-01 -2.3660e+00 +2.7642e+00 -2.8846e-02 -2.0142e+00 +1.3607e+00 -1.0638e+00 +7.4013e-01 +2.6389e+00 -6.8409e-01
3168 0 +6.626618420e+01 +4.325618420e+01 +4.325618420e+01 -1.4638e+00 -1.2483e+00 +2.5695e+00 +1.3913e+00 +6.5346e-01 +1.7422e+00 +1.9621e+00 +1.5389e+00 +1.2007e+00 +2.6325e+00 +2.8669e+00 +2.4866e+00 +7.2156e-01 +3.8839e-01 +1.8306e+00 +1.3019e+00 -7.5810e-01 +1.1359e+00 -3.3135e-01 -2.2129e+00
3275 0 +5.157577941e+01 +2.856577941e+01 +2.856577941e+01 +1.9083e+00 +6.8303e-01 +2.5654e+00 -2.0939e+00 -1.7578e+00 -2.3156e+00 -1.2670e+00 -1.8981e+00 -1.4263e+00 -2.2920e+00 -2.3336e+00 +2.2226e+00 +2.3094e-01 -2.6067e-01 -2.9990e-01 -1.5177e+00 +2.1720e+00 -2.6219e+00 -1.5978e+00 -1.2285e+00
11730 0 +4.736178364e+01 +2.435178364e+01 +2.435178364e+01 +2.0990e+00 +1.4364e+00 +9.3371e-01 +4.1511e-01 -5.5871e-01 -1.3468e+00 -2.8055e+00 -2.4395e+00 -1.1768e+00 -1.0103e+00 +1.2495e+00 +2.6723e+00 -8.8354e-01 -5.3286e-01 +1.6297e+00 -2.8432e+00 +1.0626e+00 -2.9372e+00 +1.1772e+00 +1.0597e+00
369833 0 +4.438018546e+01 +2.137018546e+01 +2.137018546e+01 +2.8816e+00 -1.8559e+00 +1.3336e+00 +2.3462e+00 -2.1371e+00 -7.0316e-01 -2.2447e+00 -1.8973e+00 -8.6568e-01 +7.4034e-01 +7.5727e-01 +2.4072e+00 -2.6793e+00 -2.3384e+00 +1.4312e+00 +1.3527e-01 +6.9200e-01 -2.9193e+00 -1.9238e+00 +2.2797e+00
1026897 0 +3.040271576e+01 +7.392715764e+00 +7.392715764e+00 +2.4779e+00 -1.6750e+00 +2.0279e+00 -1.3379e+00 +6.9287e-01 -1.1536e+00 -1.8762e+00 -2.5270e+00 -2.1910e+00 +1.3089e+00 +5.5065e-01 +2.0913e+00 -3.8542e-01 -2.7284e+00 -5.1896e-01 -2.5744e+00 -5.4000e-02 -1.3423e+00 -8.7148e-01 -4.5867e-01
1393393 0 +2.976100152e+01 +6.751001518e+00 +6.751001518e+00 +1.7728e+00 -2.4974e+00 +9.5290e-01 +5.6972e-01 +1.7561e+00 -1.3233e+00 -1.2305e+00 -2.3974e+00 -2.6829e+00 +1.3514e+00 -1.1039e+00 +2.8111e+00 -3.7616e-01 -2.4599e+00 -1.1858e+00 -1.1058e+00 -1.0919e-01 -2.8292e+00 -1.3482e+00 -3.8862e-01
3656688 0 +2.751086803e+01 +4.500868028e+00 +4.500868028e+00 +8.4385e-01 -2.9806e+00 +1.9266e+00 +1.3358e-02 +1.4609e+00 -1.9797e+00 -2.9522e+00 -1.8309e+00 -1.5972e+00 -2.7464e+00 -2.8496e+00 +2.2742e+00 +7.2774e-01 -2.3773e+00 -5.2087e-01 -2.4116e+00 +2.3516e+00 -2.9109e+00 +1.3076e-01 -1.1696e+00
8056561 0 +1.954183873e+01 -3.468161273e+00 -3.468161273e+00 +1.7389e+00 -2.0636e+00 +2.2751e+00 +1.9156e-01 -2.1423e+00 -2.0618e+00 -2.4551e+00 -2.6614e+00 -2.2076e+00 -7.3208e-01 -1.3258e+00 +2.5347e+00 -2.1509e+00 -6.1300e-01 +1.8566e+00 -2.1903e+00 -1.9764e+00 -2.7836e+00 -1.9003e+00 +8.3044e-01
% f evaluations | g evaluations | best noise-free fitness - Fopt (-3.323700000000e+02) + sum g_i+ | measured fitness | best measured fitness or single-digit g-values | x1 | x2...
1 0 +8.151552650e+01 -2.508544735e+02 -2.508544735e+02 -1.1975e+00 +1.3569e+00 -1.9705e+00 +1.3861e+00 +1.1794e+00 +8.3660e-01 -2.8830e-01 -2.8235e+00 +2.0967e+00 +2.1502e+00 -2.6711e+00 +2.3403e+00 +1.6825e+00 -2.8498e+00 -3.2887e-02 +1.0607e+00 +1.7255e+00 -2.0395e+00 +1.4095e+00 +1.0372e+00
2 0 +8.088627043e+01 -2.514837296e+02 -2.514837296e+02 -1.5113e+00 +2.2768e+00 -1.1697e+00 -3.5887e-01 +9.9549e-01 +1.4494e+00 +1.5715e+00 -1.0302e+00 +2.7228e+00 +4.1735e-01 -1.4160e+00 +2.9071e+00 +7.6643e-02 +1.6252e+00 +2.1549e+00 +1.6430e+00 +9.2134e-01 +1.5846e+00 +2.8940e+00 -1.5133e+00
4 0 +7.694826786e+01 -2.554217321e+02 -2.554217321e+02 +2.1521e+00 +1.2052e+00 -8.2516e-01 -1.2242e-01 +8.9848e-01 -7.5228e-01 +2.1705e+00 -1.8445e+00 -2.5425e+00 +4.9736e-01 -1.0799e+00 -2.3545e+00 -1.7075e+00 +1.0108e+00 +4.3881e-01 -4.1674e-01 +8.0153e-01 +1.7323e+00 +1.0985e+00 +5.7292e-02
31 0 +7.555080510e+01 -2.568191949e+02 -2.568191949e+02 +2.9807e+00 +2.7023e+00 -1.2195e+00 +2.1283e-01 -1.3621e+00 +3.8868e-01 -2.5691e+00 +1.1611e+00 +2.6177e-01 -1.7675e+00 +1.1417e+00 -4.2895e-01 +3.7910e-01 -1.7767e+00 -4.3020e-01 -2.9752e+00 -2.8966e-01 +1.6615e+00 -3.7468e-01 +1.5320e+00
34 0 +7.383000250e+01 -2.585399975e+02 -2.585399975e+02 -1.2116e+00 +1.3158e+00 +2.6363e+00 +2.3596e+00 +2.2232e-01 -2.6926e-01 +1.0684e+00 +1.8252e+00 -2.8863e+00 -4.1440e-01 -2.5644e+00 -1.5587e-01 +2.5082e+00 +2.7676e+00 -2.2771e+00 +1.3745e+00 -1.1726e+00 +1.2973e+00 -5.8997e-01 -2.9351e+00
58 0 +7.214968800e+01 -2.602203120e+02 -2.602203120e+02 -1.6012e-01 +2.8136e+00 -1.2115e+00 +2.9394e+00 -2.2586e-03 +2.6355e-01 -8.0708e-01 +4.3392e-01 -2.2156e+00 +8.1925e-02 -1.3145e+00 -1.5000e+00 -1.8725e+00 +1.7746e+00 -1.7514e+00 -4.8991e-01 -8.8458e-01 +2.9558e+00 +1.5950e+00 +2.8053e-03
477 0 +6.736593095e+01 -2.650040691e+02 -2.650040691e+02 +2.5716e+00 -1.2899e+00 +1.8959e+00 +2.5246e+00 -1.6238e+00 -1.2388e+00 -6.8913e-01 +2.3380e+00 -2.0746e+00 +2.0686e+00 +5.8339e-01 -1.1042e+00 +1.5664e+00 -2.8641e+00 +1.0887e+00 +2.0769e+00 +2.8736e+00 +1.4266e+00 +2.1706e+00 -1.0039e+00
1313 0 +6.574440998e+01 -2.666255900e+02 -2.666255900e+02 +2.4750e+00 -1.5552e+00 +1.6693e+00 +1.7314e+00 -1.6703e+00 -7.6172e-02 +7.3272e-01 +1.3728e+00 -1.8451e+00 +4.7927e-01 +2.4142e+00 -1.6716e+00 -1.5085e-01 +2.6400e+00 -2.5392e+00 +1.7500e+00 +1.4165e+00 -1.1347e+00 -9.2087e-02 -1.7720e+00
5087 0 +6.335266509e+01 -2.690173349e+02 -2.690173349e+02 -2.8176e+00 +2.5218e+00 +2.4381e+00 -1.5700e+00 +7.6774e-01 -2.5256e+00 -2.6906e+00 -3.7880e-01 -9.8528e-01 -5.7927e-01 +1.7235e+00 +1.3477e+00 -7.5466e-01 -5.0135e-01 +4.9971e-01 -1.8324e+00 -2.4735e+00 +2.0773e+00 +2.0535e+00 -2.8427e+00
7729 0 +6.286486797e+01 -2.695051320e+02 -2.695051320e+02 +2.7335e+00 -4.9262e-01 +1.3234e+00 +2.5169e+00 +5.6382e-01 -2.9765e-01 -2.3491e+00 +1.9094e+00 +7.6887e-01 +8.0983e-01 -1.3610e+00 -9.1568e-01 +6.6977e-01 +8.8011e-01 +2.9161e-01 +1.2274e+00 +1.5193e+00 -7.0881e-01 +1.2198e+00 -8.2291e-01
8006 0 +5.946695659e+01 -2.729030434e+02 -2.729030434e+02 -3.4832e-01 +1.3874e-01 +1.1046e+00 +2.8673e+00 -1.8577e+00 -2.6036e+00 +1.3490e+00 -3.0513e-01 -2.8652e+00 +2.4765e+00 -2.5580e+00 -2.2573e+00 +5.2296e-01 -1.1644e-01 -4.5741e-03 +7.3585e-02 -1.0344e+00 +1.8314e+00 -2.8423e+00 -1.3313e+00
16990 0 +5.217280121e+01 -2.801971988e+02 -2.801971988e+02 +1.0855e+00 -8.9345e-01 +7.5795e-01 +2.3891e+00 +4.4363e-01 -1.8140e+00 -1.7743e-01 +1.2355e+00 -2.3346e+00 +2.8686e-01 -1.6868e+00 -2.6379e+00 +1.1538e+00 +2.5754e+00 -7.2065e-01 -2.2633e+00 -2.1761e+00 -2.2354e+00 -5.2279e-01 -2.5361e+00
26315 0 +4.792683502e+01 -2.844431650e+02 -2.844431650e+02 +1.8219e+00 -2.0465e+00 +1.5370e+00 +2.1014e+00 -1.3403e+00 +2.0356e+00 -1.5430e+00 -2.3149e-02 -2.9875e-01 +2.6964e+00 -1.5122e+00 -3.7753e-01 +1.2157e+00 +2.9328e-01 -1.5406e+00 +1.6040e+00 -2.1183e+00 -4.0532e-01 -5.6592e-01 -2.6411e+00
35173 0 +3.242642009e+01 -2.999435799e+02 -2.999435799e+02 +1.5892e+00 -5.8245e-01 +8.7972e-01 +2.5791e+00 -1.6984e+00 -1.6044e+00 -2.9232e-02 +1.3149e+00 -1.5651e+00 +7.4882e-01 -4.1315e-01 -1.0581e+00 +8.6836e-01 +1.8810e+00 -2.5880e+00 +4.5426e-01 -1.0718e+00 -1.1613e+00 +4.6770e-01 -2.1561e+00
771337 0 +2.631602509e+01 -3.060539749e+02 -3.060539749e+02 -2.3411e+00 -1.7755e+00 +1.3504e+00 +1.4778e+00 +3.5295e-03 -1.1880e+00 -1.2283e+00 +2.1851e+00 +1.0534e+00 -2.4562e+00 +2.6466e+00 +2.8975e+00 +5.5595e-01 -2.5540e+00 +3.4878e-01 -1.4184e+00 -5.5818e-01 +2.6487e+00 +2.4261e-01 +2.5596e+00
964799 0 +2.614893560e+01 -3.062210644e+02 -3.062210644e+02 -1.1176e+00 -2.7628e+00 -1.1719e+00 +2.8843e-01 +2.2722e-01 -9.9208e-01 -1.0335e+00 +7.1382e-01 -2.3971e-01 -1.7638e+00 +2.7560e+00 +2.2031e+00 +2.5860e+00 -2.5340e+00 +6.1549e-01 -2.5977e+00 +3.0516e-01 +2.5341e+00 -1.7299e+00 +2.7716e+00
5079848 0 +2.154706091e+01 -3.108229391e+02 -3.108229391e+02 -4.4149e-01 -2.0194e+00 +1.8630e+00 +2.0010e+00 +5.0159e-01 -2.3101e+00 -1.0326e+00 +1.2654e+00 -8.0105e-01 -2.8199e+00 +2.5321e+00 +2.5039e+00 +1.2807e+00 -2.0887e+00 +2.1693e+00 -2.3291e+00 +1.6285e-01 -5.7405e-01 -2.4599e-01 +2.6935e+00
9174428 0 +1.445929675e+01 -3.179107033e+02 -3.179107033e+02 -8.5865e-01 -1.2508e+00 +8.2759e-01 +2.3046e+00 +6.6640e-01 -3.3168e-01 -2.1007e+00 +1.6084e+00 +4.6782e-01 -2.5470e+00 +2.5116e+00 +2.0781e+00 +2.0744e+00 -2.7080e+00 +1.4912e+00 -1.6786e+00 -2.0014e+00 +2.9809e+00 -4.0461e-01 +2.8949e+00
% f evaluations | g evaluations | best noise-free fitness - Fopt (-1.231300000000e+02) + sum g_i+ | measured fitness | best measured fitness or single-digit g-values | x1 | x2...
1 0 +8.394406224e+01 -3.918593776e+01 -3.918593776e+01 +1.6056e+00 -2.1977e+00 +1.6208e+00 -2.9176e+00 +4.4143e-02 -2.5204e+00 +1.3244e+00 +2.3283e+00 -2.9480e+00 +2.9903e+00 -2.9862e-02 -1.9460e-01 +1.0811e+00 +4.5823e-01 +9.4879e-01 -2.8746e+00 -2.1697e+00 -9.9549e-01 -9.7701e-01 +1.8724e-01
2 0 +7.560892744e+01 -4.752107256e+01 -4.752107256e+01 -3.3413e-01 +6.4195e-01 -6.2217e-01 +2.0662e+00 +1.5059e+00 -3.5580e-01 -6.3256e-02 -1.5913e+00 +2.8076e+00 +2.0664e-01 +2.7959e+00 +2.2915e+00 +3.3165e-01 -2.9397e+00 +7.4582e-01 +2.6767e+00 -1.2949e+00 -9.6870e-01 -3.2265e-01 -1.2504e+00
11 0 +7.154466686e+01 -5.158533314e+01 -5.158533314e+01 +1.9673e+00 +2.6943e+00 +6.8587e-02 -2.6879e+00 -1.0261e+00 -2.0220e+00 +1.8798e+00 -8.9928e-01 -1.9987e-01 +3.1560e-01 +2.1997e+00 +2.6249e+00 -2.2306e+00 +2.3995e+00 +2.8186e+00 +1.3568e+00 +2.1272e-01 -1.5396e+00 +1.8288e+00 +8.9643e-01
110 0 +6.726822783e+01 -5.586177217e+01 -5.586177217e+01 +2.5923e-01 -1.3092e+00 -1.4505e+00 +1.7814e+00 +1.2467e+00 -1.6874e+00 +1.9954e+00 +5.6528e-01 +4.9539e-01 -2.6925e+00 -2.4426e+00 +5.2436e-01 -1.8714e+00 +2.2266e+00 +2.8916e+00 -1.2035e+00 -2.1256e+00 -1.2836e-01 -8.0793e-01 +1.0086e+00
852 0 +6.562565923e+01 -5.750434077e+01 -5.750434077e+01 +7.9469e-01 +2.8614e+00 +1.1832e+00 +5.1318e-01 -2.3848e+00 -2.0686e+00 -2.6971e+00 +6.7411e-01 -2.7989e-01 -1.5223e+00 +1.6459e+00 +4.5080e-01 +2.1915e+00 -1.6117e-01 +3.8501e-01 -1.0097e+00 -1.0164e+00 -8.3566e-01 -1.6132e+00 -2.0707e+00
1702 0 +6.391850315e+01 -5.921149685e+01 -5.921149685e+01 +6.5842e-01 +1.6585e+00 -7.8582e-01 +8.5641e-01 +2.5550e+00 +4.7268e-01 -1.9122e+00 -2.2925e+00 -5.3675e-01 -2.7249e+00 +4.8883e-01 +2.6618e+00 -1.9655e+00 -2.9144e-01 +1.6608e+00 +8.4869e-01 +8.8734e-01 +1.7435e+00 -1.6602e+00 -5.6788e-01
5039 0 +4.193608763e+01 -8.119391237e+01 -8.119391237e+01 -8.7538e-01 -1.4216e+00 -1.2209e+00 +2.6099e-01 +1.8499e+00 -1.4332e+00 -3.7622e-01 -2.6748e+00 -4.4993e-01 -2.6181e+00 +1.7753e+00 +6.7488e-01 -2.9485e+00 +2.6790e+00 +1.5928e+00 -2.2707e-01 +2.0013e+00 +1.5598e+00 -2.0994e+00 +1.4956e+00
14042 0 +3.320376698e+01 -8.992623302e+01 -8.992623302e+01 +1.2990e+00 +2.3515e+00 -1.9152e+00 +8.1030e-01 +2.3666e+00 +1.2632e+00 +2.0513e+00 -2.0277e+00 +1.0195e+00 -2.4624e+00 +2.2949e+00 +1.4278e+00 -2.5216e+00 +2.7383e+00 +2.7205e+00 -2.7474e-01 -2.2910e+00 -7.3322e-01 -5.7664e-01 +4.5291e-01
234288 0 +2.828327337e+01 -9.484672663e+01 -9.484672663e+01 -1.7722e-01 -1.9008e+00 -1.8756e+00 +6.9383e-01 +1.8078e+00 +2.9844e+00 +6.4079e-01 -2.6404e+00 +2.7201e+00 -2.2462e+00 +1.5802e+00 +2.6472e+00 -1.2701e+00 +2.4421e+00 +9.9177e-01 -6.6071e-02 +9.4794e-01 +1.1276e+00 +1.5166e+00 -2.2225e-01
321408 0 +2.182354415e+01 -1.013064558e+02 -1.013064558e+02 +7.5835e-01 -8.1533e-01 -2.1944e+00 -2.6588e-01 +2.9331e+00 -1.7068e+00 +1.4679e+00 -2.4835e+00 -6.9006e-02 -2.9981e+00 -1.4107e+00 +6.6884e-01 -1.7369e+00 +2.3611e+00 +1.7925e+00 +6.6837e-01 -1.1225e+00 +1.2147e+00 -1.2694e+00 +3.7794e-01
6009851 0 +1.851438253e+01 -1.046156175e+02 -1.046156175e+02 +1.9269e+00 +1.5981e+00 -9.6176e-01 -7.1010e-01 +2.8055e+00 +4.7398e-01 +1.8436e+00 -1.6374e+00 +2.6302e+00 -2.9128e+00 +1.9929e+00 +2.9119e+00 -1.3347e+00 +2.7031e+00 +5.2606e-01 -5.4037e-01 -1.7345e-01 +2.5924e+00 -1.5516e+00 +3.2204e-01
9069103 0 +1.719475606e+01 -1.059352439e+02 -1.059352439e+02 +1.2541e+00 -6.1640e-01 -2.8847e+00 +7.5589e-01 +1.0589e+00 -9.2651e-01 -1.9046e-01 -1.7426e+00 -8.1237e-01 -2.9521e+00 -2.1074e+00 +1.3026e+00 -1.9136e+00 +2.8973e+00 +2.8752e+00 -6.5133e-01 -8.9203e-01 +1.2850e+00 -2.8660e-01 +1.4581e+00
% f evaluations | g evaluations | best noise-free fitness - Fopt (-1.537900000000e+02) + sum g_i+ | measured fitness | best measured fitness or single-digit g-values | x1 | x2...
1 0 +7.815611379e+01 -7.563388621e+01 -7.563388621e+01 +2.4484e+00 +1.9782e+00 -5.7220e-01 +5.1159e-01 +4.5732e-01 -8.8823e-02 -1.0562e+00 +2.5131e+00 -2.5174e+00 -1.7809e+00 -1.9108e+00 +1.6895e+00 -1.5649e+00 +8.2397e-01 -2.7172e+00 -1.2491e+00 -2.8441e+00 +8.7610e-01 +8.0263e-02 -1.5672e+00
10 0 +7.471917936e+01 -7.907082064e+01 -7.907082064e+01 +9.4492e-01 -1.1602e-01 +2.6716e+00 -1.6348e+00 +1.5672e-02 +1.5947e+00 -2.6068e+00 +1.3116e+00 -1.4502e+00 +1.5816e+00 +2.7300e+00 -1.3741e+00 -1.5395e+00 +1.7111e+00 -3.0101e-01 -1.5462e+00 -1.8454e+00 +2.0208e+00 +1.5035e+00 +1.2636e+00
12 0 +7.323524803e+01 -8.055475197e+01 -8.055475197e+01 +2.8624e+00 -1.8073e+00 -1.1520e+00 +8.9776e-01 +2.7184e+00 +1.5032e+00 +2.7167e+00 +2.1953e+00 -1.4976e+00 +4.8676e-01 -2.8305e+00 +1.2060e+00 -1.6085e-01 +1.2708e+00 +2.4475e+00 -7.2666e-02 +1.7192e+00 -1.8182e+00 -1.3680e+00 +4.4634e-01
32 0 +7.168150436e+01 -8.210849564e+01 -8.210849564e+01 -4.3688e-01 +9.0956e-01 -1.0870e+00 +7.1005e-01 +3.9168e-01 -2.0038e+00 +4.1580e-01 +1.4137e-02 -1.8469e+00 -1.5409e+00 +1.7034e+00 -2.5623e+00 +2.6645e+00 +5.8718e-01 -2.3816e+00 -2.9306e-01 +2.3797e+00 +3.4371e-01 +1.8810e+00 +9.1704e-01
43 0 +7.027616661e+01 -8.351383339e+01 -8.351383339e+01 -2.3089e+00 -2.5953e+00 +2.7956e+00 -2.9440e+00 -1.6041e-01 +3.5351e-01 +1.7324e+00 +1.2390e+00 +8.1515e-01 -3.5672e-01 +2.4787e+00 +1.3447e+00 +2.9593e+00 +2.6324e+00 +1.2668e+00 +3.0055e-01 +2.7986e+00 +2.6872e+00 +1.4326e+00 +6.2584e-01
5375 0 +6.420726984e+01 -8.958273016e+01 -8.958273016e+01 -7.4428e-01 +1.8776e+00 +1.9563e+00 -1.1981e+00 -1.4930e+00 +2.1279e+00 +3.7421e-01 +2.2911e+00 +6.9275e-01 +2.0295e+00 -7.9756e-01 -1.4855e+00 +1.3060e+00 +4.4664e-01 +1.0440e+00 -2.9191e+00 -2.8172e+00 +1.3219e+00 +1.6590e+00 -1.8403e+00
37707 0 +5.289924213e+01 -1.008907579e+02 -1.008907579e+02 -1.7964e+00 +5.6861e-01 -2.3773e+00 -2.9519e+00 +1.6908e+00 +1.0769e+00 -2.6878e+00 +2.6308e+00 -8.0345e-01 +2.0136e+00 -1.2972e+00 +1.4473e+00 +2.3312e+00 +2.1212e+00 -1.3602e+00 -2.1599e+00 -1.8886e+00 +2.6536e+00 -1.9424e+00 +2.6112e+00
140566 0 +5.120495271e+01 -1.025850473e+02 -1.025850473e+02 -1.6892e+00 +1.5444e+00 +1.4611e+00 -2.4021e+00 -1.4733e-01 -9.4525e-01 -5.9318e-01 -1.8917e+00 +3.4198e-01 -7.3562e-01 -2.1538e+00 +3.5844e-01 -2.2366e+00 +2.0956e+00 -4.4351e-01 -2.3439e+00 -3.9699e-01 -1.4708e+00 +2.6107e+00 +2.9990e+00
536865 0 +4.844932555e+01 -1.053406745e+02 -1.053406745e+02 -1.0280e+00 +1.8578e+00 -1.0804e+00 -1.7591e+00 +1.6931e+00 +1.7757e+00 -2.9873e+00 +2.4141e+00 -2.6314e+00 +3.4026e-01 +4.4223e-01 +4.0103e-01 +2.2150e+00 +9.4524e-01 -9.1004e-01 -7.9533e-01 -2.1373e+00 +2.7082e+00 +6.3342e-01 -7.9811e-01
677745 0 +3.459870713e+01 -1.191912929e+02 -1.191912929e+02 -4.9842e-01 +2.6682e+00 -3.8319e-01 -1.4325e+00 +2.1401e+00 -1.8656e-01 -2.6560e+00 +2.0987e+00 -2.3159e+00 -1.1230e+00 -9.7531e-01 +1.9136e+00 +2.9724e+00 +2.3698e+00 -1.3192e+00 -3.9370e-01 -2.3466e+00 +2.9770e+00 +6.9686e-01 +1.4849e+00
16130963 0 +3.138031183e+01 -1.224096882e+02 -1.224096882e+02 +8.4423e-01 +2.3135e+00 +2.3580e+00 -2.0602e+00 +1.2437e+00 -1.0566e+00 +7.6001e-01 -2.9041e+00 -1.9562e-01 -7.2095e-01 -2.2716e-02 -1.3499e+00 -2.9220e+00 +2.4302e+00 -6.7375e-01 -2.1332e+00 +1.9487e+00 -1.3840e+00 +1.6472e+00 +2.6482e+00
% f evaluations | g evaluations | best noise-free fitness - Fopt (-4.860000000000e+01) + sum g_i+ | measured fitness | best measured fitness or single-digit g-values | x1 | x2...
1 0 +8.008775355e+01 +3.148775355e+01 +3.148775355e+01 +1.2028e+00 +9.2776e-01 -1.4543e+00 -1.0617e-01 +2.3037e+00 +1.5913e+00 -2.9247e+00 -2.6846e+00 +2.1694e+00 -1.1697e+00 -1.6612e+00 +1.6308e+00 -3.7414e-01 +1.4614e+00 +2.0042e+00 -2.8308e+00 -4.3797e-01 +1.2527e+00 +1.9923e+00 +1.8933e+00
3 0 +7.866823282e+01 +3.006823282e+01 +3.006823282e+01 +2.3133e+00 -6.6539e-01 +2.8396e-01 -6.3256e-01 -1.3367e+00 +1.0822e+00 +4.2159e-01 -2.0265e+00 +8.0749e-01 -2.7861e-01 +1.5306e+00 -1.4929e+00 -1.3403e+00 +7.2040e-01 -6.6089e-01 +7.2218e-01 +6.4123e-01 +1.2829e+00 +2.1058e+00 +1.7031e-01
4 0 +7.495696151e+01 +2.635696151e+01 +2.635696151e+01 +2.4733e+00 -1.9538e+00 -4.8813e-01 -2.4565e+00 -1.1031e+00 -2.6484e+00 +7.7857e-01 +4.1517e-01 -1.5990e+00 -1.9219e+00 +5.4524e-01 +1.2217e+00 -1.8148e-01 -8.3344e-01 -1.0220e+00 -8.3803e-01 -1.0917e-01 -2.6678e+00 -2.8106e+00 -1.7471e-01
46 0 +7.293504354e+01 +2.433504354e+01 +2.433504354e+01 -1.7518e+00 -1.4492e-01 -1.1769e+00 -2.4741e+00 +1.8279e-01 +1.1506e+00 -2.3574e-01 +1.9785e+00 +5.9391e-01 -4.4452e-01 -2.2822e+00 +2.7074e+00 +1.5594e+00 +9.3045e-01 -6.4994e-01 -2.7853e-01 +7.8699e-01 -4.4482e-01 +2.4085e+00 +2.3290e+00
59 0 +5.958256458e+01 +1.098256458e+01 +1.098256458e+01 +7.7902e-01 -7.7941e-01 -4.1872e-01 -1.1848e+00 +1.8970e+00 -2.6622e+00 -1.2810e-01 +1.1791e+00 -2.9423e+00 -1.8575e-01 -2.3545e+00 +6.2078e-01 -9.4189e-01 -2.1386e+00 -6.2668e-01 +1.3982e-01 +2.3240e+00 -2.5093e+00 +2.6691e+00 +2.6435e+00
26069 0 +4.931018534e+01 +7.101853417e-01 +7.101853417e-01 +1.0903e+00 -2.4794e+00 -2.7122e+00 -2.5622e+00 +2.0529e-01 +3.0952e-01 +1.3126e-01 +1.3750e+00 -2.3141e+00 +1.0429e+00 +8.6130e-01 -1.1412e+00 -1.1644e-01 -2.4741e+00 -1.0017e+00 -1.8072e+00 +2.3193e+00 -1.3277e+00 +1.2620e+00 +1.4380e+00
35591 0 +4.762552492e+01 -9.744750751e-01 -9.744750751e-01 -1.2101e+00 -7.3593e-01 +1.1683e+00 -2.2243e+00 +2.8929e+00 +1.6200e+00 -1.6506e-01 +2.4591e+00 +2.0268e+00 -9.1637e-01 -1.9460e+00 +1.6221e+00 -7.2950e-02 -2.4727e+00 +7.5329e-01 -2.0456e+00 +1.9332e+00 -6.6157e-01 -1.3600e+00 +2.3875e+00
37645 0 +4.576551088e+01 -2.834489119e+00 -2.834489119e+00 -5.9199e-01 -2.9324e+00 +1.7410e+00 -2.4967e+00 +1.6947e+00 -6.6773e-01 +5.1884e-01 -1.0506e+00 -2.0679e+00 +1.4223e-01 -1.0363e+00 +7.7168e-01 -4.6651e-01 -2.5590e+00 +1.1025e-01 -2.9671e+00 +2.8557e+00 -2.9865e+00 +9.2954e-01 +2.1776e+00
170102 0 +3.822580818e+01 -1.037419182e+01 -1.037419182e+01 -2.6109e+00 -1.1617e+00 +2.0472e+00 +3.7308e-01 -5.6768e-01 +2.0868e+00 -2.6713e+00 +2.4789e+00 -1.2186e+00 +2.4551e+00 -1.7694e+00 +2.4561e+00 +6.1804e-01 -7.9470e-01 +1.2659e-01 +8.8041e-01 +5.9661e-01 -5.1350e-01 -3.8891e-01 +2.2029e+00
301430 0 +3.595476412e+01 -1.264523588e+01 -1.264523588e+01 +1.7387e+00 -1.0756e+00 -1.7376e+00 -2.7511e+00 +1.9709e+00 -2.7746e-03 -1.2299e-01 -2.6345e+00 -1.9178e+00 +1.1166e+00 -7.3729e-01 -2.3282e+00 -2.0417e+00 -2.2097e+00 +7.6796e-01 -1.8179e+00 +1.0867e+00 -2.4244e+00 +1.4223e+00 +1.4226e+00
1078934 0 +2.808135591e+01 -2.051864409e+01 -2.051864409e+01 -1.9943e+00 -1.1630e+00 +4.3614e-01 -1.3686e-01 -2.0590e+00 +1.7831e+00 -1.1807e+00 +2.8744e+00 -1.2473e+00 +1.3088e+00 -2.0889e+00 +2.8452e+00 -2.1466e+00 +6.2839e-01 +5.9955e-01 -1.7572e+00 +2.5797e+00 -2.4668e+00 -7.0582e-02 -1.3995e+00
1600759 0 +2.634355246e+01 -2.225644754e+01 -2.225644754e+01 -1.5629e+00 -4.2746e-01 -2.5258e-01 -2.5875e+00 +8.4878e-01 +1.5375e+00 -1.2532e+00 +2.0505e+00 -3.0585e-01 +1.4409e+00 -1.8670e+00 +2.6876e+00 -7.1410e-01 -8.4952e-01 +2.2736e+00 -2.2891e+00 +2.0386e+00 -1.6431e+00 +1.1243e+00 +2.2674e+00
5340507 0 +2.240806150e+01 -2.619193850e+01 -2.619193850e+01 -2.9634e+00 -1.4867e+00 +9.7630e-02 -4.9901e-01 +1.2820e+00 +2.3531e+00 -1.0933e+00 +2.0894e+00 -2.2634e+00 +1.8188e+00 -2.1122e+00 +2.4862e+00 +1.3319e+00 -1.4315e+00 -1.1431e+00 -1.2413e+00 +2.4099e+00 -1.4051e+00 +2.0880e+00 +1.8994e+00
10205434 0 +2.187348966e+01 -2.672651034e+01 -2.672651034e+01 -2.7615e+00 +7.7394e-02 -3.0617e-01 -1.6571e+00 +4.5727e-01 +2.0548e-01 -1.9900e+00 +2.1420e+00 +1.4205e+00 +2.3610e+00 -2.6167e+00 +2.3948e+00 -1.2188e+00 -5.8795e-01 -1.1547e+00 -1.4227e+00 +2.9044e+00 -2.1591e+00 +5.3956e-01 +6.8592e-01
% f evaluations | g evaluations | best noise-free fitness - Fopt (2.770000000000e+01) + sum g_i+ | measured fitness | best measured fitness or single-digit g-values | x1 | x2...
1 0 +8.079211670e+01 +1.084921167e+02 +1.084921167e+02 -5.1873e-01 -5.1533e-01 -2.8522e+00 +2.9535e+00 +2.6832e+00 -1.8053e-01 -1.0817e+00 -1.6741e+00 -1.9108e+00 -1.2120e+00 -1.2591e+00 -2.8000e-01 +7.1939e-01 -2.8369e+00 +1.9673e+00 -8.4762e-02 +1.0505e+00 +1.5700e+00 +1.6967e-02 -2.4733e-01
4 0 +7.960367587e+01 +1.073036759e+02 +1.073036759e+02 -1.2487e+00 +1.3604e-02 -1.5458e+00 -1.9902e-01 +1.6877e+00 -1.3713e-01 -1.8327e+00 -1.4886e+00 +2.9816e-01 +2.1651e+00 -1.4152e+00 +1.8867e+00 -6.6221e-01 +5.7165e-01 +1.3344e+00 +2.1090e+00 -8.1622e-01 -4.8374e-01 -1.1304e+00 +4.2008e-01
19 0 +7.601007346e+01 +1.037100735e+02 +1.037100735e+02 +3.0156e-02 -1.2876e+00 +1.5825e+00 -2.7712e+00 -2.7230e+00 -2.9973e+00 +1.6135e+00 +2.1190e+00 -1.5828e-01 +1.0234e+00 +1.6715e+00 -1.8869e+00 -1.6720e+00 -1.3862e+00 -2.8171e+00 +2.8756e+00 +1.4178e+00 -2.2545e+00 +6.2883e-01 -2.5726e+00
37 0 +6.938276020e+01 +9.708276020e+01 +9.708276020e+01 +1.4231e+00 +2.6003e+00 +9.1261e-01 -2.8121e+00 +2.6881e+00 +1.1612e+00 -6.5493e-01 +1.6640e+00 -1.9424e+00 +2.5222e+00 -2.1322e+00 +2.3665e+00 -4.2687e-02 -1.6394e+00 -1.5475e+00 -2.7342e+00 -2.4512e+00 -2.5698e+00 +9.5558e-02 +2.6031e+00
392 0 +6.648907546e+01 +9.418907546e+01 +9.418907546e+01 -1.8334e+00 +2.0963e+00 +2.0474e+00 -1.6392e+00 +9.5774e-01 -1.8021e+00 -1.8059e+00 -1.0716e+00 -9.6042e-01 +9.4627e-02 +2.8677e+00 +2.8441e+00 -1.4853e+00 -1.3036e+00 -1.7543e-01 +3.6873e-01 -1.3903e+00 +4.7414e-01 +2.1806e+00 +7.0708e-01
3455 0 +5.463720696e+01 +8.233720696e+01 +8.233720696e+01 +2.1717e+00 -2.5280e+00 -4.3773e-01 -1.9422e+00 -7.3645e-01 -1.6703e+00 +1.2261e+00 +1.4064e+00 +2.6084e-02 +4.4927e-01 +1.7262e+00 -4.1309e-02 -1.8086e+00 -9.8707e-01 +2.9324e+00 -1.7202e+00 -3.6687e-01 -2.7304e+00 -2.2029e+00 -2.7290e+00
13373 0 +5.195849960e+01 +7.965849960e+01 +7.965849960e+01 -2.5847e+00 +1.6921e-01 -1.9925e+00 -2.0028e+00 -2.4411e+00 -1.9218e+00 +2.8149e+00 -2.4308e+00 +1.8317e+00 -3.2687e-01 -2.3043e+00 -2.4602e+00 +1.1933e+00 +1.6047e+00 +1.0018e+00 +2.9466e+00 +2.4126e+00 -1.7262e+00 +1.1871e+00 -2.4137e+00
91709 0 +4.342128018e+01 +7.112128018e+01 +7.112128018e+01 +2.0441e+00 +9.9935e-01 -1.1134e+00 -2.2597e+00 -1.2229e+00 -2.3524e+00 -1.3158e+00 +1.1949e+00 +1.8745e+00 -1.1147e+00 -2.7953e+00 -4.6811e-01 -2.9522e+00 -2.4992e+00 -2.8431e+00 +2.3781e+00 -9.7815e-01 +5.7045e-01 -1.1263e+00 +2.7921e+00
97064 0 +4.204380002e+01 +6.974380002e+01 +6.974380002e+01 +6.4799e-01 +2.6206e+00 +1.0291e+00 +2.2547e+00 -1.8448e+00 +1.2882e+00 +4.7348e-01 +2.4642e+00 +1.3543e+00 -1.2381e+00 -1.1826e+00 +2.9455e+00 -4.0202e-01 -2.2909e-01 +1.9408e+00 -2.0468e+00 +2.6889e+00 +5.4034e-01 +2.1113e+00 +1.4426e+00
340476 0 +3.507140051e+01 +6.277140051e+01 +6.277140051e+01 -5.0577e-01 +1.8032e+00 +2.0208e+00 +1.4878e+00 -2.0003e+00 +4.2608e-01 +8.8008e-01 +7.9466e-01 -6.6891e-01 +2.4573e-01 +9.5409e-01 +2.0987e+00 +2.0555e+00 +2.4937e+00 -1.8573e+00 -1.7593e+00 +2.1697e+00 -1.2750e+00 +2.0803e+00 +1.6244e+00
504457 0 +2.825894013e+01 +5.595894013e+01 +5.595894013e+01 -1.7501e+00 +2.0362e+00 +2.1835e+00 -1.7550e+00 -1.0507e+00 +5.3315e-01 +3.1975e-01 +1.7676e+00 -9.9459e-01 -2.9048e+00 +1.9137e+00 +1.0105e+00 -8.5034e-02 -1.3531e+00 -1.1598e+00 -2.4912e+00 +2.4624e+00 -3.4675e-01 +1.3473e+00 +7.4211e-01
4143652 0 +2.778351539e+01 +5.548351539e+01 +5.548351539e+01 -1.4659e+00 +2.4145e+00 +1.4946e+00 -1.4276e+00 -2.0490e+00 -9.5473e-01 +8.8721e-01 +1.8205e+00 -2.1943e+00 -1.8590e+00 +2.3563e+00 +2.4294e+00 +2.1284e+00 +2.3062e-01 -2.5872e-01 -2.7513e+00 +1.4323e+00 -1.2954e+00 +4.1672e-01 +7.0032e-01
5876238 0 +2.655375978e+01 +5.425375978e+01 +5.425375978e+01 -2.3754e+00 +1.6230e+00 +2.5718e+00 +4.8006e-01 -1.4192e+00 +1.4186e+00 +1.9023e-01 +2.9462e+00 +5.8287e-01 -1.0389e+00 +2.2080e+00 +2.7860e+00 +2.2764e+00 -4.0523e-02 -1.4035e+00 -1.8211e+00 +2.9434e+00 +2.0618e+00 +7.5328e-01 +1.5875e+00
17425168 0 +2.625419946e+01 +5.395419946e+01 +5.395419946e+01 -2.2325e+00 +2.5156e+00 +2.3195e+00 -1.0405e+00 -1.1422e+00 +1.5921e+00 +2.3052e+00 +2.2386e+00 -5.4058e-01 -1.5932e+00 +5.5140e-01 +2.0230e+00 -1.5917e-01 +1.4959e+00 -1.5150e+00 -2.3319e+00 +1.1075e+00 +5.9412e-02 +2.2463e+00 -1.7659e-01
18466921 0 +2.353609323e+01 +5.123609323e+01 +5.123609323e+01 -1.6233e+00 +1.8999e+00 +1.2166e+00 -7.4631e-01 -1.1442e+00 +1.5587e+00 +7.9008e-01 +2.2592e+00 -8.8413e-01 -7.4064e-01 +1.5998e+00 +2.5345e+00 -8.9438e-01 +5.7758e-01 -1.6807e+00 -1.9302e+00 +2.5811e+00 -1.1376e+00 +1.3493e+00 +1.6404e+00
% f evaluations | g evaluations | best noise-free fitness - Fopt (2.993000000000e+01) + sum g_i+ | measured fitness | best measured fitness or single-digit g-values | x1 | x2...
1 0 +8.192745837e+01 +1.118574584e+02 +1.118574584e+02 +1.3834e+00 -1.7298e+00 +5.4109e-01 -1.5691e+00 -4.7475e-01 -1.3800e+00 -4.3389e-01 -5.7054e-01 -1.6338e+00 -1.5462e+00 +1.5026e+00 +1.0386e+00 +2.6464e+00 +1.8088e+00 +8.4810e-01 +2.4888e+00 -2.5788e+00 +1.3712e+00 -1.8591e+00 -4.0740e-01
2 0 +7.291106396e+01 +1.028410640e+02 +1.028410640e+02 +1.9801e+00 +6.9244e-01 +3.6713e-01 -1.6932e+00 +1.3565e-01 +2.9590e+00 +6.7775e-01 +1.1454e+00 -1.6430e+00 -2.9188e+00 +1.2466e+00 +1.2634e+00 -1.8738e-01 -1.6270e+00 +9.2036e-01 +1.0777e+00 -2.4428e+00 +1.6864e+00 -9.0597e-01 +1.8677e+00
3 0 +7.100046227e+01 +1.009304623e+02 +1.009304623e+02 -2.8488e+00 -2.3147e-01 -2.6643e+00 +2.7546e+00 -2.4153e+00 +1.7435e+00 -2.1780e+00 +8.2702e-01 -1.9742e+00 +9.8613e-01 +7.4653e-01 +2.4891e+00 -9.9647e-01 -1.4826e+00 +1.3071e+00 -2.6185e+00 +2.4701e+00 -1.2033e+00 -1.1147e+00 -1.2213e+00
6 0 +7.002748629e+01 +9.995748629e+01 +9.995748629e+01 -1.1558e+00 +3.7823e-01 -4.6193e-01 +2.9746e+00 -3.2869e-01 -3.6800e-01 -1.8932e+00 -6.0711e-01 +1.6821e+00 +1.6525e+00 +1.8186e+00 +1.7804e+00 -2.2356e+00 -2.0139e+00 -1.1324e+00 +2.0038e+00 -2.4644e+00 -6.4970e-01 +1.9008e+00 -1.5302e+00
47 0 +6.812330399e+01 +9.805330399e+01 +9.805330399e+01 -1.5357e-01 +1.1873e-01 -1.8313e+00 -2.8257e+00 -3.5826e-01 -1.1585e+00 -2.0029e+00 +5.2675e-01 +9.2331e-01 -8.6968e-02 +1.1381e-01 +8.8875e-01 +3.6595e-01 +1.9385e+00 -1.3808e+00 -1.5867e+00 -1.8587e+00 +1.4445e+00 -1.0113e+00 -1.9536e+00
991 0 +6.463831574e+01 +9.456831574e+01 +9.456831574e+01 -8.9624e-01 -1.1258e-01 +8.4213e-01 -2.6049e+00 -1.9671e+00 -1.5721e+00 -6.7861e-01 +2.1869e+00 +3.1795e-01 +9.8447e-02 -6.5846e-01 +2.3649e+00 -1.4466e+00 -2.9970e+00 -1.1199e+00 -1.1674e+00 +2.5105e+00 +1.5136e+00 +2.4199e+00 +1.6699e+00
3980 0 +6.395227290e+01 +9.388227290e+01 +9.388227290e+01 +7.3975e-02 -8.3223e-01 -2.7274e+00 -1.8262e+00 -2.3745e+00 -2.8706e+00 -1.0506e+00 -2.7524e+00 +1.5358e+00 +1.1337e+00 -2.8559e+00 -1.3185e+00 +1.4610e+00 +3.3421e-01 +1.3192e+00 -2.7280e+00 -1.0825e+00 +1.5003e+00 -1.0265e+00 -2.2019e+00
6093 0 +5.633094753e+01 +8.626094753e+01 +8.626094753e+01 +1.1882e+00 -9.1745e-02 -1.5932e+00 -1.6074e+00 -2.3898e-01 -1.8934e+00 -7.2960e-02 +2.4123e+00 +1.1735e+00 -8.0732e-01 +1.1398e+00 -2.4135e+00 -5.7934e-01 -2.8072e+00 +2.9854e+00 +5.8687e-01 +2.6497e+00 +5.9753e-01 +1.0414e+00 +1.8541e+00
21018 0 +5.501862151e+01 +8.494862151e+01 +8.494862151e+01 -1.1583e+00 +2.4532e+00 +9.3066e-02 -2.5624e+00 +2.8314e-01 +4.5530e-02 -2.4099e+00 +1.7709e+00 +2.8937e+00 +4.5591e-01 +2.8275e+00 -1.7274e+00 +2.1130e+00 -1.5342e+00 +1.6022e+00 +1.0140e+00 +2.7204e+00 +1.0231e+00 -4.6338e-01 +2.1327e+00
48833 0 +5.293262684e+01 +8.286262684e+01 +8.286262684e+01 +3.2168e-01 +2.6923e+00 -9.8946e-01 -9.4410e-01 -1.8901e+00 +7.9711e-01 +3.7142e-02 +2.9783e+00 +2.4160e+00 -2.5242e+00 +1.8389e+00 -3.3891e-01 -1.3727e+00 -2.7016e+00 +2.2882e+00 +8.5977e-01 +2.1502e+00 +1.4443e+00 -1.6757e+00 +2.0031e+00
76917 0 +4.618621487e+01 +7.611621487e+01 +7.611621487e+01 +2.9778e+00 -1.9740e+00 -1.8881e+00 -9.1461e-01 -2.2947e+00 +1.0096e+00 +2.5126e+00 +2.4035e+00 -1.6510e+00 -2.5469e+00 +2.2781e+00 +9.8556e-01 -5.6358e-01 -1.8110e+00 -2.2401e+00 -1.0129e+00 +9.8511e-01 +1.3502e+00 +1.3849e+00 +1.9385e+00
80442 0 +3.283166548e+01 +6.276166548e+01 +6.276166548e+01 -1.0487e+00 -1.6429e+00 +7.9581e-02 -2.4666e+00 -1.1069e+00 -2.4029e+00 -1.8013e+00 +1.7866e+00 +2.8441e+00 -1.6909e+00 +1.6304e+00 -2.7103e-01 +1.3696e-01 -1.6728e+00 +2.1410e+00 +1.3302e+00 +2.5254e+00 +7.0020e-02 -1.0191e+00 +2.5196e+00
261447 0 +2.780388719e+01 +5.773388719e+01 +5.773388719e+01 -1.2959e+00 +1.1256e+00 +2.8195e-01 -1.6332e+00 +6.0155e-01 -1.8124e+00 +1.3008e+00 +2.8675e+00 +2.0826e+00 -5.8400e-01 +2.1000e+00 -3.1701e-02 -4.9522e-01 -9.9478e-01 +2.2124e+00 +1.1351e+00 +2.4409e+00 +1.2857e+00 +9.1379e-01 +2.4641e+00
2762332 0 +2.717377064e+01 +5.710377064e+01 +5.710377064e+01 -7.0899e-01 +1.4454e+00 +1.1239e+00 -2.3030e+00 +2.1449e+00 +1.0497e+00 -1.7856e+00 +2.3855e+00 +2.3945e+00 -1.0604e+00 +2.1710e+00 +2.8844e+00 +6.3198e-02 -2.4834e+00 +2.9817e+00 +5.1250e-01 +2.2122e+00 +6.3537e-01 +4.6256e-01 +2.7867e+00
9350847 0 +2.435167375e+01 +5.428167375e+01 +5.428167375e+01 +1.8503e+00 -2.1638e+00 -1.9597e+00 -1.3522e+00 -1.9326e+00 +1.0632e+00 +2.3563e+00 +1.0231e+00 -2.2202e+00 -1.5766e+00 +2.3761e+00 +2.2067e+00 +1.0494e+00 -2.8358e+00 -4.6112e-01 -2.0613e+00 -1.9094e+00 -1.4943e+00 -2.0541e-01 +3.2022e-02
% f evaluations | g evaluations | best noise-free fitness - Fopt (-1.983000000000e+01) + sum g_i+ | measured fitness | best measured fitness or single-digit g-values | x1 | x2...
1 0 +7.981040965e+01 +5.998040965e+01 +5.998040965e+01 +2.4502e+00 -2.4878e-01 -2.8610e+00 +1.0835e+00 -1.4096e-01 +2.9367e+00 -2.8292e-01 +9.0146e-01 -1.7403e+00 +1.3106e+00 +7.1676e-01 -6.7370e-01 +2.7501e+00 -8.0869e-01 +1.3404e+00 -7.5089e-01 -2.2430e+00 +2.4750e+00 +1.9586e-01 -8.6340e-01
2 0 +7.950099206e+01 +5.967099206e+01 +5.967099206e+01 +2.6687e+00 -1.7390e+00 +2.3656e+00 -2.6761e+00 +2.6585e-02 +2.0777e+00 +2.5517e+00 -1.2197e+00 -2.3193e+00 +1.4700e+00 -8.5486e-01 +1.7117e+00 -1.2178e+00 +3.1319e-01 +6.3374e-01 +2.0773e+00 -2.2525e+00 +1.8993e+00 +1.1898e+00 -4.4153e-02
5 0 +7.843479771e+01 +5.860479771e+01 +5.860479771e+01 +1.4169e-01 -7.3711e-01 +7.0101e-01 +9.7725e-01 -1.0878e+00 +1.8421e+00 +1.4690e+00 -2.0549e+00 -1.0615e+00 -1.3419e+00 +2.8453e+00 -4.1279e-01 -1.4631e+00 +4.4304e-01 -1.8187e+00 -3.1511e-01 +9.6001e-01 -2.6771e+00 +1.6667e+00 -6.9243e-01
8 0 +7.442496266e+01 +5.459496266e+01 +5.459496266e+01 +1.4690e+00 +1.6255e-01 +6.4169e-01 -2.4460e+00 +3.3530e-01 -9.8750e-02 -4.0977e-01 -1.4895e+00 +2.7063e+00 -2.0117e+00 -1.5726e+00 +2.8655e+00 +1.3002e+00 +1.2041e+00 -1.2319e+00 -1.3364e+00 +4.0606e-01 -1.4191e+00 -4.9700e-01 +1.6778e+00
12 0 +7.378562750e+01 +5.395562750e+01 +5.395562750e+01 -1.7536e+00 +2.4241e+00 +7.0356e-01 -3.0298e-01 +3.2883e-01 +1.2752e+00 -2.4742e+00 +2.8010e-01 +2.6727e+00 +3.8350e-01 +1.4799e+00 -1.3899e+00 -2.4401e+00 -1.3907e+00 +1.2415e+00 +8.5984e-01 -2.0443e+00 +9.4604e-01 -2.9850e+00 +1.8892e+00
13 0 +6.837800177e+01 +4.854800177e+01 +4.854800177e+01 -2.0924e+00 +7.4589e-01 +8.3092e-01 -1.0590e-01 +1.4593e+00 +1.4372e+00 +2.2301e+00 -2.7995e+00 +2.2686e+00 +1.4589e+00 -1.0494e+00 -2.5276e+00 +8.2139e-01 +9.5799e-01 +2.6580e-01 +2.2371e+00 -2.5915e+00 -1.3240e+00 +2.5180e+00 -9.4367e-01
399 0 +6.392764643e+01 +4.409764643e+01 +4.409764643e+01 +1.8101e+00 -1.3867e+00 +1.1581e+00 -5.2389e-01 +2.0361e+00 -2.4579e+00 +8.7975e-02 -1.3760e+00 +8.8606e-03 -1.9990e+00 +6.7382e-01 +5.0394e-01 -9.2667e-01 +1.6858e+00 +7.2532e-01 +1.1299e-01 -1.3268e+00 +6.5563e-01 +3.9981e-01 +1.3593e+00
499 0 +6.300178274e+01 +4.317178274e+01 +4.317178274e+01 -2.6565e-02 -5.6829e-01 +1.0152e+00 +9.4074e-01 -1.7967e+00 -2.6488e+00 -1.7233e+00 -1.0712e+00 -1.6312e+00 -7.8698e-01 +9.2823e-01 -1.0536e+00 +1.7674e+00 -1.3837e-02 +1.5962e+00 +2.1938e+00 +1.7956e+00 -2.5395e+00 -1.9275e+00 +2.5073e+00
554 0 +5.925833973e+01 +3.942833973e+01 +3.942833973e+01 +1.6014e+00 +1.4157e+00 +2.6014e+00 +1.4254e+00 -1.2007e+00 -9.1182e-01 -5.7310e-01 -2.8652e+00 -1.1444e+00 -1.3253e+00 +8.1367e-01 -4.3216e-01 -1.5636e+00 -1.4736e+00 +2.0108e+00 +2.8240e+00 +5.7853e-01 -1.6173e+00 -3.9504e-01 +2.1092e+00
621 0 +4.533269472e+01 +2.550269472e+01 +2.550269472e+01 +1.8119e+00 +2.0814e-01 +8.5730e-01 -9.6088e-01 -1.0481e+00 -1.2016e+00 +6.3641e-01 -2.5646e+00 +1.3895e+00 -6.3970e-01 -5.2987e-01 -4.3407e-01 -2.7719e-02 +1.3244e+00 +2.0236e+00 -2.1217e-01 -4.4596e-01 -1.6985e+00 -1.6743e+00 +2.7790e+00
2315 0 +4.002521464e+01 +2.019521464e+01 +2.019521464e+01 -2.8562e+00 +1.7421e+00 +1.8852e+00 -7.4792e-01 +3.6340e-02 +1.1812e+00 -9.3916e-01 -9.0497e-01 +1.2691e+00 -2.6486e+00 -1.3361e+00 -6.5269e-02 +1.4514e+00 -1.1065e+00 +1.7054e+00 +2.1696e+00 -8.0644e-01 -2.2859e+00 -1.4746e+00 +1.5698e+00
12499 0 +2.940678648e+01 +9.576786479e+00 +9.576786479e+00 +1.4680e+00 +7.3997e-01 -4.8895e-01 +1.2339e+00 +1.3433e+00 +2.5582e-01 +2.6385e+00 -2.6380e+00 +1.6631e+00 -2.8694e+00 -2.6716e+00 +1.2078e+00 +1.2207e+00 +8.0990e-01 -5.9073e-01 +1.4772e+00 +2.0191e+00 +7.6425e-01 -1.2569e+00 +1.4040e+00
17566 0 +1.887928598e+01 -9.507140220e-01 -9.507140220e-01 -1.3801e+00 -6.9919e-02 -2.3532e+00 -3.6890e-02 +8.1908e-01 +8.5006e-01 +1.8075e+00 -1.8193e+00 +2.8266e-01 -1.3209e+00 -1.3616e+00 +1.2104e+00 -3.9880e-01 -3.5793e-01 +1.4904e+00 +1.8902e+00 +9.0067e-01 -9.0064e-01 -2.2572e+00 +1.5809e+00
48647 0 +1.829264677e+01 -1.537353226e+00 -1.537353226e+00 +8.7077e-01 +5.5799e-01 -1.2333e-01 -2.5475e-01 -1.5930e+00 +4.1801e-01 +1.3164e+00 -2.5960e-01 +4.6468e-01 -2.3207e+00 -9.4881e-01 +2.1512e+00 +1.4174e+00 -3.0942e-01 +1.4453e+00 +1.7041e+00 +2.6990e+00 -2.1498e+00 -2.8525e+00 +1.2699e+00
206035 0 +1.742228289e+01 -2.407717114e+00 -2.407717114e+00 +1.0276e+00 -3.2468e-01 +2.7682e+00 -2.9069e+00 +7.8296e-01 -1.7829e+00 +1.9431e+00 -1.0605e+00 -1.5445e+00 -2.9610e+00 -6.9658e-01 +8.0951e-01 +2.5973e+00 +5.1834e-01 +2.8069e+00 +1.8152e+00 -1.0631e+00 -1.2003e+00 -2.6255e+00 +3.0541e-01
560005 0 +1.281517291e+01 -7.014827090e+00 -7.014827090e+00 +1.9839e+00 -6.5101e-01 +2.3830e+00 -5.8237e-01 +1.0058e+00 +1.1522e+00 +1.7984e+00 -1.4143e+00 -1.7731e-01 -2.6554e+00 -2.8543e+00 +1.4231e-01 +2.5210e+00 -9.7272e-02 +2.0665e+00 +2.1058e+00 +7.4241e-01 -1.1970e+00 -2.2283e+00 +1.0910e+00
2920233 0 +9.750937136e+00 -1.007906286e+01 -1.007906286e+01 -2.9734e-01 -8.4567e-01 +2.3619e+00 +1.5220e-03 -1.2212e-01 -9.9463e-01 +1.8334e+00 -1.1360e+00 -1.0031e-01 -2.3947e+00 -2.4349e+00 -8.5133e-01 +2.8806e+00 +1.1730e+00 +1.6321e+00 +6.6552e-01 -2.4138e-01 -9.1433e-03 -2.6328e+00 +1.7152e+00
3738864 0 +7.960181834e+00 -1.186981817e+01 -1.186981817e+01 +1.4027e+00 +1.0022e+00 +7.5191e-01 +1.0604e+00 +3.1382e-01 -1.9155e+00 +1.2168e+00 -1.6892e+00 -1.5228e-01 -2.3328e+00 -1.7779e+00 +8.0554e-01 +8.6075e-02 +1.5318e+00 +1.4220e+00 +2.0351e+00 -4.5024e-02 -8.8265e-01 -1.9661e+00 +1.3245e+00
