% f evaluations | g evaluations | best noise-free fitness - Fopt (2.997000000000e+01) + sum g_i+ | measured fitness | best measured fitness or single-digit g-values | x1 | x2...
1 0 +1.177641280e+03 +1.207611280e+03 +1.207611280e+03 +1.6667e+00 +1.6667e+00 +1.6667e+00
2 0 +5.736312789e+02 +6.036012789e+02 +6.036012789e+02 -1.6667e+00 -1.6667e+00 -1.6667e+00
4 0 +4.306355602e+02 +4.606055602e+02 +4.606055602e+02 +3.3333e+00 -1.6667e+00 -1.6667e+00
11 0 +3.354477429e+02 +3.654177429e+02 +3.654177429e+02 +2.9670e+00 -1.9365e+00 -1.8494e+00
15 0 +1.094119349e+02 +1.393819349e+02 +1.393819349e+02 +1.1936e+00 -3.2912e+00 -2.7187e+00
19 0 +8.044732123e+01 +1.104173212e+02 +1.104173212e+02 +1.9670e+00 -2.7020e+00 -2.4359e+00
23 0 +4.003154274e+01 +7.000154274e+01 +7.000154274e+01 +1.5580e+00 -3.0214e+00 -2.6641e+00
27 0 +2.509343796e+01 +5.506343796e+01 +5.506343796e+01 +1.7302e+00 -2.8577e+00 -2.6031e+00
31 0 +2.395355769e+01 +5.392355769e+01 +5.392355769e+01 +1.6021e+00 -2.8988e+00 -2.6180e+00
36 0 +2.080849514e+01 +5.077849514e+01 +5.077849514e+01 +1.6271e+00 -2.9012e+00 -2.6669e+00
41 0 +1.835101058e+01 +4.832101058e+01 +4.832101058e+01 +1.6694e+00 -2.8274e+00 -2.6654e+00
45 0 +1.356873783e+01 +4.353873783e+01 +4.353873783e+01 +1.6211e+00 -2.8246e+00 -2.6673e+00
50 0 +1.239341092e+01 +4.236341092e+01 +4.236341092e+01 +1.6212e+00 -2.8135e+00 -2.6842e+00
57 0 +1.224937685e+01 +4.221937685e+01 +4.221937685e+01 +1.6196e+00 -2.8032e+00 -2.6881e+00
61 0 +1.127941711e+01 +4.124941711e+01 +4.124941711e+01 +1.5884e+00 -2.7629e+00 -2.7203e+00
65 0 +9.539843986e+00 +3.950984399e+01 +3.950984399e+01 +1.5280e+00 -2.6774e+00 -2.7997e+00
69 0 +2.989020179e+00 +3.295902018e+01 +3.295902018e+01 +1.1959e+00 -2.1883e+00 -3.2376e+00
73 0 +8.244197183e-01 +3.079441972e+01 +3.079441972e+01 +9.0933e-01 -1.7635e+00 -3.6139e+00
77 0 +4.294586555e-01 +3.039945866e+01 +3.039945866e+01 +8.7580e-01 -1.7100e+00 -3.6587e+00
83 0 +2.736393942e-01 +3.024363939e+01 +3.024363939e+01 +8.5512e-01 -1.6727e+00 -3.6869e+00
87 0 +8.327396845e-02 +3.005327397e+01 +3.005327397e+01 +8.7081e-01 -1.6995e+00 -3.6652e+00
92 0 +6.814979562e-03 +2.997681498e+01 +2.997681498e+01 +8.7161e-01 -1.6998e+00 -3.6645e+00
105 0 +2.722496234e-03 +2.997272250e+01 +2.997272250e+01 +8.7157e-01 -1.6998e+00 -3.6645e+00
110 0 +2.656200879e-03 +2.997265620e+01 +2.997265620e+01 +8.7162e-01 -1.6999e+00 -3.6644e+00
121 0 +1.094410733e-03 +2.997109441e+01 +2.997109441e+01 +8.7163e-01 -1.6999e+00 -3.6644e+00
131 0 +7.567028302e-04 +2.997075670e+01 +2.997075670e+01 +8.7230e-01 -1.7009e+00 -3.6635e+00
135 0 +2.139253859e-04 +2.997021393e+01 +2.997021393e+01 +8.7239e-01 -1.7010e+00 -3.6634e+00
137 0 +2.134048466e-04 +2.997021340e+01 +2.997021340e+01 +8.7239e-01 -1.7010e+00 -3.6634e+00
148 0 +1.291115027e-04 +2.997012911e+01 +2.997012911e+01 +8.7377e-01 -1.7031e+00 -3.6616e+00
149 0 +1.271507206e-04 +2.997012715e+01 +2.997012715e+01 +8.7377e-01 -1.7031e+00 -3.6616e+00
151 0 +1.241674615e-04 +2.997012417e+01 +2.997012417e+01 +8.7377e-01 -1.7031e+00 -3.6616e+00
161 0 +1.211067727e-04 +2.997012111e+01 +2.997012111e+01 +8.7377e-01 -1.7031e+00 -3.6616e+00
171 0 +3.106620936e-05 +2.997003107e+01 +2.997003107e+01 +8.7377e-01 -1.7031e+00 -3.6616e+00
172 0 +2.913807805e-05 +2.997002914e+01 +2.997002914e+01 +8.7377e-01 -1.7031e+00 -3.6616e+00
174 0 +2.648373587e-05 +2.997002648e+01 +2.997002648e+01 +8.7377e-01 -1.7031e+00 -3.6616e+00
183 0 +1.884290564e-05 +2.997001884e+01 +2.997001884e+01 +8.7377e-01 -1.7031e+00 -3.6616e+00
185 0 +1.825571955e-05 +2.997001826e+01 +2.997001826e+01 +8.7377e-01 -1.7031e+00 -3.6616e+00
193 0 +1.480059011e-05 +2.997001480e+01 +2.997001480e+01 +8.7377e-01 -1.7031e+00 -3.6616e+00
194 0 +1.318228123e-05 +2.997001318e+01 +2.997001318e+01 +8.7377e-01 -1.7031e+00 -3.6616e+00
196 0 +1.194111396e-05 +2.997001194e+01 +2.997001194e+01 +8.7377e-01 -1.7031e+00 -3.6616e+00
205 0 +9.511572991e-06 +2.997000951e+01 +2.997000951e+01 +8.7377e-01 -1.7031e+00 -3.6616e+00
230 0 +9.142919197e-06 +2.997000914e+01 +2.997000914e+01 +8.7377e-01 -1.7031e+00 -3.6616e+00
% f evaluations | g evaluations | best noise-free fitness - Fopt (-5.171000000000e+01) + sum g_i+ | measured fitness | best measured fitness or single-digit g-values | x1 | x2...
1 0 +9.146756083e+02 +8.629656083e+02 +8.629656083e+02 +1.6667e+00 +1.6667e+00 +1.6667e+00
6 0 +4.211256940e+02 +3.694156940e+02 +3.694156940e+02 +3.3333e+00 +3.3333e+00 -1.6667e+00
15 0 +2.324200663e+02 +1.807100663e+02 +1.807100663e+02 +3.1827e+00 +2.8640e+00 -2.1673e+00
21 0 +1.171113876e+02 +6.540138764e+01 +6.540138764e+01 +3.0473e+00 +2.3848e+00 -2.8719e+00
25 0 +5.961518994e+01 +7.905189943e+00 +7.905189943e+00 +3.1774e+00 +2.6483e+00 -2.9781e+00
32 0 +2.652143084e+01 -2.518856916e+01 -2.518856916e+01 +3.3113e+00 +2.8851e+00 -3.2296e+00
37 0 +1.079322827e+01 -4.091677173e+01 -4.091677173e+01 +3.3076e+00 +2.8585e+00 -3.3257e+00
44 0 +6.406273708e+00 -4.530372629e+01 -4.530372629e+01 +3.2911e+00 +2.8276e+00 -3.3147e+00
50 0 +3.416627006e+00 -4.829337299e+01 -4.829337299e+01 +3.2812e+00 +2.8158e+00 -3.2874e+00
55 0 +3.341334510e+00 -4.836866549e+01 -4.836866549e+01 +3.2792e+00 +2.8233e+00 -3.2713e+00
59 0 +1.554136645e+00 -5.015586335e+01 -5.015586335e+01 +3.2797e+00 +2.8295e+00 -3.2888e+00
64 0 +1.105600366e+00 -5.060439963e+01 -5.060439963e+01 +3.2760e+00 +2.8267e+00 -3.2866e+00
70 0 +1.080402610e+00 -5.062959739e+01 -5.062959739e+01 +3.2744e+00 +2.8270e+00 -3.2842e+00
74 0 +1.011170561e+00 -5.069882944e+01 -5.069882944e+01 +3.2712e+00 +2.8310e+00 -3.2869e+00
78 0 +7.809150388e-01 -5.092908496e+01 -5.092908496e+01 +3.2678e+00 +2.8312e+00 -3.2868e+00
92 0 +7.313432056e-01 -5.097865679e+01 -5.097865679e+01 +3.2576e+00 +2.8359e+00 -3.2879e+00
96 0 +7.120286286e-01 -5.099797137e+01 -5.099797137e+01 +3.2529e+00 +2.8381e+00 -3.2883e+00
100 0 +6.956865773e-01 -5.101431342e+01 -5.101431342e+01 +3.2431e+00 +2.8426e+00 -3.2895e+00
104 0 +6.258505084e-01 -5.108414949e+01 -5.108414949e+01 +3.2081e+00 +2.8585e+00 -3.2936e+00
108 0 +3.815903521e-01 -5.132840965e+01 -5.132840965e+01 +3.0526e+00 +2.9290e+00 -3.3112e+00
112 0 +1.117611923e-01 -5.159823881e+01 -5.159823881e+01 +2.6566e+00 +3.1089e+00 -3.3561e+00
116 0 +1.005812327e-01 -5.160941877e+01 -5.160941877e+01 +2.6486e+00 +3.1125e+00 -3.3570e+00
120 0 +4.092055122e-02 -5.166907945e+01 -5.166907945e+01 +2.6462e+00 +3.1136e+00 -3.3570e+00
126 0 +4.036522325e-02 -5.166963478e+01 -5.166963478e+01 +2.6477e+00 +3.1130e+00 -3.3565e+00
130 0 +1.492915793e-03 -5.170850708e+01 -5.170850708e+01 +2.6077e+00 +3.1311e+00 -3.3612e+00
137 0 +1.241094488e-03 -5.170875891e+01 -5.170875891e+01 +2.6128e+00 +3.1288e+00 -3.3606e+00
149 0 +9.759126597e-04 -5.170902409e+01 -5.170902409e+01 +2.6128e+00 +3.1288e+00 -3.3606e+00
163 0 +3.371241492e-04 -5.170966288e+01 -5.170966288e+01 +2.6128e+00 +3.1288e+00 -3.3606e+00
166 0 +3.291560450e-04 -5.170967084e+01 -5.170967084e+01 +2.6128e+00 +3.1288e+00 -3.3606e+00
174 0 +3.090358800e-04 -5.170969096e+01 -5.170969096e+01 +2.6128e+00 +3.1288e+00 -3.3606e+00
176 0 +3.088767544e-04 -5.170969112e+01 -5.170969112e+01 +2.6128e+00 +3.1288e+00 -3.3606e+00
182 0 +1.660786980e-04 -5.170983392e+01 -5.170983392e+01 +2.6129e+00 +3.1288e+00 -3.3606e+00
183 0 +1.620908424e-04 -5.170983791e+01 -5.170983791e+01 +2.6129e+00 +3.1288e+00 -3.3606e+00
184 0 +1.551722136e-04 -5.170984483e+01 -5.170984483e+01 +2.6129e+00 +3.1288e+00 -3.3606e+00
199 0 +1.503720578e-04 -5.170984963e+01 -5.170984963e+01 +2.6129e+00 +3.1288e+00 -3.3606e+00
202 0 +1.400717911e-04 -5.170985993e+01 -5.170985993e+01 +2.6129e+00 +3.1288e+00 -3.3606e+00
218 0 +1.345853735e-04 -5.170986541e+01 -5.170986541e+01 +2.6129e+00 +3.1288e+00 -3.3606e+00
% f evaluations | g evaluations | best noise-free fitness - Fopt (-2.799500000000e+02) + sum g_i+ | measured fitness | best measured fitness or single-digit g-values | x1 | x2...
1 0 +1.923712047e+03 +1.643762047e+03 +1.643762047e+03 +1.6667e+00 +1.6667e+00 +1.6667e+00
2 0 +1.527627641e+03 +1.247677641e+03 +1.247677641e+03 -1.6667e+00 -1.6667e+00 -1.6667e+00
5 0 +4.582434335e+02 +1.782934335e+02 +1.782934335e+02 -3.3333e+00 -3.3333e+00 +1.6667e+00
15 0 +2.249497429e+02 -5.500025712e+01 -5.500025712e+01 -3.3842e+00 -3.9359e+00 +2.1339e+00
19 0 +2.075523253e+02 -7.239767466e+01 -7.239767466e+01 -3.4432e+00 -4.9947e+00 +2.9957e+00
23 0 +6.928631676e+01 -2.106636832e+02 -2.106636832e+02 -3.3716e+00 -4.7026e+00 +2.5868e+00
30 0 +5.271023967e+01 -2.272397603e+02 -2.272397603e+02 -3.2718e+00 -4.5086e+00 +2.3895e+00
34 0 +2.409041775e+01 -2.558595822e+02 -2.558595822e+02 -3.2014e+00 -4.5355e+00 +2.5678e+00
39 0 +2.057334519e+01 -2.593766548e+02 -2.593766548e+02 -3.0295e+00 -4.4793e+00 +2.7484e+00
43 0 +7.431879560e+00 -2.725181204e+02 -2.725181204e+02 -3.0384e+00 -4.4384e+00 +2.6871e+00
48 0 +4.603130591e+00 -2.753468694e+02 -2.753468694e+02 -3.0773e+00 -4.4573e+00 +2.6769e+00
55 0 +4.115644859e+00 -2.758343551e+02 -2.758343551e+02 -3.0726e+00 -4.4557e+00 +2.6861e+00
60 0 +3.705283027e+00 -2.762447170e+02 -2.762447170e+02 -3.0627e+00 -4.4423e+00 +2.7003e+00
64 0 +2.780110193e+00 -2.771698898e+02 -2.771698898e+02 -3.0784e+00 -4.4394e+00 +2.7007e+00
69 0 +2.743099028e+00 -2.772069010e+02 -2.772069010e+02 -3.0820e+00 -4.4365e+00 +2.7062e+00
78 0 +2.427393685e+00 -2.775226063e+02 -2.775226063e+02 -3.0998e+00 -4.4194e+00 +2.7253e+00
82 0 +2.322128692e+00 -2.776278713e+02 -2.776278713e+02 -3.1238e+00 -4.4000e+00 +2.7490e+00
86 0 +1.917998867e+00 -2.780320011e+02 -2.780320011e+02 -3.1686e+00 -4.3598e+00 +2.7973e+00
90 0 +5.025701998e-01 -2.794474298e+02 -2.794474298e+02 -3.3956e+00 -4.1568e+00 +3.0406e+00
94 0 +1.556238210e-01 -2.797943762e+02 -2.797943762e+02 -3.6608e+00 -3.9225e+00 +3.3203e+00
98 0 +3.333713383e-02 -2.799166629e+02 -2.799166629e+02 -3.6170e+00 -3.9606e+00 +3.2752e+00
105 0 +2.349775639e-02 -2.799265022e+02 -2.799265022e+02 -3.6067e+00 -3.9694e+00 +3.2647e+00
110 0 +1.235118558e-02 -2.799376488e+02 -2.799376488e+02 -3.6049e+00 -3.9713e+00 +3.2625e+00
116 0 +6.491259501e-03 -2.799435087e+02 -2.799435087e+02 -3.6095e+00 -3.9673e+00 +3.2673e+00
121 0 +5.249702776e-03 -2.799447503e+02 -2.799447503e+02 -3.6172e+00 -3.9604e+00 +3.2755e+00
123 0 +5.234994927e-03 -2.799447650e+02 -2.799447650e+02 -3.6172e+00 -3.9604e+00 +3.2755e+00
125 0 +2.062863769e-03 -2.799479371e+02 -2.799479371e+02 -3.6150e+00 -3.9623e+00 +3.2732e+00
130 0 +1.262460290e-03 -2.799487375e+02 -2.799487375e+02 -3.6187e+00 -3.9591e+00 +3.2771e+00
136 0 +1.080257136e-03 -2.799489197e+02 -2.799489197e+02 -3.6179e+00 -3.9598e+00 +3.2763e+00
145 0 +1.527820338e-04 -2.799498472e+02 -2.799498472e+02 -3.6179e+00 -3.9597e+00 +3.2763e+00
146 0 +1.489010664e-04 -2.799498511e+02 -2.799498511e+02 -3.6179e+00 -3.9597e+00 +3.2763e+00
160 0 +1.359415793e-04 -2.799498641e+02 -2.799498641e+02 -3.6179e+00 -3.9597e+00 +3.2763e+00
161 0 +1.315401695e-04 -2.799498685e+02 -2.799498685e+02 -3.6179e+00 -3.9597e+00 +3.2763e+00
162 0 +1.253450606e-04 -2.799498747e+02 -2.799498747e+02 -3.6179e+00 -3.9597e+00 +3.2763e+00
173 0 +5.950850880e-05 -2.799499405e+02 -2.799499405e+02 -3.6179e+00 -3.9598e+00 +3.2763e+00
181 0 +3.403140920e-05 -2.799499660e+02 -2.799499660e+02 -3.6179e+00 -3.9598e+00 +3.2763e+00
182 0 +3.191492306e-05 -2.799499681e+02 -2.799499681e+02 -3.6179e+00 -3.9598e+00 +3.2763e+00
183 0 +1.935611181e-05 -2.799499806e+02 -2.799499806e+02 -3.6179e+00 -3.9598e+00 +3.2763e+00
201 0 +6.154662344e-06 -2.799499938e+02 -2.799499938e+02 -3.6179e+00 -3.9598e+00 +3.2763e+00
202 0 +2.793653380e-06 -2.799499972e+02 -2.799499972e+02 -3.6179e+00 -3.9598e+00 +3.2763e+00
% f evaluations | g evaluations | best noise-free fitness - Fopt (9.319900000000e+02) + sum g_i+ | measured fitness | best measured fitness or single-digit g-values | x1 | x2...
1 0 +1.093887603e+02 +1.041378760e+03 +1.041378760e+03 +1.6667e+00 +1.6667e+00 +1.6667e+00
18 0 +1.073575564e+02 +1.039347556e+03 +1.039347556e+03 +8.3333e-01 +8.3333e-01 +3.3333e+00
56 0 +7.851529280e+01 +1.010505293e+03 +1.010505293e+03 +2.0833e+00 +2.0833e+00 +2.0833e+00
57 0 +2.789440191e+01 +9.598844019e+02 +9.598844019e+02 +1.0417e+00 +4.1667e-01 +2.9167e+00
75 0 +1.445032987e+01 +9.464403299e+02 +9.464403299e+02 +1.1552e+00 +3.8236e-01 +2.9531e+00
79 0 +1.202814757e+01 +9.440181476e+02 +9.440181476e+02 +1.1678e+00 +4.5290e-01 +3.1542e+00
83 0 +7.776591518e+00 +9.397665915e+02 +9.397665915e+02 +1.1241e+00 +4.4963e-01 +3.0439e+00
87 0 +7.112299150e+00 +9.391022992e+02 +9.391022992e+02 +1.1684e+00 +4.3420e-01 +3.0203e+00
91 0 +4.531220884e+00 +9.365212209e+02 +9.365212209e+02 +1.1617e+00 +4.6728e-01 +3.0821e+00
95 0 +4.401868601e+00 +9.363918686e+02 +9.363918686e+02 +1.1498e+00 +4.6935e-01 +3.0313e+00
99 0 +2.777237506e+00 +9.347672375e+02 +9.347672375e+02 +1.1693e+00 +4.7270e-01 +3.0382e+00
104 0 +1.833021351e+00 +9.338230214e+02 +9.338230214e+02 +1.1694e+00 +4.8300e-01 +3.0495e+00
110 0 +1.661507051e+00 +9.336515071e+02 +9.336515071e+02 +1.1676e+00 +4.8834e-01 +3.0467e+00
114 0 +1.504379340e+00 +9.334943793e+02 +9.334943793e+02 +1.1734e+00 +4.9655e-01 +3.0365e+00
118 0 +1.155800492e+00 +9.331458005e+02 +9.331458005e+02 +1.1782e+00 +5.0721e-01 +3.0384e+00
123 0 +1.106481629e+00 +9.330964816e+02 +9.330964816e+02 +1.1803e+00 +5.1428e-01 +3.0366e+00
127 0 +1.092365733e+00 +9.330823657e+02 +9.330823657e+02 +1.1882e+00 +5.3201e-01 +3.0287e+00
131 0 +8.683995323e-01 +9.328583995e+02 +9.328583995e+02 +1.1974e+00 +5.5302e-01 +3.0238e+00
136 0 +8.305432523e-01 +9.328205433e+02 +9.328205433e+02 +1.2230e+00 +6.1282e-01 +3.0104e+00
140 0 +5.926590753e-01 +9.325826591e+02 +9.325826591e+02 +1.2402e+00 +6.5331e-01 +2.9979e+00
144 0 +3.632195550e-01 +9.323532196e+02 +9.323532196e+02 +1.3111e+00 +8.1997e-01 +2.9445e+00
148 0 +1.558594162e-01 +9.321458594e+02 +9.321458594e+02 +1.3142e+00 +8.2682e-01 +2.9445e+00
154 0 +1.455119316e-01 +9.321355119e+02 +9.321355119e+02 +1.3160e+00 +8.3064e-01 +2.9460e+00
158 0 +6.625708792e-03 +9.319966257e+02 +9.319966257e+02 +1.3296e+00 +8.6269e-01 +2.9355e+00
170 0 +6.265493890e-03 +9.319962655e+02 +9.319962655e+02 +1.3297e+00 +8.6270e-01 +2.9355e+00
175 0 +6.148277251e-03 +9.319961483e+02 +9.319961483e+02 +1.3297e+00 +8.6273e-01 +2.9355e+00
179 0 +5.747534186e-03 +9.319957475e+02 +9.319957475e+02 +1.3361e+00 +8.7793e-01 +2.9311e+00
183 0 +1.093254918e-03 +9.319910933e+02 +9.319910933e+02 +1.3388e+00 +8.8407e-01 +2.9294e+00
196 0 +8.131641432e-04 +9.319908132e+02 +9.319908132e+02 +1.3388e+00 +8.8407e-01 +2.9294e+00
198 0 +8.124787125e-04 +9.319908125e+02 +9.319908125e+02 +1.3388e+00 +8.8407e-01 +2.9294e+00
201 0 +7.100549057e-04 +9.319907101e+02 +9.319907101e+02 +1.3388e+00 +8.8407e-01 +2.9294e+00
208 0 +4.558188162e-04 +9.319904558e+02 +9.319904558e+02 +1.3392e+00 +8.8498e-01 +2.9291e+00
215 0 +4.404042654e-04 +9.319904404e+02 +9.319904404e+02 +1.3389e+00 +8.8434e-01 +2.9293e+00
218 0 +4.361816117e-04 +9.319904362e+02 +9.319904362e+02 +1.3389e+00 +8.8434e-01 +2.9293e+00
223 0 +1.333014255e-04 +9.319901333e+02 +9.319901333e+02 +1.3389e+00 +8.8434e-01 +2.9293e+00
232 0 +4.659070976e-05 +9.319900466e+02 +9.319900466e+02 +1.3389e+00 +8.8434e-01 +2.9293e+00
234 0 +4.535902929e-05 +9.319900454e+02 +9.319900454e+02 +1.3389e+00 +8.8434e-01 +2.9293e+00
242 0 +1.687905967e-05 +9.319900169e+02 +9.319900169e+02 +1.3389e+00 +8.8434e-01 +2.9293e+00
243 0 +1.658146448e-05 +9.319900166e+02 +9.319900166e+02 +1.3389e+00 +8.8434e-01 +2.9293e+00
245 0 +1.295783738e-05 +9.319900130e+02 +9.319900130e+02 +1.3389e+00 +8.8434e-01 +2.9293e+00
254 0 +1.109914035e-05 +9.319900111e+02 +9.319900111e+02 +1.3389e+00 +8.8434e-01 +2.9293e+00
256 0 +9.872403325e-06 +9.319900099e+02 +9.319900099e+02 +1.3389e+00 +8.8434e-01 +2.9293e+00
% f evaluations | g evaluations | best noise-free fitness - Fopt (1.133100000000e+02) + sum g_i+ | measured fitness | best measured fitness or single-digit g-values | x1 | x2...
1 0 +1.291318140e+02 +2.424418140e+02 +2.424418140e+02 +1.6667e+00 +1.6667e+00 +1.6667e+00
42 0 +1.008548769e+02 +2.141648769e+02 +2.141648769e+02 +2.0833e+00 +2.0833e+00 +8.3333e-01
48 0 +4.244695487e+01 +1.557569549e+02 +1.557569549e+02 +2.0833e+00 +3.3333e+00 +8.3333e-01
62 0 +2.313366717e+01 +1.364436672e+02 +1.364436672e+02 +1.9741e+00 +3.1976e+00 +6.9809e-01
66 0 +4.823266363e+00 +1.181332664e+02 +1.181332664e+02 +2.1444e+00 +3.0847e+00 +5.9951e-01
72 0 +4.399192003e+00 +1.177091920e+02 +1.177091920e+02 +2.1580e+00 +3.1084e+00 +6.2175e-01
77 0 +4.313700760e+00 +1.176237008e+02 +1.176237008e+02 +2.1103e+00 +3.1386e+00 +6.4667e-01
81 0 +7.722845131e-01 +1.140822845e+02 +1.140822845e+02 +2.1318e+00 +3.1114e+00 +6.1933e-01
86 0 +7.054596459e-01 +1.140154596e+02 +1.140154596e+02 +2.1357e+00 +3.1155e+00 +6.2215e-01
92 0 +5.419819463e-01 +1.138519819e+02 +1.138519819e+02 +2.1325e+00 +3.1177e+00 +6.2359e-01
97 0 +2.712873873e-01 +1.135812874e+02 +1.135812874e+02 +2.1309e+00 +3.1171e+00 +6.2053e-01
101 0 +2.002012926e-01 +1.135102013e+02 +1.135102013e+02 +2.1337e+00 +3.1169e+00 +6.1816e-01
105 0 +1.502132440e-01 +1.134602132e+02 +1.134602132e+02 +2.1324e+00 +3.1192e+00 +6.1869e-01
110 0 +9.028190953e-02 +1.134002819e+02 +1.134002819e+02 +2.1322e+00 +3.1195e+00 +6.1759e-01
116 0 +5.924585466e-02 +1.133692459e+02 +1.133692459e+02 +2.1325e+00 +3.1196e+00 +6.1680e-01
121 0 +5.816703078e-02 +1.133681670e+02 +1.133681670e+02 +2.1329e+00 +3.1204e+00 +6.1585e-01
125 0 +3.358740026e-02 +1.133435874e+02 +1.133435874e+02 +2.1327e+00 +3.1216e+00 +6.1497e-01
130 0 +3.035703500e-02 +1.133403570e+02 +1.133403570e+02 +2.1328e+00 +3.1221e+00 +6.1425e-01
136 0 +2.811453865e-02 +1.133381145e+02 +1.133381145e+02 +2.1328e+00 +3.1225e+00 +6.1386e-01
141 0 +2.524874660e-02 +1.133352487e+02 +1.133352487e+02 +2.1329e+00 +3.1235e+00 +6.1282e-01
145 0 +2.320916856e-02 +1.133332092e+02 +1.133332092e+02 +2.1329e+00 +3.1253e+00 +6.1096e-01
149 0 +2.016034109e-02 +1.133301603e+02 +1.133301603e+02 +2.1331e+00 +3.1275e+00 +6.0853e-01
153 0 +1.405011652e-02 +1.133240501e+02 +1.133240501e+02 +2.1335e+00 +3.1353e+00 +6.0020e-01
157 0 +5.434697248e-03 +1.133154347e+02 +1.133154347e+02 +2.1343e+00 +3.1495e+00 +5.8514e-01
161 0 +7.013568724e-04 +1.133107014e+02 +1.133107014e+02 +2.1349e+00 +3.1606e+00 +5.7337e-01
167 0 +5.928936319e-04 +1.133105929e+02 +1.133105929e+02 +2.1348e+00 +3.1593e+00 +5.7472e-01
178 0 +5.665691562e-04 +1.133105666e+02 +1.133105666e+02 +2.1348e+00 +3.1593e+00 +5.7472e-01
179 0 +5.616290450e-04 +1.133105616e+02 +1.133105616e+02 +2.1348e+00 +3.1593e+00 +5.7472e-01
199 0 +5.475266639e-04 +1.133105475e+02 +1.133105475e+02 +2.1348e+00 +3.1593e+00 +5.7472e-01
212 0 +5.345590526e-04 +1.133105346e+02 +1.133105346e+02 +2.1348e+00 +3.1593e+00 +5.7472e-01
230 0 +5.228549977e-04 +1.133105229e+02 +1.133105229e+02 +2.1348e+00 +3.1593e+00 +5.7472e-01
% f evaluations | g evaluations | best noise-free fitness - Fopt (-1.562000000000e+01) + sum g_i+ | measured fitness | best measured fitness or single-digit g-values | x1 | x2...
1 0 +6.459268212e+02 +6.303068212e+02 +6.303068212e+02 +1.6667e+00 +1.6667e+00 +1.6667e+00
5 0 +2.147917026e+02 +1.991717026e+02 +1.991717026e+02 +1.6667e+00 -3.3333e+00 +1.6667e+00
15 0 +7.364897030e+01 +5.802897030e+01 +5.802897030e+01 +2.1883e+00 -2.9531e+00 +1.3299e+00
19 0 +3.825820599e+01 +2.263820599e+01 +2.263820599e+01 +1.9925e+00 -3.0052e+00 +1.1425e+00
25 0 +3.540178407e+01 +1.978178407e+01 +1.978178407e+01 +1.7884e+00 -2.9943e+00 +7.1863e-01
29 0 +7.578748476e+00 -8.041251524e+00 -8.041251524e+00 +1.9327e+00 -2.9560e+00 +8.8651e-01
34 0 +7.051754005e+00 -8.568245995e+00 -8.568245995e+00 +1.9113e+00 -2.9709e+00 +9.1514e-01
40 0 +5.687953758e+00 -9.932046242e+00 -9.932046242e+00 +1.9001e+00 -2.9674e+00 +8.8810e-01
45 0 +3.500780341e+00 -1.211921966e+01 -1.211921966e+01 +1.9069e+00 -2.9531e+00 +8.7677e-01
49 0 +2.930834513e+00 -1.268916549e+01 -1.268916549e+01 +1.9110e+00 -2.9499e+00 +9.0120e-01
53 0 +2.426839614e+00 -1.319316039e+01 -1.319316039e+01 +1.9006e+00 -2.9467e+00 +8.9058e-01
58 0 +1.939911355e+00 -1.368008865e+01 -1.368008865e+01 +1.9009e+00 -2.9417e+00 +8.8973e-01
64 0 +1.697476975e+00 -1.392252303e+01 -1.392252303e+01 +1.9012e+00 -2.9392e+00 +8.9302e-01
69 0 +1.652687118e+00 -1.396731288e+01 -1.396731288e+01 +1.8990e+00 -2.9355e+00 +8.9652e-01
73 0 +1.474195481e+00 -1.414580452e+01 -1.414580452e+01 +1.8949e+00 -2.9295e+00 +8.9616e-01
78 0 +1.432248213e+00 -1.418775179e+01 -1.418775179e+01 +1.8931e+00 -2.9255e+00 +8.9717e-01
87 0 +1.341556254e+00 -1.427844375e+01 -1.427844375e+01 +1.8840e+00 -2.9089e+00 +9.0185e-01
91 0 +1.292930142e+00 -1.432706986e+01 -1.432706986e+01 +1.8440e+00 -2.8369e+00 +9.1896e-01
95 0 +1.173794138e+00 -1.444620586e+01 -1.444620586e+01 +1.8238e+00 -2.8000e+00 +9.2856e-01
99 0 +6.904585900e-01 -1.492954141e+01 -1.492954141e+01 +1.7335e+00 -2.6345e+00 +9.7183e-01
103 0 +1.129181248e-01 -1.550708188e+01 -1.550708188e+01 +1.4732e+00 -2.1565e+00 +1.0977e+00
107 0 +6.615550153e-02 -1.555384450e+01 -1.555384450e+01 +1.4980e+00 -2.2023e+00 +1.0852e+00
111 0 +3.731541669e-02 -1.558268458e+01 -1.558268458e+01 +1.5053e+00 -2.2155e+00 +1.0816e+00
118 0 +2.234950833e-02 -1.559765049e+01 -1.559765049e+01 +1.5111e+00 -2.2258e+00 +1.0789e+00
122 0 +6.808046059e-03 -1.561319195e+01 -1.561319195e+01 +1.4954e+00 -2.1971e+00 +1.0865e+00
131 0 +5.322791746e-03 -1.561467721e+01 -1.561467721e+01 +1.4816e+00 -2.1719e+00 +1.0930e+00
136 0 +3.726556580e-03 -1.561627344e+01 -1.561627344e+01 +1.4805e+00 -2.1699e+00 +1.0935e+00
148 0 +3.565044660e-03 -1.561643496e+01 -1.561643496e+01 +1.4777e+00 -2.1647e+00 +1.0948e+00
163 0 +2.987700374e-03 -1.561701230e+01 -1.561701230e+01 +1.4760e+00 -2.1617e+00 +1.0956e+00
174 0 +2.230597478e-03 -1.561776940e+01 -1.561776940e+01 +1.4747e+00 -2.1592e+00 +1.0963e+00
192 0 +2.122542094e-03 -1.561787746e+01 -1.561787746e+01 +1.4747e+00 -2.1592e+00 +1.0963e+00
42436 0 +1.097682984e-03 -1.561890232e+01 -1.561890232e+01 +1.4912e+00 -2.1894e+00 +1.0884e+00
% f evaluations | g evaluations | best noise-free fitness - Fopt (-7.368000000000e+01) + sum g_i+ | measured fitness | best measured fitness or single-digit g-values | x1 | x2...
1 0 +7.354425794e+02 +6.617625794e+02 +6.617625794e+02 +1.6667e+00 +1.6667e+00 +1.6667e+00
4 0 +3.057626052e+02 +2.320826052e+02 +2.320826052e+02 +3.3333e+00 -1.6667e+00 -1.6667e+00
11 0 +1.949729125e+02 +1.212929125e+02 +1.212929125e+02 +3.3083e+00 -1.1552e+00 -1.5392e+00
17 0 +1.446837608e+02 +7.100376082e+01 +7.100376082e+01 +3.2473e+00 -5.1989e-01 -1.3903e+00
21 0 +1.316384013e+02 +5.795840128e+01 +5.795840128e+01 +3.2218e+00 -8.7511e-01 -1.4224e+00
25 0 +9.886257641e+01 +2.518257641e+01 +2.518257641e+01 +3.1543e+00 -7.2853e-01 -1.3670e+00
36 0 +9.763541301e+01 +2.395541301e+01 +2.395541301e+01 +3.1364e+00 -6.8988e-01 -1.3654e+00
45 0 +9.452849029e+01 +2.084849029e+01 +2.084849029e+01 +3.0254e+00 -7.6623e-01 -1.1858e+00
49 0 +8.975424967e+01 +1.607424967e+01 +1.607424967e+01 +2.9722e+00 -7.6581e-01 -1.1085e+00
53 0 +7.941883653e+01 +5.738836525e+00 +5.738836525e+00 +2.7076e+00 -7.6219e-01 -7.3256e-01
57 0 +6.464762378e+01 -9.032376223e+00 -9.032376223e+00 +2.4337e+00 -8.2561e-01 -3.0954e-01
61 0 +2.477701596e+01 -4.890298404e+01 -4.890298404e+01 +1.2249e+00 -1.1198e+00 +1.5615e+00
65 0 +4.065505473e+00 -6.961449453e+01 -6.961449453e+01 -4.3619e-02 -1.3602e+00 +3.4960e+00
69 0 +3.595829469e+00 -7.008417053e+01 -7.008417053e+01 -4.7614e-01 -1.4171e+00 +4.1499e+00
73 0 +8.626313449e-02 -7.359373687e+01 -7.359373687e+01 -2.8979e-01 -1.3948e+00 +3.8717e+00
85 0 +3.140427102e-02 -7.364859573e+01 -7.364859573e+01 -2.8987e-01 -1.3943e+00 +3.8717e+00
95 0 +2.754131461e-02 -7.365245869e+01 -7.365245869e+01 -2.8991e-01 -1.3946e+00 +3.8717e+00
102 0 +2.688737006e-02 -7.365311263e+01 -7.365311263e+01 -2.8996e-01 -1.3946e+00 +3.8717e+00
106 0 +9.887277927e-03 -7.367011272e+01 -7.367011272e+01 -2.9359e-01 -1.3951e+00 +3.8773e+00
110 0 +8.673803411e-03 -7.367132620e+01 -7.367132620e+01 -2.9209e-01 -1.3949e+00 +3.8750e+00
114 0 +1.604265619e-03 -7.367839573e+01 -7.367839573e+01 -2.9116e-01 -1.3947e+00 +3.8736e+00
125 0 +1.229825693e-03 -7.367877017e+01 -7.367877017e+01 -2.9116e-01 -1.3947e+00 +3.8736e+00
139 0 +1.118292316e-03 -7.367888171e+01 -7.367888171e+01 -2.9115e-01 -1.3947e+00 +3.8736e+00
156 0 +9.666633268e-04 -7.367903334e+01 -7.367903334e+01 -2.9115e-01 -1.3947e+00 +3.8736e+00
165 0 +9.410466694e-04 -7.367905895e+01 -7.367905895e+01 -2.9115e-01 -1.3947e+00 +3.8736e+00
176 0 +9.296100850e-04 -7.367907039e+01 -7.367907039e+01 -2.9115e-01 -1.3947e+00 +3.8736e+00
195 0 +9.027471801e-04 -7.367909725e+01 -7.367909725e+01 -2.9115e-01 -1.3947e+00 +3.8736e+00
206 0 +8.906268024e-04 -7.367910937e+01 -7.367910937e+01 -2.9115e-01 -1.3947e+00 +3.8736e+00
236 0 +8.702546405e-04 -7.367912975e+01 -7.367912975e+01 -2.9113e-01 -1.3947e+00 +3.8736e+00
% f evaluations | g evaluations | best noise-free fitness - Fopt (-9.632000000000e+01) + sum g_i+ | measured fitness | best measured fitness or single-digit g-values | x1 | x2...
1 0 +6.115051107e+02 +5.151851107e+02 +5.151851107e+02 +1.6667e+00 +1.6667e+00 +1.6667e+00
4 0 +2.653756114e+02 +1.690556114e+02 +1.690556114e+02 +3.3333e+00 -1.6667e+00 -1.6667e+00
11 0 +1.134901830e+02 +1.717018295e+01 +1.717018295e+01 +3.3544e+00 -9.2793e-01 -1.7836e+00
15 0 +6.441635620e+01 -3.190364380e+01 -3.190364380e+01 +3.0778e+00 -1.0182e+00 -1.9103e+00
32 0 +6.289183382e+01 -3.342816618e+01 -3.342816618e+01 +3.0360e+00 -9.4143e-01 -1.9447e+00
36 0 +5.672112549e+01 -3.959887451e+01 -3.959887451e+01 +3.0070e+00 -9.8331e-01 -1.8922e+00
40 0 +5.356564107e+01 -4.275435893e+01 -4.275435893e+01 +3.0195e+00 -9.5887e-01 -1.8665e+00
44 0 +5.180581557e+01 -4.451418443e+01 -4.451418443e+01 +2.9827e+00 -9.5691e-01 -1.8509e+00
53 0 +5.041181033e+01 -4.590818967e+01 -4.590818967e+01 +2.9519e+00 -9.4013e-01 -1.7781e+00
57 0 +4.836226085e+01 -4.795773915e+01 -4.795773915e+01 +2.9085e+00 -9.2750e-01 -1.7265e+00
67 0 +4.461070836e+01 -5.170929164e+01 -5.170929164e+01 +2.6549e+00 -8.4725e-01 -1.3827e+00
71 0 +2.987690830e+01 -6.644309170e+01 -6.644309170e+01 +2.0767e+00 -6.3650e-01 -5.3882e-01
75 0 +6.782738851e+00 -8.953726115e+01 -8.953726115e+01 -3.4606e-01 +2.4862e-01 +3.0148e+00
79 0 +4.871733923e+00 -9.144826608e+01 -9.144826608e+01 -4.3407e-01 +2.7434e-01 +3.1289e+00
84 0 +8.593974345e-01 -9.546060257e+01 -9.546060257e+01 -5.0426e-01 +2.8334e-01 +3.1942e+00
89 0 +6.224457180e-01 -9.569755428e+01 -9.569755428e+01 -5.6923e-01 +3.0862e-01 +3.2952e+00
93 0 +4.359333111e-01 -9.588406669e+01 -9.588406669e+01 -7.3963e-01 +3.6648e-01 +3.5441e+00
97 0 +1.042691116e-01 -9.621573089e+01 -9.621573089e+01 -6.8443e-01 +3.4762e-01 +3.4606e+00
102 0 +6.865788770e-02 -9.625134211e+01 -9.625134211e+01 -6.7779e-01 +3.4550e-01 +3.4525e+00
108 0 +5.628477984e-02 -9.626371522e+01 -9.626371522e+01 -6.8131e-01 +3.4652e-01 +3.4576e+00
113 0 +1.871050330e-02 -9.630128950e+01 -9.630128950e+01 -6.8327e-01 +3.4718e-01 +3.4599e+00
119 0 +1.264685439e-02 -9.630735315e+01 -9.630735315e+01 -6.8274e-01 +3.4705e-01 +3.4590e+00
124 0 +6.999775744e-03 -9.631300022e+01 -9.631300022e+01 -6.8240e-01 +3.4696e-01 +3.4587e+00
129 0 +3.821569813e-03 -9.631617843e+01 -9.631617843e+01 -6.7895e-01 +3.4571e-01 +3.4537e+00
135 0 +2.595110941e-03 -9.631740489e+01 -9.631740489e+01 -6.7828e-01 +3.4547e-01 +3.4527e+00
151 0 +1.617457657e-03 -9.631838254e+01 -9.631838254e+01 -6.7538e-01 +3.4444e-01 +3.4485e+00
160 0 +1.537325145e-03 -9.631846267e+01 -9.631846267e+01 -6.7538e-01 +3.4444e-01 +3.4485e+00
168 0 +1.483606000e-03 -9.631851639e+01 -9.631851639e+01 -6.7538e-01 +3.4444e-01 +3.4485e+00
179 0 +1.444264170e-03 -9.631855574e+01 -9.631855574e+01 -6.7529e-01 +3.4441e-01 +3.4484e+00
188 0 +1.360438675e-03 -9.631863956e+01 -9.631863956e+01 -6.7529e-01 +3.4441e-01 +3.4484e+00
% f evaluations | g evaluations | best noise-free fitness - Fopt (-3.080300000000e+02) + sum g_i+ | measured fitness | best measured fitness or single-digit g-values | x1 | x2...
1 0 +4.585606811e+02 +1.505306811e+02 +1.505306811e+02 +1.6667e+00 +1.6667e+00 +1.6667e+00
8 0 +3.907368201e+02 +8.270682014e+01 +8.270682014e+01 -1.6667e+00 +3.3333e+00 -1.6667e+00
17 0 +2.365874584e+02 -7.144254161e+01 -7.144254161e+01 -1.0659e+00 +3.1781e+00 -1.7285e+00
22 0 +1.384035703e+02 -1.696264297e+02 -1.696264297e+02 +3.9780e-01 +2.7226e+00 -1.8815e+00
26 0 +4.444878410e+01 -2.635812159e+02 -2.635812159e+02 -3.2431e-01 +2.8904e+00 -1.8331e+00
31 0 +9.728640974e+00 -2.983013590e+02 -2.983013590e+02 -1.6727e-01 +2.7964e+00 -1.8627e+00
38 0 +8.782441072e+00 -2.992475589e+02 -2.992475589e+02 -1.6611e-01 +2.7395e+00 -1.8800e+00
43 0 +6.906854304e+00 -3.011231457e+02 -3.011231457e+02 -2.0591e-01 +2.7440e+00 -1.8841e+00
47 0 +4.020100424e+00 -3.040098996e+02 -3.040098996e+02 -1.8650e-01 +2.7755e+00 -1.8841e+00
51 0 +3.974784205e+00 -3.040552158e+02 -3.040552158e+02 -1.8485e-01 +2.7556e+00 -1.8955e+00
55 0 +3.374221823e+00 -3.046557782e+02 -3.046557782e+02 -1.9490e-01 +2.7654e+00 -1.8999e+00
63 0 +2.298356979e+00 -3.057316430e+02 -3.057316430e+02 -1.8716e-01 +2.7686e+00 -1.9131e+00
68 0 +2.141489140e+00 -3.058885109e+02 -3.058885109e+02 -1.8971e-01 +2.7709e+00 -1.9174e+00
73 0 +2.090183620e+00 -3.059398164e+02 -3.059398164e+02 -1.8849e-01 +2.7746e+00 -1.9218e+00
77 0 +1.912353341e+00 -3.061176467e+02 -3.061176467e+02 -1.8760e-01 +2.7748e+00 -1.9305e+00
81 0 +1.814428602e+00 -3.062155714e+02 -3.062155714e+02 -1.8844e-01 +2.7771e+00 -1.9386e+00
89 0 +1.709932733e+00 -3.063200673e+02 -3.063200673e+02 -1.8740e-01 +2.7840e+00 -1.9652e+00
93 0 +1.574435366e+00 -3.064555646e+02 -3.064555646e+02 -1.8734e-01 +2.7908e+00 -1.9914e+00
97 0 +1.297455717e+00 -3.067325443e+02 -3.067325443e+02 -1.8621e-01 +2.8272e+00 -2.1289e+00
101 0 +9.047172342e-01 -3.071252828e+02 -3.071252828e+02 -1.8406e-01 +2.8731e+00 -2.3054e+00
105 0 +3.940105978e-01 -3.076359894e+02 -3.076359894e+02 -1.7830e-01 +2.9886e+00 -2.7504e+00
109 0 +2.987073219e-01 -3.077312927e+02 -3.077312927e+02 -1.7733e-01 +3.0010e+00 -2.7988e+00
114 0 +8.728752377e-02 -3.079427125e+02 -3.079427125e+02 -1.7550e-01 +3.0124e+00 -2.8450e+00
118 0 +5.623284448e-02 -3.079737672e+02 -3.079737672e+02 -1.7572e-01 +3.0114e+00 -2.8403e+00
123 0 +3.048099132e-02 -3.079995190e+02 -3.079995190e+02 -1.7562e-01 +3.0107e+00 -2.8359e+00
127 0 +2.399059194e-02 -3.080060094e+02 -3.080060094e+02 -1.7533e-01 +3.0135e+00 -2.8475e+00
129 0 +2.398701999e-02 -3.080060130e+02 -3.080060130e+02 -1.7533e-01 +3.0135e+00 -2.8475e+00
131 0 +1.366625498e-02 -3.080163337e+02 -3.080163337e+02 -1.7541e-01 +3.0145e+00 -2.8514e+00
136 0 +6.325963718e-03 -3.080236740e+02 -3.080236740e+02 -1.7540e-01 +3.0142e+00 -2.8500e+00
142 0 +4.571103291e-03 -3.080254289e+02 -3.080254289e+02 -1.7538e-01 +3.0140e+00 -2.8492e+00
143 0 +4.570709929e-03 -3.080254293e+02 -3.080254293e+02 -1.7538e-01 +3.0140e+00 -2.8492e+00
146 0 +4.309857252e-03 -3.080256901e+02 -3.080256901e+02 -1.7541e-01 +3.0136e+00 -2.8481e+00
150 0 +1.484056290e-03 -3.080285159e+02 -3.080285159e+02 -1.7540e-01 +3.0139e+00 -2.8491e+00
156 0 +1.437135734e-03 -3.080285629e+02 -3.080285629e+02 -1.7544e-01 +3.0131e+00 -2.8457e+00
162 0 +1.084479761e-03 -3.080289155e+02 -3.080289155e+02 -1.7544e-01 +3.0131e+00 -2.8460e+00
171 0 +6.361677177e-04 -3.080293638e+02 -3.080293638e+02 -1.7544e-01 +3.0131e+00 -2.8460e+00
183 0 +6.308308900e-04 -3.080293692e+02 -3.080293692e+02 -1.7544e-01 +3.0131e+00 -2.8460e+00
191 0 +6.018176753e-04 -3.080293982e+02 -3.080293982e+02 -1.7544e-01 +3.0131e+00 -2.8460e+00
% f evaluations | g evaluations | best noise-free fitness - Fopt (1.746100000000e+02) + sum g_i+ | measured fitness | best measured fitness or single-digit g-values | x1 | x2...
1 0 +6.687144544e+02 +8.433244544e+02 +8.433244544e+02 +1.6667e+00 +1.6667e+00 +1.6667e+00
2 0 +1.770751300e+02 +3.516851300e+02 +3.516851300e+02 -1.6667e+00 -1.6667e+00 -1.6667e+00
17 0 +1.206603104e+02 +2.952703104e+02 +2.952703104e+02 -8.3333e-01 -8.3333e-01 -3.3333e+00
29 0 +6.509079995e+01 +2.397007999e+02 +2.397007999e+02 -9.0032e-01 -5.7205e-01 -3.0360e+00
34 0 +6.349474472e+01 +2.381047447e+02 +2.381047447e+02 -9.1089e-01 -4.0392e-01 -2.5706e+00
38 0 +2.924113229e+01 +2.038511323e+02 +2.038511323e+02 -8.2653e-01 -5.7511e-01 -2.6827e+00
44 0 +2.255631418e+01 +1.971663142e+02 +1.971663142e+02 -7.6552e-01 -6.7198e-01 -2.6354e+00
48 0 +1.977126954e+01 +1.943812695e+02 +1.943812695e+02 -6.9601e-01 -6.7631e-01 -2.4664e+00
52 0 +1.263214962e+01 +1.872421496e+02 +1.872421496e+02 -6.9899e-01 -6.1699e-01 -2.5577e+00
57 0 +1.124327682e+01 +1.858532768e+02 +1.858532768e+02 -6.7235e-01 -6.3084e-01 -2.5571e+00
63 0 +1.035559617e+01 +1.849655962e+02 +1.849655962e+02 -6.5347e-01 -6.2932e-01 -2.5401e+00
67 0 +9.706650008e+00 +1.843166500e+02 +1.843166500e+02 -5.8801e-01 -5.9140e-01 -2.5313e+00
71 0 +7.633164311e+00 +1.822431643e+02 +1.822431643e+02 -5.2709e-01 -5.7196e-01 -2.5362e+00
76 0 +7.357596413e+00 +1.819675964e+02 +1.819675964e+02 -2.6417e-01 -4.9804e-01 -2.5406e+00
80 0 +5.170005704e+00 +1.797800057e+02 +1.797800057e+02 -1.5999e-01 -4.5720e-01 -2.5300e+00
84 0 +4.520836961e+00 +1.791308370e+02 +1.791308370e+02 +2.4141e-01 -2.9022e-01 -2.4769e+00
88 0 +1.463807152e+00 +1.760738072e+02 +1.760738072e+02 +2.2518e-01 -3.0689e-01 -2.4918e+00
95 0 +8.293867687e-01 +1.754393868e+02 +1.754393868e+02 +2.1951e-01 -3.1568e-01 -2.5009e+00
99 0 +3.608895431e-01 +1.749708895e+02 +1.749708895e+02 +3.0345e-01 -2.8263e-01 -2.4923e+00
103 0 +1.431757627e-01 +1.747531758e+02 +1.747531758e+02 +3.3166e-01 -2.7433e-01 -2.4929e+00
107 0 +9.487838546e-02 +1.747048784e+02 +1.747048784e+02 +3.5408e-01 -2.6571e-01 -2.4907e+00
111 0 +3.941439821e-02 +1.746494144e+02 +1.746494144e+02 +3.6249e-01 -2.6288e-01 -2.4911e+00
122 0 +1.419656720e-02 +1.746241966e+02 +1.746241966e+02 +3.6250e-01 -2.6296e-01 -2.4907e+00
129 0 +1.330287684e-02 +1.746233029e+02 +1.746233029e+02 +3.6316e-01 -2.6283e-01 -2.4906e+00
133 0 +1.142653191e-02 +1.746214265e+02 +1.746214265e+02 +3.6789e-01 -2.6113e-01 -2.4905e+00
137 0 +1.247135488e-03 +1.746112471e+02 +1.746112471e+02 +3.6832e-01 -2.6096e-01 -2.4904e+00
143 0 +5.946511428e-04 +1.746105947e+02 +1.746105947e+02 +3.6838e-01 -2.6095e-01 -2.4904e+00
154 0 +3.444033032e-04 +1.746103444e+02 +1.746103444e+02 +3.6838e-01 -2.6095e-01 -2.4904e+00
166 0 +7.642855755e-05 +1.746100764e+02 +1.746100764e+02 +3.6982e-01 -2.6044e-01 -2.4903e+00
168 0 +7.579320422e-05 +1.746100758e+02 +1.746100758e+02 +3.6982e-01 -2.6044e-01 -2.4903e+00
169 0 +7.363048951e-05 +1.746100736e+02 +1.746100736e+02 +3.6982e-01 -2.6044e-01 -2.4903e+00
177 0 +5.947500708e-05 +1.746100595e+02 +1.746100595e+02 +3.6982e-01 -2.6044e-01 -2.4903e+00
185 0 +3.609327632e-05 +1.746100361e+02 +1.746100361e+02 +3.6982e-01 -2.6044e-01 -2.4903e+00
188 0 +3.176122280e-05 +1.746100318e+02 +1.746100318e+02 +3.6982e-01 -2.6044e-01 -2.4903e+00
194 0 +2.600923312e-05 +1.746100260e+02 +1.746100260e+02 +3.6982e-01 -2.6044e-01 -2.4903e+00
203 0 +9.629276150e-06 +1.746100096e+02 +1.746100096e+02 +3.6982e-01 -2.6044e-01 -2.4903e+00
219 0 +9.509583009e-06 +1.746100095e+02 +1.746100095e+02 +3.6982e-01 -2.6044e-01 -2.4903e+00
220 0 +9.270100009e-06 +1.746100093e+02 +1.746100093e+02 +3.6982e-01 -2.6044e-01 -2.4903e+00
% f evaluations | g evaluations | best noise-free fitness - Fopt (2.342000000000e+01) + sum g_i+ | measured fitness | best measured fitness or single-digit g-values | x1 | x2...
1 0 +1.086204899e+03 +1.109624899e+03 +1.109624899e+03 +1.6667e+00 +1.6667e+00 +1.6667e+00
2 0 +3.812672651e+02 +4.046872651e+02 +4.046872651e+02 -1.6667e+00 -1.6667e+00 -1.6667e+00
7 0 +2.223071561e+02 +2.457271561e+02 +2.457271561e+02 +1.6667e+00 -3.3333e+00 +1.6667e+00
17 0 +1.356075149e+02 +1.590275149e+02 +1.590275149e+02 +1.6787e+00 -2.8032e+00 +1.6700e+00
21 0 +1.261760431e+02 +1.495960431e+02 +1.495960431e+02 +2.0672e+00 -2.0874e+00 +1.3952e+00
25 0 +5.259620422e+01 +7.601620422e+01 +7.601620422e+01 +2.0871e+00 -2.4181e+00 +1.3428e+00
32 0 +4.503953991e+01 +6.845953991e+01 +6.845953991e+01 +2.1753e+00 -2.5064e+00 +1.2580e+00
36 0 +3.653394629e+01 +5.995394629e+01 +5.995394629e+01 +2.2533e+00 -2.3585e+00 +1.1709e+00
40 0 +3.243565086e+01 +5.585565086e+01 +5.585565086e+01 +2.1407e+00 -2.4146e+00 +1.2237e+00
44 0 +3.001435471e+01 +5.343435471e+01 +5.343435471e+01 +2.1766e+00 -2.4301e+00 +1.1659e+00
48 0 +2.828712341e+01 +5.170712341e+01 +5.170712341e+01 +2.1753e+00 -2.3766e+00 +1.1320e+00
52 0 +2.571101254e+01 +4.913101254e+01 +4.913101254e+01 +2.1267e+00 -2.4050e+00 +1.1388e+00
56 0 +2.438810035e+01 +4.780810035e+01 +4.780810035e+01 +2.1309e+00 -2.4051e+00 +1.0954e+00
60 0 +2.333850717e+01 +4.675850717e+01 +4.675850717e+01 +2.1142e+00 -2.3865e+00 +1.0687e+00
64 0 +2.246742123e+01 +4.588742123e+01 +4.588742123e+01 +2.0807e+00 -2.3951e+00 +1.0467e+00
68 0 +2.108783644e+01 +4.450783644e+01 +4.450783644e+01 +2.0603e+00 -2.3912e+00 +9.9700e-01
72 0 +2.026455493e+01 +4.368455493e+01 +4.368455493e+01 +2.0137e+00 -2.3764e+00 +9.1645e-01
76 0 +1.798059628e+01 +4.140059628e+01 +4.140059628e+01 +1.9229e+00 -2.3650e+00 +7.8685e-01
80 0 +8.067219597e+00 +3.148721960e+01 +3.148721960e+01 +1.2183e+00 -2.2745e+00 -2.5757e-01
84 0 +3.236541508e+00 +2.665654151e+01 +2.665654151e+01 +5.8038e-01 -2.1820e+00 -1.2248e+00
88 0 +1.797576091e+00 +2.521757609e+01 +2.521757609e+01 +3.1334e-01 -2.1395e+00 -1.6405e+00
92 0 +1.403104894e+00 +2.482310489e+01 +2.482310489e+01 +7.0361e-02 -2.0940e+00 -2.0399e+00
96 0 +4.541832773e-01 +2.387418328e+01 +2.387418328e+01 +2.4598e-01 -2.1253e+00 -1.7585e+00
100 0 +1.505226924e-01 +2.357052269e+01 +2.357052269e+01 +2.6836e-01 -2.1278e+00 -1.7305e+00
105 0 +4.533851931e-02 +2.346533852e+01 +2.346533852e+01 +2.7508e-01 -2.1293e+00 -1.7185e+00
116 0 +4.372241252e-02 +2.346372241e+01 +2.346372241e+01 +2.7504e-01 -2.1290e+00 -1.7185e+00
121 0 +4.100567111e-02 +2.346100567e+01 +2.346100567e+01 +2.7523e-01 -2.1290e+00 -1.7182e+00
126 0 +3.626247486e-02 +2.345626247e+01 +2.345626247e+01 +2.8045e-01 -2.1299e+00 -1.7108e+00
130 0 +2.563426458e-03 +2.342256343e+01 +2.342256343e+01 +2.7963e-01 -2.1298e+00 -1.7117e+00
136 0 +2.076839150e-03 +2.342207684e+01 +2.342207684e+01 +2.8012e-01 -2.1299e+00 -1.7110e+00
143 0 +1.913272170e-03 +2.342191327e+01 +2.342191327e+01 +2.8050e-01 -2.1299e+00 -1.7104e+00
148 0 +4.048901850e-04 +2.342040489e+01 +2.342040489e+01 +2.8226e-01 -2.1302e+00 -1.7077e+00
157 0 +3.933101996e-04 +2.342039331e+01 +2.342039331e+01 +2.8327e-01 -2.1303e+00 -1.7062e+00
165 0 +2.921859697e-04 +2.342029219e+01 +2.342029219e+01 +2.8327e-01 -2.1303e+00 -1.7062e+00
173 0 +2.757042096e-04 +2.342027570e+01 +2.342027570e+01 +2.8327e-01 -2.1303e+00 -1.7062e+00
174 0 +2.751017705e-04 +2.342027510e+01 +2.342027510e+01 +2.8327e-01 -2.1303e+00 -1.7062e+00
186 0 +2.609745354e-04 +2.342026097e+01 +2.342026097e+01 +2.8327e-01 -2.1303e+00 -1.7062e+00
188 0 +2.556459052e-04 +2.342025565e+01 +2.342025565e+01 +2.8327e-01 -2.1303e+00 -1.7062e+00
199 0 +1.893389682e-04 +2.342018934e+01 +2.342018934e+01 +2.8326e-01 -2.1303e+00 -1.7062e+00
201 0 +1.860655412e-04 +2.342018607e+01 +2.342018607e+01 +2.8326e-01 -2.1303e+00 -1.7062e+00
208 0 +1.594376788e-04 +2.342015944e+01 +2.342015944e+01 +2.8326e-01 -2.1303e+00 -1.7062e+00
222 0 +1.581650129e-04 +2.342015817e+01 +2.342015817e+01 +2.8326e-01 -2.1303e+00 -1.7062e+00
224 0 +1.539789710e-04 +2.342015398e+01 +2.342015398e+01 +2.8326e-01 -2.1303e+00 -1.7062e+00
% f evaluations | g evaluations | best noise-free fitness - Fopt (-7.764000000000e+01) + sum g_i+ | measured fitness | best measured fitness or single-digit g-values | x1 | x2...
1 0 +7.657673804e+02 +6.881273804e+02 +6.881273804e+02 +1.6667e+00 +1.6667e+00 +1.6667e+00
3 0 +7.432410154e+02 +6.656010154e+02 +6.656010154e+02 -3.3333e+00 +1.6667e+00 +1.6667e+00
5 0 +6.786282257e+02 +6.009882257e+02 +6.009882257e+02 -3.3333e+00 -3.3333e+00 +1.6667e+00
7 0 +6.295698052e+02 +5.519298052e+02 +5.519298052e+02 +1.6667e+00 -3.3333e+00 +1.6667e+00
10 0 +1.588780052e+02 +8.123800523e+01 +8.123800523e+01 -1.6667e+00 -1.6667e+00 +3.3333e+00
14 0 +6.054325113e+01 -1.709674887e+01 -1.709674887e+01 -4.1667e+00 -1.6667e+00 +3.3333e+00
24 0 +3.953187417e+01 -3.810812583e+01 -3.810812583e+01 -4.1219e+00 -1.9289e+00 +3.3261e+00
29 0 +1.556339942e+01 -6.207660058e+01 -6.207660058e+01 -4.0415e+00 -2.0065e+00 +3.5012e+00
35 0 +9.329074577e+00 -6.831092542e+01 -6.831092542e+01 -4.0382e+00 -1.9623e+00 +3.5298e+00
40 0 +5.639702354e+00 -7.200029765e+01 -7.200029765e+01 -4.0643e+00 -1.9161e+00 +3.4806e+00
44 0 +5.212367294e+00 -7.242763271e+01 -7.242763271e+01 -4.0600e+00 -1.9504e+00 +3.4735e+00
48 0 +2.104842339e+00 -7.553515766e+01 -7.553515766e+01 -4.0518e+00 -1.9457e+00 +3.4957e+00
53 0 +1.109659980e+00 -7.653034002e+01 -7.653034002e+01 -4.0568e+00 -1.9357e+00 +3.4859e+00
59 0 +6.905338978e-01 -7.694946610e+01 -7.694946610e+01 -4.0573e+00 -1.9376e+00 +3.4829e+00
64 0 +4.135836187e-01 -7.722641638e+01 -7.722641638e+01 -4.0551e+00 -1.9413e+00 +3.4855e+00
68 0 +3.480987737e-01 -7.729190123e+01 -7.729190123e+01 -4.0541e+00 -1.9394e+00 +3.4865e+00
72 0 +1.778135206e-01 -7.746218648e+01 -7.746218648e+01 -4.0544e+00 -1.9390e+00 +3.4844e+00
77 0 +9.136394723e-02 -7.754863605e+01 -7.754863605e+01 -4.0537e+00 -1.9397e+00 +3.4849e+00
83 0 +6.731739204e-02 -7.757268261e+01 -7.757268261e+01 -4.0532e+00 -1.9397e+00 +3.4851e+00
88 0 +3.700391977e-02 -7.760299608e+01 -7.760299608e+01 -4.0529e+00 -1.9394e+00 +3.4848e+00
94 0 +2.793046336e-02 -7.761206954e+01 -7.761206954e+01 -4.0526e+00 -1.9393e+00 +3.4846e+00
99 0 +2.553467348e-02 -7.761446533e+01 -7.761446533e+01 -4.0520e+00 -1.9393e+00 +3.4844e+00
103 0 +2.001131714e-02 -7.761998868e+01 -7.761998868e+01 -4.0513e+00 -1.9391e+00 +3.4842e+00
107 0 +1.985922366e-02 -7.762014078e+01 -7.762014078e+01 -4.0505e+00 -1.9389e+00 +3.4838e+00
111 0 +1.820340398e-02 -7.762179660e+01 -7.762179660e+01 -4.0496e+00 -1.9388e+00 +3.4835e+00
114 0 +1.819294251e-02 -7.762180706e+01 -7.762180706e+01 -4.0496e+00 -1.9388e+00 +3.4835e+00
119 0 +1.556640634e-02 -7.762443359e+01 -7.762443359e+01 -4.0471e+00 -1.9384e+00 +3.4826e+00
129 0 +1.443041204e-02 -7.762556959e+01 -7.762556959e+01 -4.0433e+00 -1.9377e+00 +3.4812e+00
141 0 +1.233477004e-02 -7.762766523e+01 -7.762766523e+01 -3.9905e+00 -1.9283e+00 +3.4614e+00
145 0 +5.242038125e-03 -7.763475796e+01 -7.763475796e+01 -3.9609e+00 -1.9230e+00 +3.4503e+00
163 0 +4.741034613e-03 -7.763525897e+01 -7.763525897e+01 -3.8906e+00 -1.9105e+00 +3.4240e+00
173 0 +4.608743193e-03 -7.763539126e+01 -7.763539126e+01 -3.8906e+00 -1.9105e+00 +3.4240e+00
181 0 +3.967944793e-03 -7.763603206e+01 -7.763603206e+01 -3.8906e+00 -1.9105e+00 +3.4240e+00
116744 0 +2.269450523e-03 -7.763773055e+01 -7.763773055e+01 -3.9712e+00 -1.9248e+00 +3.4542e+00
% f evaluations | g evaluations | best noise-free fitness - Fopt (-6.007000000000e+01) + sum g_i+ | measured fitness | best measured fitness or single-digit g-values | x1 | x2...
1 0 +1.885625628e+02 +1.284925628e+02 +1.284925628e+02 +1.6667e+00 +1.6667e+00 +1.6667e+00
8 0 +7.317001931e+01 +1.310001931e+01 +1.310001931e+01 -1.6667e+00 +3.3333e+00 -1.6667e+00
18 0 +4.795536060e+01 -1.211463940e+01 -1.211463940e+01 -1.7661e+00 +3.4053e+00 -1.4603e+00
22 0 +3.443406396e+01 -2.563593604e+01 -2.563593604e+01 -1.6309e+00 +3.8111e+00 -1.1649e+00
26 0 +1.202215671e+01 -4.804784329e+01 -4.804784329e+01 -1.6290e+00 +3.6422e+00 -1.3691e+00
31 0 +5.391795238e+00 -5.467820476e+01 -5.467820476e+01 -1.6620e+00 +3.6311e+00 -1.3419e+00
38 0 +3.727355061e+00 -5.634264494e+01 -5.634264494e+01 -1.6572e+00 +3.6532e+00 -1.3231e+00
43 0 +2.625811575e+00 -5.744418842e+01 -5.744418842e+01 -1.6440e+00 +3.6708e+00 -1.3233e+00
47 0 +1.142911616e+00 -5.892708838e+01 -5.892708838e+01 -1.6525e+00 +3.6555e+00 -1.3357e+00
52 0 +5.993302253e-01 -5.947066977e+01 -5.947066977e+01 -1.6531e+00 +3.6599e+00 -1.3318e+00
59 0 +5.075946862e-01 -5.956240531e+01 -5.956240531e+01 -1.6525e+00 +3.6619e+00 -1.3313e+00
64 0 +3.822726203e-01 -5.968772738e+01 -5.968772738e+01 -1.6533e+00 +3.6621e+00 -1.3333e+00
69 0 +3.168932081e-01 -5.975310679e+01 -5.975310679e+01 -1.6547e+00 +3.6626e+00 -1.3343e+00
75 0 +2.978642695e-01 -5.977213573e+01 -5.977213573e+01 -1.6555e+00 +3.6633e+00 -1.3347e+00
80 0 +2.799479548e-01 -5.979005205e+01 -5.979005205e+01 -1.6564e+00 +3.6644e+00 -1.3354e+00
85 0 +2.709874452e-01 -5.979901255e+01 -5.979901255e+01 -1.6575e+00 +3.6655e+00 -1.3363e+00
90 0 +2.649437143e-01 -5.980505629e+01 -5.980505629e+01 -1.6589e+00 +3.6667e+00 -1.3374e+00
94 0 +2.599165975e-01 -5.981008340e+01 -5.981008340e+01 -1.6618e+00 +3.6694e+00 -1.3396e+00
98 0 +2.481759167e-01 -5.982182408e+01 -5.982182408e+01 -1.6660e+00 +3.6734e+00 -1.3429e+00
102 0 +2.136306021e-01 -5.985636940e+01 -5.985636940e+01 -1.6900e+00 +3.6960e+00 -1.3619e+00
106 0 +1.467525895e-01 -5.992324741e+01 -5.992324741e+01 -1.7392e+00 +3.7423e+00 -1.4007e+00
110 0 +6.315036471e-02 -6.000684964e+01 -6.000684964e+01 -1.8647e+00 +3.8601e+00 -1.4994e+00
114 0 +5.645846287e-02 -6.001354154e+01 -6.001354154e+01 -1.8681e+00 +3.8633e+00 -1.5021e+00
118 0 +2.314047124e-02 -6.004685953e+01 -6.004685953e+01 -1.8685e+00 +3.8637e+00 -1.5023e+00
125 0 +1.199213457e-02 -6.005800787e+01 -6.005800787e+01 -1.8672e+00 +3.8623e+00 -1.5011e+00
129 0 +7.604482908e-03 -6.006239552e+01 -6.006239552e+01 -1.8850e+00 +3.8791e+00 -1.5152e+00
133 0 +2.868349485e-03 -6.006713165e+01 -6.006713165e+01 -1.8829e+00 +3.8771e+00 -1.5135e+00
151 0 +2.773169347e-03 -6.006722683e+01 -6.006722683e+01 -1.8829e+00 +3.8771e+00 -1.5135e+00
165 0 +2.637011935e-03 -6.006736299e+01 -6.006736299e+01 -1.8829e+00 +3.8771e+00 -1.5135e+00
173 0 +2.580284653e-03 -6.006741972e+01 -6.006741972e+01 -1.8829e+00 +3.8771e+00 -1.5135e+00
181 0 +2.410785429e-03 -6.006758921e+01 -6.006758921e+01 -1.8829e+00 +3.8771e+00 -1.5135e+00
195 0 +2.398579428e-03 -6.006760142e+01 -6.006760142e+01 -1.8829e+00 +3.8771e+00 -1.5135e+00
218 0 +2.342051659e-03 -6.006765795e+01 -6.006765795e+01 -1.8829e+00 +3.8771e+00 -1.5135e+00
106089 0 +1.769328677e-03 -6.006823067e+01 -6.006823067e+01 -1.8966e+00 +3.8900e+00 -1.5243e+00
% f evaluations | g evaluations | best noise-free fitness - Fopt (-1.317500000000e+02) + sum g_i+ | measured fitness | best measured fitness or single-digit g-values | x1 | x2...
1 0 +8.869049885e+02 +7.551549885e+02 +7.551549885e+02 +1.6667e+00 +1.6667e+00 +1.6667e+00
4 0 +6.687440174e+02 +5.369940174e+02 +5.369940174e+02 +3.3333e+00 -1.6667e+00 -1.6667e+00
6 0 +1.995825140e+02 +6.783251397e+01 +6.783251397e+01 +3.3333e+00 +3.3333e+00 -1.6667e+00
9 0 +1.626986444e+02 +3.094864439e+01 +3.094864439e+01 +1.6667e+00 +1.6667e+00 -3.3333e+00
19 0 +3.349238007e+01 -9.825761993e+01 -9.825761993e+01 +2.2353e+00 +1.4918e+00 -3.5720e+00
25 0 +2.019942707e+01 -1.115505729e+02 -1.115505729e+02 +2.1667e+00 +1.5192e+00 -3.5361e+00
30 0 +1.979822824e+01 -1.119517718e+02 -1.119517718e+02 +2.1986e+00 +1.5120e+00 -3.4881e+00
36 0 +1.800958827e+01 -1.137404117e+02 -1.137404117e+02 +2.2084e+00 +1.5238e+00 -3.5062e+00
41 0 +1.626485151e+01 -1.154851485e+02 -1.154851485e+02 +2.2057e+00 +1.5499e+00 -3.5242e+00
45 0 +1.577900960e+01 -1.159709904e+02 -1.159709904e+02 +2.2126e+00 +1.5775e+00 -3.5063e+00
49 0 +1.451705949e+01 -1.172329405e+02 -1.172329405e+02 +2.2300e+00 +1.5998e+00 -3.4994e+00
54 0 +1.433391701e+01 -1.174160830e+02 -1.174160830e+02 +2.2440e+00 +1.6313e+00 -3.4994e+00
58 0 +1.323332499e+01 -1.185166750e+02 -1.185166750e+02 +2.2672e+00 +1.6900e+00 -3.4866e+00
62 0 +1.087265897e+01 -1.208773410e+02 -1.208773410e+02 +2.3697e+00 +1.9210e+00 -3.4315e+00
66 0 +5.776269597e+00 -1.259737304e+02 -1.259737304e+02 +2.6415e+00 +2.5321e+00 -3.2979e+00
70 0 +2.158768916e+00 -1.295912311e+02 -1.295912311e+02 +3.0768e+00 +3.5079e+00 -3.0864e+00
74 0 +1.616324854e+00 -1.301336751e+02 -1.301336751e+02 +3.1122e+00 +3.5843e+00 -3.0717e+00
79 0 +1.585165061e-01 -1.315914835e+02 -1.315914835e+02 +3.1395e+00 +3.6363e+00 -3.0665e+00
84 0 +3.411521282e-02 -1.317158848e+02 -1.317158848e+02 +3.1456e+00 +3.6518e+00 -3.0640e+00
97 0 +1.105117698e-02 -1.317389488e+02 -1.317389488e+02 +3.1457e+00 +3.6518e+00 -3.0640e+00
102 0 +1.069561639e-02 -1.317393044e+02 -1.317393044e+02 +3.1458e+00 +3.6521e+00 -3.0640e+00
113 0 +8.883038269e-03 -1.317411170e+02 -1.317411170e+02 +3.1458e+00 +3.6521e+00 -3.0640e+00
117 0 +3.502620702e-03 -1.317464974e+02 -1.317464974e+02 +3.1648e+00 +3.6944e+00 -3.0549e+00
152 0 +3.183738944e-03 -1.317468163e+02 -1.317468163e+02 +3.1471e+00 +3.6549e+00 -3.0634e+00
165 0 +3.159463898e-03 -1.317468405e+02 -1.317468405e+02 +3.1471e+00 +3.6549e+00 -3.0634e+00
189 0 +3.084632633e-03 -1.317469154e+02 -1.317469154e+02 +3.1471e+00 +3.6550e+00 -3.0634e+00
90736 0 +2.956563826e-03 -1.317470434e+02 -1.317470434e+02 +3.1609e+00 +3.6858e+00 -3.0567e+00
107336 0 +2.466972887e-03 -1.317475330e+02 -1.317475330e+02 +3.1679e+00 +3.7015e+00 -3.0534e+00
% f evaluations | g evaluations | best noise-free fitness - Fopt (-9.099000000000e+01) + sum g_i+ | measured fitness | best measured fitness or single-digit g-values | x1 | x2...
1 0 +7.386165766e+02 +6.476265766e+02 +6.476265766e+02 +1.6667e+00 +1.6667e+00 +1.6667e+00
3 0 +5.790279188e+02 +4.880379188e+02 +4.880379188e+02 -3.3333e+00 +1.6667e+00 +1.6667e+00
5 0 +3.529761098e+02 +2.619861098e+02 +2.619861098e+02 -3.3333e+00 -3.3333e+00 +1.6667e+00
6 0 +2.104470195e+02 +1.194570195e+02 +1.194570195e+02 -1.6667e+00 +3.3333e+00 -1.6667e+00
15 0 +1.291890659e+02 +3.819906589e+01 +3.819906589e+01 -1.5738e+00 +2.8638e+00 -2.0827e+00
19 0 +1.256912262e+02 +3.470122623e+01 +3.470122623e+01 -1.5658e+00 +3.0313e+00 -1.8138e+00
23 0 +8.718859810e+01 -3.801401902e+00 -3.801401902e+00 -1.4947e+00 +2.8799e+00 -1.8645e+00
34 0 +8.681909959e+01 -4.170900411e+00 -4.170900411e+00 -1.4745e+00 +2.8465e+00 -1.8842e+00
39 0 +8.435532738e+01 -6.634672617e+00 -6.634672617e+00 -1.4495e+00 +2.8274e+00 -1.8539e+00
47 0 +7.837102022e+01 -1.261897978e+01 -1.261897978e+01 -1.5216e+00 +2.7146e+00 -1.7279e+00
53 0 +7.598420374e+01 -1.500579626e+01 -1.500579626e+01 -1.5613e+00 +2.6357e+00 -1.6965e+00
57 0 +6.954766547e+01 -2.144233453e+01 -2.144233453e+01 -1.6030e+00 +2.5248e+00 -1.5937e+00
61 0 +6.114605890e+01 -2.984394110e+01 -2.984394110e+01 -1.8137e+00 +1.8784e+00 -1.0045e+00
65 0 +4.973047496e+01 -4.125952504e+01 -4.125952504e+01 -2.0065e+00 +1.4186e+00 -6.2270e-01
69 0 +1.783011842e+01 -7.315988158e+01 -7.315988158e+01 -2.8265e+00 -4.8876e-01 +9.4511e-01
73 0 +7.646602319e+00 -8.334339768e+01 -8.334339768e+01 -3.2731e+00 -1.4582e+00 +1.7177e+00
78 0 +1.244609117e+00 -8.974539088e+01 -8.974539088e+01 -3.4599e+00 -1.8062e+00 +1.9742e+00
85 0 +1.059762599e+00 -8.993023740e+01 -8.993023740e+01 -3.4624e+00 -1.7988e+00 +1.9667e+00
91 0 +6.912758432e-01 -9.029872416e+01 -9.029872416e+01 -3.4278e+00 -1.7142e+00 +1.9001e+00
95 0 +2.766071171e-01 -9.071339288e+01 -9.071339288e+01 -3.2984e+00 -1.4249e+00 +1.6621e+00
99 0 +1.370050767e-01 -9.085299492e+01 -9.085299492e+01 -3.2993e+00 -1.4213e+00 +1.6580e+00
103 0 +1.069847719e-01 -9.088301523e+01 -9.088301523e+01 -3.3101e+00 -1.4472e+00 +1.6804e+00
107 0 +9.225505402e-02 -9.089774495e+01 -9.089774495e+01 -3.3071e+00 -1.4422e+00 +1.6757e+00
111 0 +8.056684885e-02 -9.090943315e+01 -9.090943315e+01 -3.3061e+00 -1.4373e+00 +1.6714e+00
115 0 +2.885337386e-02 -9.096114663e+01 -9.096114663e+01 -3.3072e+00 -1.4407e+00 +1.6747e+00
120 0 +1.275338113e-02 -9.097724662e+01 -9.097724662e+01 -3.3072e+00 -1.4409e+00 +1.6747e+00
126 0 +1.184079616e-02 -9.097815920e+01 -9.097815920e+01 -3.3067e+00 -1.4396e+00 +1.6735e+00
130 0 +8.838344879e-03 -9.098116166e+01 -9.098116166e+01 -3.3061e+00 -1.4382e+00 +1.6725e+00
134 0 +3.017809300e-03 -9.098698219e+01 -9.098698219e+01 -3.3050e+00 -1.4358e+00 +1.6705e+00
139 0 +2.915832566e-03 -9.098708417e+01 -9.098708417e+01 -3.3020e+00 -1.4287e+00 +1.6646e+00
153 0 +2.819814623e-03 -9.098718019e+01 -9.098718019e+01 -3.3006e+00 -1.4257e+00 +1.6621e+00
154 0 +2.814444822e-03 -9.098718556e+01 -9.098718556e+01 -3.3006e+00 -1.4257e+00 +1.6621e+00
161 0 +2.243574687e-03 -9.098775643e+01 -9.098775643e+01 -3.3007e+00 -1.4257e+00 +1.6621e+00
164 0 +2.238496978e-03 -9.098776150e+01 -9.098776150e+01 -3.3007e+00 -1.4257e+00 +1.6621e+00
170 0 +1.979852063e-03 -9.098802015e+01 -9.098802015e+01 -3.3007e+00 -1.4257e+00 +1.6621e+00
182 0 +1.931901309e-03 -9.098806810e+01 -9.098806810e+01 -3.3007e+00 -1.4257e+00 +1.6621e+00
205 0 +1.871875326e-03 -9.098812812e+01 -9.098812812e+01 -3.3007e+00 -1.4257e+00 +1.6621e+00
