% function evaluation | noise-free fitness - Fopt (-1.694000000000e+01) | best noise-free fitness - Fopt | measured fitness | best measured fitness | x1 | x2...
1 +7.413094725e+01 +7.413094725e+01 +5.719094725e+01 +5.719094725e+01 +1.5193e+00 +2.4888e+00 +4.1870e+00 +8.9619e-01 +1.4154e+00
2 +4.791689985e+01 +4.791689985e+01 +3.097689985e+01 +3.097689985e+01 +4.5037e+00 +4.0161e+00 -2.2947e+00 +8.3645e-01 +4.0513e+00
23 +1.837991244e+01 +1.837991244e+01 +1.439912443e+00 +1.439912443e+00 +3.3240e+00 +3.7228e+00 -1.3309e+00 -1.2177e+00 +1.7503e+00
220 +1.801281438e+01 +1.801281438e+01 +1.072814384e+00 +1.072814384e+00 +3.1943e+00 +4.2143e+00 +3.3565e-01 +9.9623e-01 +1.8069e+00
357 +1.623692544e+01 +1.623692544e+01 -7.030745570e-01 -7.030745570e-01 +3.9116e+00 +2.9557e+00 -2.7047e+00 +3.2356e+00 +9.5801e-01
399 +1.580682370e+01 +1.580682370e+01 -1.133176298e+00 -1.133176298e+00 +3.1239e+00 -8.6334e-01 -2.8697e+00 +3.0485e+00 +4.2853e-01
920 +4.795995654e+00 +4.795995654e+00 -1.214400435e+01 -1.214400435e+01 +3.9332e+00 +2.9223e+00 -6.8150e-01 +1.2618e+00 +8.3064e-01
31107 +4.646750027e+00 +4.646750027e+00 -1.229324997e+01 -1.229324997e+01 +2.9912e+00 +2.4854e+00 -1.6707e+00 +1.2334e+00 +1.0251e+00
40417 +3.878677623e+00 +3.878677623e+00 -1.306132238e+01 -1.306132238e+01 +3.2161e+00 +1.5867e+00 -1.8838e+00 +2.4253e+00 +1.2817e+00
74287 +3.397877272e+00 +3.397877272e+00 -1.354212273e+01 -1.354212273e+01 +4.0917e+00 +3.3825e+00 -1.4746e+00 +6.8128e-01 +1.9134e+00
108545 +1.832530038e+00 +1.832530038e+00 -1.510746996e+01 -1.510746996e+01 +3.8957e+00 +2.8679e+00 -1.3150e+00 +1.2007e+00 +1.3284e+00
732147 +1.266546427e+00 +1.266546427e+00 -1.567345357e+01 -1.567345357e+01 +3.1339e+00 +1.9487e+00 -1.9178e+00 +1.8984e+00 +1.2767e+00
40610700 +1.161812818e+00 +1.161812818e+00 -1.577818718e+01 -1.577818718e+01 +3.5009e+00 +2.7333e+00 -1.5242e+00 +1.5253e+00 +1.3336e+00
% function evaluation | noise-free fitness - Fopt (1.881000000000e+01) | best noise-free fitness - Fopt | measured fitness | best measured fitness | x1 | x2...
1 +9.771740293e+01 +9.771740293e+01 +1.165274029e+02 +1.165274029e+02 -4.0694e+00 +2.7220e+00 -2.0880e+00 -1.2412e+00 +3.1337e+00
3 +5.373188176e+01 +5.373188176e+01 +7.254188176e+01 +7.254188176e+01 +3.8804e+00 -1.2708e+00 +3.7263e+00 -1.7734e+00 -4.4501e-01
4 +5.174212976e+01 +5.174212976e+01 +7.055212976e+01 +7.055212976e+01 -3.0048e+00 -7.1912e-01 -9.2162e-01 -4.7989e-01 +2.5926e+00
19 +4.835248565e+01 +4.835248565e+01 +6.716248565e+01 +6.716248565e+01 -1.5331e+00 +1.0798e+00 -3.1916e+00 +4.5767e-01 -3.0635e+00
38 +4.437771160e+01 +4.437771160e+01 +6.318771160e+01 +6.318771160e+01 -2.1270e-01 +9.4448e-01 -2.7916e+00 +1.1656e+00 -1.4150e+00
46 +3.370939928e+01 +3.370939928e+01 +5.251939928e+01 +5.251939928e+01 +9.5313e-01 +1.3415e+00 -1.5157e+00 +4.5201e+00 +3.8970e+00
54 +2.135502815e+01 +2.135502815e+01 +4.016502815e+01 +4.016502815e+01 +5.3089e-01 +2.6297e+00 +1.9621e-01 +1.5726e-01 +3.2186e+00
140 +8.147929696e+00 +8.147929696e+00 +2.695792970e+01 +2.695792970e+01 +9.9587e-01 +3.2349e+00 -3.3668e-01 -5.6987e-01 +2.2027e+00
1820 +5.849792313e+00 +5.849792313e+00 +2.465979231e+01 +2.465979231e+01 -1.5574e+00 +3.4772e+00 -1.5041e+00 +2.9532e+00 -1.7174e+00
63521 +4.520851190e+00 +4.520851190e+00 +2.333085119e+01 +2.333085119e+01 -6.6961e-02 +1.6094e+00 -1.1943e+00 +2.2812e-01 +1.7015e+00
104037 +4.301407574e+00 +4.301407574e+00 +2.311140757e+01 +2.311140757e+01 -3.6245e-01 +2.7588e+00 -1.0053e+00 +9.0117e-01 +3.7793e-01
168721 +2.636991028e+00 +2.636991028e+00 +2.144699103e+01 +2.144699103e+01 -9.5052e-02 +1.7117e+00 -6.8524e-01 -1.5461e-01 +8.6004e-01
1449881 +2.238456415e+00 +2.238456415e+00 +2.104845642e+01 +2.104845642e+01 -2.2176e-01 +9.7982e-01 -7.5505e-01 -7.9670e-01 +2.0281e+00
3084804 +1.777395975e+00 +1.777395975e+00 +2.058739597e+01 +2.058739597e+01 -4.1155e-01 +2.1819e+00 -1.0527e+00 +4.4005e-01 +1.4679e+00
4596630 +1.432251493e+00 +1.432251493e+00 +2.024225149e+01 +2.024225149e+01 -8.2351e-02 +8.9775e-01 -7.3971e-01 -8.4384e-01 +2.3063e+00
14895881 +1.317974129e+00 +1.317974129e+00 +2.012797413e+01 +2.012797413e+01 -2.9624e-01 +1.6490e+00 -8.7912e-01 -1.5699e-01 +1.8333e+00
47137035 +1.086861911e+00 +1.086861911e+00 +1.989686191e+01 +1.989686191e+01 -3.2244e-01 +1.8815e+00 -8.1529e-01 +1.2409e-01 +1.5010e+00
% function evaluation | noise-free fitness - Fopt (2.731500000000e+02) | best noise-free fitness - Fopt | measured fitness | best measured fitness | x1 | x2...
1 +4.328975719e+01 +4.328975719e+01 +3.164397572e+02 +3.164397572e+02 +2.0761e+00 +3.7301e+00 -2.1711e+00 -7.0674e-01 -6.3157e-01
9 +2.033927090e+01 +2.033927090e+01 +2.934892709e+02 +2.934892709e+02 +1.6107e+00 +2.6878e+00 +4.1973e+00 +3.6736e+00 +1.3093e+00
199 +8.010668029e+00 +8.010668029e+00 +2.811606680e+02 +2.811606680e+02 +3.1924e+00 +2.9987e+00 +3.7944e+00 +3.0445e+00 +1.3031e+00
7772 +7.003181420e+00 +7.003181420e+00 +2.801531814e+02 +2.801531814e+02 +8.6850e-02 +4.4884e+00 -7.2180e-01 +1.1961e+00 +1.0156e+00
13892 +5.005696411e+00 +5.005696411e+00 +2.781556964e+02 +2.781556964e+02 +4.3393e-01 +3.8032e+00 -5.4109e-01 +2.1160e+00 +1.4233e+00
133636 +3.875117655e+00 +3.875117655e+00 +2.770251177e+02 +2.770251177e+02 -3.5376e+00 +3.3468e+00 -3.4538e-01 +2.5546e+00 +2.1783e+00
255195 +2.871004748e+00 +2.871004748e+00 +2.760210047e+02 +2.760210047e+02 -2.5469e+00 +3.9797e+00 -9.8456e-01 +2.0975e+00 +1.7047e+00
445515 +1.781920190e+00 +1.781920190e+00 +2.749319202e+02 +2.749319202e+02 -4.4369e+00 +3.8120e+00 -7.2134e-01 +2.6329e+00 +2.1574e+00
5503552 +4.363959660e-01 +4.363959660e-01 +2.735863960e+02 +2.735863960e+02 -2.8917e+00 +3.7408e+00 -3.9249e-01 +2.4559e+00 +1.8877e+00
% function evaluation | noise-free fitness - Fopt (3.718000000000e+01) | best noise-free fitness - Fopt | measured fitness | best measured fitness | x1 | x2...
1 +4.063638433e+02 +4.063638433e+02 +4.435438433e+02 +4.435438433e+02 +3.1266e+00 +4.7962e-01 -1.7219e+00 -3.5002e+00 +2.1758e+00
2 +1.254706376e+02 +1.254706376e+02 +1.626506376e+02 +1.626506376e+02 +4.7050e+00 +2.1315e+00 +9.1846e-01 -2.1375e+00 -2.8454e+00
3 +4.253281909e+01 +4.253281909e+01 +7.971281909e+01 +7.971281909e+01 -2.0369e+00 -4.1396e+00 -2.0053e+00 +1.0123e+00 -4.9583e+00
29 +3.933690384e+01 +3.933690384e+01 +7.651690384e+01 +7.651690384e+01 -2.8316e-01 +1.5593e+00 +3.9245e+00 +8.2384e-01 -3.5404e+00
32 +2.827265276e+01 +2.827265276e+01 +6.545265276e+01 +6.545265276e+01 +1.1384e+00 -7.0438e-01 +3.5085e+00 +1.7979e+00 -2.0412e+00
49 +1.559957532e+01 +1.559957532e+01 +5.277957532e+01 +5.277957532e+01 -2.4572e+00 +1.4029e+00 +4.0078e+00 +1.3355e+00 -1.1764e+00
58 +1.204317101e+01 +1.204317101e+01 +4.922317101e+01 +4.922317101e+01 -4.9158e+00 +1.7593e+00 +5.4535e-01 +1.8786e+00 -4.3143e+00
395 +9.886591320e+00 +9.886591320e+00 +4.706659132e+01 +4.706659132e+01 -3.5940e+00 +3.8174e+00 +3.3937e+00 +4.1978e-01 -3.4928e+00
4201 +7.510498691e+00 +7.510498691e+00 +4.469049869e+01 +4.469049869e+01 -3.7104e+00 +1.3691e+00 +2.6646e+00 +8.8815e-01 -3.3074e+00
8331 +1.767693579e+00 +1.767693579e+00 +3.894769358e+01 +3.894769358e+01 -3.1758e+00 +1.5658e+00 +2.7891e+00 +1.3307e+00 -3.1712e+00
1159221 +1.469503239e+00 +1.469503239e+00 +3.864950324e+01 +3.864950324e+01 -4.0037e+00 +2.1970e+00 +2.0735e+00 +1.5574e+00 -3.1601e+00
10642528 +1.345513787e+00 +1.345513787e+00 +3.852551379e+01 +3.852551379e+01 -2.4266e+00 +1.7322e+00 +3.8563e+00 +1.1105e+00 -2.8760e+00
34725132 +9.143514940e-01 +9.143514940e-01 +3.809435149e+01 +3.809435149e+01 -3.3344e+00 +1.8343e+00 +2.6749e+00 +1.4790e+00 -3.3023e+00
% function evaluation | noise-free fitness - Fopt (-1.479000000000e+02) | best noise-free fitness - Fopt | measured fitness | best measured fitness | x1 | x2...
1 +7.889896738e+01 +7.889896738e+01 -6.900103262e+01 -6.900103262e+01 -4.1093e+00 -1.7362e+00 -1.2853e+00 -3.1012e+00 +4.1635e+00
4 +7.226540676e+01 +7.226540676e+01 -7.563459324e+01 -7.563459324e+01 -1.0957e+00 +3.2345e+00 +9.7188e-01 +2.7821e+00 -4.8825e+00
10 +5.619676645e+01 +5.619676645e+01 -9.170323355e+01 -9.170323355e+01 -1.5596e+00 +1.1419e+00 +1.5749e+00 +8.6203e-01 +6.6665e-01
12 +5.309921249e+01 +5.309921249e+01 -9.480078751e+01 -9.480078751e+01 +3.5118e+00 +2.4740e+00 -3.8248e-01 -4.3157e+00 -2.9224e+00
15 +5.127377447e+01 +5.127377447e+01 -9.662622553e+01 -9.662622553e+01 -3.9802e+00 -8.2792e-01 +4.8512e+00 -3.0285e+00 -1.1764e+00
17 +4.872452376e+01 +4.872452376e+01 -9.917547624e+01 -9.917547624e+01 -1.0858e+00 +9.6989e-01 +2.0559e+00 -4.7839e+00 -2.7149e+00
18 +3.256404461e+01 +3.256404461e+01 -1.153359554e+02 -1.153359554e+02 +1.1159e+00 +2.1277e+00 +2.6277e+00 -5.0396e-01 -1.8408e+00
57 +2.719384734e+01 +2.719384734e+01 -1.207061527e+02 -1.207061527e+02 -4.7484e+00 +2.6164e+00 +2.0842e+00 +2.1250e+00 +2.2204e+00
85 +2.609338131e+01 +2.609338131e+01 -1.218066187e+02 -1.218066187e+02 -3.2246e+00 +1.7617e-01 -2.9941e+00 -1.3836e+00 -7.3319e-01
100 +1.853650308e+01 +1.853650308e+01 -1.293634969e+02 -1.293634969e+02 -3.9361e+00 -2.8333e-01 +1.6568e+00 -8.8125e-01 -1.5125e+00
198 +1.717894276e+01 +1.717894276e+01 -1.307210572e+02 -1.307210572e+02 -7.7667e-01 +4.2943e+00 -2.1438e+00 -4.6283e+00 -3.2549e+00
436 +8.547188673e+00 +8.547188673e+00 -1.393528113e+02 -1.393528113e+02 -1.7764e+00 +7.9342e-02 +4.0021e-01 -3.0769e+00 -3.1326e+00
966 +7.024673527e+00 +7.024673527e+00 -1.408753265e+02 -1.408753265e+02 -2.1538e+00 +5.3397e-02 +1.9379e+00 -1.3074e+00 -2.2214e+00
6247 +5.844684376e+00 +5.844684376e+00 -1.420553156e+02 -1.420553156e+02 -1.3543e+00 +1.7004e-01 +1.1438e+00 -1.1042e+00 -2.7603e+00
13028 +3.865242710e+00 +3.865242710e+00 -1.440347573e+02 -1.440347573e+02 -2.5191e+00 +3.0503e-01 +2.6398e-01 -1.3272e+00 -2.8358e+00
27855 +2.388512114e+00 +2.388512114e+00 -1.455114879e+02 -1.455114879e+02 -1.8176e+00 +8.5038e-01 -5.5334e-02 -2.6856e+00 -3.9262e+00
617914 +2.000440631e+00 +2.000440631e+00 -1.458995594e+02 -1.458995594e+02 -2.0916e+00 +5.3135e-01 +2.9458e-01 -2.0004e+00 -2.9875e+00
1024726 +1.709326817e+00 +1.709326817e+00 -1.461906732e+02 -1.461906732e+02 -2.1589e+00 -1.1674e-01 +1.4998e+00 -1.3739e+00 -2.3764e+00
1523811 +1.595255068e+00 +1.595255068e+00 -1.463047449e+02 -1.463047449e+02 -1.5806e+00 +5.0544e-01 +5.2321e-01 -2.4029e+00 -3.6605e+00
13781227 +1.516245205e+00 +1.516245205e+00 -1.463837548e+02 -1.463837548e+02 -1.9791e+00 +9.7384e-01 -5.0334e-01 -2.4219e+00 -3.6640e+00
25318689 +8.448243580e-01 +8.448243580e-01 -1.470551756e+02 -1.470551756e+02 -1.6318e+00 +4.9931e-01 +4.3633e-01 -2.3765e+00 -3.5956e+00
% function evaluation | noise-free fitness - Fopt (2.173800000000e+02) | best noise-free fitness - Fopt | measured fitness | best measured fitness | x1 | x2...
1 +2.194894415e+02 +2.194894415e+02 +4.368694415e+02 +4.368694415e+02 -1.3426e+00 +3.7508e+00 +2.1307e+00 +1.1751e-01 -3.6246e+00
6 +1.453622071e+02 +1.453622071e+02 +3.627422071e+02 +3.627422071e+02 -4.0773e+00 -2.3442e+00 -2.7320e+00 +6.0114e-01 +3.7790e+00
8 +9.397024202e+01 +9.397024202e+01 +3.113502420e+02 +3.113502420e+02 -1.8262e+00 +1.8143e+00 -7.6158e-01 +3.0229e+00 -2.4577e-01
18 +6.380305309e+01 +6.380305309e+01 +2.811830531e+02 +2.811830531e+02 -4.7146e+00 -2.9891e+00 +2.5606e+00 +7.6607e-01 +1.9316e+00
20 +4.550597888e+01 +4.550597888e+01 +2.628859789e+02 +2.628859789e+02 -1.0923e+00 -2.2202e+00 -2.4512e+00 +4.8623e+00 -2.5513e+00
29 +3.823240898e+01 +3.823240898e+01 +2.556124090e+02 +2.556124090e+02 +2.1670e+00 -3.7618e+00 +1.7276e+00 +4.1610e+00 -2.8822e+00
132 +9.852971799e+00 +9.852971799e+00 +2.272329718e+02 +2.272329718e+02 +6.1264e-02 -4.2763e+00 -6.5870e-01 +1.9397e+00 -2.9138e+00
1794 +8.638192290e+00 +8.638192290e+00 +2.260181923e+02 +2.260181923e+02 -2.2058e-01 -3.3074e+00 -2.5434e+00 +1.6953e+00 -3.0606e+00
1986 +6.858446999e+00 +6.858446999e+00 +2.242384470e+02 +2.242384470e+02 +2.4004e+00 -3.6430e+00 -4.5239e+00 +3.4885e+00 -1.4278e-01
5361 +6.012787593e+00 +6.012787593e+00 +2.233927876e+02 +2.233927876e+02 +9.8473e-01 -3.7019e+00 -3.1520e+00 +2.7093e+00 -2.0096e+00
37344 +3.076449996e+00 +3.076449996e+00 +2.204564500e+02 +2.204564500e+02 +6.1692e-01 -3.5218e+00 -2.5897e+00 +2.5540e+00 -2.6675e+00
303027 +2.190318520e+00 +2.190318520e+00 +2.195703185e+02 +2.195703185e+02 -3.3391e-01 -3.4970e+00 -2.2677e+00 +1.7968e+00 -2.9873e+00
3354035 +1.618090644e+00 +1.618090644e+00 +2.189980906e+02 +2.189980906e+02 +1.7821e-01 -3.3629e+00 -1.4824e+00 +2.2704e+00 -3.2256e+00
6997558 +1.311524449e+00 +1.311524449e+00 +2.186915244e+02 +2.186915244e+02 +8.0045e-01 -3.3180e+00 -2.4517e+00 +2.4717e+00 -2.4856e+00
10625960 +7.218056694e-01 +7.218056694e-01 +2.181018057e+02 +2.181018057e+02 +3.9424e-01 -3.4087e+00 -2.3830e+00 +2.2153e+00 -2.5971e+00
% function evaluation | noise-free fitness - Fopt (1.946900000000e+02) | best noise-free fitness - Fopt | measured fitness | best measured fitness | x1 | x2...
1 +1.689768347e+02 +1.689768347e+02 +3.636668347e+02 +3.636668347e+02 +3.8191e+00 -6.4254e-02 -1.4608e+00 +2.0233e+00 -4.5987e+00
5 +1.164468758e+02 +1.164468758e+02 +3.111368758e+02 +3.111368758e+02 +3.0581e+00 -3.6321e-01 +3.0961e+00 -1.7124e+00 +4.2424e+00
7 +1.003628986e+02 +1.003628986e+02 +2.950528986e+02 +2.950528986e+02 -3.2008e+00 -2.4175e+00 +6.3544e-02 +1.0543e+00 +4.7924e+00
8 +6.149309182e+01 +6.149309182e+01 +2.561830918e+02 +2.561830918e+02 -2.3052e+00 +7.8258e-01 +2.1927e+00 +1.0986e+00 +8.2548e-01
10 +3.470754966e+01 +3.470754966e+01 +2.293975497e+02 +2.293975497e+02 -6.1585e-01 -6.2310e-02 +9.2567e-01 +2.8798e+00 -2.4020e+00
66 +2.865481638e+01 +2.865481638e+01 +2.233448164e+02 +2.233448164e+02 -2.2628e+00 -5.0804e-02 +2.0489e+00 +4.4111e+00 -2.7136e+00
85 +2.749679593e+01 +2.749679593e+01 +2.221867959e+02 +2.221867959e+02 -1.2406e+00 -4.7117e+00 +4.8483e+00 +3.3119e+00 -4.2504e+00
91 +2.535592193e+01 +2.535592193e+01 +2.200459219e+02 +2.200459219e+02 -3.5210e+00 -5.2370e-01 +1.7783e+00 +1.7814e+00 -3.6840e+00
97 +2.334628892e+01 +2.334628892e+01 +2.180362889e+02 +2.180362889e+02 -9.2804e-01 -2.5917e+00 +3.0120e+00 -2.7000e+00 -1.1405e+00
148 +2.158716417e+01 +2.158716417e+01 +2.162771642e+02 +2.162771642e+02 -2.2969e+00 -2.8654e+00 +1.5247e+00 -1.8310e+00 +1.8502e+00
152 +1.698550219e+01 +1.698550219e+01 +2.116755022e+02 +2.116755022e+02 -2.1153e+00 -3.1738e+00 +1.2154e+00 +2.9701e+00 -8.4335e-01
487 +1.282477863e+01 +1.282477863e+01 +2.075147786e+02 +2.075147786e+02 -2.5357e+00 +1.6725e-01 +1.9478e+00 -1.4247e+00 -9.6597e-02
791 +1.230018342e+01 +1.230018342e+01 +2.069901834e+02 +2.069901834e+02 -1.8052e+00 -1.0568e+00 +1.4019e+00 -2.1776e+00 +3.3896e-01
3459 +1.037510311e+01 +1.037510311e+01 +2.050651031e+02 +2.050651031e+02 -1.9920e+00 -3.0889e-02 +3.9170e+00 +3.6019e+00 -3.6370e+00
4613 +8.227237027e+00 +8.227237027e+00 +2.029172370e+02 +2.029172370e+02 -1.4221e+00 +3.5149e-01 +3.4906e+00 +8.9569e-01 -1.6159e+00
9414 +4.631285584e+00 +4.631285584e+00 +1.993212856e+02 +1.993212856e+02 -1.8547e+00 -1.0192e+00 +3.5639e+00 +1.6659e+00 -1.9864e+00
28640 +2.302982135e+00 +2.302982135e+00 +1.969929821e+02 +1.969929821e+02 -1.5557e+00 -1.0391e+00 +2.9376e+00 +9.8466e-01 -1.4089e+00
153044 +1.899184983e+00 +1.899184983e+00 +1.965891850e+02 +1.965891850e+02 -1.6313e+00 -7.8052e-01 +2.3140e+00 +2.5670e-02 -8.4991e-01
1323562 +1.840174794e+00 +1.840174794e+00 +1.965301748e+02 +1.965301748e+02 -1.7441e+00 -1.0290e+00 +2.7720e+00 +6.7785e-01 -1.1158e+00
2543171 +1.281052546e+00 +1.281052546e+00 +1.959710525e+02 +1.959710525e+02 -1.3784e+00 -2.0311e+00 +2.3590e+00 +3.3444e-01 -6.8920e-01
12105054 +1.113677521e+00 +1.113677521e+00 +1.958036775e+02 +1.958036775e+02 -1.9616e+00 -2.3029e-01 +2.8663e+00 +1.1742e+00 -1.4071e+00
24058727 +9.764176861e-01 +9.764176861e-01 +1.956664177e+02 +1.956664177e+02 -1.8354e+00 -2.4632e-01 +3.1841e+00 +1.4908e+00 -1.6065e+00
% function evaluation | noise-free fitness - Fopt (-9.443000000000e+01) | best noise-free fitness - Fopt | measured fitness | best measured fitness | x1 | x2...
1 +1.190241452e+02 +1.190241452e+02 +2.459414520e+01 +2.459414520e+01 -1.9124e+00 -1.4191e+00 -1.9626e+00 -4.3600e-01 +4.9099e+00
3 +7.343485544e+01 +7.343485544e+01 -2.099514456e+01 -2.099514456e+01 +1.1072e+00 +5.6527e-01 +4.3198e+00 -2.6956e+00 -3.5432e+00
6 +6.740962009e+01 +6.740962009e+01 -2.702037991e+01 -2.702037991e+01 +4.6158e+00 -2.0319e+00 +3.4611e+00 -2.7210e+00 -2.6177e+00
7 +6.580829368e+01 +6.580829368e+01 -2.862170632e+01 -2.862170632e+01 +3.3457e+00 +1.9498e+00 +7.1418e-01 -2.4829e-01 -1.1299e+00
9 +2.783808909e+01 +2.783808909e+01 -6.659191091e+01 -6.659191091e+01 -3.0478e-01 +1.0045e+00 -1.4235e+00 +3.3879e+00 -3.0268e-01
235 +1.182887632e+01 +1.182887632e+01 -8.260112368e+01 -8.260112368e+01 +5.1142e-01 -1.7854e-01 +4.4902e+00 +2.4877e+00 -1.1896e+00
1145 +7.199318433e+00 +7.199318433e+00 -8.723068157e+01 -8.723068157e+01 +4.2606e-01 -2.5982e+00 +2.0455e+00 +2.2329e+00 -1.3089e+00
17853 +6.633785456e+00 +6.633785456e+00 -8.779621454e+01 -8.779621454e+01 +2.0042e-01 -1.9812e+00 +3.2724e+00 +2.2498e+00 -2.4208e+00
22839 +4.805243753e+00 +4.805243753e+00 -8.962475625e+01 -8.962475625e+01 -4.3326e-01 -2.1084e-01 +1.4367e+00 +2.2392e+00 -1.1537e+00
41858 +4.434644747e+00 +4.434644747e+00 -8.999535525e+01 -8.999535525e+01 +5.9797e-01 -5.7494e-01 +2.1893e+00 +1.4054e+00 +7.2242e-01
328389 +4.061730726e+00 +4.061730726e+00 -9.036826927e+01 -9.036826927e+01 -3.2060e-01 -5.0486e-02 +2.9560e+00 +2.3740e+00 -6.7338e-01
473858 +2.630799628e+00 +2.630799628e+00 -9.179920037e+01 -9.179920037e+01 +1.5719e-01 -5.1887e-01 +2.9874e+00 +1.8641e+00 -3.2865e-01
1207826 +2.553009333e+00 +2.553009333e+00 -9.187699067e+01 -9.187699067e+01 -4.2610e-01 +9.0886e-01 +2.3179e+00 +2.2398e+00 +5.3987e-01
1326960 +2.426543869e+00 +2.426543869e+00 -9.200345613e+01 -9.200345613e+01 -5.6152e-01 +9.0227e-01 +1.5979e+00 +2.1813e+00 -3.7362e-02
2149947 +2.335072702e+00 +2.335072702e+00 -9.209492730e+01 -9.209492730e+01 -1.1361e-01 +1.8134e-01 +3.1660e+00 +1.8417e+00 +5.5615e-01
2270532 +2.079929601e+00 +2.079929601e+00 -9.235007040e+01 -9.235007040e+01 +3.6907e-01 -9.3935e-01 +2.4836e+00 +1.8859e+00 -4.5818e-01
2376598 +1.901522456e+00 +1.901522456e+00 -9.252847754e+01 -9.252847754e+01 +1.9916e-01 -7.7534e-01 +2.8429e+00 +1.7492e+00 -3.4621e-01
3862708 +1.678087525e+00 +1.678087525e+00 -9.275191247e+01 -9.275191247e+01 +3.5635e-02 -5.0289e-03 +2.6855e+00 +1.8212e+00 +1.9119e-01
7496896 +1.632477183e+00 +1.632477183e+00 -9.279752282e+01 -9.279752282e+01 +9.7181e-02 -2.2238e-01 +2.8823e+00 +1.8244e+00 +1.5174e-01
11289007 +1.609544425e+00 +1.609544425e+00 -9.282045558e+01 -9.282045558e+01 -1.5060e-01 +4.3449e-01 +2.3436e+00 +1.9514e+00 +2.1602e-01
16754708 +1.150113909e+00 +1.150113909e+00 -9.327988609e+01 -9.327988609e+01 -3.8837e-01 +7.5799e-01 +2.1317e+00 +1.9785e+00 +3.8069e-01
40020638 +9.624258465e-01 +9.624258465e-01 -9.346757415e+01 -9.346757415e+01 -2.1978e-01 +4.2248e-01 +2.4617e+00 +1.9400e+00 +3.7147e-01
46262395 +8.765747148e-01 +8.765747148e-01 -9.355342529e+01 -9.355342529e+01 -4.3226e-01 +9.2448e-01 +2.6641e+00 +1.9636e+00 +7.0000e-01
% function evaluation | noise-free fitness - Fopt (-1.213000000000e+02) | best noise-free fitness - Fopt | measured fitness | best measured fitness | x1 | x2...
1 +3.584045239e+01 +3.584045239e+01 -8.545954761e+01 -8.545954761e+01 +6.4203e-01 +1.5108e+00 -4.9519e+00 +3.3823e+00 -1.3211e+00
14 +2.068170004e+01 +2.068170004e+01 -1.006183000e+02 -1.006183000e+02 -2.8536e+00 +3.5055e+00 -1.8526e+00 -6.3461e-02 -3.2763e+00
140 +1.692406551e+01 +1.692406551e+01 -1.043759345e+02 -1.043759345e+02 -1.9226e+00 +2.2369e-01 -4.2021e+00 +2.4279e+00 +2.1567e-01
143 +1.366546481e+01 +1.366546481e+01 -1.076345352e+02 -1.076345352e+02 -8.7079e-01 +2.9743e+00 -2.2356e+00 +1.7042e+00 -5.3164e-01
864 +1.153550782e+01 +1.153550782e+01 -1.097644922e+02 -1.097644922e+02 -1.8346e+00 +1.1125e+00 -3.3514e+00 +1.6302e+00 -5.4780e-01
7163 +8.995514550e+00 +8.995514550e+00 -1.123044854e+02 -1.123044854e+02 -3.3386e-01 +4.8663e+00 +2.9072e-03 +1.9849e+00 -8.6335e-01
13283 +7.946537369e+00 +7.946537369e+00 -1.133534626e+02 -1.133534626e+02 -9.5084e-01 +1.6752e+00 -2.9052e+00 +8.7619e-01 -1.5672e+00
20278 +5.795847031e+00 +5.795847031e+00 -1.155041530e+02 -1.155041530e+02 -9.2068e-01 +4.7061e+00 -5.4269e-01 +3.2809e+00 -4.2336e-01
24586 +4.364970716e+00 +4.364970716e+00 -1.169350293e+02 -1.169350293e+02 -1.7712e+00 +2.8163e+00 -2.0440e+00 +2.2803e+00 -1.4579e+00
65584 +2.591871503e+00 +2.591871503e+00 -1.187081285e+02 -1.187081285e+02 -1.6428e+00 +2.2711e+00 -2.4192e+00 +2.4430e+00 -1.5117e+00
701877 +2.359693061e+00 +2.359693061e+00 -1.189403069e+02 -1.189403069e+02 -1.3218e+00 +3.2889e+00 -1.3372e+00 +2.3288e+00 -8.5007e-01
966375 +2.204872493e+00 +2.204872493e+00 -1.190951275e+02 -1.190951275e+02 -1.1748e+00 +3.7231e+00 -1.2162e+00 +2.1981e+00 -9.3655e-01
1694784 +8.889653635e-01 +8.889653635e-01 -1.204110346e+02 -1.204110346e+02 -1.3434e+00 +3.4488e+00 -1.5110e+00 +2.4580e+00 -1.1589e+00
% function evaluation | noise-free fitness - Fopt (-1.000000000000e+03) | best noise-free fitness - Fopt | measured fitness | best measured fitness | x1 | x2...
1 +9.979509320e+01 +9.979509320e+01 -9.002049068e+02 -9.002049068e+02 +6.0047e-01 +3.4784e+00 +8.5150e-01 +3.0234e+00 +2.1470e+00
4 +5.252895942e+01 +5.252895942e+01 -9.474710406e+02 -9.474710406e+02 +1.3152e+00 +2.3435e+00 +2.8965e+00 -4.0092e+00 +3.2543e+00
28 +3.719724918e+01 +3.719724918e+01 -9.628027508e+02 -9.628027508e+02 -2.5627e+00 +2.5086e+00 +4.6098e+00 -4.3886e+00 -2.5679e-02
49 +2.340120418e+01 +2.340120418e+01 -9.765987958e+02 -9.765987958e+02 +1.7365e+00 +4.9696e+00 +4.3912e+00 -2.3016e+00 +2.8789e+00
61 +1.056642714e+01 +1.056642714e+01 -9.894335729e+02 -9.894335729e+02 +2.4486e+00 +2.5190e+00 +2.0999e+00 -2.3333e+00 +2.0346e+00
238 +9.951957806e+00 +9.951957806e+00 -9.900480422e+02 -9.900480422e+02 +3.2514e+00 -1.5415e+00 +2.4461e+00 -9.7298e-01 +1.3656e+00
870 +6.025900236e+00 +6.025900236e+00 -9.939740998e+02 -9.939740998e+02 +2.6113e+00 +8.4753e-01 +3.9958e+00 -1.3875e+00 +2.4098e+00
6820 +4.676380606e+00 +4.676380606e+00 -9.953236194e+02 -9.953236194e+02 +1.1563e+00 +6.2469e-01 +4.3661e+00 -1.3687e+00 +2.3831e+00
9325 +2.606332815e+00 +2.606332815e+00 -9.973936672e+02 -9.973936672e+02 +1.1700e+00 +1.0714e-01 +2.7165e+00 -2.0118e+00 +5.4625e-01
2263732 +2.224916542e+00 +2.224916542e+00 -9.977750835e+02 -9.977750835e+02 +9.7596e-01 -1.7875e-01 +3.7296e+00 -1.5290e+00 +1.3443e+00
2413717 +1.936291876e+00 +1.936291876e+00 -9.980637081e+02 -9.980637081e+02 +1.2610e+00 +7.7535e-01 +3.7070e+00 -1.8339e+00 +1.7429e+00
2769293 +1.746388646e+00 +1.746388646e+00 -9.982536114e+02 -9.982536114e+02 +9.4004e-01 -1.1158e-02 +3.2516e+00 -1.7378e+00 +8.1657e-01
6805195 +1.707736417e+00 +1.707736417e+00 -9.982922636e+02 -9.982922636e+02 +1.2799e+00 +6.4760e-01 +3.4241e+00 -1.9873e+00 +1.2155e+00
13308331 +1.096750604e+00 +1.096750604e+00 -9.989032494e+02 -9.989032494e+02 +9.9919e-01 +7.3953e-01 +3.9476e+00 -1.7189e+00 +1.6870e+00
45914346 +7.213191182e-01 +7.213191182e-01 -9.992786809e+02 -9.992786809e+02 +1.3191e+00 +7.9844e-01 +3.7446e+00 -1.7423e+00 +1.6737e+00
% function evaluation | noise-free fitness - Fopt (-2.787500000000e+02) | best noise-free fitness - Fopt | measured fitness | best measured fitness | x1 | x2...
1 +1.113847274e+02 +1.113847274e+02 -1.673652726e+02 -1.673652726e+02 +6.4316e-01 +2.7658e+00 +3.0671e+00 +2.5329e+00 -4.2813e+00
5 +1.020883292e+02 +1.020883292e+02 -1.766616708e+02 -1.766616708e+02 +3.7308e-02 -1.9340e-01 +2.9163e+00 +4.9704e+00 +1.0250e-01
11 +5.267451270e+01 +5.267451270e+01 -2.260754873e+02 -2.260754873e+02 -1.6429e+00 +2.7173e+00 +3.1557e+00 +2.6775e+00 -3.4954e+00
18 +4.627097792e+01 +4.627097792e+01 -2.324790221e+02 -2.324790221e+02 -2.2846e+00 +1.3293e+00 +3.1510e+00 +4.7070e+00 -2.4326e+00
30 +3.299306780e+01 +3.299306780e+01 -2.457569322e+02 -2.457569322e+02 -4.7808e-01 +7.3530e-02 +2.5864e+00 -3.7419e+00 -1.0573e+00
141 +2.153505974e+01 +2.153505974e+01 -2.572149403e+02 -2.572149403e+02 -2.0289e+00 +4.5064e+00 +2.6860e+00 +3.3829e+00 +4.5239e-01
239 +1.050312325e+01 +1.050312325e+01 -2.682468767e+02 -2.682468767e+02 -4.8386e+00 +3.6133e-01 +4.0122e+00 -3.4539e+00 +1.9070e+00
1278 +9.959832246e+00 +9.959832246e+00 -2.687901678e+02 -2.687901678e+02 -3.4642e+00 +4.1270e+00 +2.5130e+00 -1.0872e-01 +4.6895e-01
2550 +9.743744492e+00 +9.743744492e+00 -2.690062555e+02 -2.690062555e+02 -4.4551e+00 -2.3710e-01 +2.4680e+00 -3.2302e+00 +1.4886e+00
3160 +9.057723628e+00 +9.057723628e+00 -2.696922764e+02 -2.696922764e+02 -4.2992e+00 +1.3003e+00 +3.5181e+00 -4.6004e+00 +2.1690e+00
4286 +7.480245665e+00 +7.480245665e+00 -2.712697543e+02 -2.712697543e+02 -4.2478e+00 +2.5527e+00 +3.3386e+00 -1.8388e+00 +2.0439e-01
6362 +3.239469599e+00 +3.239469599e+00 -2.755105304e+02 -2.755105304e+02 -4.3054e+00 +1.4666e+00 +2.3119e+00 -2.9644e+00 +1.3476e+00
73732 +3.154183712e+00 +3.154183712e+00 -2.755958163e+02 -2.755958163e+02 -2.1134e+00 +4.8741e+00 +1.6131e+00 +2.3233e+00 -4.7939e-01
516629 +2.540717121e+00 +2.540717121e+00 -2.762092829e+02 -2.762092829e+02 -4.2289e+00 +2.0015e+00 +2.4764e+00 -2.2102e+00 +1.1843e+00
896259 +2.120227453e+00 +2.120227453e+00 -2.766297725e+02 -2.766297725e+02 -4.5179e+00 +1.0311e+00 +3.1681e+00 -3.3310e+00 +1.7343e+00
1125439 +1.140656268e+00 +1.140656268e+00 -2.776093437e+02 -2.776093437e+02 -3.7995e+00 +1.8896e+00 +2.5626e+00 -1.4830e+00 +1.0750e+00
2268602 +8.951012348e-01 +8.951012348e-01 -2.778548988e+02 -2.778548988e+02 -3.9866e+00 +1.6635e+00 +2.8028e+00 -1.9335e+00 +1.1928e+00
15774652 +8.244033190e-01 +8.244033190e-01 -2.779255967e+02 -2.779255967e+02 -4.1108e+00 +1.5406e+00 +2.8845e+00 -2.2055e+00 +1.3217e+00
% function evaluation | noise-free fitness - Fopt (-1.677000000000e+01) | best noise-free fitness - Fopt | measured fitness | best measured fitness | x1 | x2...
1 +8.396390205e+01 +8.396390205e+01 +6.719390205e+01 +6.719390205e+01 +4.3928e+00 -4.8325e-01 +4.3923e+00 +4.5728e+00 +4.2659e-01
2 +5.946039409e+01 +5.946039409e+01 +4.269039409e+01 +4.269039409e+01 -3.4432e+00 -4.6395e+00 +2.4618e+00 +1.0927e+00 -3.2401e+00
5 +3.497171623e+01 +3.497171623e+01 +1.820171623e+01 +1.820171623e+01 +3.1498e+00 +3.8671e+00 +4.6856e+00 +2.9080e+00 -1.4939e+00
52 +3.184682727e+01 +3.184682727e+01 +1.507682727e+01 +1.507682727e+01 +1.7235e+00 -9.5634e-01 +2.9130e+00 +4.0912e+00 +3.0144e+00
57 +7.169089109e+00 +7.169089109e+00 -9.600910891e+00 -9.600910891e+00 +6.8890e-01 +1.0588e+00 +3.6315e+00 +2.3601e+00 -9.7314e-01
1075 +3.935987413e+00 +3.935987413e+00 -1.283401259e+01 -1.283401259e+01 +1.1976e+00 +2.7503e+00 +3.5124e+00 +4.0636e+00 -2.6837e+00
197666 +2.798270259e+00 +2.798270259e+00 -1.397172974e+01 -1.397172974e+01 +8.8822e-01 +1.9937e+00 +4.0366e+00 +3.6643e+00 -1.7797e+00
393652 +2.420662214e+00 +2.420662214e+00 -1.434933779e+01 -1.434933779e+01 +1.0069e+00 +1.5570e+00 +3.9031e+00 +3.5304e+00 -7.4632e-01
2243848 +2.280689773e+00 +2.280689773e+00 -1.448931023e+01 -1.448931023e+01 +1.0977e+00 +1.8334e+00 +3.1364e+00 +3.2720e+00 -2.3452e+00
2335157 +2.075644939e+00 +2.075644939e+00 -1.469435506e+01 -1.469435506e+01 +1.0687e+00 +2.6402e+00 +2.6495e+00 +3.6934e+00 -4.6832e+00
2852954 +1.905791112e+00 +1.905791112e+00 -1.486420889e+01 -1.486420889e+01 +8.9031e-01 +1.4810e+00 +2.9920e+00 +2.8718e+00 -2.2959e+00
4799311 +1.388428128e+00 +1.388428128e+00 -1.538157187e+01 -1.538157187e+01 +7.4867e-01 +1.7540e+00 +2.7318e+00 +3.1331e+00 -3.4361e+00
% function evaluation | noise-free fitness - Fopt (-8.593000000000e+01) | best noise-free fitness - Fopt | measured fitness | best measured fitness | x1 | x2...
1 +1.584567632e+02 +1.584567632e+02 +7.252676320e+01 +7.252676320e+01 -2.0529e+00 +3.7277e+00 +4.6575e-02 +1.4839e+00 -3.4457e+00
2 +1.121777949e+02 +1.121777949e+02 +2.624779491e+01 +2.624779491e+01 -1.0877e+00 +4.4069e+00 -1.7360e+00 +9.2932e-01 -3.6888e+00
4 +9.914840436e+01 +9.914840436e+01 +1.321840436e+01 +1.321840436e+01 +3.6938e-02 -4.6518e+00 +3.5314e+00 +1.0904e+00 +4.7851e+00
7 +5.005529005e+01 +5.005529005e+01 -3.587470995e+01 -3.587470995e+01 +1.5094e+00 +2.1686e+00 +4.1699e+00 -1.7636e+00 +2.8694e-01
26 +4.383094201e+01 +4.383094201e+01 -4.209905799e+01 -4.209905799e+01 +1.8112e+00 -7.9718e-01 +2.1932e-01 -3.0728e+00 +1.6042e+00
29 +3.771901178e+01 +3.771901178e+01 -4.821098822e+01 -4.821098822e+01 -2.1190e+00 +8.7731e-01 -4.0650e-01 -1.2304e+00 +1.7307e+00
51 +3.128670061e+01 +3.128670061e+01 -5.464329939e+01 -5.464329939e+01 +3.2850e-01 +6.6945e-01 +1.6585e+00 -3.7074e-02 -1.2893e+00
155 +2.890918701e+01 +2.890918701e+01 -5.702081299e+01 -5.702081299e+01 -2.6662e+00 -7.9290e-01 -1.1917e+00 -8.0853e-02 +2.8213e+00
175 +2.782701074e+01 +2.782701074e+01 -5.810298926e+01 -5.810298926e+01 +2.6167e+00 +2.1249e+00 +7.9080e-01 -4.0504e+00 +3.5268e+00
232 +2.305058521e+01 +2.305058521e+01 -6.287941479e+01 -6.287941479e+01 -2.5051e+00 -2.0329e+00 +7.9550e-01 -3.4490e+00 +4.7829e+00
263 +1.954449712e+01 +1.954449712e+01 -6.638550288e+01 -6.638550288e+01 +7.1710e-01 +4.7268e+00 -1.9091e+00 -7.6419e-02 +6.6518e-01
337 +1.768475915e+01 +1.768475915e+01 -6.824524085e+01 -6.824524085e+01 +1.1224e+00 +3.9890e+00 -2.2442e+00 -1.1624e+00 -3.8440e-01
641 +1.538220108e+01 +1.538220108e+01 -7.054779892e+01 -7.054779892e+01 +3.7058e+00 +4.8219e+00 +7.3171e-01 -3.6322e+00 +6.3040e-01
1758 +1.129111140e+01 +1.129111140e+01 -7.463888860e+01 -7.463888860e+01 -3.8676e+00 -1.4208e+00 -3.4488e+00 -8.4928e-01 +4.3968e+00
5139 +1.075202040e+01 +1.075202040e+01 -7.517797960e+01 -7.517797960e+01 +1.0355e+00 +3.3836e+00 +1.1623e+00 -2.5841e+00 +1.9260e+00
5664 +7.907287983e+00 +7.907287983e+00 -7.802271202e+01 -7.802271202e+01 +1.5990e+00 +4.6670e+00 -2.2996e+00 -1.3181e+00 +5.0612e-02
10005 +7.696970883e+00 +7.696970883e+00 -7.823302912e+01 -7.823302912e+01 +3.4039e+00 +4.7737e+00 -9.6351e-01 -3.0907e+00 -1.5250e-01
10842 +7.403268889e+00 +7.403268889e+00 -7.852673111e+01 -7.852673111e+01 +1.9044e-01 +3.6210e+00 -1.6075e+00 -1.8735e+00 +1.4744e+00
14672 +5.644374870e+00 +5.644374870e+00 -8.028562513e+01 -8.028562513e+01 +8.4972e-01 +3.0255e+00 -1.6010e-02 -2.9531e+00 +1.7338e+00
42970 +5.332103038e+00 +5.332103038e+00 -8.059789696e+01 -8.059789696e+01 +1.4575e+00 +3.5559e+00 -1.0041e+00 -2.5841e+00 +1.5729e+00
46219 +4.034573417e+00 +4.034573417e+00 -8.189542658e+01 -8.189542658e+01 +8.1337e-01 +3.2444e+00 +1.0083e+00 -2.7725e+00 +3.1131e+00
122581 +2.855028355e+00 +2.855028355e+00 -8.307497164e+01 -8.307497164e+01 +4.4339e-01 +1.9019e+00 +1.3930e+00 -2.9122e+00 +3.9659e+00
579028 +2.482475315e+00 +2.482475315e+00 -8.344752468e+01 -8.344752468e+01 -2.0826e-01 +7.8969e-01 +1.0879e+00 -3.0999e+00 +4.6375e+00
2804625 +1.482146287e+00 +1.482146287e+00 -8.444785371e+01 -8.444785371e+01 +9.9593e-01 +2.9178e+00 +6.2903e-01 -3.0547e+00 +2.7763e+00
8648781 +1.265294200e+00 +1.265294200e+00 -8.466470580e+01 -8.466470580e+01 +1.3695e+00 +3.3024e+00 +1.4288e-01 -2.9657e+00 +2.3812e+00
29774673 +1.246023551e+00 +1.246023551e+00 -8.468397645e+01 -8.468397645e+01 +9.1903e-01 +2.9288e+00 +5.4297e-01 -2.8887e+00 +2.9561e+00
% function evaluation | noise-free fitness - Fopt (4.966000000000e+01) | best noise-free fitness - Fopt | measured fitness | best measured fitness | x1 | x2...
1 +5.452587621e+01 +5.452587621e+01 +1.041858762e+02 +1.041858762e+02 -4.7938e+00 +1.2624e+00 -1.8625e+00 +9.5670e-01 +1.3077e-01
18 +4.380428508e+01 +4.380428508e+01 +9.346428508e+01 +9.346428508e+01 +5.0096e-01 -1.6227e+00 +3.4778e+00 -1.1131e+00 +1.6411e+00
83 +3.526982607e+01 +3.526982607e+01 +8.492982607e+01 +8.492982607e+01 -2.2036e+00 +2.0878e+00 -8.1472e-01 -1.3815e+00 -3.5197e+00
87 +2.147472031e+01 +2.147472031e+01 +7.113472031e+01 +7.113472031e+01 -3.3159e+00 -3.1559e+00 -4.5674e+00 +4.1354e-01 +1.4133e-01
282 +1.915710193e+01 +1.915710193e+01 +6.881710193e+01 +6.881710193e+01 -1.8149e+00 -1.5272e+00 -3.2351e-01 -3.4879e+00 -2.5241e+00
489 +1.378947955e+01 +1.378947955e+01 +6.344947955e+01 +6.344947955e+01 -2.8355e+00 +4.2846e-01 -8.9361e-01 +1.2429e+00 -1.3563e+00
740 +1.332229905e+01 +1.332229905e+01 +6.298229905e+01 +6.298229905e+01 -2.7363e+00 -6.2749e-01 +8.9201e-01 -2.8493e+00 -2.9265e+00
1360 +7.709354924e+00 +7.709354924e+00 +5.736935492e+01 +5.736935492e+01 -1.3151e+00 -1.1352e+00 +1.3410e+00 -2.4240e+00 -1.3991e+00
14039 +7.371346836e+00 +7.371346836e+00 +5.703134684e+01 +5.703134684e+01 -2.4063e+00 -9.7200e-01 -4.9739e-01 +4.0691e-01 -1.1338e+00
14530 +5.868868321e+00 +5.868868321e+00 +5.552886832e+01 +5.552886832e+01 -2.7181e+00 -2.4344e+00 -9.3810e-01 -1.2454e+00 -9.7281e-01
19654 +5.736919283e+00 +5.736919283e+00 +5.539691928e+01 +5.539691928e+01 -2.9630e+00 -2.2351e+00 -1.0883e+00 -8.8203e-01 -2.3779e-01
61777 +4.943665832e+00 +4.943665832e+00 +5.460366583e+01 +5.460366583e+01 -3.6570e+00 -2.1291e+00 -1.7300e+00 -3.5424e-01 -1.2460e+00
254658 +2.019692395e+00 +2.019692395e+00 +5.167969239e+01 +5.167969239e+01 -1.9298e+00 -6.9628e-01 +1.0819e+00 -2.0052e+00 -3.0016e+00
2490730 +1.558736941e+00 +1.558736941e+00 +5.121873694e+01 +5.121873694e+01 -2.8213e+00 -2.3393e+00 -1.1706e+00 -5.4078e-01 -1.4165e+00
24236406 +1.260672830e+00 +1.260672830e+00 +5.092067283e+01 +5.092067283e+01 -2.9270e+00 -2.4883e+00 -1.5243e+00 -4.5277e-01 -1.1227e+00
% function evaluation | noise-free fitness - Fopt (2.652800000000e+02) | best noise-free fitness - Fopt | measured fitness | best measured fitness | x1 | x2...
1 +6.274930806e+02 +6.274930806e+02 +8.927730806e+02 +8.927730806e+02 -2.0140e+00 -2.6257e+00 +2.4399e+00 +4.6124e+00 +4.4390e+00
2 +1.142347714e+02 +1.142347714e+02 +3.795147714e+02 +3.795147714e+02 +3.8895e+00 -3.9681e+00 +3.6222e+00 -2.4727e+00 +1.0761e+00
3 +9.655659076e+01 +9.655659076e+01 +3.618365908e+02 +3.618365908e+02 +2.1470e+00 -3.0064e+00 +4.9066e+00 +3.5248e+00 -1.0436e+00
8 +5.325527285e+01 +5.325527285e+01 +3.185352728e+02 +3.185352728e+02 +3.4451e+00 -3.5571e+00 -1.2083e+00 -1.6996e+00 +5.9470e-01
11 +4.967500421e+01 +4.967500421e+01 +3.149550042e+02 +3.149550042e+02 -7.3550e-01 -2.5839e+00 +3.7508e+00 +4.2857e-01 -4.3271e+00
23 +3.639034991e+01 +3.639034991e+01 +3.016703499e+02 +3.016703499e+02 -2.0899e-01 -1.2915e+00 +6.3637e-01 +3.8777e-01 -3.5416e+00
45 +2.330451454e+01 +2.330451454e+01 +2.885845145e+02 +2.885845145e+02 +1.1786e+00 +3.1097e+00 -5.0508e-01 +2.7299e+00 -3.8717e+00
67 +1.280616189e+01 +1.280616189e+01 +2.780861619e+02 +2.780861619e+02 +1.7801e+00 -9.2438e-02 +1.9669e+00 -2.8800e-01 -2.8865e+00
251 +1.241751284e+01 +1.241751284e+01 +2.776975128e+02 +2.776975128e+02 +1.4804e-01 +1.1831e+00 +4.9030e+00 -1.5557e+00 -1.6584e+00
715 +9.923077361e+00 +9.923077361e+00 +2.752030774e+02 +2.752030774e+02 +7.7409e-01 +3.8900e-01 +4.0861e+00 -3.6624e+00 -2.6113e+00
7185 +9.704751124e+00 +9.704751124e+00 +2.749847511e+02 +2.749847511e+02 +1.1170e+00 -1.0176e+00 +1.4152e+00 -1.1480e+00 -4.3659e+00
13365 +8.783946236e+00 +8.783946236e+00 +2.740639462e+02 +2.740639462e+02 +2.4275e+00 -1.6170e+00 -2.2885e-01 -8.2354e-01 -4.2155e+00
13910 +7.508732540e+00 +7.508732540e+00 +2.727887325e+02 +2.727887325e+02 +6.9622e-01 +1.5263e+00 +2.7539e+00 -2.3161e+00 -1.8598e+00
13927 +4.131014344e+00 +4.131014344e+00 +2.694110143e+02 +2.694110143e+02 +3.1118e-01 +7.6338e-01 +2.7875e+00 -2.1261e+00 -4.0442e+00
75918 +3.382042597e+00 +3.382042597e+00 +2.686620426e+02 +2.686620426e+02 +8.8180e-01 +4.9569e-01 +2.4079e+00 -8.9557e-01 -3.7564e+00
134244 +2.765007127e+00 +2.765007127e+00 +2.680450071e+02 +2.680450071e+02 -3.7856e-01 +1.6053e+00 +4.7411e+00 -1.7968e+00 -2.9391e+00
1133918 +2.110056403e+00 +2.110056403e+00 +2.673900564e+02 +2.673900564e+02 +8.5149e-01 +4.5183e-01 +3.2349e+00 -1.8629e+00 -3.5459e+00
2597868 +1.620047616e+00 +1.620047616e+00 +2.669000476e+02 +2.669000476e+02 +5.2027e-01 +8.8456e-01 +3.7802e+00 -1.5759e+00 -3.3104e+00
3240040 +1.290991222e+00 +1.290991222e+00 +2.665709912e+02 +2.665709912e+02 +4.9708e-01 +7.0751e-01 +3.5256e+00 -1.7533e+00 -3.5201e+00
14857113 +7.190872327e-01 +7.190872327e-01 +2.659990872e+02 +2.659990872e+02 +8.3456e-01 +2.5505e-01 +2.9519e+00 -1.6577e+00 -3.8235e+00
