% function evaluation | noise-free fitness - Fopt (-1.694000000000e+01) | best noise-free fitness - Fopt | measured fitness | best measured fitness | x1 | x2...
1 +1.440725603e+02 +1.440725603e+02 +1.271325603e+02 +1.271325603e+02 -4.0961e-01 +4.5934e-01 +3.9525e+00
2 +7.935093200e+01 +7.935093200e+01 +6.241093200e+01 +6.241093200e+01 +3.8034e+00 +4.4528e+00 -4.9483e+00
3 +4.846928635e+01 +4.846928635e+01 +3.152928635e+01 +3.152928635e+01 +4.4902e+00 +4.1540e+00 -4.1903e+00
4 +1.294877407e+01 +1.294877407e+01 -3.991225927e+00 -3.991225927e+00 +3.1737e+00 +2.1921e+00 -3.7635e-01
157 +6.596429841e+00 +6.596429841e+00 -1.034357016e+01 -1.034357016e+01 +3.2635e+00 +1.7276e+00 -1.1098e+00
469 +1.531607749e+00 +1.531607749e+00 -1.540839225e+01 -1.540839225e+01 +3.1818e+00 +2.3816e+00 -1.0841e+00
38338 +8.113626854e-01 +8.113626854e-01 -1.612863731e+01 -1.612863731e+01 +4.1896e+00 +3.2051e+00 -2.0244e+00
862779 +6.759132795e-01 +6.759132795e-01 -1.626408672e+01 -1.626408672e+01 +3.6286e+00 +2.6615e+00 -1.5015e+00
864236 +5.430780915e-01 +5.430780915e-01 -1.639692191e+01 -1.639692191e+01 +3.7119e+00 +2.6821e+00 -1.5614e+00
964430 +4.392520806e-01 +4.392520806e-01 -1.650074792e+01 -1.650074792e+01 +3.6723e+00 +2.5384e+00 -1.5211e+00
976370 +2.160118495e-01 +2.160118495e-01 -1.672398815e+01 -1.672398815e+01 +3.6562e+00 +2.5972e+00 -1.5394e+00
11271715 +1.981627351e-01 +1.981627351e-01 -1.674183726e+01 -1.674183726e+01 +3.7172e+00 +2.6422e+00 -1.5813e+00
12489053 +1.807288960e-01 +1.807288960e-01 -1.675927110e+01 -1.675927110e+01 +3.6823e+00 +2.5816e+00 -1.5474e+00
19653565 +1.541825580e-01 +1.541825580e-01 -1.678581744e+01 -1.678581744e+01 +3.5502e+00 +2.4190e+00 -1.4322e+00
22849942 +1.149995488e-01 +1.149995488e-01 -1.682500045e+01 -1.682500045e+01 +3.5895e+00 +2.4749e+00 -1.4643e+00
% function evaluation | noise-free fitness - Fopt (1.881000000000e+01) | best noise-free fitness - Fopt | measured fitness | best measured fitness | x1 | x2...
1 +8.926404327e+01 +8.926404327e+01 +1.080740433e+02 +1.080740433e+02 -3.0520e+00 -4.0710e+00 +8.0482e-01
4 +8.742052288e+01 +8.742052288e+01 +1.062305229e+02 +1.062305229e+02 +1.6553e+00 +1.4306e-01 -4.2635e+00
7 +8.271771645e+01 +8.271771645e+01 +1.015277165e+02 +1.015277165e+02 -4.4743e+00 -2.3320e+00 -2.2487e+00
10 +4.400802630e+01 +4.400802630e+01 +6.281802630e+01 +6.281802630e+01 +6.6158e-01 +1.1023e-01 -4.2247e+00
24 +1.450377367e+01 +1.450377367e+01 +3.331377367e+01 +3.331377367e+01 -2.3811e+00 -5.2602e-01 +9.8354e-02
46 +1.185675229e+01 +1.185675229e+01 +3.066675229e+01 +3.066675229e+01 -2.9861e+00 -1.0019e+00 +4.6772e-02
47 +4.983557394e+00 +4.983557394e+00 +2.379355739e+01 +2.379355739e+01 +2.0961e-01 +1.7687e+00 -9.5665e-01
1796 +4.703485519e+00 +4.703485519e+00 +2.351348552e+01 +2.351348552e+01 -1.6909e-01 +1.6622e+00 -5.0781e-01
2972 +3.825577250e+00 +3.825577250e+00 +2.263557725e+01 +2.263557725e+01 -6.4008e-01 +1.6513e+00 -7.1487e-01
4726 +3.382753972e+00 +3.382753972e+00 +2.219275397e+01 +2.219275397e+01 +3.1826e-01 +1.8861e+00 -1.0434e+00
6993 +2.586599595e+00 +2.586599595e+00 +2.139659959e+01 +2.139659959e+01 -8.1866e-01 +1.7898e+00 -3.7383e-01
14632 +1.573978377e+00 +1.573978377e+00 +2.038397838e+01 +2.038397838e+01 +6.2982e-01 +2.4500e+00 -1.3259e+00
78036 +8.161005554e-01 +8.161005554e-01 +1.962610056e+01 +1.962610056e+01 -2.2158e-01 +1.7113e+00 -7.9708e-01
102742 +3.623554247e-01 +3.623554247e-01 +1.917235542e+01 +1.917235542e+01 -4.1999e-01 +1.6579e+00 -6.3207e-01
948644 +2.309688990e-01 +2.309688990e-01 +1.904096890e+01 +1.904096890e+01 -8.2191e-02 +1.8439e+00 -8.8756e-01
% function evaluation | noise-free fitness - Fopt (2.731500000000e+02) | best noise-free fitness - Fopt | measured fitness | best measured fitness | x1 | x2...
1 +3.277292230e+02 +3.277292230e+02 +6.008792230e+02 +6.008792230e+02 -7.0478e-02 -3.7447e+00 +5.6503e-01
2 +2.472544063e+02 +2.472544063e+02 +5.204044063e+02 +5.204044063e+02 -2.4796e+00 -4.7507e-01 -2.3025e+00
5 +2.294694747e+02 +2.294694747e+02 +5.026194747e+02 +5.026194747e+02 +2.8749e+00 +4.3382e+00 -1.3488e+00
6 +1.109893347e+02 +1.109893347e+02 +3.841393347e+02 +3.841393347e+02 -2.9425e+00 +8.2592e-01 -2.4023e+00
11 +7.365121640e+00 +7.365121640e+00 +2.805151216e+02 +2.805151216e+02 -2.3939e+00 +4.9243e+00 -1.3497e+00
231 +2.465555884e+00 +2.465555884e+00 +2.756155559e+02 +2.756155559e+02 -3.5130e+00 +3.6274e+00 -3.0652e-01
9404 +2.267932844e+00 +2.267932844e+00 +2.754179328e+02 +2.754179328e+02 -3.3505e+00 +4.2384e+00 -2.5184e-01
25618 +2.139310472e+00 +2.139310472e+00 +2.752893105e+02 +2.752893105e+02 -4.4906e+00 +2.4442e+00 -4.9875e-01
27820 +1.629609832e+00 +1.629609832e+00 +2.747796098e+02 +2.747796098e+02 -4.3057e+00 +2.4020e+00 -6.6519e-01
55626 +1.369836893e+00 +1.369836893e+00 +2.745198369e+02 +2.745198369e+02 -3.4609e+00 +3.6923e+00 -4.1208e-01
66319 +1.292416319e+00 +1.292416319e+00 +2.744424163e+02 +2.744424163e+02 -3.9402e+00 +3.0299e+00 -5.9580e-01
92168 +1.276324158e+00 +1.276324158e+00 +2.744263242e+02 +2.744263242e+02 -3.7620e+00 +3.1284e+00 -7.1312e-01
140347 +1.126393518e+00 +1.126393518e+00 +2.742763935e+02 +2.742763935e+02 -3.7412e+00 +3.1911e+00 -6.3205e-01
182146 +6.402419003e-01 +6.402419003e-01 +2.737902419e+02 +2.737902419e+02 -3.4911e+00 +3.8520e+00 -4.6363e-01
767862 +5.789610581e-01 +5.789610581e-01 +2.737289611e+02 +2.737289611e+02 -3.4906e+00 +3.8954e+00 -4.7831e-01
1515640 +5.429202871e-01 +5.429202871e-01 +2.736929203e+02 +2.736929203e+02 -3.9350e+00 +3.1541e+00 -4.8649e-01
2331662 +2.735870320e-01 +2.735870320e-01 +2.734235870e+02 +2.734235870e+02 -3.5898e+00 +3.7513e+00 -4.6126e-01
2390942 +2.544271274e-01 +2.544271274e-01 +2.734044271e+02 +2.734044271e+02 -3.7393e+00 +3.4057e+00 -5.3360e-01
7208681 +1.274299198e-01 +1.274299198e-01 +2.732774299e+02 +2.732774299e+02 -3.5315e+00 +3.8325e+00 -4.7273e-01
29241996 +1.222423244e-01 +1.222423244e-01 +2.732722423e+02 +2.732722423e+02 -3.4637e+00 +3.9454e+00 -4.5373e-01
% function evaluation | noise-free fitness - Fopt (3.718000000000e+01) | best noise-free fitness - Fopt | measured fitness | best measured fitness | x1 | x2...
1 +8.622040774e+01 +8.622040774e+01 +1.234004077e+02 +1.234004077e+02 +8.6965e-01 -1.3831e+00 -2.7268e+00
4 +8.114644021e+01 +8.114644021e+01 +1.183264402e+02 +1.183264402e+02 +9.2017e-01 -1.3912e+00 -4.5056e-01
5 +7.802178984e+01 +7.802178984e+01 +1.152017898e+02 +1.152017898e+02 +2.2314e+00 -1.0171e+00 -3.6483e+00
12 +4.404342296e+01 +4.404342296e+01 +8.122342296e+01 +8.122342296e+01 -3.1382e+00 -2.5455e+00 +4.1110e+00
13 +1.445735542e+01 +1.445735542e+01 +5.163735542e+01 +5.163735542e+01 -2.3989e-01 +2.6230e+00 +5.8652e-01
389 +1.128141133e+01 +1.128141133e+01 +4.846141133e+01 +4.846141133e+01 -4.3465e+00 +2.5410e+00 +3.1235e+00
799 +6.305239527e+00 +6.305239527e+00 +4.348523953e+01 +4.348523953e+01 -3.1790e+00 +2.6205e+00 +2.2578e+00
839 +4.450409653e+00 +4.450409653e+00 +4.163040965e+01 +4.163040965e+01 -1.1201e+00 +2.4818e+00 +1.8201e+00
1742 +3.847060063e+00 +3.847060063e+00 +4.102706006e+01 +4.102706006e+01 -4.9929e+00 +1.9047e+00 +1.8057e+00
2484 +2.644868513e+00 +2.644868513e+00 +3.982486851e+01 +3.982486851e+01 -4.6891e+00 +2.0826e+00 +2.3797e+00
4608 +2.303045986e+00 +2.303045986e+00 +3.948304599e+01 +3.948304599e+01 -2.7307e+00 +2.4790e+00 +2.1617e+00
16204 +2.213599249e+00 +2.213599249e+00 +3.939359925e+01 +3.939359925e+01 -3.2266e+00 +2.2114e+00 +2.1840e+00
29368 +1.985192028e+00 +1.985192028e+00 +3.916519203e+01 +3.916519203e+01 -1.5567e+00 +2.5841e+00 +2.0284e+00
103152 +1.811577186e+00 +1.811577186e+00 +3.899157719e+01 +3.899157719e+01 -2.9395e+00 +2.3181e+00 +2.1006e+00
103457 +1.479880686e+00 +1.479880686e+00 +3.865988069e+01 +3.865988069e+01 -3.4008e+00 +2.1800e+00 +2.1499e+00
118993 +1.169583027e+00 +1.169583027e+00 +3.834958303e+01 +3.834958303e+01 -4.1741e+00 +1.9406e+00 +1.9648e+00
148303 +8.260497599e-01 +8.260497599e-01 +3.800604976e+01 +3.800604976e+01 -4.2679e+00 +1.9361e+00 +1.9807e+00
475952 +6.825670946e-01 +6.825670946e-01 +3.786256709e+01 +3.786256709e+01 -3.7935e+00 +2.0472e+00 +1.9544e+00
693576 +6.303697607e-01 +6.303697607e-01 +3.781036976e+01 +3.781036976e+01 -4.6351e+00 +1.9234e+00 +2.0630e+00
975508 +4.572545778e-01 +4.572545778e-01 +3.763725458e+01 +3.763725458e+01 -3.6467e+00 +2.1356e+00 +2.0573e+00
1012870 +4.140490535e-01 +4.140490535e-01 +3.759404905e+01 +3.759404905e+01 -3.8174e+00 +2.1324e+00 +2.0652e+00
4555048 +2.769934120e-01 +2.769934120e-01 +3.745699341e+01 +3.745699341e+01 -4.1534e+00 +2.0106e+00 +2.0464e+00
8164263 +2.517280021e-01 +2.517280021e-01 +3.743172800e+01 +3.743172800e+01 -3.8666e+00 +2.0539e+00 +2.0377e+00
11510211 +2.014125330e-01 +2.014125330e-01 +3.738141253e+01 +3.738141253e+01 -3.9301e+00 +2.0474e+00 +2.0400e+00
21068541 +1.875125552e-01 +1.875125552e-01 +3.736751256e+01 +3.736751256e+01 -3.8930e+00 +2.0694e+00 +2.0600e+00
21446677 +9.818992153e-02 +9.818992153e-02 +3.727818992e+01 +3.727818992e+01 -3.7415e+00 +2.1198e+00 +2.0580e+00
% function evaluation | noise-free fitness - Fopt (-1.479000000000e+02) | best noise-free fitness - Fopt | measured fitness | best measured fitness | x1 | x2...
1 +8.802483751e+01 +8.802483751e+01 -5.987516249e+01 -5.987516249e+01 -4.8123e+00 -2.6565e-01 +4.7918e+00
6 +5.355415237e+01 +5.355415237e+01 -9.434584763e+01 -9.434584763e+01 -3.9581e+00 +1.8890e-02 -1.2005e+00
7 +5.240939844e+01 +5.240939844e+01 -9.549060156e+01 -9.549060156e+01 -4.2894e+00 -4.2262e-01 +1.8170e+00
14 +3.180316435e+01 +3.180316435e+01 -1.160968356e+02 -1.160968356e+02 -1.8444e-01 -1.3021e-01 +2.5789e-01
28 +2.962357975e+01 +2.962357975e+01 -1.182764202e+02 -1.182764202e+02 -2.3465e+00 -1.5311e+00 -1.8660e+00
31 +1.525312882e+01 +1.525312882e+01 -1.326468712e+02 -1.326468712e+02 -3.4795e-01 +9.9572e-01 +4.8609e+00
76 +1.453691119e+01 +1.453691119e+01 -1.333630888e+02 -1.333630888e+02 -1.5495e+00 +3.9537e-01 -5.1333e-01
172 +1.240135828e+01 +1.240135828e+01 -1.354986417e+02 -1.354986417e+02 +6.1475e-01 +2.2129e+00 +4.7789e+00
290 +8.167307030e+00 +8.167307030e+00 -1.397326930e+02 -1.397326930e+02 -2.1036e+00 +2.3929e-01 +3.2366e-01
370 +1.861911162e+00 +1.861911162e+00 -1.460380888e+02 -1.460380888e+02 -1.7978e+00 +1.7396e-02 +9.6324e-01
68038 +1.807219002e+00 +1.807219002e+00 -1.460927810e+02 -1.460927810e+02 -1.7112e+00 -2.5667e-01 +1.9706e-01
82120 +1.462142702e+00 +1.462142702e+00 -1.464378573e+02 -1.464378573e+02 -1.8362e+00 -5.4526e-01 -1.1434e-01
97007 +1.315955350e+00 +1.315955350e+00 -1.465840446e+02 -1.465840446e+02 -1.8070e+00 -1.4234e-01 +7.0131e-01
107831 +1.096415089e+00 +1.096415089e+00 -1.468035849e+02 -1.468035849e+02 -1.7488e+00 -4.1656e-02 +8.6507e-01
167341 +6.993289415e-01 +6.993289415e-01 -1.472006711e+02 -1.472006711e+02 -1.7856e+00 +5.0415e-03 +8.7247e-01
633171 +5.334819979e-01 +5.334819979e-01 -1.473665180e+02 -1.473665180e+02 -1.7749e+00 +1.0477e-01 +1.0950e+00
1418101 +4.105439910e-01 +4.105439910e-01 -1.474894560e+02 -1.474894560e+02 -1.6936e+00 +7.1534e-02 +9.9301e-01
3192321 +3.498084378e-01 +3.498084378e-01 -1.475501916e+02 -1.475501916e+02 -1.6547e+00 +1.3855e-01 +1.1436e+00
4793431 +3.423469430e-01 +3.423469430e-01 -1.475576531e+02 -1.475576531e+02 -1.6726e+00 +1.4239e-01 +1.1085e+00
8204985 +2.934734936e-01 +2.934734936e-01 -1.476065265e+02 -1.476065265e+02 -1.6803e+00 +2.9068e-01 +1.3767e+00
13444507 +2.087762758e-01 +2.087762758e-01 -1.476912237e+02 -1.476912237e+02 -1.6909e+00 +4.5620e-01 +1.6690e+00
22248795 +1.856993160e-01 +1.856993160e-01 -1.477143007e+02 -1.477143007e+02 -1.6872e+00 +1.0311e-01 +1.0629e+00
28134157 +1.674117681e-01 +1.674117681e-01 -1.477325882e+02 -1.477325882e+02 -1.7175e+00 -3.1535e-02 +7.9839e-01
28453833 +1.386428986e-01 +1.386428986e-01 -1.477613571e+02 -1.477613571e+02 -1.6747e+00 +8.7695e-02 +1.0531e+00
% function evaluation | noise-free fitness - Fopt (2.173800000000e+02) | best noise-free fitness - Fopt | measured fitness | best measured fitness | x1 | x2...
1 +9.393025347e+01 +9.393025347e+01 +3.113102535e+02 +3.113102535e+02 -2.7440e+00 -1.1100e+00 +7.5287e-01
2 +6.916514914e+01 +6.916514914e+01 +2.865451491e+02 +2.865451491e+02 -2.2794e-02 -2.6252e+00 +1.0117e+00
8 +4.402977377e+01 +4.402977377e+01 +2.614097738e+02 +2.614097738e+02 +1.5322e-01 -4.3364e+00 +2.4468e+00
12 +2.350393376e+01 +2.350393376e+01 +2.408839338e+02 +2.408839338e+02 -1.8292e+00 -4.0849e+00 -2.7403e+00
59 +2.310100457e+01 +2.310100457e+01 +2.404810046e+02 +2.404810046e+02 -6.1348e-01 -5.6612e-01 +1.2214e+00
74 +3.456044128e+00 +3.456044128e+00 +2.208360441e+02 +2.208360441e+02 -1.0126e-02 -3.2027e+00 -1.7373e+00
994 +2.989721365e+00 +2.989721365e+00 +2.203697214e+02 +2.203697214e+02 -5.4132e-01 -3.8483e+00 -2.4269e+00
2047 +2.906629603e+00 +2.906629603e+00 +2.202866296e+02 +2.202866296e+02 +3.6225e-02 -2.9127e+00 -1.1764e+00
3485 +2.434813059e+00 +2.434813059e+00 +2.198148131e+02 +2.198148131e+02 +5.0097e-01 -2.9550e+00 -1.2382e+00
4583 +1.841952510e+00 +1.841952510e+00 +2.192219525e+02 +2.192219525e+02 -5.8939e-02 -3.3995e+00 -2.1195e+00
39755 +1.617639032e+00 +1.617639032e+00 +2.189976390e+02 +2.189976390e+02 -1.1889e+00 -4.2119e+00 -3.9782e+00
50385 +1.461714904e+00 +1.461714904e+00 +2.188417149e+02 +2.188417149e+02 -3.6681e-02 -3.6142e+00 -2.1434e+00
51431 +1.411619040e+00 +1.411619040e+00 +2.187916190e+02 +2.187916190e+02 +3.9671e-01 -2.8857e+00 -1.2634e+00
109478 +1.368801108e+00 +1.368801108e+00 +2.187488011e+02 +2.187488011e+02 +6.8299e-01 -2.8167e+00 -1.2279e+00
109986 +1.344832020e+00 +1.344832020e+00 +2.187248320e+02 +2.187248320e+02 +3.6289e-01 -2.9879e+00 -1.3838e+00
113260 +6.113794127e-01 +6.113794127e-01 +2.179913794e+02 +2.179913794e+02 +4.4950e-02 -3.3343e+00 -1.8847e+00
281056 +5.297834500e-01 +5.297834500e-01 +2.179097834e+02 +2.179097834e+02 +4.9591e-01 -2.8416e+00 -1.2047e+00
334932 +4.816103954e-01 +4.816103954e-01 +2.178616104e+02 +2.178616104e+02 +8.1672e-02 -3.3172e+00 -1.8743e+00
1442460 +3.512714214e-01 +3.512714214e-01 +2.177312714e+02 +2.177312714e+02 +7.8461e-02 -3.3551e+00 -1.9559e+00
4539318 +2.258898342e-01 +2.258898342e-01 +2.176058898e+02 +2.176058898e+02 +2.0958e-01 -3.1880e+00 -1.7015e+00
12531027 +1.103485844e-01 +1.103485844e-01 +2.174903486e+02 +2.174903486e+02 +6.6660e-02 -3.3685e+00 -1.9624e+00
% function evaluation | noise-free fitness - Fopt (1.946900000000e+02) | best noise-free fitness - Fopt | measured fitness | best measured fitness | x1 | x2...
1 +8.749177949e+01 +8.749177949e+01 +2.821817795e+02 +2.821817795e+02 -1.4581e-01 +2.4169e-02 +2.1195e+00
2 +5.873463648e+01 +5.873463648e+01 +2.534246365e+02 +2.534246365e+02 +8.8976e-01 +3.3944e+00 +4.7959e+00
5 +1.088081381e+01 +1.088081381e+01 +2.055708138e+02 +2.055708138e+02 -2.1498e+00 +1.4988e+00 -3.1415e+00
59 +9.347304601e+00 +9.347304601e+00 +2.040373046e+02 +2.040373046e+02 -1.5750e+00 +1.1826e-01 +3.9497e+00
203 +8.951660665e+00 +8.951660665e+00 +2.036416607e+02 +2.036416607e+02 -1.6263e+00 -6.4114e-01 +4.7572e+00
252 +6.691742841e+00 +6.691742841e+00 +2.013817428e+02 +2.013817428e+02 -2.2374e+00 -9.3268e-01 +2.5897e+00
293 +6.270218785e+00 +6.270218785e+00 +2.009602188e+02 +2.009602188e+02 -2.3485e+00 -3.2149e-01 -1.8573e-01
895 +6.144761611e+00 +6.144761611e+00 +2.008347616e+02 +2.008347616e+02 -2.1483e+00 -1.3097e+00 +2.3027e+00
978 +3.703563293e+00 +3.703563293e+00 +1.983935633e+02 +1.983935633e+02 -1.5707e+00 -1.0151e+00 +2.6963e+00
2482 +3.345587195e+00 +3.345587195e+00 +1.980355872e+02 +1.980355872e+02 -1.0234e+00 -1.0036e+00 +4.8324e+00
3036 +2.588564938e+00 +2.588564938e+00 +1.972785649e+02 +1.972785649e+02 -2.2960e+00 -8.8023e-01 +6.6622e-01
14965 +1.068552752e+00 +1.068552752e+00 +1.957585528e+02 +1.957585528e+02 -1.9887e+00 -1.0655e+00 +2.5331e+00
51062 +8.320478773e-01 +8.320478773e-01 +1.955220479e+02 +1.955220479e+02 -1.9187e+00 -8.8960e-01 +2.6129e+00
158848 +8.071690236e-01 +8.071690236e-01 +1.954971690e+02 +1.954971690e+02 -1.8202e+00 -8.9497e-01 +2.9839e+00
166340 +7.258395009e-01 +7.258395009e-01 +1.954158395e+02 +1.954158395e+02 -2.1270e+00 -9.9574e-01 +1.9364e+00
247326 +3.436292404e-01 +3.436292404e-01 +1.950336292e+02 +1.950336292e+02 -1.8838e+00 -9.2119e-01 +2.7261e+00
617359 +3.352974649e-01 +3.352974649e-01 +1.950252975e+02 +1.950252975e+02 -1.9263e+00 -9.3850e-01 +2.5869e+00
1658453 +1.373872544e-01 +1.373872544e-01 +1.948273873e+02 +1.948273873e+02 -1.7162e+00 -8.6391e-01 +3.0721e+00
% function evaluation | noise-free fitness - Fopt (-9.443000000000e+01) | best noise-free fitness - Fopt | measured fitness | best measured fitness | x1 | x2...
1 +2.376320658e+01 +2.376320658e+01 -7.066679342e+01 -7.066679342e+01 -1.8471e+00 +7.7468e-01 +2.0209e+00
38 +1.509967759e+01 +1.509967759e+01 -7.933032241e+01 -7.933032241e+01 -1.0207e+00 -1.6330e+00 +2.7098e+00
134 +1.122827773e+01 +1.122827773e+01 -8.320172227e+01 -8.320172227e+01 +2.3762e-01 -7.9740e-01 +2.9154e+00
204 +7.952627176e+00 +7.952627176e+00 -8.647737282e+01 -8.647737282e+01 +2.4854e+00 +5.4581e-01 +4.9844e+00
668 +6.836405434e+00 +6.836405434e+00 -8.759359457e+01 -8.759359457e+01 -3.3416e-01 +9.8202e-02 +1.6581e+00
878 +2.308751897e+00 +2.308751897e+00 -9.212124810e+01 -9.212124810e+01 +2.0838e+00 +1.4217e-01 +4.5355e+00
1201 +1.125515344e+00 +1.125515344e+00 -9.330448466e+01 -9.330448466e+01 +1.7207e-01 +3.4079e-01 +2.6707e+00
20310 +9.109065000e-01 +9.109065000e-01 -9.351909350e+01 -9.351909350e+01 +3.4523e-01 +1.6651e-01 +2.9277e+00
53241 +7.888389970e-01 +7.888389970e-01 -9.364116100e+01 -9.364116100e+01 -1.0341e-01 +2.2180e-01 +2.5246e+00
185559 +5.157442744e-01 +5.157442744e-01 -9.391425573e+01 -9.391425573e+01 -1.4922e-01 +1.7891e-01 +2.4018e+00
403441 +1.938759340e-01 +1.938759340e-01 -9.423612407e+01 -9.423612407e+01 -1.1446e-01 +2.0956e-01 +2.4955e+00
3799086 +1.320388552e-01 +1.320388552e-01 -9.429796114e+01 -9.429796114e+01 -1.8603e-01 +1.9742e-01 +2.4237e+00
10720297 +8.251834931e-02 +8.251834931e-02 -9.434748165e+01 -9.434748165e+01 -2.1727e-01 +1.9826e-01 +2.3962e+00
% function evaluation | noise-free fitness - Fopt (-1.213000000000e+02) | best noise-free fitness - Fopt | measured fitness | best measured fitness | x1 | x2...
1 +5.715560593e+02 +5.715560593e+02 +4.502560593e+02 +4.502560593e+02 +3.0672e+00 +3.3170e+00 +3.7521e+00
2 +6.700909631e+01 +6.700909631e+01 -5.429090369e+01 -5.429090369e+01 +2.0632e+00 +2.2214e+00 -3.7111e+00
8 +4.398966971e+01 +4.398966971e+01 -7.731033029e+01 -7.731033029e+01 -3.8983e+00 -4.2793e+00 -4.1217e-02
15 +4.252262611e+01 +4.252262611e+01 -7.877737389e+01 -7.877737389e+01 -6.9009e-01 +2.5330e+00 +1.5828e-01
16 +2.293330229e+01 +2.293330229e+01 -9.836669771e+01 -9.836669771e+01 -2.3149e+00 -2.6969e-01 -2.2798e+00
51 +2.126514307e+01 +2.126514307e+01 -1.000348569e+02 -1.000348569e+02 -1.0626e+00 -1.1107e+00 +1.1719e+00
68 +1.240433604e+01 +1.240433604e+01 -1.088956640e+02 -1.088956640e+02 -1.8091e+00 +9.9433e-01 -1.7768e+00
94 +1.075295230e+01 +1.075295230e+01 -1.105470477e+02 -1.105470477e+02 -1.4993e+00 +2.1093e+00 -1.1627e+00
224 +9.678377946e+00 +9.678377946e+00 -1.116216221e+02 -1.116216221e+02 -1.5084e+00 +2.3726e+00 -8.2717e-01
392 +6.580968243e+00 +6.580968243e+00 -1.147190318e+02 -1.147190318e+02 -1.2031e+00 +4.4891e-01 -4.5983e-01
608 +5.103008331e+00 +5.103008331e+00 -1.161969917e+02 -1.161969917e+02 -1.0763e+00 +1.8165e+00 -1.1055e+00
2713 +3.369082598e+00 +3.369082598e+00 -1.179309174e+02 -1.179309174e+02 -1.5504e+00 +4.3407e+00 -1.8776e+00
3492 +2.877563591e+00 +2.877563591e+00 -1.184224364e+02 -1.184224364e+02 -1.0581e+00 +3.9387e+00 -1.5311e+00
13059 +2.106222317e+00 +2.106222317e+00 -1.191937777e+02 -1.191937777e+02 -1.6560e+00 +4.8720e+00 -2.1299e+00
28310 +9.735147156e-01 +9.735147156e-01 -1.203264853e+02 -1.203264853e+02 -1.2739e+00 +3.1534e+00 -1.5084e+00
125000 +8.964386744e-01 +8.964386744e-01 -1.204035613e+02 -1.204035613e+02 -1.2881e+00 +3.3750e+00 -1.5998e+00
160793 +8.605155286e-01 +8.605155286e-01 -1.204394845e+02 -1.204394845e+02 -1.2015e+00 +2.7619e+00 -1.4134e+00
274109 +5.611074458e-01 +5.611074458e-01 -1.207388926e+02 -1.207388926e+02 -1.1795e+00 +3.0915e+00 -1.4341e+00
917423 +4.959270375e-01 +4.959270375e-01 -1.208040730e+02 -1.208040730e+02 -1.1668e+00 +2.9996e+00 -1.4559e+00
1258601 +1.684956977e-01 +1.684956977e-01 -1.211315043e+02 -1.211315043e+02 -1.2456e+00 +3.1811e+00 -1.5349e+00
4569249 +1.522862483e-01 +1.522862483e-01 -1.211477138e+02 -1.211477138e+02 -1.2403e+00 +3.2309e+00 -1.5274e+00
17301849 +5.127174638e-02 +5.127174638e-02 -1.212487283e+02 -1.212487283e+02 -1.2625e+00 +3.2586e+00 -1.5468e+00
% function evaluation | noise-free fitness - Fopt (-1.000000000000e+03) | best noise-free fitness - Fopt | measured fitness | best measured fitness | x1 | x2...
1 +1.144251714e+02 +1.144251714e+02 -8.855748286e+02 -8.855748286e+02 -3.8967e+00 -3.3740e+00 +6.5620e-01
3 +9.126389146e+01 +9.126389146e+01 -9.087361085e+02 -9.087361085e+02 -4.9862e+00 +1.2407e+00 -4.1918e+00
8 +5.326096029e+01 +5.326096029e+01 -9.467390397e+02 -9.467390397e+02 +4.9274e+00 +3.1087e+00 -3.4706e+00
15 +4.856812947e+01 +4.856812947e+01 -9.514318705e+02 -9.514318705e+02 -3.5114e+00 -1.2689e+00 -2.3986e+00
18 +3.522487889e+01 +3.522487889e+01 -9.647751211e+02 -9.647751211e+02 -1.5412e-02 +3.6484e+00 +4.4227e+00
28 +2.987267558e+01 +2.987267558e+01 -9.701273244e+02 -9.701273244e+02 -1.4885e+00 -1.5528e+00 +2.8825e+00
44 +1.451138803e+01 +1.451138803e+01 -9.854886120e+02 -9.854886120e+02 +3.3773e+00 +1.8281e+00 +4.6762e+00
46 +3.277366784e+00 +3.277366784e+00 -9.967226332e+02 -9.967226332e+02 +1.2460e+00 +8.1379e-01 +3.2047e+00
138 +2.814556455e-01 +2.814556455e-01 -9.997185444e+02 -9.997185444e+02 +9.4188e-01 +5.3131e-01 +3.4426e+00
2254236 +1.969770236e-01 +1.969770236e-01 -9.998030230e+02 -9.998030230e+02 +1.0925e+00 +6.3176e-01 +3.5083e+00
3682031 +1.809564384e-01 +1.809564384e-01 -9.998190436e+02 -9.998190436e+02 +1.0156e+00 +5.7992e-01 +3.4884e+00
12106838 +1.615710379e-01 +1.615710379e-01 -9.998384290e+02 -9.998384290e+02 +1.2607e+00 +7.4392e-01 +3.4845e+00
12111263 +1.265888425e-01 +1.265888425e-01 -9.998734112e+02 -9.998734112e+02 +1.2387e+00 +7.3422e-01 +3.5004e+00
20369569 +1.154376530e-01 +1.154376530e-01 -9.998845623e+02 -9.998845623e+02 +1.0987e+00 +6.3713e-01 +3.4879e+00
% function evaluation | noise-free fitness - Fopt (-2.787500000000e+02) | best noise-free fitness - Fopt | measured fitness | best measured fitness | x1 | x2...
1 +8.931466637e+01 +8.931466637e+01 -1.894353336e+02 -1.894353336e+02 -2.9184e+00 -1.0284e-01 -2.4695e+00
5 +7.479768934e+01 +7.479768934e+01 -2.039523107e+02 -2.039523107e+02 +1.4105e+00 +1.3516e+00 +2.0792e+00
8 +4.206049419e+01 +4.206049419e+01 -2.366895058e+02 -2.366895058e+02 -1.3536e+00 +1.6163e+00 +3.8640e+00
20 +2.872435832e+01 +2.872435832e+01 -2.500256417e+02 -2.500256417e+02 -2.6081e+00 +4.0050e+00 +3.3769e+00
28 +2.458404807e+01 +2.458404807e+01 -2.541659519e+02 -2.541659519e+02 -4.1134e+00 +2.3604e+00 +4.4848e+00
111 +1.587513344e+01 +1.587513344e+01 -2.628748666e+02 -2.628748666e+02 -3.3792e+00 +3.7995e+00 +4.4385e+00
251 +4.764412164e+00 +4.764412164e+00 -2.739855878e+02 -2.739855878e+02 -4.6577e+00 +9.5257e-01 +2.2959e+00
355 +4.536026615e+00 +4.536026615e+00 -2.742139734e+02 -2.742139734e+02 -4.7189e+00 +8.4161e-01 +1.3390e+00
787 +1.697866122e+00 +1.697866122e+00 -2.770521339e+02 -2.770521339e+02 -4.0759e+00 +1.9472e+00 +2.8012e+00
26423 +1.307727646e+00 +1.307727646e+00 -2.774422724e+02 -2.774422724e+02 -3.8654e+00 +1.9499e+00 +3.3288e+00
59602 +5.639035201e-01 +5.639035201e-01 -2.781860965e+02 -2.781860965e+02 -4.1231e+00 +1.6948e+00 +2.6465e+00
107146 +5.606391411e-01 +5.606391411e-01 -2.781893609e+02 -2.781893609e+02 -3.9703e+00 +1.9079e+00 +2.8069e+00
533300 +3.766757290e-01 +3.766757290e-01 -2.783733243e+02 -2.783733243e+02 -3.9639e+00 +1.8637e+00 +2.8646e+00
5750075 +3.311532810e-01 +3.311532810e-01 -2.784188467e+02 -2.784188467e+02 -4.0232e+00 +1.8258e+00 +2.8265e+00
6806808 +2.715533575e-01 +2.715533575e-01 -2.784784466e+02 -2.784784466e+02 -3.9659e+00 +1.8507e+00 +2.9132e+00
10154637 +2.412245407e-01 +2.412245407e-01 -2.785087755e+02 -2.785087755e+02 -3.9527e+00 +1.8952e+00 +2.9750e+00
12318291 +1.955751266e-01 +1.955751266e-01 -2.785544249e+02 -2.785544249e+02 -3.9373e+00 +1.9303e+00 +3.0327e+00
24093975 +1.677218954e-01 +1.677218954e-01 -2.785822781e+02 -2.785822781e+02 -3.9644e+00 +1.8751e+00 +2.9657e+00
29370329 +1.279918255e-01 +1.279918255e-01 -2.786220082e+02 -2.786220082e+02 -3.9363e+00 +1.9332e+00 +3.0343e+00
% function evaluation | noise-free fitness - Fopt (-1.677000000000e+01) | best noise-free fitness - Fopt | measured fitness | best measured fitness | x1 | x2...
1 +2.502192793e+01 +2.502192793e+01 +8.251927934e+00 +8.251927934e+00 -6.5752e-02 -3.2220e+00 +1.3464e-01
34 +2.266556978e+01 +2.266556978e+01 +5.895569779e+00 +5.895569779e+00 -6.4452e-02 -4.6016e+00 +1.7633e+00
51 +1.873458702e+01 +1.873458702e+01 +1.964587016e+00 +1.964587016e+00 +5.5471e-01 +3.0639e+00 +1.8480e+00
87 +1.089692442e+01 +1.089692442e+01 -5.873075585e+00 -5.873075585e+00 +9.0701e-01 +2.7085e+00 +2.6059e+00
105 +9.247779034e+00 +9.247779034e+00 -7.522220966e+00 -7.522220966e+00 -1.1998e-01 -1.1743e+00 +1.9187e+00
199 +3.667545113e+00 +3.667545113e+00 -1.310245489e+01 -1.310245489e+01 +5.5150e-01 +5.5627e-01 +3.4018e+00
1275 +2.725851458e+00 +2.725851458e+00 -1.404414854e+01 -1.404414854e+01 +1.0711e-01 -1.1652e+00 +2.0102e+00
4038 +1.901973368e+00 +1.901973368e+00 -1.486802663e+01 -1.486802663e+01 +1.3591e+00 +3.6159e+00 +4.2879e+00
5899 +1.160987578e+00 +1.160987578e+00 -1.560901242e+01 -1.560901242e+01 +5.4062e-01 +1.1502e+00 +2.9945e+00
207116 +8.267172556e-01 +8.267172556e-01 -1.594328274e+01 -1.594328274e+01 +6.5898e-01 +1.4415e+00 +3.2808e+00
363491 +5.926577717e-01 +5.926577717e-01 -1.617734223e+01 -1.617734223e+01 +8.2084e-01 +1.8880e+00 +3.4992e+00
676936 +4.970047187e-01 +4.970047187e-01 -1.627299528e+01 -1.627299528e+01 +6.7074e-01 +1.4808e+00 +3.1944e+00
912336 +4.575826892e-01 +4.575826892e-01 -1.631241731e+01 -1.631241731e+01 +7.0391e-01 +1.3872e+00 +3.2608e+00
4001903 +2.033411820e-01 +2.033411820e-01 -1.656665882e+01 -1.656665882e+01 +7.8791e-01 +1.7139e+00 +3.3685e+00
13726314 +5.730238971e-02 +5.730238971e-02 -1.671269761e+01 -1.671269761e+01 +7.6708e-01 +1.6204e+00 +3.3355e+00
% function evaluation | noise-free fitness - Fopt (-8.593000000000e+01) | best noise-free fitness - Fopt | measured fitness | best measured fitness | x1 | x2...
1 +1.622683273e+02 +1.622683273e+02 +7.633832733e+01 +7.633832733e+01 -3.2250e+00 +4.3134e+00 +4.9165e+00
3 +1.227392626e+02 +1.227392626e+02 +3.680926264e+01 +3.680926264e+01 +3.2147e+00 -1.8141e+00 +4.5157e+00
4 +4.716937959e+01 +4.716937959e+01 -3.876062041e+01 -3.876062041e+01 +1.7308e+00 +1.1089e+00 +3.1821e+00
6 +2.973552938e+01 +2.973552938e+01 -5.619447062e+01 -5.619447062e+01 +3.8454e+00 +5.0429e-01 -2.3284e+00
11 +1.772438408e+01 +1.772438408e+01 -6.820561592e+01 -6.820561592e+01 +1.4721e+00 +2.7953e+00 -3.0875e-01
27 +1.536052754e+01 +1.536052754e+01 -7.056947246e+01 -7.056947246e+01 -4.3495e-01 +4.0077e+00 +2.1015e+00
46 +1.050549307e+01 +1.050549307e+01 -7.542450693e+01 -7.542450693e+01 +2.5955e+00 +1.2685e+00 +1.3543e+00
53 +1.029022433e+01 +1.029022433e+01 -7.563977567e+01 -7.563977567e+01 +1.0820e+00 +3.3265e+00 +1.0099e+00
127 +9.742157243e+00 +9.742157243e+00 -7.618784276e+01 -7.618784276e+01 +3.3876e-01 +3.8765e+00 +1.8273e+00
444 +8.018381320e+00 +8.018381320e+00 -7.791161868e+01 -7.791161868e+01 +1.1999e+00 +3.3716e+00 +6.5414e-01
455 +5.375440954e+00 +5.375440954e+00 -8.055455905e+01 -8.055455905e+01 +5.2037e-01 +3.5954e+00 +3.1875e-01
644 +4.455358858e+00 +4.455358858e+00 -8.147464114e+01 -8.147464114e+01 +1.4994e+00 +2.1021e+00 -1.9154e-01
2050 +4.228554169e+00 +4.228554169e+00 -8.170144583e+01 -8.170144583e+01 +2.6091e+00 +8.1553e-01 -1.2587e+00
4553 +3.469281587e+00 +3.469281587e+00 -8.246071841e+01 -8.246071841e+01 +3.2894e+00 -1.4003e-01 -1.2699e+00
5520 +6.446140876e-01 +6.446140876e-01 -8.528538591e+01 -8.528538591e+01 +7.7353e-01 +3.3173e+00 +6.8000e-01
156500 +5.778867808e-01 +5.778867808e-01 -8.535211322e+01 -8.535211322e+01 +1.2741e+00 +2.5989e+00 +4.2903e-01
292076 +4.072513460e-01 +4.072513460e-01 -8.552274865e+01 -8.552274865e+01 +1.3505e+00 +2.5061e+00 +3.1844e-01
506674 +1.768029264e-01 +1.768029264e-01 -8.575319707e+01 -8.575319707e+01 +1.0362e+00 +2.9339e+00 +5.4878e-01
12361381 +1.281378404e-01 +1.281378404e-01 -8.580186216e+01 -8.580186216e+01 +1.0349e+00 +2.9089e+00 +4.9543e-01
% function evaluation | noise-free fitness - Fopt (4.966000000000e+01) | best noise-free fitness - Fopt | measured fitness | best measured fitness | x1 | x2...
1 +7.504220852e+02 +7.504220852e+02 +8.000820852e+02 +8.000820852e+02 +1.5127e+00 +4.9202e+00 +3.0101e+00
2 +4.554407392e+02 +4.554407392e+02 +5.051007392e+02 +5.051007392e+02 -9.8356e-01 +3.3799e+00 -3.7798e-01
3 +2.331078109e+02 +2.331078109e+02 +2.827678109e+02 +2.827678109e+02 -6.1465e-01 +1.6620e-01 -3.1000e-01
5 +1.534757115e+02 +1.534757115e+02 +2.031357115e+02 +2.031357115e+02 -1.5079e+00 +4.4545e+00 -2.1459e+00
9 +4.302061745e+01 +4.302061745e+01 +9.268061745e+01 +9.268061745e+01 -1.7441e+00 -1.7973e+00 -4.8350e+00
20 +2.244917973e+01 +2.244917973e+01 +7.210917973e+01 +7.210917973e+01 -4.1599e+00 -2.3403e-01 -2.3360e+00
52 +2.148593099e+01 +2.148593099e+01 +7.114593099e+01 +7.114593099e+01 -3.8809e+00 -3.2524e+00 -3.0797e+00
91 +9.507217929e+00 +9.507217929e+00 +5.916721793e+01 +5.916721793e+01 -1.2049e+00 -3.1448e+00 -3.8718e+00
458 +4.723667976e+00 +4.723667976e+00 +5.438366798e+01 +5.438366798e+01 -1.5007e+00 -3.5669e+00 -2.9927e+00
1742 +1.308610918e+00 +1.308610918e+00 +5.096861092e+01 +5.096861092e+01 -2.0083e+00 -3.0119e+00 -2.2884e+00
62109 +8.028509913e-01 +8.028509913e-01 +5.046285099e+01 +5.046285099e+01 -3.3413e+00 -2.2458e+00 -1.0865e+00
66285 +5.419513166e-01 +5.419513166e-01 +5.020195132e+01 +5.020195132e+01 -2.8726e+00 -2.5796e+00 -1.4751e+00
1358771 +2.686974283e-01 +2.686974283e-01 +4.992869743e+01 +4.992869743e+01 -2.9801e+00 -2.4011e+00 -1.4596e+00
4122971 +2.206023750e-01 +2.206023750e-01 +4.988060237e+01 +4.988060237e+01 -2.7068e+00 -2.6302e+00 -1.6406e+00
4350570 +1.609479080e-01 +1.609479080e-01 +4.982094791e+01 +4.982094791e+01 -3.0934e+00 -2.3691e+00 -1.3289e+00
22845738 +1.010924334e-01 +1.010924334e-01 +4.976109243e+01 +4.976109243e+01 -2.9131e+00 -2.4931e+00 -1.4798e+00
% function evaluation | noise-free fitness - Fopt (2.652800000000e+02) | best noise-free fitness - Fopt | measured fitness | best measured fitness | x1 | x2...
1 +5.473830995e+01 +5.473830995e+01 +3.200183100e+02 +3.200183100e+02 -6.1256e-01 +4.0740e+00 +3.9834e+00
13 +4.733842643e+01 +4.733842643e+01 +3.126184264e+02 +3.126184264e+02 +1.2392e+00 +4.5643e+00 -1.3946e-02
14 +4.155622608e+01 +4.155622608e+01 +3.068362261e+02 +3.068362261e+02 +1.5236e+00 +4.0389e+00 +1.2768e+00
17 +2.897164006e+01 +2.897164006e+01 +2.942516401e+02 +2.942516401e+02 +3.5503e+00 +2.3932e-01 +1.4594e+00
24 +3.335579234e+00 +3.335579234e+00 +2.686155792e+02 +2.686155792e+02 +4.0482e-01 -5.8234e-01 +3.2268e+00
59 +2.714583046e+00 +2.714583046e+00 +2.679945830e+02 +2.679945830e+02 +7.3734e-01 +7.8092e-01 +3.5453e+00
3731 +2.507741217e+00 +2.507741217e+00 +2.677877412e+02 +2.677877412e+02 +7.5026e-01 +2.6239e-01 +3.0881e+00
5445 +9.319599264e-01 +9.319599264e-01 +2.662119599e+02 +2.662119599e+02 +8.7374e-03 -1.2214e+00 +3.2429e+00
13850 +9.057364378e-01 +9.057364378e-01 +2.661857364e+02 +2.661857364e+02 +3.6045e-01 -1.2919e-01 +3.2811e+00
74896 +8.848797192e-01 +8.848797192e-01 +2.661648797e+02 +2.661648797e+02 +6.4761e-01 +7.5133e-01 +3.3460e+00
216634 +6.179769128e-01 +6.179769128e-01 +2.658979769e+02 +2.658979769e+02 +5.4233e-01 +1.6649e-01 +3.2240e+00
365503 +5.080322445e-01 +5.080322445e-01 +2.657880322e+02 +2.657880322e+02 +6.5182e-01 +4.6420e-01 +3.2296e+00
505842 +3.294774990e-01 +3.294774990e-01 +2.656094775e+02 +2.656094775e+02 +6.2272e-01 +4.1774e-01 +3.2365e+00
4292588 +1.266851829e-01 +1.266851829e-01 +2.654066852e+02 +2.654066852e+02 +6.4186e-01 +5.0060e-01 +3.2431e+00
20141958 +1.009994608e-01 +1.009994608e-01 +2.653809995e+02 +2.653809995e+02 +6.5925e-01 +5.4988e-01 +3.2334e+00
