% f evaluations | g evaluations | best noise-free fitness - Fopt (6.870000000000e+00) + sum g_i+ | measured fitness | best measured fitness or single-digit g-values | x1 | x2...
1 0 +8.155932956e+00 +1.502593296e+01 +1.502593296e+01 +1.6667e+00 +1.6667e+00 +1.6667e+00 +1.6667e+00 +1.6667e+00
13 0 +6.295328659e+00 +1.316532866e+01 +1.316532866e+01 +1.6667e+00 +1.6667e+00 +1.6667e+00 -3.3333e+00 +1.6667e+00
118 0 +1.452448870e+00 +8.322448870e+00 +8.322448870e+00 +3.3333e+00 +3.3333e+00 +3.3333e+00 +3.3333e+00 +3.3333e+00
1301 0 +9.857007132e-01 +7.855700713e+00 +7.855700713e+00 +3.3366e+00 +3.3366e+00 +3.3366e+00 +3.3366e+00 +3.3268e+00
1334 0 +7.344412694e-01 +7.604441269e+00 +7.604441269e+00 +3.3360e+00 +3.3365e+00 +3.3367e+00 +3.3360e+00 +3.3266e+00
1428 0 +7.172396779e-01 +7.587239678e+00 +7.587239678e+00 +3.3360e+00 +3.3365e+00 +3.3368e+00 +3.3360e+00 +3.3267e+00
1448 0 +6.927035766e-01 +7.562703577e+00 +7.562703577e+00 +3.3355e+00 +3.3366e+00 +3.3371e+00 +3.3362e+00 +3.3274e+00
1465 0 +6.917822509e-01 +7.561782251e+00 +7.561782251e+00 +3.3355e+00 +3.3366e+00 +3.3371e+00 +3.3362e+00 +3.3273e+00
1531 0 +6.753294166e-01 +7.545329417e+00 +7.545329417e+00 +3.3353e+00 +3.3365e+00 +3.3372e+00 +3.3363e+00 +3.3274e+00
24599 0 +3.936697467e-01 +7.263669747e+00 +7.263669747e+00 -2.0833e+00 -3.3333e+00 +2.9167e+00 +1.6667e+00 -3.3333e+00
24630 0 +3.867014312e-01 +7.256701431e+00 +7.256701431e+00 -2.0833e+00 -3.3333e+00 +2.9168e+00 +1.6668e+00 -3.3333e+00
24637 0 +3.573368539e-01 +7.227336854e+00 +7.227336854e+00 -2.0833e+00 -3.3334e+00 +2.9170e+00 +1.6669e+00 -3.3333e+00
24647 0 +2.978389237e-01 +7.167838924e+00 +7.167838924e+00 -2.0835e+00 -3.3336e+00 +2.9173e+00 +1.6669e+00 -3.3333e+00
24659 0 +2.814957427e-01 +7.151495743e+00 +7.151495743e+00 -2.0835e+00 -3.3337e+00 +2.9174e+00 +1.6671e+00 -3.3332e+00
24668 0 +2.748812598e-01 +7.144881260e+00 +7.144881260e+00 -2.0835e+00 -3.3337e+00 +2.9173e+00 +1.6671e+00 -3.3332e+00
24680 0 +2.658066775e-01 +7.135806678e+00 +7.135806678e+00 -2.0835e+00 -3.3337e+00 +2.9173e+00 +1.6671e+00 -3.3332e+00
24696 0 +2.610335077e-01 +7.131033508e+00 +7.131033508e+00 -2.0844e+00 -3.3325e+00 +2.9189e+00 +1.6694e+00 -3.3374e+00
24718 0 +2.546788766e-01 +7.124678877e+00 +7.124678877e+00 -2.0847e+00 -3.3322e+00 +2.9192e+00 +1.6697e+00 -3.3378e+00
24728 0 +2.362560537e-01 +7.106256054e+00 +7.106256054e+00 -2.0847e+00 -3.3323e+00 +2.9190e+00 +1.6695e+00 -3.3373e+00
24757 0 +2.333235677e-01 +7.103323568e+00 +7.103323568e+00 -2.0847e+00 -3.3323e+00 +2.9190e+00 +1.6694e+00 -3.3372e+00
24765 0 +2.232720919e-01 +7.093272092e+00 +7.093272092e+00 -2.0849e+00 -3.3324e+00 +2.9187e+00 +1.6694e+00 -3.3371e+00
24772 0 +2.170213344e-01 +7.087021334e+00 +7.087021334e+00 -2.0849e+00 -3.3324e+00 +2.9188e+00 +1.6694e+00 -3.3371e+00
24778 0 +2.136438957e-01 +7.083643896e+00 +7.083643896e+00 -2.0849e+00 -3.3323e+00 +2.9188e+00 +1.6694e+00 -3.3370e+00
24804 0 +2.071168597e-01 +7.077116860e+00 +7.077116860e+00 -2.0849e+00 -3.3323e+00 +2.9188e+00 +1.6694e+00 -3.3370e+00
24810 0 +2.034652377e-01 +7.073465238e+00 +7.073465238e+00 -2.0849e+00 -3.3323e+00 +2.9188e+00 +1.6693e+00 -3.3369e+00
24889 0 +1.956248946e-01 +7.065624895e+00 +7.065624895e+00 -2.0849e+00 -3.3325e+00 +2.9187e+00 +1.6693e+00 -3.3368e+00
24895 0 +1.934177970e-01 +7.063417797e+00 +7.063417797e+00 -2.0849e+00 -3.3324e+00 +2.9187e+00 +1.6693e+00 -3.3368e+00
24996 0 +1.893152727e-01 +7.059315273e+00 +7.059315273e+00 -2.0850e+00 -3.3324e+00 +2.9187e+00 +1.6694e+00 -3.3367e+00
25008 0 +1.816699616e-01 +7.051669962e+00 +7.051669962e+00 -2.0855e+00 -3.3326e+00 +2.9187e+00 +1.6694e+00 -3.3359e+00
25015 0 +1.747005867e-01 +7.044700587e+00 +7.044700587e+00 -2.0853e+00 -3.3325e+00 +2.9187e+00 +1.6694e+00 -3.3362e+00
25021 0 +1.726690535e-01 +7.042669054e+00 +7.042669054e+00 -2.0854e+00 -3.3325e+00 +2.9187e+00 +1.6694e+00 -3.3361e+00
25101 0 +1.683188644e-01 +7.038318864e+00 +7.038318864e+00 -2.0854e+00 -3.3325e+00 +2.9188e+00 +1.6694e+00 -3.3361e+00
25235 0 +1.658663136e-01 +7.035866314e+00 +7.035866314e+00 -2.0854e+00 -3.3324e+00 +2.9188e+00 +1.6694e+00 -3.3361e+00
% f evaluations | g evaluations | best noise-free fitness - Fopt (1.000000000000e-02) + sum g_i+ | measured fitness | best measured fitness or single-digit g-values | x1 | x2...
1 0 +2.513149249e+01 +2.514149249e+01 +2.514149249e+01 +1.6667e+00 +1.6667e+00 +1.6667e+00 +1.6667e+00 +1.6667e+00
2 0 +1.391767475e+01 +1.392767475e+01 +1.392767475e+01 -1.6667e+00 -1.6667e+00 -1.6667e+00 -1.6667e+00 -1.6667e+00
4 0 +1.111512844e+01 +1.112512844e+01 +1.112512844e+01 +3.3333e+00 -1.6667e+00 -1.6667e+00 -1.6667e+00 -1.6667e+00
13 0 +1.006259623e+01 +1.007259623e+01 +1.007259623e+01 +4.9917e+00 -1.1529e+00 -9.9468e-01 +1.5650e+00 -1.7243e+00
24 0 +9.558215920e+00 +9.568215920e+00 +9.568215920e+00 +4.9723e+00 -1.6172e+00 -1.2546e+00 -5.0950e-03 -1.2937e+00
30 0 +9.297755395e+00 +9.307755395e+00 +9.307755395e+00 +4.5887e+00 -3.5626e+00 -1.6810e+00 -5.0950e-01 +2.2546e-01
36 0 +9.105682255e+00 +9.115682255e+00 +9.115682255e+00 +4.9217e+00 -3.4927e+00 -1.2249e+00 +1.0046e-01 -7.2314e-01
69 0 +2.755129378e+00 +2.765129378e+00 +2.765129378e+00 +4.9996e+00 -3.4767e+00 -1.2404e+00 +6.1185e-02 -6.9554e-01
92 0 +2.746894578e+00 +2.756894578e+00 +2.756894578e+00 +4.9996e+00 -3.4767e+00 -1.2404e+00 +6.1168e-02 -6.9553e-01
624 0 +2.530088456e+00 +2.540088456e+00 +2.540088456e+00 +3.3333e+00 +3.3333e+00 +3.3333e+00 +8.3333e-01 -1.6667e+00
652 0 +2.498268156e+00 +2.508268156e+00 +2.508268156e+00 +3.3334e+00 +3.3334e+00 +3.3334e+00 +8.3349e-01 -1.6668e+00
669 0 +2.358468351e+00 +2.368468351e+00 +2.368468351e+00 +3.3336e+00 +3.3336e+00 +3.3335e+00 +8.3312e-01 -1.6669e+00
688 0 +2.337926856e+00 +2.347926856e+00 +2.347926856e+00 +3.3341e+00 +3.3350e+00 +3.3352e+00 +8.3257e-01 -1.6669e+00
695 0 +2.195286166e+00 +2.205286166e+00 +2.205286166e+00 +3.3337e+00 +3.3340e+00 +3.3349e+00 +8.3248e-01 -1.6680e+00
705 0 +2.085747414e+00 +2.095747414e+00 +2.095747414e+00 +3.3315e+00 +3.3331e+00 +3.3366e+00 +8.3331e-01 -1.6686e+00
712 0 +1.977583826e+00 +1.987583826e+00 +1.987583826e+00 +3.3312e+00 +3.3312e+00 +3.3358e+00 +8.3297e-01 -1.6708e+00
722 0 +1.515185965e+00 +1.525185965e+00 +1.525185965e+00 +3.3344e+00 +3.3264e+00 +3.3379e+00 +8.3349e-01 -1.6707e+00
739 0 +1.489646706e+00 +1.499646706e+00 +1.499646706e+00 +3.3344e+00 +3.3263e+00 +3.3381e+00 +8.3354e-01 -1.6706e+00
753 0 +1.453860210e+00 +1.463860210e+00 +1.463860210e+00 +3.3354e+00 +3.3289e+00 +3.3387e+00 +8.3376e-01 -1.6675e+00
767 0 +1.440573847e+00 +1.450573847e+00 +1.450573847e+00 +3.3352e+00 +3.3288e+00 +3.3388e+00 +8.3379e-01 -1.6677e+00
781 0 +1.406934537e+00 +1.416934537e+00 +1.416934537e+00 +3.3352e+00 +3.3288e+00 +3.3389e+00 +8.3384e-01 -1.6676e+00
818 0 +1.374048352e+00 +1.384048352e+00 +1.384048352e+00 +3.3353e+00 +3.3289e+00 +3.3390e+00 +8.3403e-01 -1.6672e+00
954 0 +1.345715936e+00 +1.355715936e+00 +1.355715936e+00 +3.3350e+00 +3.3291e+00 +3.3392e+00 +8.3398e-01 -1.6674e+00
7088 0 +7.500366843e-01 +7.600366843e-01 +7.600366843e-01 -2.0833e+00 -4.5833e+00 +2.9167e+00 +4.1667e+00 -8.3333e-01
7171 0 +6.790172786e-01 +6.890172786e-01 +6.890172786e-01 -2.0851e+00 -4.5913e+00 +2.9121e+00 +4.1665e+00 -8.3913e-01
7178 0 +5.487012056e-01 +5.587012056e-01 +5.587012056e-01 -2.0888e+00 -4.5856e+00 +2.9152e+00 +4.1669e+00 -8.3868e-01
7191 0 +3.971822668e-01 +4.071822668e-01 +4.071822668e-01 -2.0882e+00 -4.5856e+00 +2.9147e+00 +4.1684e+00 -8.3779e-01
7201 0 +3.849821963e-01 +3.949821963e-01 +3.949821963e-01 -2.0873e+00 -4.5848e+00 +2.9155e+00 +4.1674e+00 -8.3698e-01
7214 0 +3.704582930e-01 +3.804582930e-01 +3.804582930e-01 -2.0873e+00 -4.5848e+00 +2.9155e+00 +4.1676e+00 -8.3688e-01
7222 0 +3.630124686e-01 +3.730124686e-01 +3.730124686e-01 -2.0873e+00 -4.5849e+00 +2.9153e+00 +4.1677e+00 -8.3694e-01
7228 0 +3.488291492e-01 +3.588291492e-01 +3.588291492e-01 -2.0865e+00 -4.5866e+00 +2.9144e+00 +4.1677e+00 -8.3727e-01
7237 0 +3.420481984e-01 +3.520481984e-01 +3.520481984e-01 -2.0861e+00 -4.5875e+00 +2.9139e+00 +4.1677e+00 -8.3744e-01
7251 0 +3.198247036e-01 +3.298247036e-01 +3.298247036e-01 -2.0861e+00 -4.5874e+00 +2.9139e+00 +4.1678e+00 -8.3738e-01
7286 0 +3.135336456e-01 +3.235336456e-01 +3.235336456e-01 -2.0860e+00 -4.5876e+00 +2.9138e+00 +4.1678e+00 -8.3744e-01
7346 0 +3.070999751e-01 +3.170999751e-01 +3.170999751e-01 -2.0860e+00 -4.5876e+00 +2.9140e+00 +4.1677e+00 -8.3755e-01
7358 0 +2.885768535e-01 +2.985768535e-01 +2.985768535e-01 -2.0861e+00 -4.5877e+00 +2.9146e+00 +4.1674e+00 -8.3818e-01
7364 0 +2.823618739e-01 +2.923618739e-01 +2.923618739e-01 -2.0861e+00 -4.5877e+00 +2.9148e+00 +4.1674e+00 -8.3833e-01
7370 0 +2.223970980e-01 +2.323970980e-01 +2.323970980e-01 -2.0863e+00 -4.5883e+00 +2.9179e+00 +4.1659e+00 -8.4140e-01
7407 0 +2.094991579e-01 +2.194991579e-01 +2.194991579e-01 -2.0864e+00 -4.5881e+00 +2.9180e+00 +4.1659e+00 -8.4133e-01
7414 0 +2.066769612e-01 +2.166769612e-01 +2.166769612e-01 -2.0865e+00 -4.5874e+00 +2.9185e+00 +4.1659e+00 -8.4112e-01
7420 0 +2.027133881e-01 +2.127133881e-01 +2.127133881e-01 -2.0865e+00 -4.5876e+00 +2.9184e+00 +4.1659e+00 -8.4118e-01
7466 0 +1.948346386e-01 +2.048346386e-01 +2.048346386e-01 -2.0866e+00 -4.5876e+00 +2.9184e+00 +4.1659e+00 -8.4124e-01
7472 0 +1.755931253e-01 +1.855931253e-01 +1.855931253e-01 -2.0869e+00 -4.5877e+00 +2.9183e+00 +4.1659e+00 -8.4159e-01
7490 0 +1.651845268e-01 +1.751845268e-01 +1.751845268e-01 -2.0869e+00 -4.5876e+00 +2.9184e+00 +4.1659e+00 -8.4153e-01
7502 0 +1.449373119e-01 +1.549373119e-01 +1.549373119e-01 -2.0871e+00 -4.5870e+00 +2.9188e+00 +4.1659e+00 -8.4140e-01
7508 0 +1.334108398e-01 +1.434108398e-01 +1.434108398e-01 -2.0874e+00 -4.5864e+00 +2.9192e+00 +4.1659e+00 -8.4131e-01
7514 0 +9.817492228e-02 +1.081749223e-01 +1.081749223e-01 -2.0880e+00 -4.5849e+00 +2.9201e+00 +4.1659e+00 -8.4106e-01
7528 0 +9.467700620e-02 +1.046770062e-01 +1.046770062e-01 -2.0881e+00 -4.5847e+00 +2.9203e+00 +4.1659e+00 -8.4105e-01
7540 0 +9.272308671e-02 +1.027230867e-01 +1.027230867e-01 -2.0882e+00 -4.5847e+00 +2.9203e+00 +4.1659e+00 -8.4114e-01
7546 0 +6.582589816e-02 +7.582589816e-02 +7.582589816e-02 -2.0883e+00 -4.5860e+00 +2.9195e+00 +4.1660e+00 -8.4198e-01
7552 0 +5.965338276e-02 +6.965338276e-02 +6.965338276e-02 -2.0882e+00 -4.5855e+00 +2.9198e+00 +4.1659e+00 -8.4160e-01
7558 0 +4.776196711e-02 +5.776196711e-02 +5.776196711e-02 -2.0882e+00 -4.5858e+00 +2.9196e+00 +4.1659e+00 -8.4174e-01
7589 0 +4.606161015e-02 +5.606161015e-02 +5.606161015e-02 -2.0882e+00 -4.5858e+00 +2.9196e+00 +4.1659e+00 -8.4176e-01
7602 0 +4.542990134e-02 +5.542990134e-02 +5.542990134e-02 -2.0882e+00 -4.5858e+00 +2.9196e+00 +4.1659e+00 -8.4177e-01
7625 0 +4.445134213e-02 +5.445134213e-02 +5.445134213e-02 -2.0882e+00 -4.5858e+00 +2.9196e+00 +4.1659e+00 -8.4177e-01
7670 0 +4.052905056e-02 +5.052905056e-02 +5.052905056e-02 -2.0882e+00 -4.5858e+00 +2.9196e+00 +4.1659e+00 -8.4178e-01
7726 0 +3.948698185e-02 +4.948698185e-02 +4.948698185e-02 -2.0882e+00 -4.5858e+00 +2.9196e+00 +4.1659e+00 -8.4179e-01
7732 0 +3.813164264e-02 +4.813164264e-02 +4.813164264e-02 -2.0882e+00 -4.5858e+00 +2.9196e+00 +4.1659e+00 -8.4180e-01
7750 0 +3.775755171e-02 +4.775755171e-02 +4.775755171e-02 -2.0882e+00 -4.5858e+00 +2.9197e+00 +4.1659e+00 -8.4181e-01
7768 0 +3.698306626e-02 +4.698306626e-02 +4.698306626e-02 -2.0882e+00 -4.5859e+00 +2.9197e+00 +4.1659e+00 -8.4183e-01
7792 0 +3.617923969e-02 +4.617923969e-02 +4.617923969e-02 -2.0882e+00 -4.5859e+00 +2.9197e+00 +4.1659e+00 -8.4184e-01
7888 0 +3.516754142e-02 +4.516754142e-02 +4.516754142e-02 -2.0882e+00 -4.5859e+00 +2.9197e+00 +4.1659e+00 -8.4184e-01
7902 0 +3.456710138e-02 +4.456710138e-02 +4.456710138e-02 -2.0882e+00 -4.5859e+00 +2.9197e+00 +4.1659e+00 -8.4184e-01
% f evaluations | g evaluations | best noise-free fitness - Fopt (-1.306100000000e+02) + sum g_i+ | measured fitness | best measured fitness or single-digit g-values | x1 | x2...
1 0 +2.115828214e+01 -1.094517179e+02 -1.094517179e+02 +1.6667e+00 +1.6667e+00 +1.6667e+00 +1.6667e+00 +1.6667e+00
6 0 +2.093171659e+01 -1.096782834e+02 -1.096782834e+02 +3.3333e+00 +3.3333e+00 -1.6667e+00 -1.6667e+00 -1.6667e+00
10 0 +1.736298451e+01 -1.132470155e+02 -1.132470155e+02 +3.3333e+00 +3.3333e+00 +3.3333e+00 -1.6667e+00 -1.6667e+00
12 0 +9.769907194e+00 -1.208400928e+02 -1.208400928e+02 +3.3333e+00 -1.6667e+00 +3.3333e+00 -1.6667e+00 -1.6667e+00
29 0 +5.453708534e+00 -1.251562915e+02 -1.251562915e+02 +3.3095e+00 -1.6814e+00 +3.3572e+00 -1.6676e+00 -1.7722e+00
43 0 +5.129229474e+00 -1.254807705e+02 -1.254807705e+02 +3.3117e+00 -1.6812e+00 +3.3553e+00 -1.6682e+00 -1.7659e+00
50 0 +4.385139813e+00 -1.262248602e+02 -1.262248602e+02 +3.3071e+00 -1.6829e+00 +3.3575e+00 -1.6714e+00 -1.7626e+00
62 0 +3.530374761e+00 -1.270796252e+02 -1.270796252e+02 +3.3050e+00 -1.6833e+00 +3.3595e+00 -1.6722e+00 -1.7644e+00
70 0 +2.997467589e+00 -1.276125324e+02 -1.276125324e+02 +3.3064e+00 -1.6826e+00 +3.3590e+00 -1.6707e+00 -1.7670e+00
84 0 +2.807798358e+00 -1.278022016e+02 -1.278022016e+02 +3.3063e+00 -1.6827e+00 +3.3588e+00 -1.6709e+00 -1.7667e+00
101 0 +2.540991624e+00 -1.280690084e+02 -1.280690084e+02 +3.3037e+00 -1.6798e+00 +3.3606e+00 -1.6694e+00 -1.7630e+00
111 0 +2.369456805e+00 -1.282405432e+02 -1.282405432e+02 +3.3026e+00 -1.6842e+00 +3.3630e+00 -1.6664e+00 -1.7617e+00
136 0 +2.340968163e+00 -1.282690318e+02 -1.282690318e+02 +3.3024e+00 -1.6839e+00 +3.3633e+00 -1.6664e+00 -1.7616e+00
175 0 +2.120101243e+00 -1.284898988e+02 -1.284898988e+02 +3.3020e+00 -1.6829e+00 +3.3632e+00 -1.6661e+00 -1.7612e+00
337 0 +2.083396020e+00 -1.285266040e+02 -1.285266040e+02 +3.3019e+00 -1.6830e+00 +3.3633e+00 -1.6660e+00 -1.7611e+00
349 0 +2.025085163e+00 -1.285849148e+02 -1.285849148e+02 +3.3011e+00 -1.6827e+00 +3.3637e+00 -1.6651e+00 -1.7604e+00
579 0 +1.989853999e+00 -1.286201460e+02 -1.286201460e+02 +3.3009e+00 -1.6827e+00 +3.3640e+00 -1.6649e+00 -1.7602e+00
3124 0 +1.206996491e+00 -1.294030035e+02 -1.294030035e+02 +1.6146e+00 -8.8542e-01 +1.6146e+00 +2.8646e+00 +4.2708e+00
3776 0 +1.146022218e+00 -1.294639778e+02 -1.294639778e+02 +1.6341e+00 -8.8542e-01 +1.6146e+00 +2.8646e+00 +4.2708e+00
4226 0 +1.055594545e+00 -1.295544055e+02 -1.295544055e+02 +1.6341e+00 -8.8542e-01 +1.6146e+00 +2.8548e+00 +4.2708e+00
4393 0 +8.045387365e-01 -1.298054613e+02 -1.298054613e+02 +1.6325e+00 -8.8704e-01 +1.6178e+00 +2.8581e+00 +4.2741e+00
4449 0 +7.036805724e-01 -1.299063194e+02 -1.299063194e+02 +1.6325e+00 -8.8704e-01 +1.6130e+00 +2.8581e+00 +4.2741e+00
65896 0 +4.616849363e-01 -1.301483151e+02 -1.301483151e+02 +4.5736e+00 -1.6667e+00 -1.6667e+00 +3.3333e+00 -1.6667e+00
65926 0 +4.474203368e-01 -1.301625797e+02 -1.301625797e+02 +4.5735e+00 -1.6662e+00 -1.6660e+00 +3.3335e+00 -1.6669e+00
65933 0 +4.283587289e-01 -1.301816413e+02 -1.301816413e+02 +4.5728e+00 -1.6662e+00 -1.6657e+00 +3.3331e+00 -1.6671e+00
65945 0 +4.029859821e-01 -1.302070140e+02 -1.302070140e+02 +4.5726e+00 -1.6663e+00 -1.6660e+00 +3.3334e+00 -1.6673e+00
65952 0 +3.813399273e-01 -1.302286601e+02 -1.302286601e+02 +4.5727e+00 -1.6664e+00 -1.6667e+00 +3.3339e+00 -1.6674e+00
65963 0 +3.426217159e-01 -1.302673783e+02 -1.302673783e+02 +4.5733e+00 -1.6666e+00 -1.6666e+00 +3.3337e+00 -1.6679e+00
65973 0 +3.143725324e-01 -1.302956275e+02 -1.302956275e+02 +4.5749e+00 -1.6667e+00 -1.6667e+00 +3.3339e+00 -1.6687e+00
65993 0 +3.023361312e-01 -1.303076639e+02 -1.303076639e+02 +4.5748e+00 -1.6666e+00 -1.6665e+00 +3.3337e+00 -1.6688e+00
65999 0 +1.765746297e-01 -1.304334254e+02 -1.304334254e+02 +4.5770e+00 -1.6580e+00 -1.6698e+00 +3.3305e+00 -1.6712e+00
66014 0 +1.583406381e-01 -1.304516594e+02 -1.304516594e+02 +4.5765e+00 -1.6577e+00 -1.6700e+00 +3.3304e+00 -1.6712e+00
66033 0 +1.288635697e-01 -1.304811364e+02 -1.304811364e+02 +4.5757e+00 -1.6572e+00 -1.6704e+00 +3.3299e+00 -1.6717e+00
66044 0 +1.187239779e-01 -1.304912760e+02 -1.304912760e+02 +4.5767e+00 -1.6569e+00 -1.6703e+00 +3.3298e+00 -1.6720e+00
66051 0 +1.098801644e-01 -1.305001198e+02 -1.305001198e+02 +4.5768e+00 -1.6561e+00 -1.6707e+00 +3.3293e+00 -1.6724e+00
66059 0 +1.072981415e-01 -1.305027019e+02 -1.305027019e+02 +4.5767e+00 -1.6541e+00 -1.6716e+00 +3.3282e+00 -1.6733e+00
66069 0 +1.049151583e-01 -1.305050848e+02 -1.305050848e+02 +4.5758e+00 -1.6502e+00 -1.6734e+00 +3.3260e+00 -1.6749e+00
66075 0 +1.001323699e-01 -1.305098676e+02 -1.305098676e+02 +4.5763e+00 -1.6526e+00 -1.6723e+00 +3.3274e+00 -1.6740e+00
66084 0 +8.677519163e-02 -1.305232248e+02 -1.305232248e+02 +4.5767e+00 -1.6550e+00 -1.6712e+00 +3.3287e+00 -1.6730e+00
66090 0 +7.945847634e-02 -1.305305415e+02 -1.305305415e+02 +4.5765e+00 -1.6544e+00 -1.6715e+00 +3.3284e+00 -1.6733e+00
66098 0 +7.835504296e-02 -1.305316450e+02 -1.305316450e+02 +4.5764e+00 -1.6543e+00 -1.6716e+00 +3.3283e+00 -1.6734e+00
66104 0 +6.834162078e-02 -1.305416584e+02 -1.305416584e+02 +4.5763e+00 -1.6546e+00 -1.6715e+00 +3.3285e+00 -1.6733e+00
66111 0 +3.269088933e-02 -1.305773091e+02 -1.305773091e+02 +4.5759e+00 -1.6564e+00 -1.6708e+00 +3.3295e+00 -1.6731e+00
66117 0 +3.127386905e-02 -1.305787261e+02 -1.305787261e+02 +4.5758e+00 -1.6553e+00 -1.6713e+00 +3.3288e+00 -1.6735e+00
66125 0 +2.577037118e-02 -1.305842296e+02 -1.305842296e+02 +4.5758e+00 -1.6552e+00 -1.6714e+00 +3.3288e+00 -1.6736e+00
66147 0 +2.342069360e-02 -1.305865793e+02 -1.305865793e+02 +4.5757e+00 -1.6548e+00 -1.6715e+00 +3.3286e+00 -1.6737e+00
66153 0 +1.956531543e-02 -1.305904347e+02 -1.305904347e+02 +4.5757e+00 -1.6551e+00 -1.6714e+00 +3.3287e+00 -1.6736e+00
66159 0 +1.700932815e-02 -1.305929907e+02 -1.305929907e+02 +4.5757e+00 -1.6551e+00 -1.6713e+00 +3.3289e+00 -1.6735e+00
66165 0 +1.334550033e-02 -1.305966545e+02 -1.305966545e+02 +4.5756e+00 -1.6551e+00 -1.6713e+00 +3.3289e+00 -1.6734e+00
66173 0 +1.231634239e-02 -1.305976837e+02 -1.305976837e+02 +4.5756e+00 -1.6552e+00 -1.6713e+00 +3.3289e+00 -1.6734e+00
66179 0 +1.038530735e-02 -1.305996147e+02 -1.305996147e+02 +4.5756e+00 -1.6551e+00 -1.6713e+00 +3.3289e+00 -1.6735e+00
66186 0 +9.941183451e-03 -1.306000588e+02 -1.306000588e+02 +4.5757e+00 -1.6552e+00 -1.6713e+00 +3.3289e+00 -1.6735e+00
66192 0 +7.328310659e-03 -1.306026717e+02 -1.306026717e+02 +4.5756e+00 -1.6553e+00 -1.6713e+00 +3.3290e+00 -1.6734e+00
66215 0 +7.195887731e-03 -1.306028041e+02 -1.306028041e+02 +4.5756e+00 -1.6553e+00 -1.6713e+00 +3.3290e+00 -1.6734e+00
66264 0 +7.075097506e-03 -1.306029249e+02 -1.306029249e+02 +4.5756e+00 -1.6553e+00 -1.6713e+00 +3.3290e+00 -1.6734e+00
66329 0 +6.917322185e-03 -1.306030827e+02 -1.306030827e+02 +4.5756e+00 -1.6553e+00 -1.6713e+00 +3.3290e+00 -1.6734e+00
% f evaluations | g evaluations | best noise-free fitness - Fopt (-2.231200000000e+02) + sum g_i+ | measured fitness | best measured fitness or single-digit g-values | x1 | x2...
1 0 +8.129838087e+00 -2.149901619e+02 -2.149901619e+02 +1.6667e+00 +1.6667e+00 +1.6667e+00 +1.6667e+00 +1.6667e+00
16 0 +6.608911189e+00 -2.165110888e+02 -2.165110888e+02 -1.6667e+00 +3.3333e+00 +3.3333e+00 -1.6667e+00 -1.6667e+00
30 0 +5.334739315e+00 -2.177852607e+02 -2.177852607e+02 +3.3333e+00 -1.6667e+00 -1.6667e+00 +3.3333e+00 -1.6667e+00
48 0 +3.332244498e+00 -2.197877555e+02 -2.197877555e+02 +3.4684e+00 -1.7473e+00 -1.7860e+00 +3.5061e+00 -1.5659e+00
66 0 +2.573723925e+00 -2.205462761e+02 -2.205462761e+02 +3.4681e+00 -1.7484e+00 -1.7848e+00 +3.5047e+00 -1.5654e+00
80 0 +2.528373984e+00 -2.205916260e+02 -2.205916260e+02 +3.4680e+00 -1.7482e+00 -1.7846e+00 +3.5046e+00 -1.5653e+00
87 0 +2.483060567e+00 -2.206369394e+02 -2.206369394e+02 +3.4682e+00 -1.7480e+00 -1.7845e+00 +3.5044e+00 -1.5649e+00
97 0 +2.122415703e+00 -2.209975843e+02 -2.209975843e+02 +3.4679e+00 -1.7474e+00 -1.7841e+00 +3.5048e+00 -1.5642e+00
105 0 +1.883693430e+00 -2.212363066e+02 -2.212363066e+02 +3.4661e+00 -1.7449e+00 -1.7837e+00 +3.5058e+00 -1.5623e+00
118 0 +1.635180581e+00 -2.214848194e+02 -2.214848194e+02 +3.4662e+00 -1.7440e+00 -1.7836e+00 +3.5059e+00 -1.5621e+00
127 0 +1.619684265e+00 -2.215003157e+02 -2.215003157e+02 +3.4666e+00 -1.7439e+00 -1.7836e+00 +3.5058e+00 -1.5623e+00
197 0 +1.583855565e+00 -2.215361444e+02 -2.215361444e+02 +3.4726e+00 -1.7439e+00 -1.7702e+00 +3.5188e+00 -1.5657e+00
230 0 +1.474622731e+00 -2.216453773e+02 -2.216453773e+02 +3.4411e+00 -1.7292e+00 -1.8674e+00 +3.4112e+00 -1.5593e+00
244 0 +1.172790009e+00 -2.219472100e+02 -2.219472100e+02 +3.4424e+00 -1.7300e+00 -1.8628e+00 +3.4164e+00 -1.5594e+00
256 0 +1.109030733e+00 -2.220109693e+02 -2.220109693e+02 +3.4423e+00 -1.7299e+00 -1.8633e+00 +3.4158e+00 -1.5594e+00
263 0 +1.079515382e+00 -2.220404846e+02 -2.220404846e+02 +3.4423e+00 -1.7298e+00 -1.8635e+00 +3.4156e+00 -1.5594e+00
326 0 +1.038407343e+00 -2.220815927e+02 -2.220815927e+02 +3.4411e+00 -1.7303e+00 -1.8640e+00 +3.4154e+00 -1.5580e+00
340 0 +1.013440805e+00 -2.221065592e+02 -2.221065592e+02 +3.4377e+00 -1.7316e+00 -1.8654e+00 +3.4149e+00 -1.5538e+00
435 0 +9.954314034e-01 -2.221245686e+02 -2.221245686e+02 +3.4379e+00 -1.7315e+00 -1.8654e+00 +3.4149e+00 -1.5540e+00
447 0 +9.751649073e-01 -2.221448351e+02 -2.221448351e+02 +3.4378e+00 -1.7313e+00 -1.8654e+00 +3.4148e+00 -1.5540e+00
52889 0 +8.386853844e-01 -2.222813146e+02 -2.222813146e+02 +2.9167e+00 -2.0833e+00 -3.3333e+00 +2.9167e+00 +1.6667e+00
61474 0 +8.154066288e-01 -2.223045934e+02 -2.223045934e+02 -1.6667e+00 +4.5833e+00 -1.6667e+00 -2.9167e+00 +8.3333e-01
63185 0 +5.720325399e-01 -2.225479675e+02 -2.225479675e+02 +2.9167e+00 +4.1667e+00 +4.1667e-01 +2.9167e+00 -4.5833e+00
% f evaluations | g evaluations | best noise-free fitness - Fopt (-4.443000000000e+01) + sum g_i+ | measured fitness | best measured fitness or single-digit g-values | x1 | x2...
1 0 +1.313504300e+01 -3.129495700e+01 -3.129495700e+01 +1.6667e+00 +1.6667e+00 +1.6667e+00 +1.6667e+00 +1.6667e+00
8 0 +7.273091087e+00 -3.715690891e+01 -3.715690891e+01 -1.6667e+00 +3.3333e+00 -1.6667e+00 -1.6667e+00 -1.6667e+00
26 0 +6.749288613e+00 -3.768071139e+01 -3.768071139e+01 -1.6786e+00 +3.3385e+00 -1.6626e+00 -1.6664e+00 -1.6635e+00
35 0 +5.540639846e+00 -3.888936015e+01 -3.888936015e+01 -1.6791e+00 +3.3380e+00 -1.6593e+00 -1.6670e+00 -1.6641e+00
45 0 +5.070413032e+00 -3.935958697e+01 -3.935958697e+01 -1.6744e+00 +3.3371e+00 -1.6578e+00 -1.6666e+00 -1.6592e+00
66 0 +5.007122477e+00 -3.942287752e+01 -3.942287752e+01 -1.6749e+00 +3.3373e+00 -1.6577e+00 -1.6666e+00 -1.6595e+00
76 0 +4.881884219e+00 -3.954811578e+01 -3.954811578e+01 -1.6753e+00 +3.3375e+00 -1.6569e+00 -1.6666e+00 -1.6597e+00
82 0 +3.225044024e+00 -4.120495598e+01 -4.120495598e+01 -1.5213e+00 +1.7477e+00 +2.0235e+00 -4.9833e+00 +5.0158e-01
101 0 +3.121552133e+00 -4.130844787e+01 -4.130844787e+01 -1.5183e+00 +1.7497e+00 +2.0217e+00 -4.9829e+00 +5.0595e-01
128 0 +2.977052173e+00 -4.145294783e+01 -4.145294783e+01 -1.5167e+00 +1.7523e+00 +2.0190e+00 -4.9818e+00 +5.0621e-01
147 0 +2.882638386e+00 -4.154736161e+01 -4.154736161e+01 -1.5168e+00 +1.7514e+00 +2.0198e+00 -4.9817e+00 +5.0647e-01
175 0 +2.799059884e+00 -4.163094012e+01 -4.163094012e+01 -1.5168e+00 +1.7511e+00 +2.0208e+00 -4.9816e+00 +5.0622e-01
190 0 +2.744715640e+00 -4.168528436e+01 -4.168528436e+01 -1.5166e+00 +1.7513e+00 +2.0207e+00 -4.9814e+00 +5.0643e-01
209 0 +2.646655690e+00 -4.178334431e+01 -4.178334431e+01 -1.5168e+00 +1.7515e+00 +2.0214e+00 -4.9814e+00 +5.0531e-01
218 0 +2.218509867e+00 -4.221149013e+01 -4.221149013e+01 -1.5166e+00 +1.7537e+00 +2.0234e+00 -4.9810e+00 +5.0174e-01
224 0 +2.182154243e+00 -4.224784576e+01 -4.224784576e+01 -1.5166e+00 +1.7530e+00 +2.0227e+00 -4.9811e+00 +5.0294e-01
230 0 +2.046509348e+00 -4.238349065e+01 -4.238349065e+01 -1.5166e+00 +1.7534e+00 +2.0229e+00 -4.9811e+00 +5.0242e-01
242 0 +1.971740397e+00 -4.245825960e+01 -4.245825960e+01 -1.5165e+00 +1.7535e+00 +2.0231e+00 -4.9810e+00 +5.0221e-01
256 0 +1.931399925e+00 -4.249860008e+01 -4.249860008e+01 -1.5164e+00 +1.7537e+00 +2.0231e+00 -4.9810e+00 +5.0216e-01
277 0 +1.859508782e+00 -4.257049122e+01 -4.257049122e+01 -1.5157e+00 +1.7590e+00 +2.0209e+00 -4.9808e+00 +4.9866e-01
297 0 +1.777378080e+00 -4.265262192e+01 -4.265262192e+01 -1.5153e+00 +1.7565e+00 +2.0230e+00 -4.9812e+00 +5.0147e-01
8071 0 +1.550823697e+00 -4.287917630e+01 -4.287917630e+01 +3.3333e+00 +8.3333e-01 -4.1691e+00 -4.1667e+00 -4.1667e+00
8218 0 +1.263935754e+00 -4.316606425e+01 -4.316606425e+01 +3.3341e+00 +8.3415e-01 -4.1683e+00 -4.1659e+00 -4.1659e+00
8250 0 +1.258794950e+00 -4.317120505e+01 -4.317120505e+01 +3.3345e+00 +8.3398e-01 -4.1685e+00 -4.1659e+00 -4.1660e+00
8257 0 +1.118589515e+00 -4.331141049e+01 -4.331141049e+01 +3.3347e+00 +8.3407e-01 -4.1685e+00 -4.1656e+00 -4.1659e+00
8268 0 +1.077638109e+00 -4.335236189e+01 -4.335236189e+01 +3.3350e+00 +8.3398e-01 -4.1687e+00 -4.1653e+00 -4.1658e+00
8281 0 +1.065541499e+00 -4.336445850e+01 -4.336445850e+01 +3.3349e+00 +8.3398e-01 -4.1687e+00 -4.1654e+00 -4.1658e+00
8288 0 +1.037600074e+00 -4.339239993e+01 -4.339239993e+01 +3.3349e+00 +8.3406e-01 -4.1689e+00 -4.1655e+00 -4.1657e+00
8298 0 +9.004138728e-01 -4.352958613e+01 -4.352958613e+01 +3.3347e+00 +8.3430e-01 -4.1690e+00 -4.1654e+00 -4.1654e+00
8332 0 +8.833222211e-01 -4.354667778e+01 -4.354667778e+01 +3.3347e+00 +8.3432e-01 -4.1691e+00 -4.1653e+00 -4.1654e+00
8349 0 +8.477465144e-01 -4.358225349e+01 -4.358225349e+01 +3.3348e+00 +8.3438e-01 -4.1692e+00 -4.1653e+00 -4.1654e+00
8377 0 +8.297840159e-01 -4.360021598e+01 -4.360021598e+01 +3.3349e+00 +8.3438e-01 -4.1692e+00 -4.1652e+00 -4.1654e+00
8398 0 +8.112918320e-01 -4.361870817e+01 -4.361870817e+01 +3.3348e+00 +8.3441e-01 -4.1692e+00 -4.1652e+00 -4.1654e+00
8414 0 +7.250639181e-01 -4.370493608e+01 -4.370493608e+01 +3.3432e+00 +8.3981e-01 -4.1646e+00 -4.1683e+00 -4.1581e+00
8420 0 +7.198771051e-01 -4.371012289e+01 -4.371012289e+01 +3.3486e+00 +8.3902e-01 -4.1579e+00 -4.1677e+00 -4.1520e+00
8428 0 +6.719529661e-01 -4.375804703e+01 -4.375804703e+01 +3.3647e+00 +8.3999e-01 -4.1409e+00 -4.1678e+00 -4.1350e+00
8441 0 +5.621313330e-01 -4.386786867e+01 -4.386786867e+01 +3.3689e+00 +8.4072e-01 -4.1369e+00 -4.1681e+00 -4.1308e+00
8453 0 +5.058026914e-01 -4.392419731e+01 -4.392419731e+01 +3.3696e+00 +8.3886e-01 -4.1345e+00 -4.1669e+00 -4.1294e+00
8460 0 +3.083834540e-01 -4.412161655e+01 -4.412161655e+01 +3.3692e+00 +8.3381e-01 -4.1306e+00 -4.1638e+00 -4.1282e+00
8482 0 +2.997422593e-01 -4.413025774e+01 -4.413025774e+01 +3.3691e+00 +8.3382e-01 -4.1308e+00 -4.1638e+00 -4.1284e+00
8512 0 +2.795529281e-01 -4.415044707e+01 -4.415044707e+01 +3.3689e+00 +8.3498e-01 -4.1312e+00 -4.1646e+00 -4.1295e+00
8521 0 +2.319710370e-01 -4.419802896e+01 -4.419802896e+01 +3.3684e+00 +8.3779e-01 -4.1323e+00 -4.1666e+00 -4.1322e+00
8527 0 +2.115204928e-01 -4.421847951e+01 -4.421847951e+01 +3.3685e+00 +8.3683e-01 -4.1319e+00 -4.1659e+00 -4.1313e+00
8539 0 +2.081073011e-01 -4.422189270e+01 -4.422189270e+01 +3.3685e+00 +8.3677e-01 -4.1320e+00 -4.1659e+00 -4.1313e+00
8546 0 +2.015840773e-01 -4.422841592e+01 -4.422841592e+01 +3.3683e+00 +8.3678e-01 -4.1322e+00 -4.1659e+00 -4.1315e+00
8552 0 +1.985886818e-01 -4.423141132e+01 -4.423141132e+01 +3.3683e+00 +8.3676e-01 -4.1321e+00 -4.1659e+00 -4.1314e+00
8570 0 +1.821465310e-01 -4.424785347e+01 -4.424785347e+01 +3.3683e+00 +8.3679e-01 -4.1324e+00 -4.1659e+00 -4.1313e+00
8583 0 +1.767072713e-01 -4.425329273e+01 -4.425329273e+01 +3.3683e+00 +8.3683e-01 -4.1325e+00 -4.1659e+00 -4.1313e+00
8674 0 +1.728621938e-01 -4.425713781e+01 -4.425713781e+01 +3.3683e+00 +8.3686e-01 -4.1325e+00 -4.1659e+00 -4.1313e+00
8680 0 +1.650064620e-01 -4.426499354e+01 -4.426499354e+01 +3.3683e+00 +8.3687e-01 -4.1324e+00 -4.1659e+00 -4.1313e+00
8686 0 +1.002558236e-01 -4.432974418e+01 -4.432974418e+01 +3.3684e+00 +8.3696e-01 -4.1321e+00 -4.1660e+00 -4.1307e+00
8698 0 +8.663340733e-02 -4.434336659e+01 -4.434336659e+01 +3.3685e+00 +8.3698e-01 -4.1319e+00 -4.1660e+00 -4.1304e+00
8704 0 +8.473071447e-02 -4.434526929e+01 -4.434526929e+01 +3.3685e+00 +8.3697e-01 -4.1319e+00 -4.1660e+00 -4.1304e+00
8715 0 +8.246544179e-02 -4.434753456e+01 -4.434753456e+01 +3.3685e+00 +8.3698e-01 -4.1318e+00 -4.1660e+00 -4.1303e+00
8770 0 +7.825660865e-02 -4.435174339e+01 -4.435174339e+01 +3.3684e+00 +8.3697e-01 -4.1320e+00 -4.1660e+00 -4.1304e+00
8809 0 +7.691761283e-02 -4.435308239e+01 -4.435308239e+01 +3.3684e+00 +8.3701e-01 -4.1320e+00 -4.1660e+00 -4.1305e+00
8853 0 +7.087939056e-02 -4.435912061e+01 -4.435912061e+01 +3.3683e+00 +8.3702e-01 -4.1321e+00 -4.1660e+00 -4.1305e+00
8860 0 +7.017328220e-02 -4.435982672e+01 -4.435982672e+01 +3.3682e+00 +8.3703e-01 -4.1323e+00 -4.1659e+00 -4.1308e+00
8866 0 +6.564723729e-02 -4.436435276e+01 -4.436435276e+01 +3.3683e+00 +8.3702e-01 -4.1322e+00 -4.1659e+00 -4.1307e+00
8892 0 +6.446661298e-02 -4.436553339e+01 -4.436553339e+01 +3.3683e+00 +8.3702e-01 -4.1322e+00 -4.1659e+00 -4.1307e+00
8910 0 +6.289191388e-02 -4.436710809e+01 -4.436710809e+01 +3.3683e+00 +8.3701e-01 -4.1322e+00 -4.1659e+00 -4.1307e+00
8992 0 +6.132081066e-02 -4.436867919e+01 -4.436867919e+01 +3.3683e+00 +8.3699e-01 -4.1322e+00 -4.1659e+00 -4.1306e+00
9017 0 +5.956575747e-02 -4.437043424e+01 -4.437043424e+01 +3.3683e+00 +8.3697e-01 -4.1322e+00 -4.1659e+00 -4.1306e+00
9030 0 +5.825739854e-02 -4.437174260e+01 -4.437174260e+01 +3.3683e+00 +8.3696e-01 -4.1322e+00 -4.1659e+00 -4.1306e+00
% f evaluations | g evaluations | best noise-free fitness - Fopt (-2.618400000000e+02) + sum g_i+ | measured fitness | best measured fitness or single-digit g-values | x1 | x2...
1 0 +2.280681046e+01 -2.390331895e+02 -2.390331895e+02 +1.6667e+00 +1.6667e+00 +1.6667e+00 +1.6667e+00 +1.6667e+00
2 0 +8.889735473e+00 -2.529502645e+02 -2.529502645e+02 -1.6667e+00 -1.6667e+00 -1.6667e+00 -1.6667e+00 -1.6667e+00
6 0 +8.203693489e+00 -2.536363065e+02 -2.536363065e+02 -1.6667e+00 +3.3333e+00 -1.6667e+00 -1.6667e+00 -1.6667e+00
17 0 +6.562445334e+00 -2.552775547e+02 -2.552775547e+02 -3.3333e+00 -3.3333e+00 -3.3333e+00 -3.3333e+00 +1.6667e+00
32 0 +5.672111354e+00 -2.561678886e+02 -2.561678886e+02 -1.6667e+00 +3.3333e+00 +3.3333e+00 +3.3333e+00 -1.6667e+00
38 0 +2.601910287e+00 -2.592380897e+02 -2.592380897e+02 -1.6667e+00 -1.6667e+00 +3.3333e+00 +3.3333e+00 -1.6667e+00
60 0 +1.870990939e+00 -2.599690091e+02 -2.599690091e+02 -1.6694e+00 -1.6678e+00 +3.3341e+00 +3.3323e+00 -1.6679e+00
71 0 +1.517754088e+00 -2.603222459e+02 -2.603222459e+02 -1.6687e+00 -1.6684e+00 +3.3343e+00 +3.3320e+00 -1.6665e+00
86 0 +1.496095671e+00 -2.603439043e+02 -2.603439043e+02 -1.6685e+00 -1.6684e+00 +3.3344e+00 +3.3320e+00 -1.6662e+00
93 0 +1.437943508e+00 -2.604020565e+02 -2.604020565e+02 -1.6685e+00 -1.6682e+00 +3.3342e+00 +3.3321e+00 -1.6665e+00
103 0 +1.269981035e+00 -2.605700190e+02 -2.605700190e+02 -1.6685e+00 -1.6682e+00 +3.3339e+00 +3.3322e+00 -1.6671e+00
121 0 +1.078092703e+00 -2.607619073e+02 -2.607619073e+02 -1.6667e+00 -1.6715e+00 +3.3338e+00 +3.3329e+00 -1.6685e+00
141 0 +1.043098875e+00 -2.607969011e+02 -2.607969011e+02 -1.6668e+00 -1.6721e+00 +3.3339e+00 +3.3339e+00 -1.6683e+00
150 0 +9.051042716e-01 -2.609348957e+02 -2.609348957e+02 -1.6572e+00 -1.6790e+00 +3.3485e+00 +3.3367e+00 -1.6799e+00
166 0 +8.322255173e-01 -2.610077745e+02 -2.610077745e+02 -1.6574e+00 -1.6792e+00 +3.3485e+00 +3.3372e+00 -1.6802e+00
173 0 +7.912701477e-01 -2.610487299e+02 -2.610487299e+02 -1.6581e+00 -1.6790e+00 +3.3475e+00 +3.3376e+00 -1.6796e+00
183 0 +7.141643837e-01 -2.611258356e+02 -2.611258356e+02 -1.6591e+00 -1.6799e+00 +3.3452e+00 +3.3381e+00 -1.6791e+00
190 0 +6.569802838e-01 -2.611830197e+02 -2.611830197e+02 -1.6623e+00 -1.6766e+00 +3.3437e+00 +3.3392e+00 -1.6767e+00
226 0 +6.450185170e-01 -2.611949815e+02 -2.611949815e+02 -1.6621e+00 -1.6769e+00 +3.3438e+00 +3.3397e+00 -1.6768e+00
234 0 +6.151228210e-01 -2.612248772e+02 -2.612248772e+02 -1.6624e+00 -1.6764e+00 +3.3439e+00 +3.3403e+00 -1.6773e+00
282 0 +5.924508491e-01 -2.612475492e+02 -2.612475492e+02 -1.6627e+00 -1.6762e+00 +3.3438e+00 +3.3405e+00 -1.6773e+00
304 0 +5.861080353e-01 -2.612538920e+02 -2.612538920e+02 -1.6628e+00 -1.6760e+00 +3.3437e+00 +3.3406e+00 -1.6773e+00
342 0 +5.734994254e-01 -2.612665006e+02 -2.612665006e+02 -1.6628e+00 -1.6760e+00 +3.3437e+00 +3.3407e+00 -1.6772e+00
449 0 +5.617309051e-01 -2.612782691e+02 -2.612782691e+02 -1.6630e+00 -1.6768e+00 +3.3429e+00 +3.3408e+00 -1.6762e+00
467 0 +5.330091469e-01 -2.613069909e+02 -2.613069909e+02 -1.6642e+00 -1.6749e+00 +3.3434e+00 +3.3411e+00 -1.6756e+00
473 0 +5.087500851e-01 -2.613312499e+02 -2.613312499e+02 -1.6637e+00 -1.6757e+00 +3.3432e+00 +3.3409e+00 -1.6758e+00
524 0 +5.008119493e-01 -2.613391881e+02 -2.613391881e+02 -1.6638e+00 -1.6755e+00 +3.3432e+00 +3.3410e+00 -1.6758e+00
554 0 +4.612130145e-01 -2.613787870e+02 -2.613787870e+02 -1.6652e+00 -1.6736e+00 +3.3430e+00 +3.3419e+00 -1.6756e+00
577 0 +4.534365876e-01 -2.613865634e+02 -2.613865634e+02 -1.6648e+00 -1.6744e+00 +3.3428e+00 +3.3417e+00 -1.6753e+00
605 0 +4.466622259e-01 -2.613933378e+02 -2.613933378e+02 -1.6649e+00 -1.6743e+00 +3.3428e+00 +3.3417e+00 -1.6752e+00
778 0 +4.363511258e-01 -2.614036489e+02 -2.614036489e+02 -1.6649e+00 -1.6743e+00 +3.3428e+00 +3.3418e+00 -1.6752e+00
% f evaluations | g evaluations | best noise-free fitness - Fopt (-1.707000000000e+02) + sum g_i+ | measured fitness | best measured fitness or single-digit g-values | x1 | x2...
1 0 +1.604053321e+01 -1.546594668e+02 -1.546594668e+02 +1.6667e+00 +1.6667e+00 +1.6667e+00 +1.6667e+00 +1.6667e+00
4 0 +7.849052287e+00 -1.628509477e+02 -1.628509477e+02 +3.3333e+00 -1.6667e+00 -1.6667e+00 -1.6667e+00 -1.6667e+00
22 0 +7.568806583e+00 -1.631311934e+02 -1.631311934e+02 +3.3324e+00 -1.6663e+00 -1.6656e+00 -1.6669e+00 -1.6635e+00
28 0 +4.537667441e+00 -1.661623326e+02 -1.661623326e+02 +2.4133e+00 -1.7958e+00 -1.6453e+00 -8.3673e-01 -1.2283e+00
45 0 +4.386433007e+00 -1.663135670e+02 -1.663135670e+02 +2.4135e+00 -1.7972e+00 -1.6469e+00 -8.3986e-01 -1.2294e+00
52 0 +4.357058977e+00 -1.663429410e+02 -1.663429410e+02 +2.4115e+00 -1.7992e+00 -1.6479e+00 -8.4234e-01 -1.2301e+00
64 0 +4.148441509e+00 -1.665515585e+02 -1.665515585e+02 +2.4101e+00 -1.7988e+00 -1.6468e+00 -8.4246e-01 -1.2293e+00
71 0 +3.604504053e+00 -1.670954959e+02 -1.670954959e+02 +2.4104e+00 -1.7989e+00 -1.6452e+00 -8.4161e-01 -1.2286e+00
82 0 +3.235211818e+00 -1.674647882e+02 -1.674647882e+02 +2.4109e+00 -1.7991e+00 -1.6436e+00 -8.4078e-01 -1.2292e+00
101 0 +3.069130816e+00 -1.676308692e+02 -1.676308692e+02 +2.4098e+00 -1.7989e+00 -1.6437e+00 -8.4229e-01 -1.2304e+00
111 0 +2.893405710e+00 -1.678065943e+02 -1.678065943e+02 +2.4101e+00 -1.7998e+00 -1.6448e+00 -8.4117e-01 -1.2297e+00
123 0 +2.837689819e+00 -1.678623102e+02 -1.678623102e+02 +2.4096e+00 -1.8006e+00 -1.6445e+00 -8.4121e-01 -1.2298e+00
131 0 +2.761014140e+00 -1.679389859e+02 -1.679389859e+02 +2.4094e+00 -1.8006e+00 -1.6449e+00 -8.4109e-01 -1.2299e+00
165 0 +2.752555061e+00 -1.679474449e+02 -1.679474449e+02 +2.4094e+00 -1.8006e+00 -1.6449e+00 -8.4109e-01 -1.2299e+00
267 0 +2.674039092e+00 -1.680259609e+02 -1.680259609e+02 +2.4087e+00 -1.8003e+00 -1.6451e+00 -8.4165e-01 -1.2314e+00
314 0 +2.615802085e+00 -1.680841979e+02 -1.680841979e+02 +2.4088e+00 -1.8006e+00 -1.6454e+00 -8.4116e-01 -1.2310e+00
356 0 +2.547470276e+00 -1.681525297e+02 -1.681525297e+02 +2.4086e+00 -1.8001e+00 -1.6454e+00 -8.4148e-01 -1.2318e+00
362 0 +2.305400065e+00 -1.683945999e+02 -1.683945999e+02 +2.4072e+00 -1.7962e+00 -1.6450e+00 -8.4382e-01 -1.2378e+00
387 0 +2.139632817e+00 -1.685603672e+02 -1.685603672e+02 +2.4061e+00 -1.7933e+00 -1.6441e+00 -8.4695e-01 -1.2425e+00
404 0 +2.133392185e+00 -1.685666078e+02 -1.685666078e+02 +2.4061e+00 -1.7933e+00 -1.6441e+00 -8.4697e-01 -1.2426e+00
440 0 +2.073551142e+00 -1.686264489e+02 -1.686264489e+02 +2.4069e+00 -1.7912e+00 -1.6423e+00 -8.4818e-01 -1.2437e+00
595 0 +1.781888163e+00 -1.689181118e+02 -1.689181118e+02 -3.3333e+00 +1.6667e+00 -8.3333e-01 +1.6667e+00 +1.6667e+00
1739 0 +1.547315289e+00 -1.691526847e+02 -1.691526847e+02 -2.0833e+00 +2.9167e+00 +4.1667e-01 -4.5833e+00 -8.3333e-01
3263 0 +1.501866790e+00 -1.691981332e+02 -1.691981332e+02 -2.0736e+00 +2.9167e+00 +4.1667e-01 -4.5833e+00 -8.3333e-01
3303 0 +1.326331699e+00 -1.693736683e+02 -1.693736683e+02 -2.0736e+00 +2.9264e+00 +4.1667e-01 -4.5833e+00 -8.3333e-01
3439 0 +4.658386059e-01 -1.702341614e+02 -1.702341614e+02 -2.0736e+00 +2.9264e+00 +4.1667e-01 -4.5736e+00 -8.3333e-01
7549 0 +4.554570985e-01 -1.702445429e+02 -1.702445429e+02 -2.0736e+00 +2.9264e+00 +4.1178e-01 -4.5736e+00 -8.3333e-01
59404 0 +3.707953454e-01 -1.703292047e+02 -1.703292047e+02 -4.1667e-01 -4.1667e-01 +8.3333e-01 +3.3333e+00 -4.1667e-01
192033 0 +3.552186134e-01 -1.703447814e+02 -1.703447814e+02 -4.1585e-01 -4.1585e-01 +8.3415e-01 +3.3341e+00 -4.1829e-01
% f evaluations | g evaluations | best noise-free fitness - Fopt (1.970000000000e+00) + sum g_i+ | measured fitness | best measured fitness or single-digit g-values | x1 | x2...
1 0 +1.803665194e+01 +2.000665194e+01 +2.000665194e+01 +1.6667e+00 +1.6667e+00 +1.6667e+00 +1.6667e+00 +1.6667e+00
4 0 +8.876422048e+00 +1.084642205e+01 +1.084642205e+01 +3.3333e+00 -1.6667e+00 -1.6667e+00 -1.6667e+00 -1.6667e+00
21 0 +4.995782096e+00 +6.965782096e+00 +6.965782096e+00 +3.3382e+00 -1.6656e+00 -1.6675e+00 -1.6680e+00 -1.6620e+00
54 0 +4.725541634e+00 +6.695541634e+00 +6.695541634e+00 +3.3376e+00 -1.6657e+00 -1.6677e+00 -1.6681e+00 -1.6619e+00
100 0 +4.658550664e+00 +6.628550664e+00 +6.628550664e+00 +3.3376e+00 -1.6658e+00 -1.6679e+00 -1.6683e+00 -1.6620e+00
114 0 +4.239082523e+00 +6.209082523e+00 +6.209082523e+00 +3.3913e+00 -1.6743e+00 -1.7265e+00 -1.5749e+00 -1.6918e+00
130 0 +3.716280289e+00 +5.686280289e+00 +5.686280289e+00 +3.3915e+00 -1.6767e+00 -1.7273e+00 -1.5718e+00 -1.6917e+00
138 0 +3.676183896e+00 +5.646183896e+00 +5.646183896e+00 +3.3895e+00 -1.6770e+00 -1.7254e+00 -1.5744e+00 -1.6906e+00
144 0 +3.363558474e+00 +5.333558474e+00 +5.333558474e+00 +3.3871e+00 -1.6757e+00 -1.7230e+00 -1.5791e+00 -1.6893e+00
151 0 +3.289816503e+00 +5.259816503e+00 +5.259816503e+00 +3.3603e+00 -1.6566e+00 -1.7014e+00 -1.6291e+00 -1.6734e+00
166 0 +3.155388078e+00 +5.125388078e+00 +5.125388078e+00 +3.3606e+00 -1.6564e+00 -1.7024e+00 -1.6287e+00 -1.6736e+00
197 0 +3.062297640e+00 +5.032297640e+00 +5.032297640e+00 +3.3603e+00 -1.6562e+00 -1.7019e+00 -1.6289e+00 -1.6733e+00
259 0 +3.014791153e+00 +4.984791153e+00 +4.984791153e+00 +3.3603e+00 -1.6563e+00 -1.7019e+00 -1.6289e+00 -1.6733e+00
288 0 +2.761659337e+00 +4.731659337e+00 +4.731659337e+00 +3.3596e+00 -1.6557e+00 -1.7020e+00 -1.6286e+00 -1.6735e+00
295 0 +2.671967364e+00 +4.641967364e+00 +4.641967364e+00 +3.3578e+00 -1.6531e+00 -1.7025e+00 -1.6279e+00 -1.6737e+00
301 0 +2.209365596e+00 +4.179365596e+00 +4.179365596e+00 +3.3585e+00 -1.6542e+00 -1.7023e+00 -1.6282e+00 -1.6736e+00
316 0 +2.187412134e+00 +4.157412134e+00 +4.157412134e+00 +3.3586e+00 -1.6542e+00 -1.7023e+00 -1.6282e+00 -1.6736e+00
352 0 +2.137760387e+00 +4.107760387e+00 +4.107760387e+00 +3.3585e+00 -1.6540e+00 -1.7024e+00 -1.6282e+00 -1.6735e+00
368 0 +1.997098818e+00 +3.967098818e+00 +3.967098818e+00 +3.3569e+00 -1.6501e+00 -1.7039e+00 -1.6282e+00 -1.6717e+00
374 0 +1.858992672e+00 +3.828992672e+00 +3.828992672e+00 +3.3559e+00 -1.6478e+00 -1.7047e+00 -1.6282e+00 -1.6706e+00
397 0 +1.450039455e+00 +3.420039455e+00 +3.420039455e+00 +3.3537e+00 -1.6513e+00 -1.7054e+00 -1.6289e+00 -1.6709e+00
406 0 +1.259102732e+00 +3.229102732e+00 +3.229102732e+00 +3.3522e+00 -1.6538e+00 -1.7058e+00 -1.6294e+00 -1.6711e+00
413 0 +1.162435190e+00 +3.132435190e+00 +3.132435190e+00 +3.3525e+00 -1.6532e+00 -1.7057e+00 -1.6293e+00 -1.6710e+00
419 0 +1.138295893e+00 +3.108295893e+00 +3.108295893e+00 +3.3524e+00 -1.6534e+00 -1.7058e+00 -1.6293e+00 -1.6710e+00
466 0 +1.117028629e+00 +3.087028629e+00 +3.087028629e+00 +3.3525e+00 -1.6532e+00 -1.7057e+00 -1.6292e+00 -1.6710e+00
656 0 +1.059480237e+00 +3.029480237e+00 +3.029480237e+00 +3.3525e+00 -1.6530e+00 -1.7056e+00 -1.6292e+00 -1.6707e+00
664 0 +1.040576987e+00 +3.010576987e+00 +3.010576987e+00 +3.3524e+00 -1.6531e+00 -1.7053e+00 -1.6295e+00 -1.6705e+00
726 0 +1.013670279e+00 +2.983670279e+00 +2.983670279e+00 +3.3524e+00 -1.6531e+00 -1.7053e+00 -1.6294e+00 -1.6706e+00
59641 0 +9.765837390e-01 +2.946583739e+00 +2.946583739e+00 -2.0833e+00 -8.3333e-01 -8.3333e-01 +4.1667e-01 -4.5833e+00
59667 0 +7.377435351e-01 +2.707743535e+00 +2.707743535e+00 -2.0843e+00 -8.3282e-01 -8.3223e-01 +4.1719e-01 -4.5839e+00
59676 0 +7.183696540e-01 +2.688369654e+00 +2.688369654e+00 -2.0843e+00 -8.3334e-01 -8.3158e-01 +4.1698e-01 -4.5838e+00
59688 0 +6.734144357e-01 +2.643414436e+00 +2.643414436e+00 -2.0842e+00 -8.3353e-01 -8.3187e-01 +4.1698e-01 -4.5835e+00
59695 0 +6.171418274e-01 +2.587141827e+00 +2.587141827e+00 -2.0846e+00 -8.3432e-01 -8.3175e-01 +4.1691e-01 -4.5834e+00
59708 0 +5.975837357e-01 +2.567583736e+00 +2.567583736e+00 -2.0847e+00 -8.3446e-01 -8.3184e-01 +4.1695e-01 -4.5834e+00
59715 0 +5.543416963e-01 +2.524341696e+00 +2.524341696e+00 -2.0847e+00 -8.3428e-01 -8.3189e-01 +4.1734e-01 -4.5835e+00
59727 0 +5.447433367e-01 +2.514743337e+00 +2.514743337e+00 -2.0848e+00 -8.3430e-01 -8.3185e-01 +4.1736e-01 -4.5837e+00
59734 0 +5.360597502e-01 +2.506059750e+00 +2.506059750e+00 -2.0849e+00 -8.3441e-01 -8.3175e-01 +4.1724e-01 -4.5836e+00
59744 0 +5.211476217e-01 +2.491147622e+00 +2.491147622e+00 -2.0850e+00 -8.3469e-01 -8.3162e-01 +4.1732e-01 -4.5834e+00
59757 0 +4.779020986e-01 +2.447902099e+00 +2.447902099e+00 -2.0835e+00 -8.3550e-01 -8.3172e-01 +4.2139e-01 -4.5834e+00
59764 0 +4.557305862e-01 +2.425730586e+00 +2.425730586e+00 -2.0828e+00 -8.3610e-01 -8.3156e-01 +4.2295e-01 -4.5836e+00
59813 0 +4.380082604e-01 +2.408008260e+00 +2.408008260e+00 -2.0832e+00 -8.3582e-01 -8.3169e-01 +4.2245e-01 -4.5835e+00
59819 0 +4.328431465e-01 +2.402843147e+00 +2.402843147e+00 -2.0831e+00 -8.3604e-01 -8.3157e-01 +4.2269e-01 -4.5835e+00
59825 0 +3.873300398e-01 +2.357330040e+00 +2.357330040e+00 -2.0829e+00 -8.3730e-01 -8.3083e-01 +4.2383e-01 -4.5835e+00
59831 0 +3.417021555e-01 +2.311702156e+00 +2.311702156e+00 -2.0829e+00 -8.3824e-01 -8.3024e-01 +4.2461e-01 -4.5835e+00
59837 0 +3.272240793e-01 +2.297224079e+00 +2.297224079e+00 -2.0828e+00 -8.3942e-01 -8.2953e-01 +4.2566e-01 -4.5835e+00
59848 0 +2.720538658e-01 +2.242053866e+00 +2.242053866e+00 -2.0829e+00 -8.4059e-01 -8.2880e-01 +4.2669e-01 -4.5834e+00
59873 0 +2.686473312e-01 +2.238647331e+00 +2.238647331e+00 -2.0829e+00 -8.4055e-01 -8.2883e-01 +4.2669e-01 -4.5834e+00
59883 0 +2.603335434e-01 +2.230333543e+00 +2.230333543e+00 -2.0829e+00 -8.4048e-01 -8.2889e-01 +4.2668e-01 -4.5834e+00
59916 0 +2.558126149e-01 +2.225812615e+00 +2.225812615e+00 -2.0829e+00 -8.4047e-01 -8.2887e-01 +4.2668e-01 -4.5834e+00
59923 0 +2.491389728e-01 +2.219138973e+00 +2.219138973e+00 -2.0830e+00 -8.4051e-01 -8.2875e-01 +4.2666e-01 -4.5834e+00
59930 0 +2.412109046e-01 +2.211210905e+00 +2.211210905e+00 -2.0832e+00 -8.4052e-01 -8.2853e-01 +4.2654e-01 -4.5833e+00
59936 0 +2.379347977e-01 +2.207934798e+00 +2.207934798e+00 -2.0831e+00 -8.4042e-01 -8.2867e-01 +4.2649e-01 -4.5833e+00
59949 0 +2.323278054e-01 +2.202327805e+00 +2.202327805e+00 -2.0830e+00 -8.4032e-01 -8.2888e-01 +4.2663e-01 -4.5835e+00
59976 0 +2.282421727e-01 +2.198242173e+00 +2.198242173e+00 -2.0830e+00 -8.4023e-01 -8.2896e-01 +4.2663e-01 -4.5835e+00
60040 0 +2.237706049e-01 +2.193770605e+00 +2.193770605e+00 -2.0831e+00 -8.4004e-01 -8.2905e-01 +4.2652e-01 -4.5834e+00
60073 0 +2.171513114e-01 +2.187151311e+00 +2.187151311e+00 -2.0832e+00 -8.3979e-01 -8.2913e-01 +4.2627e-01 -4.5833e+00
60149 0 +2.137441279e-01 +2.183744128e+00 +2.183744128e+00 -2.0832e+00 -8.3976e-01 -8.2914e-01 +4.2627e-01 -4.5833e+00
% f evaluations | g evaluations | best noise-free fitness - Fopt (3.808900000000e+02) + sum g_i+ | measured fitness | best measured fitness or single-digit g-values | x1 | x2...
1 0 +1.637785174e+01 +3.972678517e+02 +3.972678517e+02 +1.6667e+00 +1.6667e+00 +1.6667e+00 +1.6667e+00 +1.6667e+00
4 0 +1.223080498e+01 +3.931208050e+02 +3.931208050e+02 +3.3333e+00 -1.6667e+00 -1.6667e+00 -1.6667e+00 -1.6667e+00
16 0 +1.052635713e+01 +3.914163571e+02 +3.914163571e+02 +3.4049e+00 -1.7542e+00 -1.5851e+00 -1.8558e+00 -1.6708e+00
24 0 +9.532805777e+00 +3.904228058e+02 +3.904228058e+02 +3.8017e+00 -1.9002e+00 -1.3281e+00 -2.4518e+00 -2.0102e+00
43 0 +8.417785028e+00 +3.893077850e+02 +3.893077850e+02 +3.8006e+00 -1.8978e+00 -1.3289e+00 -2.4529e+00 -2.0116e+00
239 0 +6.951959180e+00 +3.878419592e+02 +3.878419592e+02 +1.6667e+00 +1.6667e+00 +1.6667e+00 -3.3333e+00 +1.6667e+00
243 0 +3.508582770e+00 +3.843985828e+02 +3.843985828e+02 +1.6667e+00 +1.6667e+00 -3.3333e+00 -3.3333e+00 +1.6667e+00
295 0 +3.457768869e+00 +3.843477689e+02 +3.843477689e+02 +1.6666e+00 +1.6667e+00 -3.3334e+00 -3.3333e+00 +1.6667e+00
313 0 +3.220259618e+00 +3.841102596e+02 +3.841102596e+02 +1.6664e+00 +1.6669e+00 -3.3335e+00 -3.3326e+00 +1.6670e+00
319 0 +2.808835917e+00 +3.836988359e+02 +3.836988359e+02 +1.6579e+00 +1.6681e+00 -3.3199e+00 -3.3266e+00 +1.6652e+00
329 0 +2.052924973e+00 +3.829429250e+02 +3.829429250e+02 +1.6409e+00 +1.6706e+00 -3.2929e+00 -3.3146e+00 +1.6617e+00
349 0 +1.987556169e+00 +3.828775562e+02 +3.828775562e+02 +1.6421e+00 +1.6701e+00 -3.2954e+00 -3.3157e+00 +1.6621e+00
372 0 +1.916682558e+00 +3.828066826e+02 +3.828066826e+02 +1.6417e+00 +1.6701e+00 -3.2951e+00 -3.3153e+00 +1.6621e+00
380 0 +1.852736802e+00 +3.827427368e+02 +3.827427368e+02 +1.6324e+00 +1.6708e+00 -3.2892e+00 -3.3068e+00 +1.6631e+00
386 0 +1.595545532e+00 +3.824855455e+02 +3.824855455e+02 +1.6344e+00 +1.6706e+00 -3.2905e+00 -3.3087e+00 +1.6629e+00
392 0 +1.517831350e+00 +3.824078313e+02 +3.824078313e+02 +1.6358e+00 +1.6706e+00 -3.2913e+00 -3.3099e+00 +1.6628e+00
415 0 +1.500280877e+00 +3.823902809e+02 +3.823902809e+02 +1.6358e+00 +1.6706e+00 -3.2914e+00 -3.3098e+00 +1.6628e+00
425 0 +1.468893258e+00 +3.823588933e+02 +3.823588933e+02 +1.6358e+00 +1.6706e+00 -3.2914e+00 -3.3097e+00 +1.6628e+00
431 0 +1.423547319e+00 +3.823135473e+02 +3.823135473e+02 +1.6376e+00 +1.6715e+00 -3.2928e+00 -3.3095e+00 +1.6630e+00
444 0 +1.351295343e+00 +3.822412953e+02 +3.822412953e+02 +1.6381e+00 +1.6716e+00 -3.2931e+00 -3.3096e+00 +1.6630e+00
451 0 +1.274181534e+00 +3.821641815e+02 +3.821641815e+02 +1.6381e+00 +1.6714e+00 -3.2928e+00 -3.3103e+00 +1.6627e+00
479 0 +1.248328246e+00 +3.821383282e+02 +3.821383282e+02 +1.6382e+00 +1.6714e+00 -3.2928e+00 -3.3103e+00 +1.6627e+00
600 0 +1.206484830e+00 +3.820964848e+02 +3.820964848e+02 +1.6383e+00 +1.6714e+00 -3.2929e+00 -3.3103e+00 +1.6627e+00
606 0 +1.072590760e+00 +3.819625908e+02 +3.819625908e+02 +1.6385e+00 +1.6711e+00 -3.2931e+00 -3.3103e+00 +1.6628e+00
612 0 +1.024395799e+00 +3.819143958e+02 +3.819143958e+02 +1.6386e+00 +1.6710e+00 -3.2932e+00 -3.3102e+00 +1.6629e+00
621 0 +9.046630207e-01 +3.817946630e+02 +3.817946630e+02 +1.6390e+00 +1.6706e+00 -3.2936e+00 -3.3101e+00 +1.6630e+00
628 0 +8.346817428e-01 +3.817246817e+02 +3.817246817e+02 +1.6389e+00 +1.6707e+00 -3.2935e+00 -3.3102e+00 +1.6630e+00
648 0 +8.312757618e-01 +3.817212758e+02 +3.817212758e+02 +1.6389e+00 +1.6707e+00 -3.2935e+00 -3.3102e+00 +1.6630e+00
758 0 +8.104242401e-01 +3.817004242e+02 +3.817004242e+02 +1.6389e+00 +1.6705e+00 -3.2938e+00 -3.3104e+00 +1.6629e+00
12493 0 +6.855944800e-01 +3.815755945e+02 +3.815755945e+02 +3.3333e+00 -2.9167e+00 -1.6667e+00 -1.6667e+00 +3.3333e+00
77843 0 +5.297136718e-01 +3.814197137e+02 +3.814197137e+02 -1.6667e+00 +8.3333e-01 -4.1667e-01 -4.1667e-01 +4.5833e+00
% f evaluations | g evaluations | best noise-free fitness - Fopt (3.790000000000e+01) + sum g_i+ | measured fitness | best measured fitness or single-digit g-values | x1 | x2...
1 0 +8.448009280e+00 +4.634800928e+01 +4.634800928e+01 +1.6667e+00 +1.6667e+00 +1.6667e+00 +1.6667e+00 +1.6667e+00
23 0 +6.954975051e+00 +4.485497505e+01 +4.485497505e+01 +1.6667e+00 -3.3333e+00 -3.3333e+00 -3.3333e+00 +1.6667e+00
29 0 +6.536923655e+00 +4.443692365e+01 +4.443692365e+01 +1.6667e+00 -3.3333e+00 +1.6667e+00 -3.3333e+00 +1.6667e+00
67 0 +5.355776066e+00 +4.325577607e+01 +4.325577607e+01 +1.3040e+00 -1.6183e+00 +3.4885e+00 -2.2450e+00 +2.4866e+00
86 0 +4.701341469e+00 +4.260134147e+01 +4.260134147e+01 +1.3046e+00 -1.6119e+00 +3.4910e+00 -2.2449e+00 +2.4884e+00
94 0 +4.389457223e+00 +4.228945722e+01 +4.228945722e+01 +1.3063e+00 -1.6090e+00 +3.4908e+00 -2.2459e+00 +2.4885e+00
111 0 +4.339890530e+00 +4.223989053e+01 +4.223989053e+01 +1.3063e+00 -1.6090e+00 +3.4908e+00 -2.2459e+00 +2.4885e+00
185 0 +4.255941053e+00 +4.215594105e+01 +4.215594105e+01 +1.6667e+00 +1.6667e+00 -3.3333e+00 -3.3333e+00 -3.3333e+00
318 0 +3.388302936e+00 +4.128830294e+01 +4.128830294e+01 +1.4583e+00 +1.4583e+00 -2.9167e+00 -2.9167e+00 -2.9167e+00
343 0 +3.008978939e+00 +4.090897894e+01 +4.090897894e+01 +1.4601e+00 +1.4549e+00 -2.9138e+00 -2.9215e+00 -2.9152e+00
377 0 +2.898989947e+00 +4.079898995e+01 +4.079898995e+01 +1.4601e+00 +1.4550e+00 -2.9137e+00 -2.9214e+00 -2.9153e+00
384 0 +2.752575768e+00 +4.065257577e+01 +4.065257577e+01 +1.4601e+00 +1.4557e+00 -2.9137e+00 -2.9211e+00 -2.9155e+00
404 0 +2.624200065e+00 +4.052420007e+01 +4.052420007e+01 +1.4601e+00 +1.4559e+00 -2.9137e+00 -2.9210e+00 -2.9156e+00
470 0 +1.745848016e+00 +3.964584802e+01 +3.964584802e+01 +1.4505e+00 +1.4677e+00 -2.9170e+00 -2.9364e+00 -2.9145e+00
476 0 +1.477870530e+00 +3.937787053e+01 +3.937787053e+01 +1.4472e+00 +1.4717e+00 -2.9179e+00 -2.9413e+00 -2.9141e+00
482 0 +1.218989102e+00 +3.911898910e+01 +3.911898910e+01 +1.4321e+00 +1.4903e+00 -2.9219e+00 -2.9618e+00 -2.9126e+00
496 0 +1.103294532e+00 +3.900329453e+01 +3.900329453e+01 +1.4303e+00 +1.4925e+00 -2.9224e+00 -2.9645e+00 -2.9124e+00
502 0 +8.287350440e-01 +3.872873504e+01 +3.872873504e+01 +1.4319e+00 +1.4903e+00 -2.9228e+00 -2.9649e+00 -2.9124e+00
513 0 +7.509973113e-01 +3.865099731e+01 +3.865099731e+01 +1.4331e+00 +1.4884e+00 -2.9236e+00 -2.9663e+00 -2.9123e+00
520 0 +6.468849260e-01 +3.854688493e+01 +3.854688493e+01 +1.4343e+00 +1.4870e+00 -2.9231e+00 -2.9643e+00 -2.9125e+00
527 0 +5.611190749e-01 +3.846111907e+01 +3.846111907e+01 +1.4337e+00 +1.4879e+00 -2.9231e+00 -2.9645e+00 -2.9125e+00
556 0 +5.449572994e-01 +3.844495730e+01 +3.844495730e+01 +1.4337e+00 +1.4879e+00 -2.9231e+00 -2.9646e+00 -2.9125e+00
596 0 +5.364023441e-01 +3.843640234e+01 +3.843640234e+01 +1.4337e+00 +1.4879e+00 -2.9231e+00 -2.9646e+00 -2.9125e+00
52789 0 +5.050117552e-01 +3.840501176e+01 +3.840501176e+01 +4.5833e+00 +2.0833e+00 +3.3333e+00 -4.1667e-01 +8.3333e-01
55099 0 +4.085767515e-01 +3.830857675e+01 +3.830857675e+01 +4.5833e+00 +2.0833e+00 +3.3346e+00 -4.1667e-01 +8.3333e-01
% f evaluations | g evaluations | best noise-free fitness - Fopt (3.759800000000e+02) + sum g_i+ | measured fitness | best measured fitness or single-digit g-values | x1 | x2...
1 0 +2.322347191e+01 +3.992034719e+02 +3.992034719e+02 +1.6667e+00 +1.6667e+00 +1.6667e+00 +1.6667e+00 +1.6667e+00
2 0 +9.956523410e+00 +3.859365234e+02 +3.859365234e+02 -1.6667e+00 -1.6667e+00 -1.6667e+00 -1.6667e+00 -1.6667e+00
5 0 +9.131194632e+00 +3.851111946e+02 +3.851111946e+02 -3.3333e+00 -3.3333e+00 +1.6667e+00 +1.6667e+00 +1.6667e+00
6 0 +5.313706272e+00 +3.812937063e+02 +3.812937063e+02 -1.6667e+00 +3.3333e+00 -1.6667e+00 -1.6667e+00 -1.6667e+00
166 0 +4.284209700e+00 +3.802642097e+02 +3.802642097e+02 +1.6667e+00 -3.3333e+00 -3.3333e+00 -3.3333e+00 -3.3333e+00
206 0 +4.026426611e+00 +3.800064266e+02 +3.800064266e+02 +1.6667e+00 +4.1667e+00 +1.6667e+00 +1.6667e+00 -3.3333e+00
215 0 +1.155021326e+00 +3.771350213e+02 +3.771350213e+02 +8.3333e-01 +3.3333e+00 +8.3333e-01 +3.3333e+00 -1.6667e+00
241 0 +1.127796953e+00 +3.771077970e+02 +3.771077970e+02 +8.3330e-01 +3.3333e+00 +8.3333e-01 +3.3334e+00 -1.6666e+00
248 0 +1.108992662e+00 +3.770889927e+02 +3.770889927e+02 +8.3310e-01 +3.3332e+00 +8.3308e-01 +3.3334e+00 -1.6668e+00
258 0 +1.031916829e+00 +3.770119168e+02 +3.770119168e+02 +8.3267e-01 +3.3330e+00 +8.3259e-01 +3.3335e+00 -1.6671e+00
266 0 +9.783973045e-01 +3.769583973e+02 +3.769583973e+02 +8.3215e-01 +3.3327e+00 +8.3229e-01 +3.3336e+00 -1.6675e+00
284 0 +9.763847882e-01 +3.769563848e+02 +3.769563848e+02 +8.3215e-01 +3.3327e+00 +8.3229e-01 +3.3336e+00 -1.6675e+00
339 0 +9.482326476e-01 +3.769282326e+02 +3.769282326e+02 +8.3220e-01 +3.3328e+00 +8.3226e-01 +3.3337e+00 -1.6675e+00
348 0 +8.930935337e-01 +3.768730935e+02 +3.768730935e+02 +8.3188e-01 +3.3338e+00 +8.3244e-01 +3.3340e+00 -1.6677e+00
355 0 +8.792025864e-01 +3.768592026e+02 +3.768592026e+02 +8.3198e-01 +3.3334e+00 +8.3229e-01 +3.3338e+00 -1.6675e+00
368 0 +8.698258700e-01 +3.768498259e+02 +3.768498259e+02 +8.3191e-01 +3.3335e+00 +8.3213e-01 +3.3336e+00 -1.6674e+00
512 0 +8.511200375e-01 +3.768311200e+02 +3.768311200e+02 +8.3184e-01 +3.3336e+00 +8.3214e-01 +3.3336e+00 -1.6673e+00
93685 0 +4.695028612e-01 +3.764495029e+02 +3.764495029e+02 -3.3333e+00 -8.3333e-01 -4.5833e+00 -3.3333e+00 +4.1667e-01
95245 0 +4.551480074e-01 +3.764351480e+02 +3.764351480e+02 -3.3382e+00 -8.3333e-01 -4.5833e+00 -3.3333e+00 +4.1667e-01
144221 0 +2.051101585e-01 +3.761851102e+02 +3.761851102e+02 -3.3382e+00 -8.3333e-01 -4.5882e+00 -3.3333e+00 +4.1667e-01
% f evaluations | g evaluations | best noise-free fitness - Fopt (-2.460000000000e+00) + sum g_i+ | measured fitness | best measured fitness or single-digit g-values | x1 | x2...
1 0 +2.453919320e+01 +2.207919320e+01 +2.207919320e+01 +1.6667e+00 +1.6667e+00 +1.6667e+00 +1.6667e+00 +1.6667e+00
4 0 +1.311646074e+01 +1.065646074e+01 +1.065646074e+01 +3.3333e+00 -1.6667e+00 -1.6667e+00 -1.6667e+00 -1.6667e+00
5 0 +9.534885672e+00 +7.074885672e+00 +7.074885672e+00 +1.6667e+00 -3.3333e+00 +1.6667e+00 +1.6667e+00 +1.6667e+00
19 0 +2.878154859e+00 +4.181548592e-01 +4.181548592e-01 +1.8426e+00 -3.6837e+00 +6.8931e-01 +1.8353e+00 +1.1700e+00
36 0 +2.424896159e+00 -3.510384060e-02 -3.510384060e-02 +1.8420e+00 -3.6830e+00 +6.8293e-01 +1.8382e+00 +1.1680e+00
49 0 +2.215375480e+00 -2.446245200e-01 -2.446245200e-01 +1.8412e+00 -3.6828e+00 +6.8253e-01 +1.8384e+00 +1.1679e+00
59 0 +2.093218812e+00 -3.667811877e-01 -3.667811877e-01 +1.8402e+00 -3.6827e+00 +6.8398e-01 +1.8387e+00 +1.1683e+00
66 0 +1.570377730e+00 -8.896222697e-01 -8.896222697e-01 +1.8406e+00 -3.6842e+00 +6.8418e-01 +1.8388e+00 +1.1692e+00
79 0 +1.500937025e+00 -9.590629748e-01 -9.590629748e-01 +1.8402e+00 -3.6841e+00 +6.8438e-01 +1.8389e+00 +1.1695e+00
86 0 +1.263765834e+00 -1.196234166e+00 -1.196234166e+00 +1.8386e+00 -3.6863e+00 +6.8472e-01 +1.8392e+00 +1.1711e+00
100 0 +1.235343803e+00 -1.224656197e+00 -1.224656197e+00 +1.8386e+00 -3.6863e+00 +6.8510e-01 +1.8392e+00 +1.1712e+00
107 0 +1.226654908e+00 -1.233345092e+00 -1.233345092e+00 +1.8388e+00 -3.6860e+00 +6.8525e-01 +1.8393e+00 +1.1710e+00
117 0 +1.103321193e+00 -1.356678807e+00 -1.356678807e+00 +1.8392e+00 -3.6864e+00 +6.8534e-01 +1.8389e+00 +1.1707e+00
124 0 +1.037900715e+00 -1.422099285e+00 -1.422099285e+00 +1.8387e+00 -3.6877e+00 +6.8499e-01 +1.8390e+00 +1.1714e+00
137 0 +1.022857737e+00 -1.437142263e+00 -1.437142263e+00 +1.8386e+00 -3.6877e+00 +6.8477e-01 +1.8393e+00 +1.1714e+00
156 0 +9.953556199e-01 -1.464644380e+00 -1.464644380e+00 +1.8387e+00 -3.6872e+00 +6.8483e-01 +1.8393e+00 +1.1712e+00
190 0 +9.605360278e-01 -1.499463972e+00 -1.499463972e+00 +1.8390e+00 -3.6866e+00 +6.8495e-01 +1.8393e+00 +1.1709e+00
200 0 +9.370154397e-01 -1.522984560e+00 -1.522984560e+00 +1.8392e+00 -3.6865e+00 +6.8490e-01 +1.8391e+00 +1.1714e+00
231 0 +9.266158236e-01 -1.533384176e+00 -1.533384176e+00 +1.8390e+00 -3.6866e+00 +6.8487e-01 +1.8391e+00 +1.1714e+00
292 0 +9.108507386e-01 -1.549149261e+00 -1.549149261e+00 +1.8390e+00 -3.6867e+00 +6.8496e-01 +1.8392e+00 +1.1712e+00
398 0 +8.546419496e-01 -1.605358050e+00 -1.605358050e+00 +1.8396e+00 -3.6891e+00 +6.8333e-01 +1.8411e+00 +1.1767e+00
404 0 +6.538765414e-01 -1.806123459e+00 -1.806123459e+00 +1.8410e+00 -3.6966e+00 +6.7867e-01 +1.8465e+00 +1.1926e+00
410 0 +6.156261818e-01 -1.844373818e+00 -1.844373818e+00 +1.8412e+00 -3.6976e+00 +6.7804e-01 +1.8472e+00 +1.1948e+00
418 0 +5.307055310e-01 -1.929294469e+00 -1.929294469e+00 +1.8429e+00 -3.7069e+00 +6.7225e-01 +1.8540e+00 +1.2145e+00
454 0 +5.240833171e-01 -1.935916683e+00 -1.935916683e+00 +1.8430e+00 -3.7068e+00 +6.7224e-01 +1.8540e+00 +1.2146e+00
460 0 +4.762524766e-01 -1.983747523e+00 -1.983747523e+00 +1.8459e+00 -3.7072e+00 +6.6967e-01 +1.8562e+00 +1.2227e+00
466 0 +3.936774988e-01 -2.066322501e+00 -2.066322501e+00 +1.8478e+00 -3.7072e+00 +6.6817e-01 +1.8578e+00 +1.2274e+00
481 0 +3.534475104e-01 -2.106552490e+00 -2.106552490e+00 +1.8547e+00 -3.7074e+00 +6.6247e-01 +1.8634e+00 +1.2454e+00
488 0 +3.064682666e-01 -2.153531733e+00 -2.153531733e+00 +1.8498e+00 -3.7071e+00 +6.6660e-01 +1.8595e+00 +1.2323e+00
495 0 +3.013771965e-01 -2.158622804e+00 -2.158622804e+00 +1.8514e+00 -3.7072e+00 +6.6530e-01 +1.8607e+00 +1.2364e+00
513 0 +2.949270396e-01 -2.165072960e+00 -2.165072960e+00 +1.8515e+00 -3.7069e+00 +6.6535e-01 +1.8610e+00 +1.2363e+00
537 0 +2.879651008e-01 -2.172034899e+00 -2.172034899e+00 +1.8516e+00 -3.7069e+00 +6.6529e-01 +1.8610e+00 +1.2364e+00
549 0 +2.709933293e-01 -2.189006671e+00 -2.189006671e+00 +1.8518e+00 -3.7058e+00 +6.6528e-01 +1.8597e+00 +1.2359e+00
555 0 +2.547181390e-01 -2.205281861e+00 -2.205281861e+00 +1.8517e+00 -3.7061e+00 +6.6528e-01 +1.8601e+00 +1.2361e+00
567 0 +2.365730197e-01 -2.223426980e+00 -2.223426980e+00 +1.8517e+00 -3.7062e+00 +6.6532e-01 +1.8604e+00 +1.2361e+00
588 0 +2.294809414e-01 -2.230519059e+00 -2.230519059e+00 +1.8518e+00 -3.7059e+00 +6.6540e-01 +1.8603e+00 +1.2357e+00
596 0 +2.206482097e-01 -2.239351790e+00 -2.239351790e+00 +1.8519e+00 -3.7053e+00 +6.6553e-01 +1.8602e+00 +1.2351e+00
602 0 +2.181823736e-01 -2.241817626e+00 -2.241817626e+00 +1.8519e+00 -3.7054e+00 +6.6557e-01 +1.8602e+00 +1.2350e+00
631 0 +2.095684986e-01 -2.250431501e+00 -2.250431501e+00 +1.8518e+00 -3.7054e+00 +6.6561e-01 +1.8602e+00 +1.2349e+00
670 0 +2.086473678e-01 -2.251352632e+00 -2.251352632e+00 +1.8518e+00 -3.7054e+00 +6.6561e-01 +1.8602e+00 +1.2349e+00
713 0 +2.039925493e-01 -2.256007451e+00 -2.256007451e+00 +1.8515e+00 -3.7054e+00 +6.6601e-01 +1.8598e+00 +1.2338e+00
% f evaluations | g evaluations | best noise-free fitness - Fopt (1.000000000000e+03) + sum g_i+ | measured fitness | best measured fitness or single-digit g-values | x1 | x2...
1 0 +3.014615718e+01 +1.030146157e+03 +1.030146157e+03 +1.6667e+00 +1.6667e+00 +1.6667e+00 +1.6667e+00 +1.6667e+00
2 0 +8.775091010e+00 +1.008775091e+03 +1.008775091e+03 -1.6667e+00 -1.6667e+00 -1.6667e+00 -1.6667e+00 -1.6667e+00
22 0 +4.673815877e+00 +1.004673816e+03 +1.004673816e+03 +3.3333e+00 +3.3333e+00 +3.3333e+00 -1.6667e+00 -1.6667e+00
42 0 +3.492242193e+00 +1.003492242e+03 +1.003492242e+03 +3.3333e+00 +3.3333e+00 -1.6667e+00 +3.3333e+00 -1.6667e+00
695 0 +3.267416639e+00 +1.003267417e+03 +1.003267417e+03 -8.3333e-01 -3.3333e+00 +4.1667e+00 +1.6667e+00 -3.3333e+00
787 0 +2.373799101e+00 +1.002373799e+03 +1.002373799e+03 -8.3333e-01 +1.6667e+00 -8.3333e-01 -8.3333e-01 -3.3333e+00
871 0 +2.154286789e+00 +1.002154287e+03 +1.002154287e+03 +1.6667e+00 -3.3333e+00 -3.3333e+00 +4.1667e+00 -3.3333e+00
1865 0 +1.506475618e+00 +1.001506476e+03 +1.001506476e+03 +1.6667e+00 -3.3333e+00 -3.3333e+00 +4.0885e+00 -3.3333e+00
6997 0 +1.312655109e+00 +1.001312655e+03 +1.001312655e+03 +4.1667e+00 +4.1667e-01 +4.1667e+00 +1.6667e+00 +1.6667e+00
27364 0 +1.053147951e+00 +1.001053148e+03 +1.001053148e+03 +3.3333e+00 -4.1667e+00 -4.1667e-01 -4.1667e+00 +3.3333e+00
31229 0 +8.408104098e-01 +1.000840810e+03 +1.000840810e+03 +4.1667e+00 -4.5833e+00 +2.9167e+00 +1.6667e+00 +4.1667e+00
92286 0 +5.328090394e-01 +1.000532809e+03 +1.000532809e+03 +2.7083e+00 +3.9583e+00 +4.5833e+00 +2.0833e+00 +4.5833e+00
% f evaluations | g evaluations | best noise-free fitness - Fopt (-2.845100000000e+02) + sum g_i+ | measured fitness | best measured fitness or single-digit g-values | x1 | x2...
1 0 +4.305923209e+01 -2.414507679e+02 -2.414507679e+02 +1.6667e+00 +1.6667e+00 +1.6667e+00 +1.6667e+00 +1.6667e+00
2 0 +2.093096707e+01 -2.635790329e+02 -2.635790329e+02 -1.6667e+00 -1.6667e+00 -1.6667e+00 -1.6667e+00 -1.6667e+00
4 0 +8.795306951e+00 -2.757146930e+02 -2.757146930e+02 +3.3333e+00 -1.6667e+00 -1.6667e+00 -1.6667e+00 -1.6667e+00
6 0 +6.561102968e+00 -2.779488970e+02 -2.779488970e+02 +3.3333e+00 +3.3333e+00 -1.6667e+00 -1.6667e+00 -1.6667e+00
108 0 +6.404853402e+00 -2.781051466e+02 -2.781051466e+02 +3.3432e+00 +3.3686e+00 -1.7125e+00 -1.6133e+00 -1.6038e+00
120 0 +5.546817819e+00 -2.789631822e+02 -2.789631822e+02 +3.3482e+00 +3.3861e+00 -1.7346e+00 -1.5867e+00 -1.5716e+00
126 0 +3.628440654e+00 -2.808815593e+02 -2.808815593e+02 +3.3775e+00 +3.4988e+00 -1.9045e+00 -1.4166e+00 -1.3958e+00
135 0 +3.539190243e+00 -2.809708098e+02 -2.809708098e+02 +3.3763e+00 +3.4942e+00 -1.8980e+00 -1.4235e+00 -1.4033e+00
156 0 +3.364929376e+00 -2.811450706e+02 -2.811450706e+02 +3.3766e+00 +3.4956e+00 -1.9002e+00 -1.4214e+00 -1.4014e+00
173 0 +3.309103590e+00 -2.812008964e+02 -2.812008964e+02 +3.3774e+00 +3.4987e+00 -1.9048e+00 -1.4168e+00 -1.3965e+00
194 0 +3.232219196e+00 -2.812777808e+02 -2.812777808e+02 +3.3768e+00 +3.4967e+00 -1.9022e+00 -1.4194e+00 -1.3990e+00
200 0 +3.159787639e+00 -2.813502124e+02 -2.813502124e+02 +3.3770e+00 +3.4972e+00 -1.9029e+00 -1.4187e+00 -1.3984e+00
714 0 +2.498073536e+00 -2.820119265e+02 -2.820119265e+02 +3.3333e+00 +8.3333e-01 +3.3333e+00 -1.6667e+00 -1.6667e+00
1285 0 +2.139468907e+00 -2.823705311e+02 -2.823705311e+02 -3.3333e+00 -3.3333e+00 -3.3333e+00 -8.3333e-01 -8.3333e-01
1576 0 +1.573386611e+00 -2.829366134e+02 -2.829366134e+02 +2.0833e+00 +8.3333e-01 +8.3333e-01 +3.3333e+00 +3.3333e+00
7704 0 +1.048040031e+00 -2.834619600e+02 -2.834619600e+02 +2.0736e+00 +8.3333e-01 +8.3333e-01 +3.3333e+00 +3.3333e+00
13438 0 +9.965690298e-01 -2.835134310e+02 -2.835134310e+02 +2.0833e+00 -4.1667e-01 +3.3333e+00 -4.1667e+00 +2.0833e+00
15183 0 +8.336703052e-01 -2.836763297e+02 -2.836763297e+02 +2.0866e+00 -4.1341e-01 +3.3366e+00 -4.1732e+00 +2.0768e+00
19975 0 +7.914225061e-01 -2.837185775e+02 -2.837185775e+02 -4.5833e+00 +4.1667e+00 -2.0833e+00 -8.3333e-01 +1.6667e+00
81479 0 +5.774094450e-01 -2.839325906e+02 -2.839325906e+02 +3.5417e+00 +4.1667e+00 -3.3333e+00 +2.9167e+00 +1.6667e+00
87848 0 +4.960429266e-01 -2.840139571e+02 -2.840139571e+02 -4.1667e-01 +2.0833e-01 -4.1667e+00 -4.1667e-01 +2.0833e+00
117173 0 +3.750298409e-01 -2.841349702e+02 -2.841349702e+02 +2.2917e+00 -8.3333e-01 -8.3333e-01 +2.9167e+00 -2.0833e+00
242723 0 +3.672923255e-01 -2.841427077e+02 -2.841427077e+02 +2.2917e+00 -8.3333e-01 -8.3333e-01 +2.9167e+00 -2.0882e+00
% f evaluations | g evaluations | best noise-free fitness - Fopt (-1.946000000000e+01) + sum g_i+ | measured fitness | best measured fitness or single-digit g-values | x1 | x2...
1 0 +3.682318824e+01 +1.736318824e+01 +1.736318824e+01 +1.6667e+00 +1.6667e+00 +1.6667e+00 +1.6667e+00 +1.6667e+00
2 0 +2.773376794e+01 +8.273767944e+00 +8.273767944e+00 -1.6667e+00 -1.6667e+00 -1.6667e+00 -1.6667e+00 -1.6667e+00
3 0 +9.714960128e+00 -9.745039872e+00 -9.745039872e+00 -3.3333e+00 +1.6667e+00 +1.6667e+00 +1.6667e+00 +1.6667e+00
16 0 +4.036519578e+00 -1.542348042e+01 -1.542348042e+01 -3.3632e+00 +1.7005e+00 +1.7806e+00 +1.6176e+00 +1.8235e+00
36 0 +3.796046561e+00 -1.566395344e+01 -1.566395344e+01 -3.3630e+00 +1.7004e+00 +1.7806e+00 +1.6174e+00 +1.8235e+00
43 0 +3.694260909e+00 -1.576573909e+01 -1.576573909e+01 -3.3626e+00 +1.7000e+00 +1.7802e+00 +1.6171e+00 +1.8231e+00
62 0 +3.603864709e+00 -1.585613529e+01 -1.585613529e+01 -3.3630e+00 +1.6995e+00 +1.7808e+00 +1.6174e+00 +1.8229e+00
94 0 +3.501754698e+00 -1.595824530e+01 -1.595824530e+01 -3.3628e+00 +1.6994e+00 +1.7807e+00 +1.6174e+00 +1.8229e+00
111 0 +3.443863161e+00 -1.601613684e+01 -1.601613684e+01 -3.3628e+00 +1.6982e+00 +1.7807e+00 +1.6175e+00 +1.8227e+00
118 0 +2.802042540e+00 -1.665795746e+01 -1.665795746e+01 -3.3650e+00 +1.6709e+00 +1.7791e+00 +1.6186e+00 +1.8201e+00
320 0 +1.887359682e+00 -1.757264032e+01 -1.757264032e+01 -8.3333e-01 -8.3333e-01 +4.1667e+00 +1.6667e+00 -3.3333e+00
353 0 +1.855606452e+00 -1.760439355e+01 -1.760439355e+01 -8.3340e-01 -8.3340e-01 +4.1665e+00 +1.6666e+00 -3.3334e+00
363 0 +1.809971418e+00 -1.765002858e+01 -1.765002858e+01 -8.3344e-01 -8.3352e-01 +4.1667e+00 +1.6667e+00 -3.3335e+00
403 0 +1.771680305e+00 -1.768831969e+01 -1.768831969e+01 -8.3359e-01 -8.3390e-01 +4.1669e+00 +1.6668e+00 -3.3335e+00
424 0 +1.733466912e+00 -1.772653309e+01 -1.772653309e+01 -8.3357e-01 -8.3549e-01 +4.1683e+00 +1.6671e+00 -3.3353e+00
447 0 +1.117701071e+00 -1.834229893e+01 -1.834229893e+01 -8.3662e-01 -8.3853e-01 +4.1698e+00 +1.6655e+00 -3.3382e+00
454 0 +9.369588980e-01 -1.852304110e+01 -1.852304110e+01 -8.3812e-01 -8.4018e-01 +4.1707e+00 +1.6646e+00 -3.3398e+00
460 0 +8.413596974e-01 -1.861864030e+01 -1.861864030e+01 -8.3760e-01 -8.3951e-01 +4.1703e+00 +1.6649e+00 -3.3392e+00
473 0 +7.944715764e-01 -1.866552842e+01 -1.866552842e+01 -8.3761e-01 -8.3919e-01 +4.1699e+00 +1.6647e+00 -3.3389e+00
479 0 +7.866438637e-01 -1.867335614e+01 -1.867335614e+01 -8.3752e-01 -8.3863e-01 +4.1693e+00 +1.6644e+00 -3.3385e+00
507 0 +7.660586120e-01 -1.869394139e+01 -1.869394139e+01 -8.3747e-01 -8.3884e-01 +4.1696e+00 +1.6645e+00 -3.3387e+00
523 0 +7.520273006e-01 -1.870797270e+01 -1.870797270e+01 -8.3738e-01 -8.3871e-01 +4.1694e+00 +1.6645e+00 -3.3386e+00
596 0 +7.406006554e-01 -1.871939934e+01 -1.871939934e+01 -8.3737e-01 -8.3872e-01 +4.1695e+00 +1.6644e+00 -3.3387e+00
18756 0 +6.454704629e-01 -1.881452954e+01 -1.881452954e+01 -8.3333e-01 -2.0833e+00 +4.1667e-01 -3.3333e+00 +1.6667e+00
19929 0 +5.948046995e-01 -1.886519530e+01 -1.886519530e+01 -8.3171e-01 -2.0817e+00 +4.1829e-01 -3.3366e+00 +1.6634e+00
20153 0 +5.224934434e-01 -1.893750656e+01 -1.893750656e+01 -8.3415e-01 -2.0817e+00 +4.1829e-01 -3.3366e+00 +1.6634e+00
20173 0 +4.937135317e-01 -1.896628647e+01 -1.896628647e+01 -8.3420e-01 -2.0817e+00 +4.1817e-01 -3.3365e+00 +1.6633e+00
20180 0 +4.758417423e-01 -1.898415826e+01 -1.898415826e+01 -8.3415e-01 -2.0815e+00 +4.1821e-01 -3.3363e+00 +1.6633e+00
20190 0 +3.969810537e-01 -1.906301895e+01 -1.906301895e+01 -8.3397e-01 -2.0813e+00 +4.1838e-01 -3.3361e+00 +1.6633e+00
20203 0 +3.808145309e-01 -1.907918547e+01 -1.907918547e+01 -8.3385e-01 -2.0811e+00 +4.1865e-01 -3.3359e+00 +1.6634e+00
20212 0 +3.592945745e-01 -1.910070543e+01 -1.910070543e+01 -8.3385e-01 -2.0811e+00 +4.1869e-01 -3.3359e+00 +1.6635e+00
20243 0 +3.541406025e-01 -1.910585940e+01 -1.910585940e+01 -8.3385e-01 -2.0811e+00 +4.1868e-01 -3.3359e+00 +1.6635e+00
20260 0 +3.413498318e-01 -1.911865017e+01 -1.911865017e+01 -8.3384e-01 -2.0812e+00 +4.1867e-01 -3.3360e+00 +1.6634e+00
20268 0 +3.345546398e-01 -1.912544536e+01 -1.912544536e+01 -8.3406e-01 -2.0813e+00 +4.1863e-01 -3.3359e+00 +1.6636e+00
20274 0 +3.099481774e-01 -1.915005182e+01 -1.915005182e+01 -8.3184e-01 -2.0797e+00 +4.1926e-01 -3.3380e+00 +1.6597e+00
20280 0 +2.927854071e-01 -1.916721459e+01 -1.916721459e+01 -8.3212e-01 -2.0797e+00 +4.1923e-01 -3.3380e+00 +1.6599e+00
20290 0 +2.729131375e-01 -1.918708686e+01 -1.918708686e+01 -8.3270e-01 -2.0797e+00 +4.1920e-01 -3.3379e+00 +1.6604e+00
20314 0 +2.682478924e-01 -1.919175211e+01 -1.919175211e+01 -8.3269e-01 -2.0799e+00 +4.1913e-01 -3.3376e+00 +1.6607e+00
20329 0 +2.626996840e-01 -1.919730032e+01 -1.919730032e+01 -8.3272e-01 -2.0798e+00 +4.1920e-01 -3.3377e+00 +1.6606e+00
20335 0 +2.548668869e-01 -1.920513311e+01 -1.920513311e+01 -8.3269e-01 -2.0797e+00 +4.1927e-01 -3.3378e+00 +1.6604e+00
20341 0 +2.447905311e-01 -1.921520947e+01 -1.921520947e+01 -8.3270e-01 -2.0796e+00 +4.1934e-01 -3.3379e+00 +1.6603e+00
20347 0 +2.166005880e-01 -1.924339941e+01 -1.924339941e+01 -8.3284e-01 -2.0776e+00 +4.2081e-01 -3.3397e+00 +1.6576e+00
20364 0 +2.099193103e-01 -1.925008069e+01 -1.925008069e+01 -8.3237e-01 -2.0768e+00 +4.2107e-01 -3.3412e+00 +1.6552e+00
20379 0 +2.080156224e-01 -1.925198438e+01 -1.925198438e+01 -8.3238e-01 -2.0768e+00 +4.2106e-01 -3.3411e+00 +1.6553e+00
20404 0 +1.914923379e-01 -1.926850766e+01 -1.926850766e+01 -8.3248e-01 -2.0767e+00 +4.2096e-01 -3.3410e+00 +1.6556e+00
20410 0 +1.724313947e-01 -1.928756861e+01 -1.928756861e+01 -8.3295e-01 -2.0763e+00 +4.2044e-01 -3.3403e+00 +1.6573e+00
20426 0 +1.692546552e-01 -1.929074534e+01 -1.929074534e+01 -8.3294e-01 -2.0763e+00 +4.2046e-01 -3.3404e+00 +1.6572e+00
20433 0 +1.511259183e-01 -1.930887408e+01 -1.930887408e+01 -8.3287e-01 -2.0764e+00 +4.2056e-01 -3.3405e+00 +1.6570e+00
20497 0 +1.478622707e-01 -1.931213773e+01 -1.931213773e+01 -8.3290e-01 -2.0764e+00 +4.2061e-01 -3.3405e+00 +1.6569e+00
20520 0 +1.151151835e-01 -1.934488482e+01 -1.934488482e+01 -8.3438e-01 -2.0757e+00 +4.2213e-01 -3.3407e+00 +1.6558e+00
20527 0 +1.138343933e-01 -1.934616561e+01 -1.934616561e+01 -8.3383e-01 -2.0759e+00 +4.2158e-01 -3.3406e+00 +1.6562e+00
20565 0 +1.120868638e-01 -1.934791314e+01 -1.934791314e+01 -8.3381e-01 -2.0759e+00 +4.2157e-01 -3.3407e+00 +1.6561e+00
20571 0 +1.070108425e-01 -1.935298916e+01 -1.935298916e+01 -8.3376e-01 -2.0759e+00 +4.2157e-01 -3.3407e+00 +1.6560e+00
20585 0 +1.026362836e-01 -1.935736372e+01 -1.935736372e+01 -8.3374e-01 -2.0759e+00 +4.2157e-01 -3.3408e+00 +1.6560e+00
20591 0 +1.015323719e-01 -1.935846763e+01 -1.935846763e+01 -8.3372e-01 -2.0759e+00 +4.2157e-01 -3.3408e+00 +1.6559e+00
20624 0 +9.838139311e-02 -1.936161861e+01 -1.936161861e+01 -8.3381e-01 -2.0760e+00 +4.2168e-01 -3.3407e+00 +1.6559e+00
20630 0 +9.734924823e-02 -1.936265075e+01 -1.936265075e+01 -8.3396e-01 -2.0762e+00 +4.2186e-01 -3.3405e+00 +1.6560e+00
20679 0 +9.537051077e-02 -1.936462949e+01 -1.936462949e+01 -8.3407e-01 -2.0763e+00 +4.2209e-01 -3.3404e+00 +1.6559e+00
20685 0 +8.540624329e-02 -1.937459376e+01 -1.937459376e+01 -8.3394e-01 -2.0762e+00 +4.2203e-01 -3.3406e+00 +1.6557e+00
20693 0 +8.060880722e-02 -1.937939119e+01 -1.937939119e+01 -8.3382e-01 -2.0761e+00 +4.2198e-01 -3.3408e+00 +1.6555e+00
20699 0 +7.941928873e-02 -1.938058071e+01 -1.938058071e+01 -8.3388e-01 -2.0762e+00 +4.2202e-01 -3.3407e+00 +1.6556e+00
20711 0 +7.612358939e-02 -1.938387641e+01 -1.938387641e+01 -8.3386e-01 -2.0761e+00 +4.2203e-01 -3.3408e+00 +1.6555e+00
20734 0 +7.418544603e-02 -1.938581455e+01 -1.938581455e+01 -8.3378e-01 -2.0761e+00 +4.2203e-01 -3.3409e+00 +1.6554e+00
20740 0 +6.991199393e-02 -1.939008801e+01 -1.939008801e+01 -8.3380e-01 -2.0761e+00 +4.2211e-01 -3.3408e+00 +1.6553e+00
20828 0 +6.916265350e-02 -1.939083735e+01 -1.939083735e+01 -8.3381e-01 -2.0761e+00 +4.2211e-01 -3.3408e+00 +1.6553e+00
20943 0 +6.760657973e-02 -1.939239342e+01 -1.939239342e+01 -8.3381e-01 -2.0761e+00 +4.2210e-01 -3.3409e+00 +1.6553e+00
