% f evaluations | g evaluations | best noise-free fitness - Fopt (6.870000000000e+00) + sum g_i+ | measured fitness | best measured fitness or single-digit g-values | x1 | x2...
1 0 +7.740168194e+01 +8.427168194e+01 +8.427168194e+01 +1.6667e+00 +1.6667e+00
2 0 +6.726483553e+01 +7.413483553e+01 +7.413483553e+01 -1.6667e+00 -1.6667e+00
3 0 +5.438283370e+01 +6.125283370e+01 +6.125283370e+01 -3.3333e+00 +1.6667e+00
4 0 +4.293776966e+00 +1.116377697e+01 +1.116377697e+01 +3.3333e+00 -1.6667e+00
21 0 +3.908017813e+00 +1.077801781e+01 +1.077801781e+01 +3.3330e+00 -1.6671e+00
28 0 +3.734527186e+00 +1.060452719e+01 +1.060452719e+01 +3.3332e+00 -1.6668e+00
35 0 +3.289477560e+00 +1.015947756e+01 +1.015947756e+01 +3.3335e+00 -1.6672e+00
47 0 +3.113279020e+00 +9.983279020e+00 +9.983279020e+00 +3.3335e+00 -1.6672e+00
50 0 +2.991934137e+00 +9.861934137e+00 +9.861934137e+00 +3.3354e+00 -1.6685e+00
59 0 +2.896668490e+00 +9.766668490e+00 +9.766668490e+00 +3.3356e+00 -1.6687e+00
62 0 +2.802098835e+00 +9.672098835e+00 +9.672098835e+00 +3.3356e+00 -1.6686e+00
482 0 +2.305640400e+00 +9.175640400e+00 +9.175640400e+00 -1.0417e+00 +2.0833e-01
507 0 +2.122301002e+00 +8.992301002e+00 +8.992301002e+00 -1.0432e+00 +2.0674e-01
511 0 +1.680214500e+00 +8.550214500e+00 +8.550214500e+00 -1.0448e+00 +2.0826e-01
514 0 +1.437996862e+00 +8.307996862e+00 +8.307996862e+00 -1.0430e+00 +2.0703e-01
519 0 +7.548665002e-01 +7.624866500e+00 +7.624866500e+00 -1.0389e+00 +2.0493e-01
522 0 +5.339823196e-01 +7.403982320e+00 +7.403982320e+00 -1.0399e+00 +2.0573e-01
527 0 +2.719901589e-01 +7.141990159e+00 +7.141990159e+00 -1.0425e+00 +2.0747e-01
530 0 +2.285888226e-01 +7.098588823e+00 +7.098588823e+00 -1.0434e+00 +2.0836e-01
538 0 +1.890615305e-01 +7.059061530e+00 +7.059061530e+00 -1.0443e+00 +2.0881e-01
550 0 +1.745396675e-01 +7.044539668e+00 +7.044539668e+00 -1.0443e+00 +2.0878e-01
554 0 +1.582394496e-01 +7.028239450e+00 +7.028239450e+00 -1.0442e+00 +2.0877e-01
565 0 +1.546980989e-01 +7.024698099e+00 +7.024698099e+00 -1.0443e+00 +2.0879e-01
577 0 +1.508777251e-01 +7.020877725e+00 +7.020877725e+00 -1.0443e+00 +2.0878e-01
1549 0 +1.306288602e-01 +7.000628860e+00 +7.000628860e+00 -3.4896e+00 +3.2292e+00
2097 0 +1.132606747e-01 +6.983260675e+00 +6.983260675e+00 -3.4894e+00 +3.2292e+00
2098 0 +8.210602077e-02 +6.952106021e+00 +6.952106021e+00 -3.4896e+00 +3.2293e+00
2303 0 +5.539019493e-02 +6.925390195e+00 +6.925390195e+00 -3.4896e+00 +3.2292e+00
2333 0 +5.356613272e-02 +6.923566133e+00 +6.923566133e+00 -3.4896e+00 +3.2292e+00
2337 0 +5.190920578e-02 +6.921909206e+00 +6.921909206e+00 -3.4896e+00 +3.2292e+00
2344 0 +4.356927499e-02 +6.913569275e+00 +6.913569275e+00 -3.4896e+00 +3.2292e+00
2348 0 +4.250880657e-02 +6.912508807e+00 +6.912508807e+00 -3.4896e+00 +3.2292e+00
2351 0 +3.917121497e-02 +6.909171215e+00 +6.909171215e+00 -3.4896e+00 +3.2292e+00
2357 0 +3.775705053e-02 +6.907757051e+00 +6.907757051e+00 -3.4896e+00 +3.2292e+00
2360 0 +3.536653653e-02 +6.905366537e+00 +6.905366537e+00 -3.4896e+00 +3.2292e+00
2380 0 +3.462745914e-02 +6.904627459e+00 +6.904627459e+00 -3.4896e+00 +3.2292e+00
% f evaluations | g evaluations | best noise-free fitness - Fopt (1.000000000000e-02) + sum g_i+ | measured fitness | best measured fitness or single-digit g-values | x1 | x2...
1 0 +6.922806763e+01 +6.923806763e+01 +6.923806763e+01 +1.6667e+00 +1.6667e+00
2 0 +4.787884605e+01 +4.788884605e+01 +4.788884605e+01 -1.6667e+00 -1.6667e+00
3 0 +2.174388724e+01 +2.175388724e+01 +2.175388724e+01 -3.3333e+00 +1.6667e+00
6 0 +8.001636899e+00 +8.011636899e+00 +8.011636899e+00 -1.6667e+00 +3.3333e+00
24 0 +6.091439378e+00 +6.101439378e+00 +6.101439378e+00 -1.6670e+00 +3.3323e+00
30 0 +5.567585700e+00 +5.577585700e+00 +5.577585700e+00 -1.6666e+00 +3.3319e+00
110 0 +4.621986429e+00 +4.631986429e+00 +4.631986429e+00 -8.3333e-01 +4.1667e+00
131 0 +4.284856028e+00 +4.294856028e+00 +4.294856028e+00 -8.3349e-01 +4.1664e+00
138 0 +4.144675160e+00 +4.154675160e+00 +4.154675160e+00 -8.3299e-01 +4.1662e+00
316 0 +8.696868380e-01 +8.796868380e-01 +8.796868380e-01 +4.1667e-01 +1.6667e+00
338 0 +3.095324610e-01 +3.195324610e-01 +3.195324610e-01 +4.1640e-01 +1.6662e+00
343 0 +2.712557465e-01 +2.812557465e-01 +2.812557465e-01 +4.1686e-01 +1.6659e+00
346 0 +1.348578536e-01 +1.448578536e-01 +1.448578536e-01 +4.1775e-01 +1.6656e+00
355 0 +1.301210183e-01 +1.401210183e-01 +1.401210183e-01 +4.1820e-01 +1.6654e+00
366 0 +1.152207087e-01 +1.252207087e-01 +1.252207087e-01 +4.1821e-01 +1.6655e+00
369 0 +9.260431552e-02 +1.026043155e-01 +1.026043155e-01 +4.1810e-01 +1.6655e+00
376 0 +8.653778424e-02 +9.653778424e-02 +9.653778424e-02 +4.1789e-01 +1.6656e+00
380 0 +6.459284909e-02 +7.459284909e-02 +7.459284909e-02 +4.1766e-01 +1.6657e+00
389 0 +5.680834536e-02 +6.680834536e-02 +6.680834536e-02 +4.1755e-01 +1.6657e+00
392 0 +2.481219348e-02 +3.481219348e-02 +3.481219348e-02 +4.1765e-01 +1.6657e+00
405 0 +2.393857615e-02 +3.393857615e-02 +3.393857615e-02 +4.1766e-01 +1.6657e+00
409 0 +2.201581028e-02 +3.201581028e-02 +3.201581028e-02 +4.1766e-01 +1.6657e+00
416 0 +1.700033450e-02 +2.700033450e-02 +2.700033450e-02 +4.1768e-01 +1.6657e+00
420 0 +1.633398688e-02 +2.633398688e-02 +2.633398688e-02 +4.1776e-01 +1.6656e+00
423 0 +3.486623796e-03 +1.348662380e-02 +1.348662380e-02 +4.1771e-01 +1.6656e+00
428 0 +1.543048539e-03 +1.154304854e-02 +1.154304854e-02 +4.1772e-01 +1.6656e+00
430 0 +1.472104861e-03 +1.147210486e-02 +1.147210486e-02 +4.1772e-01 +1.6656e+00
432 0 +4.279552059e-04 +1.042795521e-02 +1.042795521e-02 +4.1772e-01 +1.6656e+00
438 0 +4.250311862e-04 +1.042503119e-02 +1.042503119e-02 +4.1772e-01 +1.6656e+00
442 0 +3.734095528e-04 +1.037340955e-02 +1.037340955e-02 +4.1772e-01 +1.6656e+00
443 0 +3.632691143e-04 +1.036326911e-02 +1.036326911e-02 +4.1772e-01 +1.6656e+00
444 0 +2.882897566e-04 +1.028828976e-02 +1.028828976e-02 +4.1772e-01 +1.6656e+00
445 0 +1.623260029e-04 +1.016232600e-02 +1.016232600e-02 +4.1772e-01 +1.6656e+00
447 0 +1.533450219e-04 +1.015334502e-02 +1.015334502e-02 +4.1772e-01 +1.6656e+00
453 0 +1.073143581e-04 +1.010731436e-02 +1.010731436e-02 +4.1772e-01 +1.6656e+00
456 0 +8.965320704e-05 +1.008965321e-02 +1.008965321e-02 +4.1772e-01 +1.6656e+00
458 0 +7.756301994e-05 +1.007756302e-02 +1.007756302e-02 +4.1772e-01 +1.6656e+00
459 0 +5.830339402e-05 +1.005830339e-02 +1.005830339e-02 +4.1772e-01 +1.6656e+00
460 0 +4.657775118e-05 +1.004657775e-02 +1.004657775e-02 +4.1772e-01 +1.6656e+00
461 0 +4.358226833e-05 +1.004358227e-02 +1.004358227e-02 +4.1772e-01 +1.6656e+00
% f evaluations | g evaluations | best noise-free fitness - Fopt (-1.306100000000e+02) + sum g_i+ | measured fitness | best measured fitness or single-digit g-values | x1 | x2...
1 0 +1.630927269e+01 -1.143007273e+02 -1.143007273e+02 +1.6667e+00 +1.6667e+00
3 0 +2.550322866e+00 -1.280596771e+02 -1.280596771e+02 -3.3333e+00 +1.6667e+00
19 0 +1.770923253e+00 -1.288390767e+02 -1.288390767e+02 -3.3355e+00 +1.6672e+00
29 0 +1.421180936e+00 -1.291888191e+02 -1.291888191e+02 -3.3360e+00 +1.6670e+00
36 0 +1.350907867e+00 -1.292590921e+02 -1.292590921e+02 -3.3361e+00 +1.6681e+00
40 0 +9.642087057e-01 -1.296457913e+02 -1.296457913e+02 -3.3366e+00 +1.6703e+00
47 0 +3.472116386e-01 -1.302627884e+02 -1.302627884e+02 -3.3377e+00 +1.6745e+00
59 0 +2.077510484e-01 -1.304022490e+02 -1.304022490e+02 -3.3375e+00 +1.6746e+00
70 0 +1.560623042e-01 -1.304539377e+02 -1.304539377e+02 -3.3376e+00 +1.6746e+00
83 0 +1.441524340e-01 -1.304658476e+02 -1.304658476e+02 -3.3376e+00 +1.6746e+00
87 0 +1.388597610e-01 -1.304711402e+02 -1.304711402e+02 -3.3376e+00 +1.6746e+00
91 0 +3.529994287e-02 -1.305747001e+02 -1.305747001e+02 -3.3377e+00 +1.6753e+00
96 0 +6.752391268e-03 -1.306032476e+02 -1.306032476e+02 -3.3377e+00 +1.6752e+00
102 0 +6.112619193e-03 -1.306038874e+02 -1.306038874e+02 -3.3377e+00 +1.6752e+00
105 0 +4.847370652e-03 -1.306051526e+02 -1.306051526e+02 -3.3377e+00 +1.6752e+00
109 0 +4.582104381e-03 -1.306054179e+02 -1.306054179e+02 -3.3377e+00 +1.6752e+00
112 0 +4.277380876e-03 -1.306057226e+02 -1.306057226e+02 -3.3377e+00 +1.6752e+00
114 0 +4.256191846e-03 -1.306057438e+02 -1.306057438e+02 -3.3377e+00 +1.6752e+00
115 0 +2.382196481e-03 -1.306076178e+02 -1.306076178e+02 -3.3377e+00 +1.6752e+00
116 0 +2.341390717e-03 -1.306076586e+02 -1.306076586e+02 -3.3377e+00 +1.6752e+00
119 0 +1.548627602e-03 -1.306084514e+02 -1.306084514e+02 -3.3377e+00 +1.6752e+00
122 0 +1.154889187e-03 -1.306088451e+02 -1.306088451e+02 -3.3377e+00 +1.6752e+00
123 0 +1.095198025e-03 -1.306089048e+02 -1.306089048e+02 -3.3377e+00 +1.6752e+00
126 0 +1.026019962e-03 -1.306089740e+02 -1.306089740e+02 -3.3377e+00 +1.6752e+00
128 0 +1.003786773e-03 -1.306089962e+02 -1.306089962e+02 -3.3377e+00 +1.6752e+00
129 0 +9.342890962e-04 -1.306090657e+02 -1.306090657e+02 -3.3377e+00 +1.6752e+00
131 0 +9.321950444e-04 -1.306090678e+02 -1.306090678e+02 -3.3377e+00 +1.6752e+00
% f evaluations | g evaluations | best noise-free fitness - Fopt (-2.231200000000e+02) + sum g_i+ | measured fitness | best measured fitness or single-digit g-values | x1 | x2...
1 0 +6.007664554e+01 -1.630433545e+02 -1.630433545e+02 +1.6667e+00 +1.6667e+00
2 0 +3.894933229e+01 -1.841706677e+02 -1.841706677e+02 -1.6667e+00 -1.6667e+00
3 0 +2.879505720e+01 -1.943249428e+02 -1.943249428e+02 -3.3333e+00 +1.6667e+00
5 0 +2.030141484e+01 -2.028185852e+02 -2.028185852e+02 -3.3333e+00 -3.3333e+00
23 0 +1.897654050e+01 -2.041434595e+02 -2.041434595e+02 -3.3327e+00 -3.3312e+00
27 0 +1.564637098e+01 -2.074736290e+02 -2.074736290e+02 -3.3179e+00 -3.3269e+00
33 0 +1.545256043e+01 -2.076674396e+02 -2.076674396e+02 -3.3202e+00 -3.3278e+00
37 0 +1.312317114e+01 -2.099968289e+02 -2.099968289e+02 -3.3245e+00 -3.3304e+00
67 0 +5.789230002e+00 -2.173307700e+02 -2.173307700e+02 -3.3008e+00 -3.3294e+00
70 0 +4.121748813e+00 -2.189982512e+02 -2.189982512e+02 -3.2985e+00 -3.3293e+00
75 0 +3.375100305e+00 -2.197448997e+02 -2.197448997e+02 -3.2915e+00 -3.3289e+00
78 0 +9.372831874e-01 -2.221827168e+02 -2.221827168e+02 -3.2943e+00 -3.3291e+00
94 0 +8.791316475e-01 -2.222408684e+02 -2.222408684e+02 -3.2943e+00 -3.3291e+00
427 0 +5.209748622e-01 -2.225990251e+02 -2.225990251e+02 +2.0833e-01 -2.2917e+00
936 0 +2.929247165e-01 -2.228270753e+02 -2.228270753e+02 +2.0793e-01 -2.2921e+00
5980 0 +1.986985900e-01 -2.229213014e+02 -2.229213014e+02 +4.3229e+00 +4.7917e+00
6563 0 +8.959229641e-02 -2.230304077e+02 -2.230304077e+02 +4.3227e+00 +4.7915e+00
34822 0 +7.562773322e-02 -2.230443723e+02 -2.230443723e+02 -4.8958e+00 +3.6198e+00
35393 0 +6.242564811e-02 -2.230575744e+02 -2.230575744e+02 -4.8957e+00 +3.6199e+00
% f evaluations | g evaluations | best noise-free fitness - Fopt (-4.443000000000e+01) + sum g_i+ | measured fitness | best measured fitness or single-digit g-values | x1 | x2...
1 0 +1.693991156e+01 -2.749008844e+01 -2.749008844e+01 +1.6667e+00 +1.6667e+00
3 0 +8.058532211e+00 -3.637146779e+01 -3.637146779e+01 -3.3333e+00 +1.6667e+00
71 0 +6.635454860e+00 -3.779454514e+01 -3.779454514e+01 +1.6667e+00 -3.3333e+00
90 0 +6.392191924e+00 -3.803780808e+01 -3.803780808e+01 +1.6675e+00 -3.3326e+00
97 0 +4.246587209e+00 -4.018341279e+01 -4.018341279e+01 +1.6677e+00 -3.3337e+00
209 0 +1.558942362e+00 -4.287105764e+01 -4.287105764e+01 +1.4821e+00 -3.2378e+00
213 0 +1.141336750e+00 -4.328866325e+01 -4.328866325e+01 +1.4839e+00 -3.2387e+00
218 0 +1.110911780e+00 -4.331908822e+01 -4.331908822e+01 +1.4835e+00 -3.2385e+00
221 0 +1.027835815e+00 -4.340216418e+01 -4.340216418e+01 +1.4836e+00 -3.2386e+00
237 0 +9.839280309e-01 -4.344607197e+01 -4.344607197e+01 +1.4836e+00 -3.2386e+00
244 0 +9.669347076e-01 -4.346306529e+01 -4.346306529e+01 +1.4836e+00 -3.2386e+00
1377 0 +7.754155361e-01 -4.365458446e+01 -4.365458446e+01 +1.3542e+00 +1.0417e-01
1535 0 +6.828567529e-01 -4.374714325e+01 -4.374714325e+01 +4.9479e+00 -1.3021e+00
1921 0 +6.531061477e-01 -4.377689385e+01 -4.377689385e+01 -2.2396e+00 +1.5104e+00
2614 0 +4.451980751e-01 -4.398480192e+01 -4.398480192e+01 +4.9483e+00 -1.3029e+00
2632 0 +2.340672375e-01 -4.419593276e+01 -4.419593276e+01 +4.9482e+00 -1.3031e+00
2647 0 +2.216552921e-01 -4.420834471e+01 -4.420834471e+01 +4.9482e+00 -1.3031e+00
2671 0 +2.119506814e-01 -4.421804932e+01 -4.421804932e+01 +4.9505e+00 -1.3056e+00
2698 0 +2.053468534e-01 -4.422465315e+01 -4.422465315e+01 +4.9505e+00 -1.3056e+00
2708 0 +2.001007922e-01 -4.422989921e+01 -4.422989921e+01 +4.9505e+00 -1.3056e+00
2711 0 +1.923340725e-01 -4.423766593e+01 -4.423766593e+01 +4.9505e+00 -1.3055e+00
2716 0 +1.116883134e-01 -4.431831169e+01 -4.431831169e+01 +4.9490e+00 -1.3040e+00
2719 0 +1.080944340e-01 -4.432190557e+01 -4.432190557e+01 +4.9499e+00 -1.3049e+00
2747 0 +1.070895108e-01 -4.432291049e+01 -4.432291049e+01 +4.9499e+00 -1.3049e+00
2750 0 +1.043679533e-01 -4.432563205e+01 -4.432563205e+01 +4.9499e+00 -1.3049e+00
2754 0 +1.018282532e-01 -4.432817175e+01 -4.432817175e+01 +4.9499e+00 -1.3049e+00
8598 0 +8.279460467e-02 -4.434720540e+01 -4.434720540e+01 -4.8957e+00 +1.8227e+00
8795 0 +5.176685641e-02 -4.437823314e+01 -4.437823314e+01 -4.8958e+00 +1.8228e+00
83370 0 +4.804012898e-02 -4.438195987e+01 -4.438195987e+01 +3.9510e+00 -2.4577e-01
83717 0 +2.929286353e-02 -4.440070714e+01 -4.440070714e+01 +3.9511e+00 -2.4587e-01
83940 0 +1.681760260e-02 -4.441318240e+01 -4.441318240e+01 +3.9510e+00 -2.4584e-01
84163 0 +9.480848365e-03 -4.442051915e+01 -4.442051915e+01 +3.9510e+00 -2.4583e-01
% f evaluations | g evaluations | best noise-free fitness - Fopt (-2.618400000000e+02) + sum g_i+ | measured fitness | best measured fitness or single-digit g-values | x1 | x2...
1 0 +3.225855575e+01 -2.295814442e+02 -2.295814442e+02 +1.6667e+00 +1.6667e+00
3 0 +2.816147050e+01 -2.336785295e+02 -2.336785295e+02 -3.3333e+00 +1.6667e+00
4 0 +2.697254286e+01 -2.348674571e+02 -2.348674571e+02 +3.3333e+00 -1.6667e+00
10 0 +3.416181954e+00 -2.584238180e+02 -2.584238180e+02 +4.9917e+00 -1.7479e+00
28 0 +3.261466454e+00 -2.585785335e+02 -2.585785335e+02 +4.9914e+00 -1.7485e+00
31 0 +2.773742651e+00 -2.590662573e+02 -2.590662573e+02 +4.9910e+00 -1.7419e+00
44 0 +2.627082923e+00 -2.592129171e+02 -2.592129171e+02 +4.9911e+00 -1.7419e+00
60 0 +2.567286824e+00 -2.592727132e+02 -2.592727132e+02 +4.9909e+00 -1.7387e+00
82 0 +2.502394810e+00 -2.593376052e+02 -2.593376052e+02 +4.9910e+00 -1.7406e+00
2236 0 +2.238617791e+00 -2.596013822e+02 -2.596013822e+02 -3.1771e+00 +4.7917e+00
2288 0 +1.381099187e+00 -2.604589008e+02 -2.604589008e+02 -3.1771e+00 +4.7721e+00
2402 0 +1.016101069e+00 -2.608238989e+02 -2.608238989e+02 -3.1771e+00 +4.7746e+00
3591 0 +7.423600770e-01 -2.610976399e+02 -2.610976399e+02 -1.8229e+00 +2.0833e-01
3650 0 +1.224572270e-01 -2.617175428e+02 -2.617175428e+02 -2.8646e+00 +2.6042e+00
10650 0 +1.039342196e-01 -2.617360658e+02 -2.617360658e+02 -2.8646e+00 +2.6039e+00
28607 0 +2.788138566e-02 -2.618121186e+02 -2.618121186e+02 +7.5521e-01 -2.9945e+00
% f evaluations | g evaluations | best noise-free fitness - Fopt (-1.707000000000e+02) + sum g_i+ | measured fitness | best measured fitness or single-digit g-values | x1 | x2...
1 0 +6.036981723e+01 -1.103301828e+02 -1.103301828e+02 +1.6667e+00 +1.6667e+00
4 0 +4.795429692e+01 -1.227457031e+02 -1.227457031e+02 +3.3333e+00 -1.6667e+00
5 0 +3.610868165e+01 -1.345913183e+02 -1.345913183e+02 +1.6667e+00 -3.3333e+00
7 0 +1.769965592e+01 -1.530003441e+02 -1.530003441e+02 -3.3333e+00 -3.3333e+00
50 0 +1.712018096e+01 -1.535798190e+02 -1.535798190e+02 -3.3333e+00 -3.3335e+00
53 0 +1.695839673e+01 -1.537416033e+02 -1.537416033e+02 -3.3333e+00 -3.3337e+00
136 0 +1.469174296e+01 -1.560082570e+02 -1.560082570e+02 -3.3333e+00 -8.3333e-01
152 0 +9.540552242e+00 -1.611594478e+02 -1.611594478e+02 -3.3595e+00 -8.5706e-01
158 0 +4.423986683e+00 -1.662760133e+02 -1.662760133e+02 -3.3669e+00 -8.5216e-01
162 0 +4.199445549e+00 -1.665005545e+02 -1.665005545e+02 -3.3667e+00 -8.5561e-01
165 0 +8.757648547e-01 -1.698242351e+02 -1.698242351e+02 -3.3929e+00 -8.7145e-01
181 0 +8.691200883e-01 -1.698308799e+02 -1.698308799e+02 -3.3929e+00 -8.7141e-01
204 0 +8.192804278e-01 -1.698807196e+02 -1.698807196e+02 -3.3929e+00 -8.7140e-01
233 0 +6.309400382e-01 -1.700690600e+02 -1.700690600e+02 -3.3902e+00 -8.7007e-01
243 0 +5.218885597e-01 -1.701781114e+02 -1.701781114e+02 -3.3854e+00 -8.6771e-01
278 0 +4.812304019e-01 -1.702187696e+02 -1.702187696e+02 -3.3855e+00 -8.6770e-01
281 0 +2.561013152e-01 -1.704438987e+02 -1.704438987e+02 -3.3857e+00 -8.6769e-01
286 0 +9.883017247e-02 -1.706011698e+02 -1.706011698e+02 -3.3859e+00 -8.6767e-01
289 0 +9.749915291e-02 -1.706025008e+02 -1.706025008e+02 -3.3859e+00 -8.6767e-01
294 0 +8.339836304e-02 -1.706166016e+02 -1.706166016e+02 -3.3858e+00 -8.6768e-01
300 0 +7.694972638e-02 -1.706230503e+02 -1.706230503e+02 -3.3858e+00 -8.6768e-01
305 0 +7.470050965e-02 -1.706252995e+02 -1.706252995e+02 -3.3858e+00 -8.6768e-01
308 0 +7.366189708e-02 -1.706263381e+02 -1.706263381e+02 -3.3858e+00 -8.6768e-01
317 0 +7.237857566e-02 -1.706276214e+02 -1.706276214e+02 -3.3858e+00 -8.6768e-01
78675 0 +5.632206329e-02 -1.706436779e+02 -1.706436779e+02 +4.4599e+00 +2.7411e+00
% f evaluations | g evaluations | best noise-free fitness - Fopt (1.970000000000e+00) + sum g_i+ | measured fitness | best measured fitness or single-digit g-values | x1 | x2...
1 0 +1.801723271e+01 +1.998723271e+01 +1.998723271e+01 +1.6667e+00 +1.6667e+00
2 0 +1.113040526e+01 +1.310040526e+01 +1.310040526e+01 -1.6667e+00 -1.6667e+00
4 0 +7.852509167e+00 +9.822509167e+00 +9.822509167e+00 +3.3333e+00 -1.6667e+00
19 0 +7.631786120e+00 +9.601786120e+00 +9.601786120e+00 +3.3355e+00 -1.6661e+00
23 0 +6.877274133e+00 +8.847274133e+00 +8.847274133e+00 +3.3355e+00 -1.6639e+00
26 0 +4.472794506e+00 +6.442794506e+00 +6.442794506e+00 +3.3336e+00 -1.6596e+00
32 0 +4.254391032e+00 +6.224391032e+00 +6.224391032e+00 +3.3335e+00 -1.6593e+00
36 0 +4.140447359e+00 +6.110447359e+00 +6.110447359e+00 +3.3335e+00 -1.6597e+00
286 0 +3.050327861e+00 +5.020327861e+00 +5.020327861e+00 +2.8646e+00 +1.7708e+00
304 0 +1.908574525e+00 +3.878574525e+00 +3.878574525e+00 +2.8602e+00 +1.7700e+00
316 0 +1.861635707e+00 +3.831635707e+00 +3.831635707e+00 +2.8601e+00 +1.7701e+00
323 0 +1.750155388e+00 +3.720155388e+00 +3.720155388e+00 +2.8601e+00 +1.7703e+00
326 0 +1.656911716e+00 +3.626911716e+00 +3.626911716e+00 +2.8601e+00 +1.7710e+00
329 0 +9.408660953e-01 +2.910866095e+00 +2.910866095e+00 +2.8598e+00 +1.7760e+00
334 0 +4.665916910e-01 +2.436591691e+00 +2.436591691e+00 +2.8594e+00 +1.7818e+00
337 0 +4.047746017e-01 +2.374774602e+00 +2.374774602e+00 +2.8596e+00 +1.7792e+00
340 0 +2.159611061e-01 +2.185961106e+00 +2.185961106e+00 +2.8595e+00 +1.7802e+00
349 0 +1.895902399e-01 +2.159590240e+00 +2.159590240e+00 +2.8595e+00 +1.7806e+00
352 0 +1.645815409e-01 +2.134581541e+00 +2.134581541e+00 +2.8595e+00 +1.7806e+00
359 0 +1.468732770e-01 +2.116873277e+00 +2.116873277e+00 +2.8595e+00 +1.7804e+00
362 0 +1.155057926e-01 +2.085505793e+00 +2.085505793e+00 +2.8595e+00 +1.7805e+00
366 0 +9.844893740e-02 +2.068448937e+00 +2.068448937e+00 +2.8593e+00 +1.7812e+00
369 0 +8.148106651e-02 +2.051481067e+00 +2.051481067e+00 +2.8593e+00 +1.7810e+00
372 0 +4.407516928e-02 +2.014075169e+00 +2.014075169e+00 +2.8593e+00 +1.7808e+00
381 0 +2.891040034e-02 +1.998910400e+00 +1.998910400e+00 +2.8593e+00 +1.7808e+00
382 0 +2.881878438e-02 +1.998818784e+00 +1.998818784e+00 +2.8593e+00 +1.7808e+00
393 0 +2.738238340e-02 +1.997382383e+00 +1.997382383e+00 +2.8593e+00 +1.7808e+00
397 0 +2.648615528e-02 +1.996486155e+00 +1.996486155e+00 +2.8593e+00 +1.7808e+00
400 0 +1.676162020e-02 +1.986761620e+00 +1.986761620e+00 +2.8593e+00 +1.7808e+00
404 0 +9.434378806e-03 +1.979434379e+00 +1.979434379e+00 +2.8593e+00 +1.7809e+00
407 0 +3.093295126e-03 +1.973093295e+00 +1.973093295e+00 +2.8593e+00 +1.7808e+00
408 0 +2.985882271e-03 +1.972985882e+00 +1.972985882e+00 +2.8593e+00 +1.7808e+00
413 0 +2.118226841e-03 +1.972118227e+00 +1.972118227e+00 +2.8593e+00 +1.7808e+00
417 0 +3.580743424e-04 +1.970358074e+00 +1.970358074e+00 +2.8593e+00 +1.7808e+00
418 0 +2.282011414e-04 +1.970228201e+00 +1.970228201e+00 +2.8593e+00 +1.7808e+00
441 0 +1.149022373e-04 +1.970114902e+00 +1.970114902e+00 +2.8593e+00 +1.7808e+00
443 0 +1.032565741e-04 +1.970103257e+00 +1.970103257e+00 +2.8593e+00 +1.7808e+00
453 0 +1.011589814e-04 +1.970101159e+00 +1.970101159e+00 +2.8593e+00 +1.7808e+00
455 0 +8.140788907e-05 +1.970081408e+00 +1.970081408e+00 +2.8593e+00 +1.7808e+00
458 0 +7.078364205e-05 +1.970070784e+00 +1.970070784e+00 +2.8593e+00 +1.7808e+00
459 0 +6.359548395e-05 +1.970063595e+00 +1.970063595e+00 +2.8593e+00 +1.7808e+00
% f evaluations | g evaluations | best noise-free fitness - Fopt (3.808900000000e+02) + sum g_i+ | measured fitness | best measured fitness or single-digit g-values | x1 | x2...
1 0 +6.800959717e+01 +4.488995972e+02 +4.488995972e+02 +1.6667e+00 +1.6667e+00
2 0 +5.111502801e+01 +4.320050280e+02 +4.320050280e+02 -1.6667e+00 -1.6667e+00
5 0 +4.391163987e+01 +4.248016399e+02 +4.248016399e+02 +1.6667e+00 -3.3333e+00
7 0 +3.506514545e+01 +4.159551455e+02 +4.159551455e+02 -3.3333e+00 -3.3333e+00
9 0 +3.124705465e+01 +4.121370546e+02 +4.121370546e+02 +4.1667e+00 -3.3333e+00
19 0 +2.999586410e+01 +4.108858641e+02 +4.108858641e+02 +4.5812e+00 -2.9391e+00
22 0 +1.474470080e+01 +3.956347008e+02 +3.956347008e+02 +4.9979e+00 -3.2470e+00
35 0 +5.205071476e+00 +3.860950715e+02 +3.860950715e+02 +4.9979e+00 -3.2440e+00
39 0 +4.913659371e+00 +3.858036594e+02 +3.858036594e+02 +4.9982e+00 -3.2441e+00
53 0 +4.701598154e+00 +3.855915982e+02 +3.855915982e+02 +4.9982e+00 -3.2442e+00
56 0 +4.664840884e+00 +3.855548409e+02 +3.855548409e+02 +4.9982e+00 -3.2442e+00
86 0 +4.568171832e+00 +3.854581718e+02 +3.854581718e+02 +4.9979e+00 -3.2441e+00
211 0 +3.660413923e+00 +3.845504139e+02 +3.845504139e+02 -4.4792e+00 +1.7708e+00
284 0 +1.138021651e+00 +3.820280217e+02 +3.820280217e+02 +4.1667e-01 -2.0833e+00
514 0 +9.954051562e-01 +3.818854052e+02 +3.818854052e+02 -4.2708e+00 +3.8542e+00
984 0 +4.376338821e-01 +3.813276339e+02 +3.813276339e+02 -4.2684e+00 +3.8542e+00
1001 0 +1.436961176e-01 +3.810336961e+02 +3.810336961e+02 -4.2683e+00 +3.8544e+00
7644 0 +1.136364071e-01 +3.810036364e+02 +3.810036364e+02 -2.2390e+00 +1.9792e+00
13978 0 +6.185597134e-02 +3.809518560e+02 +3.809518560e+02 -2.2393e+00 +1.9792e+00
44007 0 +4.062049623e-02 +3.809306205e+02 +3.809306205e+02 -1.1979e+00 +4.5052e+00
68997 0 +3.546372036e-02 +3.809254637e+02 +3.809254637e+02 +2.0955e+00 -1.7448e+00
75388 0 +1.993315790e-02 +3.809099332e+02 +3.809099332e+02 -1.6060e+00 -2.0833e-01
% f evaluations | g evaluations | best noise-free fitness - Fopt (3.790000000000e+01) + sum g_i+ | measured fitness | best measured fitness or single-digit g-values | x1 | x2...
1 0 +4.012882847e+01 +7.802882847e+01 +7.802882847e+01 +1.6667e+00 +1.6667e+00
6 0 +2.501100145e+01 +6.291100145e+01 +6.291100145e+01 +3.3333e+00 +3.3333e+00
7 0 +1.394624753e+01 +5.184624753e+01 +5.184624753e+01 -3.3333e+00 -3.3333e+00
10 0 +7.564923796e+00 +4.546492380e+01 +4.546492380e+01 +8.3333e-01 +3.3333e+00
28 0 +6.691125105e+00 +4.459112510e+01 +4.459112510e+01 +8.3416e-01 +3.3326e+00
37 0 +6.583982175e+00 +4.448398218e+01 +4.448398218e+01 +8.3430e-01 +3.3328e+00
40 0 +3.390160057e+00 +4.129016006e+01 +4.129016006e+01 +3.1260e-01 +2.9031e+00
54 0 +1.998204305e+00 +3.989820431e+01 +3.989820431e+01 +3.1165e-01 +2.9041e+00
64 0 +1.881916806e+00 +3.978191681e+01 +3.978191681e+01 +3.1193e-01 +2.9039e+00
71 0 +1.808519350e+00 +3.970851935e+01 +3.970851935e+01 +3.1210e-01 +2.9042e+00
75 0 +1.588546168e+00 +3.948854617e+01 +3.948854617e+01 +3.1245e-01 +2.9048e+00
84 0 +1.574166668e+00 +3.947416667e+01 +3.947416667e+01 +3.1243e-01 +2.9048e+00
363 0 +6.112386113e-01 +3.851123861e+01 +3.851123861e+01 +3.9583e+00 +2.0833e+00
386 0 +5.634556611e-01 +3.846345566e+01 +3.846345566e+01 +3.9583e+00 +2.0834e+00
398 0 +5.557458521e-01 +3.845574585e+01 +3.845574585e+01 +3.9583e+00 +2.0833e+00
406 0 +5.478560964e-01 +3.844785610e+01 +3.844785610e+01 +3.9583e+00 +2.0833e+00
4268 0 +5.240478387e-01 +3.842404784e+01 +3.842404784e+01 -5.1900e-01 +1.0600e-01
4373 0 +5.030189739e-01 +3.840301897e+01 +3.840301897e+01 -5.1890e-01 +1.0610e-01
4608 0 +4.897163111e-01 +3.838971631e+01 +3.838971631e+01 -5.1885e-01 +1.0615e-01
5219 0 +3.436222295e-01 +3.824362223e+01 +3.824362223e+01 -3.8151e+00 -4.2839e+00
5596 0 +3.028526711e-01 +3.820285267e+01 +3.820285267e+01 -3.8155e+00 -4.2843e+00
5689 0 +2.752945128e-01 +3.817529451e+01 +3.817529451e+01 -3.8157e+00 -4.2845e+00
5784 0 +2.631578443e-01 +3.816315784e+01 +3.816315784e+01 -3.8158e+00 -4.2846e+00
5927 0 +2.563264868e-01 +3.815632649e+01 +3.815632649e+01 -3.8159e+00 -4.2846e+00
6022 0 +2.281185787e-01 +3.812811858e+01 +3.812811858e+01 -3.8159e+00 -4.2846e+00
6037 0 +2.207508206e-01 +3.812075082e+01 +3.812075082e+01 -3.8159e+00 -4.2845e+00
12175 0 +9.702433059e-02 +3.799702433e+01 +3.799702433e+01 -1.2248e+00 -2.1623e+00
12195 0 +8.156785837e-02 +3.798156786e+01 +3.798156786e+01 -1.2248e+00 -2.1623e+00
12199 0 +7.640365058e-02 +3.797640365e+01 +3.797640365e+01 -1.2248e+00 -2.1623e+00
12202 0 +6.921146092e-02 +3.796921146e+01 +3.796921146e+01 -1.2248e+00 -2.1623e+00
12203 0 +6.918181071e-02 +3.796918181e+01 +3.796918181e+01 -1.2248e+00 -2.1623e+00
12212 0 +6.533296526e-02 +3.796533297e+01 +3.796533297e+01 -1.2248e+00 -2.1623e+00
12237 0 +6.454375732e-02 +3.796454376e+01 +3.796454376e+01 -1.2248e+00 -2.1623e+00
20227 0 +6.126136157e-02 +3.796126136e+01 +3.796126136e+01 +3.9519e+00 +1.2175e+00
20326 0 +5.440267954e-02 +3.795440268e+01 +3.795440268e+01 +3.9520e+00 +1.2176e+00
20439 0 +5.118558391e-02 +3.795118558e+01 +3.795118558e+01 +3.9520e+00 +1.2176e+00
22904 0 +4.955768522e-02 +3.794955769e+01 +3.794955769e+01 +3.9520e+00 +1.2176e+00
22905 0 +4.822494728e-02 +3.794822495e+01 +3.794822495e+01 +3.9520e+00 +1.2176e+00
35351 0 +4.700256899e-02 +3.794700257e+01 +3.794700257e+01 -2.8959e+00 +2.3385e+00
35428 0 +3.610823762e-02 +3.793610824e+01 +3.793610824e+01 -2.8957e+00 +2.3387e+00
35623 0 +1.544830586e-02 +3.791544831e+01 +3.791544831e+01 -2.8958e+00 +2.3386e+00
44358 0 +1.376723095e-02 +3.791376723e+01 +3.791376723e+01 -2.8958e+00 +2.3386e+00
96956 0 +1.305771874e-02 +3.791305772e+01 +3.791305772e+01 +3.1166e+00 +3.4681e+00
97053 0 +1.104028990e-02 +3.791104029e+01 +3.791104029e+01 +3.1165e+00 +3.4681e+00
97278 0 +5.345261327e-03 +3.790534526e+01 +3.790534526e+01 +3.1165e+00 +3.4681e+00
97367 0 +2.203819528e-03 +3.790220382e+01 +3.790220382e+01 +3.1165e+00 +3.4681e+00
% f evaluations | g evaluations | best noise-free fitness - Fopt (3.759800000000e+02) + sum g_i+ | measured fitness | best measured fitness or single-digit g-values | x1 | x2...
1 0 +6.812716068e+00 +3.827927161e+02 +3.827927161e+02 +1.6667e+00 +1.6667e+00
30 0 +5.761521599e+00 +3.817415216e+02 +3.817415216e+02 +1.4583e+00 +2.0833e+00
131 0 +5.211547697e+00 +3.811915477e+02 +3.811915477e+02 +1.6667e+00 -4.5833e+00
134 0 +2.973300586e+00 +3.789533006e+02 +3.789533006e+02 +2.0833e-01 -2.9167e+00
155 0 +2.721079064e+00 +3.787010791e+02 +3.787010791e+02 +2.0911e-01 -2.9187e+00
162 0 +2.215608107e+00 +3.781956081e+02 +3.781956081e+02 +2.1105e-01 -2.9177e+00
168 0 +1.960747265e+00 +3.779407473e+02 +3.779407473e+02 +2.1468e-01 -2.9163e+00
542 0 +1.580103535e+00 +3.775601035e+02 +3.775601035e+02 +3.2292e+00 +1.0417e-01
724 0 +4.112921204e-01 +3.763912921e+02 +3.763912921e+02 +2.6042e+00 -2.3958e+00
2582 0 +1.953967959e-01 +3.761753968e+02 +3.761753968e+02 +2.6048e+00 -2.3958e+00
7029 0 +1.356998917e-01 +3.761156999e+02 +3.761156999e+02 -1.0417e-01 -2.6042e-01
64463 0 +8.522301612e-02 +3.760652230e+02 +3.760652230e+02 +4.0691e+00 +4.9285e+00
% f evaluations | g evaluations | best noise-free fitness - Fopt (-2.460000000000e+00) + sum g_i+ | measured fitness | best measured fitness or single-digit g-values | x1 | x2...
1 0 +5.108217346e+01 +4.862217346e+01 +4.862217346e+01 +1.6667e+00 +1.6667e+00
2 0 +4.033998100e+01 +3.787998100e+01 +3.787998100e+01 -1.6667e+00 -1.6667e+00
4 0 +8.710002616e+00 +6.250002616e+00 +6.250002616e+00 +3.3333e+00 -1.6667e+00
17 0 +3.487452309e+00 +1.027452309e+00 +1.027452309e+00 +3.3405e+00 -1.6718e+00
28 0 +2.902123161e+00 +4.421231612e-01 +4.421231612e-01 +3.3407e+00 -1.6723e+00
32 0 +2.748735210e+00 +2.887352104e-01 +2.887352104e-01 +3.3374e+00 -1.6743e+00
40 0 +2.679312544e+00 +2.193125438e-01 +2.193125438e-01 +3.3382e+00 -1.6739e+00
44 0 +2.555081881e+00 +9.508188084e-02 +9.508188084e-02 +3.3382e+00 -1.6741e+00
55 0 +2.491637334e+00 +3.163733386e-02 +3.163733386e-02 +3.3381e+00 -1.6741e+00
99 0 +1.313902511e+00 -1.146097489e+00 -1.146097489e+00 +3.3305e+00 -1.6794e+00
102 0 +2.451130786e-01 -2.214886921e+00 -2.214886921e+00 +3.3256e+00 -1.6828e+00
110 0 +9.816886379e-02 -2.361831136e+00 -2.361831136e+00 +3.3251e+00 -1.6832e+00
113 0 +5.947736591e-02 -2.400522634e+00 -2.400522634e+00 +3.3247e+00 -1.6834e+00
116 0 +2.193326575e-02 -2.438066734e+00 -2.438066734e+00 +3.3249e+00 -1.6833e+00
120 0 +1.001161436e-02 -2.449988386e+00 -2.449988386e+00 +3.3248e+00 -1.6833e+00
121 0 +9.926778138e-03 -2.450073222e+00 -2.450073222e+00 +3.3248e+00 -1.6833e+00
125 0 +6.770846474e-03 -2.453229154e+00 -2.453229154e+00 +3.3248e+00 -1.6833e+00
130 0 +6.391581044e-03 -2.453608419e+00 -2.453608419e+00 +3.3248e+00 -1.6833e+00
131 0 +6.294098266e-03 -2.453705902e+00 -2.453705902e+00 +3.3248e+00 -1.6833e+00
% f evaluations | g evaluations | best noise-free fitness - Fopt (1.000000000000e+03) + sum g_i+ | measured fitness | best measured fitness or single-digit g-values | x1 | x2...
1 0 +2.785732303e+01 +1.027857323e+03 +1.027857323e+03 +1.6667e+00 +1.6667e+00
5 0 +8.794266267e+00 +1.008794266e+03 +1.008794266e+03 +1.6667e+00 -3.3333e+00
15 0 +8.194932776e+00 +1.008194933e+03 +1.008194933e+03 +2.4848e+00 -3.6018e+00
33 0 +7.778694501e+00 +1.007778695e+03 +1.007778695e+03 +2.4845e+00 -3.6010e+00
37 0 +7.678966541e+00 +1.007678967e+03 +1.007678967e+03 +2.4837e+00 -3.6012e+00
44 0 +7.556492780e+00 +1.007556493e+03 +1.007556493e+03 +2.4821e+00 -3.6016e+00
47 0 +6.635005215e+00 +1.006635005e+03 +1.006635005e+03 +2.4797e+00 -3.6025e+00
56 0 +6.458566343e+00 +1.006458566e+03 +1.006458566e+03 +2.4786e+00 -3.6030e+00
59 0 +6.205350817e+00 +1.006205351e+03 +1.006205351e+03 +2.4803e+00 -3.6025e+00
65 0 +6.069445599e+00 +1.006069446e+03 +1.006069446e+03 +2.4801e+00 -3.6025e+00
68 0 +5.959051151e+00 +1.005959051e+03 +1.005959051e+03 +2.4805e+00 -3.6024e+00
90 0 +5.879826875e+00 +1.005879827e+03 +1.005879827e+03 +2.4805e+00 -3.6024e+00
207 0 +3.280814291e+00 +1.003280814e+03 +1.003280814e+03 +2.9167e+00 -8.3333e-01
553 0 +2.526039324e+00 +1.002526039e+03 +1.002526039e+03 -2.0833e-01 -3.3333e+00
607 0 +1.965165685e+00 +1.001965166e+03 +1.001965166e+03 +4.7917e+00 -2.0833e-01
1693 0 +1.906325258e+00 +1.001906325e+03 +1.001906325e+03 -3.3333e+00 +3.8542e+00
1703 0 +1.858618346e+00 +1.001858618e+03 +1.001858618e+03 -4.2708e+00 +3.5417e+00
3046 0 +1.783355367e+00 +1.001783355e+03 +1.001783355e+03 +9.8958e-01 +3.9583e+00
3300 0 +1.410133003e+00 +1.001410133e+03 +1.001410133e+03 +1.9271e+00 +4.2708e+00
3353 0 +1.313033736e+00 +1.001313034e+03 +1.001313034e+03 +3.0729e+00 +2.6042e+00
3422 0 +1.053560053e+00 +1.001053560e+03 +1.001053560e+03 +2.8646e+00 +4.5833e+00
3461 0 +8.321341533e-01 +1.000832134e+03 +1.000832134e+03 +2.1354e+00 +2.2917e+00
3552 0 +6.348432322e-01 +1.000634843e+03 +1.000634843e+03 +3.8021e+00 +4.8958e+00
3605 0 +3.250001748e-01 +1.000325000e+03 +1.000325000e+03 +1.1979e+00 +1.9792e+00
3655 0 +3.107093956e-01 +1.000310709e+03 +1.000310709e+03 +2.6042e-01 +1.6667e+00
5099 0 +2.760479652e-01 +1.000276048e+03 +1.000276048e+03 +2.5920e-01 +1.6667e+00
19797 0 +7.855675270e-02 +1.000078557e+03 +1.000078557e+03 +2.5981e-01 +1.6667e+00
% f evaluations | g evaluations | best noise-free fitness - Fopt (-2.845100000000e+02) + sum g_i+ | measured fitness | best measured fitness or single-digit g-values | x1 | x2...
1 0 +5.302870542e+01 -2.314812946e+02 -2.314812946e+02 +1.6667e+00 +1.6667e+00
2 0 +1.138589441e+01 -2.731241056e+02 -2.731241056e+02 -1.6667e+00 -1.6667e+00
19 0 +7.907294024e+00 -2.766027060e+02 -2.766027060e+02 -2.0833e+00 -8.3333e-01
40 0 +5.190002965e+00 -2.793199970e+02 -2.793199970e+02 -2.0835e+00 -8.3442e-01
48 0 +4.427340340e+00 -2.800826597e+02 -2.800826597e+02 -2.0819e+00 -8.3452e-01
68 0 +4.361911650e+00 -2.801480884e+02 -2.801480884e+02 -2.0808e+00 -8.3468e-01
77 0 +4.208291364e+00 -2.803017086e+02 -2.803017086e+02 -2.0792e+00 -8.3496e-01
81 0 +4.168380856e+00 -2.803416191e+02 -2.803416191e+02 -2.0789e+00 -8.3499e-01
162 0 +2.357901099e+00 -2.821520989e+02 -2.821520989e+02 -2.2917e+00 -4.1667e-01
456 0 +2.243596229e+00 -2.822664038e+02 -2.822664038e+02 -2.6042e+00 +2.0833e-01
604 0 +2.086903876e+00 -2.824230961e+02 -2.824230961e+02 -3.8542e+00 -2.9167e+00
864 0 +1.796143838e+00 -2.827138562e+02 -2.827138562e+02 -1.0417e+00 +2.7083e+00
1270 0 +7.506878742e-01 -2.837593121e+02 -2.837593121e+02 -1.0368e+00 +2.7083e+00
1287 0 +5.890344770e-01 -2.839209655e+02 -2.839209655e+02 -1.0368e+00 +2.7085e+00
1294 0 +5.864204472e-01 -2.839235796e+02 -2.839235796e+02 -1.0368e+00 +2.7084e+00
1311 0 +5.742116401e-01 -2.839357884e+02 -2.839357884e+02 -1.0365e+00 +2.7084e+00
1314 0 +4.483540932e-01 -2.840616459e+02 -2.840616459e+02 -1.0380e+00 +2.7087e+00
1320 0 +2.070583938e-01 -2.843029416e+02 -2.843029416e+02 -1.0432e+00 +2.7095e+00
1323 0 +1.238636717e-01 -2.843861363e+02 -2.843861363e+02 -1.0413e+00 +2.7092e+00
1326 0 +1.201155541e-01 -2.843898844e+02 -2.843898844e+02 -1.0425e+00 +2.7094e+00
1329 0 +5.523024055e-02 -2.844547698e+02 -2.844547698e+02 -1.0421e+00 +2.7093e+00
1338 0 +3.867068930e-02 -2.844713293e+02 -2.844713293e+02 -1.0419e+00 +2.7093e+00
1341 0 +1.110538660e-02 -2.844988946e+02 -2.844988946e+02 -1.0420e+00 +2.7093e+00
1343 0 +1.095784081e-02 -2.844990422e+02 -2.844990422e+02 -1.0420e+00 +2.7093e+00
1345 0 +1.059733575e-02 -2.844994027e+02 -2.844994027e+02 -1.0421e+00 +2.7093e+00
1348 0 +6.567239190e-03 -2.845034328e+02 -2.845034328e+02 -1.0420e+00 +2.7093e+00
1353 0 +3.780513970e-03 -2.845062195e+02 -2.845062195e+02 -1.0420e+00 +2.7093e+00
1355 0 +3.613943935e-03 -2.845063861e+02 -2.845063861e+02 -1.0420e+00 +2.7093e+00
1357 0 +1.021483653e-03 -2.845089785e+02 -2.845089785e+02 -1.0421e+00 +2.7093e+00
1362 0 +6.361416552e-04 -2.845093639e+02 -2.845093639e+02 -1.0420e+00 +2.7093e+00
1363 0 +6.289863799e-04 -2.845093710e+02 -2.845093710e+02 -1.0420e+00 +2.7093e+00
1367 0 +4.703083395e-04 -2.845095297e+02 -2.845095297e+02 -1.0420e+00 +2.7093e+00
1369 0 +2.931933008e-04 -2.845097068e+02 -2.845097068e+02 -1.0420e+00 +2.7093e+00
1370 0 +1.244445243e-04 -2.845098756e+02 -2.845098756e+02 -1.0420e+00 +2.7093e+00
1371 0 +1.178594112e-04 -2.845098821e+02 -2.845098821e+02 -1.0420e+00 +2.7093e+00
1374 0 +6.790028448e-05 -2.845099321e+02 -2.845099321e+02 -1.0420e+00 +2.7093e+00
1375 0 +5.712788612e-05 -2.845099429e+02 -2.845099429e+02 -1.0420e+00 +2.7093e+00
% f evaluations | g evaluations | best noise-free fitness - Fopt (-1.946000000000e+01) + sum g_i+ | measured fitness | best measured fitness or single-digit g-values | x1 | x2...
1 0 +5.147441133e+01 +3.201441133e+01 +3.201441133e+01 +1.6667e+00 +1.6667e+00
2 0 +5.106748499e+01 +3.160748499e+01 +3.160748499e+01 -1.6667e+00 -1.6667e+00
3 0 +1.693642863e+01 -2.523571371e+00 -2.523571371e+00 -3.3333e+00 +1.6667e+00
4 0 +4.236986653e+00 -1.522301335e+01 -1.522301335e+01 +3.3333e+00 -1.6667e+00
19 0 +2.528463509e+00 -1.693153649e+01 -1.693153649e+01 +3.3316e+00 -1.6680e+00
23 0 +1.576962303e+00 -1.788303770e+01 -1.788303770e+01 +3.3338e+00 -1.6719e+00
50 0 +1.546305221e+00 -1.791369478e+01 -1.791369478e+01 +3.3338e+00 -1.6719e+00
58 0 +6.795348148e-01 -1.878046519e+01 -1.878046519e+01 +3.3438e+00 -1.6926e+00
61 0 +6.141804105e-01 -1.884581959e+01 -1.884581959e+01 +3.3434e+00 -1.6918e+00
66 0 +4.481761454e-01 -1.901182385e+01 -1.901182385e+01 +3.3401e+00 -1.6850e+00
69 0 +3.697357273e-01 -1.909026427e+01 -1.909026427e+01 +3.3424e+00 -1.6897e+00
94 0 +3.620320291e-01 -1.909796797e+01 -1.909796797e+01 +3.3424e+00 -1.6897e+00
98 0 +3.096015959e-01 -1.915039840e+01 -1.915039840e+01 +3.3425e+00 -1.6897e+00
108 0 +2.973963777e-01 -1.916260362e+01 -1.916260362e+01 +3.3425e+00 -1.6897e+00
118 0 +2.934142580e-01 -1.916658574e+01 -1.916658574e+01 +3.3425e+00 -1.6897e+00
132 0 +2.883819041e-01 -1.917161810e+01 -1.917161810e+01 +3.3424e+00 -1.6897e+00
8268 0 +1.467509019e-01 -1.931324910e+01 -1.931324910e+01 +2.3568e+00 -3.9323e+00
8349 0 +1.037353186e-01 -1.935626468e+01 -1.935626468e+01 +2.3564e+00 -3.9315e+00
8498 0 +7.137694678e-02 -1.938862305e+01 -1.938862305e+01 +2.3565e+00 -3.9317e+00
8517 0 +4.778557859e-02 -1.941221442e+01 -1.941221442e+01 +2.3565e+00 -3.9317e+00
8529 0 +4.654576929e-02 -1.941345423e+01 -1.941345423e+01 +2.3565e+00 -3.9317e+00
8534 0 +4.563948138e-02 -1.941436052e+01 -1.941436052e+01 +2.3565e+00 -3.9317e+00
8536 0 +4.369650462e-02 -1.941630350e+01 -1.941630350e+01 +2.3565e+00 -3.9317e+00
8539 0 +4.128258519e-02 -1.941871741e+01 -1.941871741e+01 +2.3565e+00 -3.9317e+00
8545 0 +4.070492481e-02 -1.941929508e+01 -1.941929508e+01 +2.3565e+00 -3.9317e+00
8551 0 +3.927740114e-02 -1.942072260e+01 -1.942072260e+01 +2.3565e+00 -3.9317e+00
8561 0 +3.827530235e-02 -1.942172470e+01 -1.942172470e+01 +2.3565e+00 -3.9317e+00
8564 0 +3.783227995e-02 -1.942216772e+01 -1.942216772e+01 +2.3565e+00 -3.9317e+00
8567 0 +3.444248069e-02 -1.942555752e+01 -1.942555752e+01 +2.3565e+00 -3.9318e+00
8571 0 +1.926736910e-02 -1.944073263e+01 -1.944073263e+01 +2.3565e+00 -3.9319e+00
8577 0 +1.813618891e-02 -1.944186381e+01 -1.944186381e+01 +2.3565e+00 -3.9319e+00
15176 0 +1.567159004e-02 -1.944432841e+01 -1.944432841e+01 +4.4415e+00 -2.6330e+00
15423 0 +9.354855160e-03 -1.945064514e+01 -1.945064514e+01 +4.4415e+00 -2.6329e+00
15952 0 +6.590190015e-03 -1.945340981e+01 -1.945340981e+01 +4.4415e+00 -2.6329e+00
