% function evaluation | noise-free fitness - Fopt (-1.025500000000e+02) | best noise-free fitness - Fopt | measured fitness | best measured fitness | x1 | x2...
1 +3.403613774e+01 +3.403613774e+01 -6.851386226e+01 -6.851386226e+01 -4.0097e+00 -1.4440e+00 -7.0432e-02 -8.6042e-01 +2.5965e+00 -1.8982e+00 -4.8547e+00 -1.4273e+00 -3.2832e+00 -1.7797e+00
10 +1.646443919e+01 +1.646443919e+01 -8.608556081e+01 -8.608556081e+01 +1.1472e+00 +1.3259e+00 +1.5210e+00 +4.9066e+00 +8.0592e-01 -1.9989e+00 -5.3495e-02 -4.4321e-01 +1.3163e+00 +1.3237e+00
12 +1.547526981e+01 +1.547526981e+01 -8.707473019e+01 -8.707473019e+01 -6.5766e-01 +3.4091e-01 +2.1146e+00 -1.1568e+00 +2.2592e+00 -9.3640e-01 -4.2954e+00 +3.0556e-01 +3.9647e-01 -1.6228e+00
61 +1.081362387e+01 +1.081362387e+01 -9.173637613e+01 -9.173637613e+01 -5.9665e-01 +7.7982e-01 -2.6236e+00 +1.1388e+00 -2.8786e+00 -4.9799e-01 +3.7928e+00 +5.2150e-01 +1.2760e+00 +1.5670e+00
184 +9.471818342e+00 +9.471818342e+00 -9.307818166e+01 -9.307818166e+01 +1.4238e+00 -4.3964e-02 -2.1639e-01 -2.7036e+00 -1.4187e+00 +1.5764e+00 +2.6784e+00 -2.3855e-01 +3.5691e+00 -1.5287e-01
4366 +7.471012302e+00 +7.471012302e+00 -9.507898770e+01 -9.507898770e+01 +2.2583e+00 -2.7043e+00 +1.0766e+00 +4.7970e-01 -2.5387e+00 +1.7648e+00 -6.7066e-01 +1.0446e+00 -1.9310e+00 +1.4029e-01
9311 +7.066679212e+00 +7.066679212e+00 -9.548332079e+01 -9.548332079e+01 -2.8921e+00 -1.3024e-01 -5.8819e-01 +1.9019e+00 -3.5930e-01 +2.6731e-01 -3.6270e-01 -1.6370e+00 +1.8488e+00 +1.4342e+00
24557 +6.632950550e+00 +6.632950550e+00 -9.591704945e+01 -9.591704945e+01 +3.3706e+00 -1.4893e+00 +1.8364e+00 -8.3736e-03 +3.4737e+00 +4.3298e+00 -3.0217e+00 +2.8296e+00 +1.0874e+00 -1.7899e+00
45374 +4.962587356e+00 +4.962587356e+00 -9.758741264e+01 -9.758741264e+01 +1.1089e+00 -1.5101e+00 -5.0688e-01 -8.9469e-01 -8.8398e-01 +1.6267e+00 -2.7791e-01 -1.6117e+00 -1.8025e+00 +8.3545e-01
417609 +3.700563172e+00 +3.700563172e+00 -9.884943683e+01 -9.884943683e+01 -1.8075e+00 -2.0562e-01 -8.2196e-01 +1.2462e+00 -3.2784e+00 -4.0383e+00 +1.6581e+00 -1.6435e+00 -2.6270e+00 +3.4405e+00
1200035 +3.388272483e+00 +3.388272483e+00 -9.916172752e+01 -9.916172752e+01 -5.2585e-01 -5.7428e-01 -1.2680e+00 -1.2280e+00 -1.7778e+00 +4.5200e-01 +3.5714e+00 -1.6204e+00 +3.2138e-01 +3.3482e+00
3676926 +2.562685483e+00 +2.562685483e+00 -9.998731452e+01 -9.998731452e+01 -2.3735e+00 +4.4244e-01 -2.0041e+00 -2.6269e-02 -8.5360e-01 -2.8573e+00 +2.2478e+00 +1.1186e+00 -1.5047e+00 +3.6956e+00
% function evaluation | noise-free fitness - Fopt (7.169000000000e+01) | best noise-free fitness - Fopt | measured fitness | best measured fitness | x1 | x2...
1 +1.306134740e+02 +1.306134740e+02 +2.023034740e+02 +2.023034740e+02 -3.8594e+00 +2.5847e+00 -3.7261e+00 -1.4686e-01 +3.3829e+00 -2.8255e+00 -3.5656e+00 +2.4897e+00 -4.3081e+00 -4.9114e+00
2 +1.025405858e+02 +1.025405858e+02 +1.742305858e+02 +1.742305858e+02 +5.8713e-01 +1.3148e+00 +4.3115e+00 -3.0483e+00 -2.3818e+00 +4.1167e-02 +4.7647e+00 -6.2520e-01 +4.5884e+00 -1.3244e+00
3 +3.469403069e+01 +3.469403069e+01 +1.063840307e+02 +1.063840307e+02 -4.3272e+00 +4.8919e-01 -6.8485e-01 -7.9123e-01 -3.3298e+00 -2.3752e+00 -8.0071e-01 -1.0638e+00 -2.1756e-01 +3.8438e+00
4 +1.768339752e+01 +1.768339752e+01 +8.937339752e+01 +8.937339752e+01 -2.4528e+00 -4.5809e-01 +1.7207e+00 +2.8916e+00 +4.4999e-02 +4.0669e+00 +2.2288e+00 -1.1156e+00 +3.1630e+00 -1.5932e-01
41 +1.737435855e+01 +1.737435855e+01 +8.906435855e+01 +8.906435855e+01 +3.1455e+00 +9.2581e-01 +1.7749e+00 -2.3036e+00 -2.6423e+00 -3.2438e+00 +2.2592e+00 -2.9751e+00 -1.9056e+00 -1.1748e+00
42 +1.501418623e+01 +1.501418623e+01 +8.670418623e+01 +8.670418623e+01 +1.1279e-01 -2.2100e+00 -1.5316e-01 +1.1220e+00 +3.3519e+00 +8.4481e-02 -2.3044e+00 +7.1662e-01 -2.0911e+00 -1.1996e+00
115 +1.474902768e+01 +1.474902768e+01 +8.643902768e+01 +8.643902768e+01 +3.1474e+00 -4.8010e-01 +1.4895e+00 +1.8538e+00 -3.8631e+00 +2.7647e+00 -1.0437e+00 -4.7896e-01 -5.6677e-01 +8.1709e-01
362 +1.176321138e+01 +1.176321138e+01 +8.345321138e+01 +8.345321138e+01 -1.2834e+00 -2.7300e+00 +2.0578e+00 -2.6799e-01 -1.7608e+00 -4.6168e+00 -1.5384e+00 +1.7215e-01 +2.1753e-02 -1.4916e-01
750 +9.859548038e+00 +9.859548038e+00 +8.154954804e+01 +8.154954804e+01 -2.4745e+00 +2.5644e+00 -3.8467e+00 -2.1681e+00 -2.1717e-01 +2.9560e+00 -2.4464e+00 -1.3934e+00 +2.5547e+00 +6.7151e-01
3937 +9.730199459e+00 +9.730199459e+00 +8.142019946e+01 +8.142019946e+01 -2.5254e+00 +3.7357e+00 -2.3799e+00 +3.3667e-01 -3.7097e-01 +4.3133e+00 +2.6852e+00 +1.9788e+00 -1.7688e+00 -2.5688e+00
5399 +8.895285332e+00 +8.895285332e+00 +8.058528533e+01 +8.058528533e+01 -1.1668e+00 +8.8954e-01 +1.2445e+00 +1.2444e+00 -1.5945e+00 -2.0816e+00 +1.8118e+00 -3.1733e+00 -1.8802e+00 -1.9438e+00
6055 +7.196880295e+00 +7.196880295e+00 +7.888688030e+01 +7.888688030e+01 -4.3167e+00 +1.5734e+00 -9.1072e-01 -3.2027e-01 +6.1520e-01 +3.9599e+00 +1.3959e+00 +2.5191e+00 -1.3709e-01 -2.3423e+00
11849 +6.928194611e+00 +6.928194611e+00 +7.861819461e+01 +7.861819461e+01 -4.9668e+00 +1.6588e+00 -3.1922e+00 -3.0349e+00 -1.4519e+00 +3.7723e+00 +9.0156e-01 +2.4371e+00 +7.5364e-01 +4.6699e-01
15562 +6.123740684e+00 +6.123740684e+00 +7.781374068e+01 +7.781374068e+01 -8.7141e-01 -2.1695e-01 +3.3327e-01 +3.2506e-01 +1.2315e+00 +1.5307e+00 +6.5263e-02 -1.8635e+00 +1.5050e+00 +1.2018e+00
78204 +6.022537700e+00 +6.022537700e+00 +7.771253770e+01 +7.771253770e+01 +8.3513e-01 -8.7294e-02 +2.8758e+00 -6.0087e-01 -2.1510e+00 -4.1149e+00 -1.3138e+00 -2.6659e-01 -1.3946e+00 -6.5360e-01
185298 +4.810625538e+00 +4.810625538e+00 +7.650062554e+01 +7.650062554e+01 -1.8385e+00 +1.4402e+00 -1.5647e+00 -9.4789e-01 +6.6480e-01 +3.4870e+00 -1.4001e+00 +9.3496e-01 -1.1591e+00 -1.3347e+00
402655 +4.339754323e+00 +4.339754323e+00 +7.602975432e+01 +7.602975432e+01 +2.7237e+00 +6.4321e-01 +1.8811e+00 +6.8342e-02 +3.9668e-01 +2.4608e-02 -1.5248e+00 -1.6033e+00 -1.6138e-01 -1.6362e-01
636665 +3.709622789e+00 +3.709622789e+00 +7.539962279e+01 +7.539962279e+01 +1.1663e+00 +1.6259e+00 +1.1534e+00 -2.7273e+00 +6.7606e-03 +2.6983e+00 +1.0464e+00 +1.0993e+00 -3.8765e-01 +7.8500e-01
1965148 +2.360668629e+00 +2.360668629e+00 +7.405066863e+01 +7.405066863e+01 -2.4380e-02 -3.1263e-02 +6.9260e-01 +1.8545e+00 +2.5041e-01 -2.8036e+00 -2.8306e+00 -3.0062e+00 -3.5447e-01 +1.7601e-01
99881252 +2.236715301e+00 +2.236715301e+00 +7.392671530e+01 +7.392671530e+01 +3.8176e+00 -2.6936e+00 +1.4432e+00 -2.0806e-01 -6.2873e-01 -4.5176e+00 -2.6523e+00 -1.1563e+00 -2.0353e-01 +3.0795e-01
% function evaluation | noise-free fitness - Fopt (2.140100000000e+02) | best noise-free fitness - Fopt | measured fitness | best measured fitness | x1 | x2...
1 +1.478789599e+02 +1.478789599e+02 +3.618889599e+02 +3.618889599e+02 -2.9000e+00 -4.4553e+00 +6.5816e-02 +3.0563e+00 +1.2086e+00 +4.5734e+00 -2.5108e+00 -4.0811e+00 +2.5464e+00 +3.1877e+00
2 +1.132181048e+02 +1.132181048e+02 +3.272281048e+02 +3.272281048e+02 +2.9567e+00 +2.9408e+00 -4.1252e+00 -2.0319e+00 -3.7551e+00 -3.9357e+00 +1.5222e+00 +4.1815e+00 +1.0177e-01 +4.6968e+00
3 +2.957227896e+01 +2.957227896e+01 +2.435822790e+02 +2.435822790e+02 +2.7401e+00 -1.1072e+00 +2.5752e+00 -2.4636e+00 -5.0622e-01 +1.8347e+00 -2.0304e+00 -1.6559e+00 +1.4115e+00 +4.2061e+00
8 +1.814183089e+01 +1.814183089e+01 +2.321518309e+02 +2.321518309e+02 +3.3028e+00 -4.8493e-01 -2.0649e+00 +1.7695e+00 +2.0255e+00 +4.0696e-01 +3.5201e-01 +3.4006e-01 +2.4969e+00 -7.2626e-02
33 +8.965317334e+00 +8.965317334e+00 +2.229753173e+02 +2.229753173e+02 +2.6348e+00 +9.4147e-01 +3.0384e+00 +8.6197e-01 -1.6980e-01 +3.7065e+00 -2.7288e+00 +9.4848e-01 +1.6980e-01 -2.0418e+00
1609 +8.176188594e+00 +8.176188594e+00 +2.221861886e+02 +2.221861886e+02 +5.9892e-01 -3.7267e-01 -3.9016e+00 -2.0413e+00 -2.0407e+00 -2.8606e+00 +2.4379e+00 -2.2047e+00 +3.6797e+00 +2.8038e+00
3375 +7.455712444e+00 +7.455712444e+00 +2.214657124e+02 +2.214657124e+02 -9.4271e-01 +9.8446e-01 -3.0508e+00 +3.0385e-01 -1.1848e+00 -1.1089e+00 +3.3993e+00 -3.0926e+00 +1.8330e+00 +6.2765e-01
17398 +6.657544661e+00 +6.657544661e+00 +2.206675447e+02 +2.206675447e+02 +1.2532e-01 +2.5149e+00 -1.8438e+00 +1.3371e+00 -7.5763e-01 -4.0373e+00 +4.6844e-01 -2.8574e+00 +4.0404e-01 -9.8973e-01
24284 +6.286661022e+00 +6.286661022e+00 +2.202966610e+02 +2.202966610e+02 +2.4613e+00 -3.5565e+00 +1.4011e-01 +4.8789e-01 +8.0948e-01 +1.7006e+00 -1.3433e+00 +2.9404e+00 -1.8566e+00 -2.5214e+00
31933 +6.066266624e+00 +6.066266624e+00 +2.200762666e+02 +2.200762666e+02 +2.0402e-01 +1.3108e+00 +1.4180e+00 +6.3374e-01 -1.5693e+00 +1.4003e+00 +4.5104e-01 +6.0090e-01 +1.0814e+00 -1.6988e+00
105602 +5.860820115e+00 +5.860820115e+00 +2.198708201e+02 +2.198708201e+02 -2.2629e-01 -9.3220e-02 +3.5833e-01 +1.1703e+00 +1.4705e+00 +5.2582e-01 -2.3666e+00 -9.9887e-02 -1.1405e-01 -4.5134e-01
186045 +5.272544761e+00 +5.272544761e+00 +2.192825448e+02 +2.192825448e+02 -2.2480e+00 -1.2797e+00 -6.6515e-01 -3.9598e-03 -3.4826e+00 -5.3200e-01 +3.0372e+00 -1.5590e-01 +1.7121e+00 -2.5217e+00
524829 +5.215684926e+00 +5.215684926e+00 +2.192256849e+02 +2.192256849e+02 -1.1889e+00 +9.7557e-01 -6.1088e-02 +2.5121e+00 +1.5603e+00 -2.7447e+00 -4.1297e-02 +3.4001e-01 +1.0865e+00 +7.6286e-01
578019 +3.198042099e+00 +3.198042099e+00 +2.172080421e+02 +2.172080421e+02 +3.9020e-01 -2.4816e-01 -3.2781e+00 +8.4963e-01 -2.9452e-03 -4.5442e+00 +2.0534e+00 -3.3150e+00 -6.2910e-01 +2.5027e+00
9777284 +2.550671768e+00 +2.550671768e+00 +2.165606718e+02 +2.165606718e+02 -1.6806e-02 -5.7794e-01 -7.8278e-01 -2.9412e+00 +3.1598e-01 -7.2246e-01 +2.1216e+00 -1.5296e+00 +1.7616e+00 -3.2082e-01
48573371 +2.272103963e+00 +2.272103963e+00 +2.162821040e+02 +2.162821040e+02 +1.1455e-01 -1.3230e+00 -1.6602e+00 -2.7623e+00 +4.1185e-01 -8.8791e-01 +3.1090e+00 -2.1704e+00 +2.3088e+00 +1.0466e+00
% function evaluation | noise-free fitness - Fopt (-5.848000000000e+01) | best noise-free fitness - Fopt | measured fitness | best measured fitness | x1 | x2...
1 +5.526106981e+01 +5.526106981e+01 -3.218930189e+00 -3.218930189e+00 -7.6134e-01 -4.4908e+00 -5.1179e-01 +3.5637e+00 +4.2092e+00 -4.7888e+00 +1.8790e+00 -3.0329e-01 +1.2133e+00 +6.3124e-01
4 +1.888613741e+01 +1.888613741e+01 -3.959386259e+01 -3.959386259e+01 +2.0137e+00 -5.1713e-01 -4.4400e+00 -4.5686e+00 -6.6014e-01 +3.8410e+00 +2.3554e+00 -1.8285e+00 -2.4320e+00 +1.7079e+00
22 +1.686182523e+01 +1.686182523e+01 -4.161817477e+01 -4.161817477e+01 +1.0301e+00 -4.3928e+00 -2.7469e+00 +6.5062e-01 -2.6243e+00 +5.3360e-01 -1.5324e+00 +2.7069e+00 +9.4460e-01 -3.9001e-01
25 +1.468643527e+01 +1.468643527e+01 -4.379356473e+01 -4.379356473e+01 +2.0151e+00 -1.6456e+00 -1.0598e+00 +3.7139e+00 +2.0349e+00 -1.4738e+00 +1.9532e+00 -7.4032e-01 -4.9787e-01 +1.5289e+00
54 +1.086231933e+01 +1.086231933e+01 -4.761768067e+01 -4.761768067e+01 +3.4627e+00 -9.7495e-01 +3.3732e-01 +2.8263e-01 +1.9604e+00 +7.6521e-01 -2.0177e+00 -3.0827e-01 -2.0686e+00 -1.5461e-01
1421 +1.047853774e+01 +1.047853774e+01 -4.800146226e+01 -4.800146226e+01 +3.2976e+00 -1.6746e+00 +7.0086e-01 -2.9428e+00 +1.2992e+00 +4.4260e+00 -4.0988e+00 -2.2068e-01 +1.3251e+00 +1.7479e+00
2410 +1.020568228e+01 +1.020568228e+01 -4.827431772e+01 -4.827431772e+01 +4.3488e-01 -3.8900e-01 -4.0313e-02 -2.6128e+00 -3.2517e+00 +4.4560e+00 -2.7924e+00 +2.5068e+00 +2.9838e-01 +5.4134e-01
3986 +9.197161759e+00 +9.197161759e+00 -4.928283824e+01 -4.928283824e+01 +2.5287e+00 -2.6019e+00 -5.9161e-01 -1.5846e+00 -3.0884e+00 +4.1458e+00 -1.5410e+00 +3.9852e-01 +4.9018e-01 +1.6174e+00
4028 +7.655745943e+00 +7.655745943e+00 -5.082425406e+01 -5.082425406e+01 +1.3111e+00 +1.6607e+00 +1.8842e+00 +1.1486e+00 +8.1373e-01 +3.9437e-01 +3.8329e-01 +1.0116e+00 +1.8693e-01 +1.7876e+00
13864 +7.496119533e+00 +7.496119533e+00 -5.098388047e+01 -5.098388047e+01 +2.0772e-01 -1.6046e+00 -2.0585e+00 +3.0483e+00 +1.3751e+00 +3.6370e-01 -1.5116e-01 +1.1843e+00 +1.0759e+00 -1.2363e+00
22011 +5.338286874e+00 +5.338286874e+00 -5.314171313e+01 -5.314171313e+01 -1.8843e+00 +8.5123e-01 +2.5819e+00 -1.0105e+00 -2.1554e+00 +2.0659e+00 -2.7124e-02 +5.9840e-01 -2.0003e-01 +6.5679e-01
233085 +5.080601636e+00 +5.080601636e+00 -5.339939836e+01 -5.339939836e+01 -5.0720e-01 -1.0603e+00 +2.5902e-01 -1.9279e+00 +7.6629e-01 -3.0359e-01 -1.0311e+00 -1.3609e+00 +9.8470e-01 +9.3851e-01
318913 +3.969338741e+00 +3.969338741e+00 -5.451066126e+01 -5.451066126e+01 +4.5970e-01 +2.6516e-01 -5.9458e-01 +1.3993e+00 -2.5570e+00 +1.3819e+00 -7.5557e-01 +2.8511e+00 -1.9561e+00 -9.6904e-01
1594098 +3.181438410e+00 +3.181438410e+00 -5.529856159e+01 -5.529856159e+01 -1.5637e+00 -4.3964e-01 +6.7058e-01 +4.1234e-01 +9.4361e-01 -2.2927e+00 +3.5119e-01 -3.7938e-01 +2.9706e-01 +4.9983e-01
5601863 +3.134426995e+00 +3.134426995e+00 -5.534557301e+01 -5.534557301e+01 +1.1340e+00 -7.2240e-01 +2.5660e+00 -1.5985e+00 -1.8159e-01 +3.0037e+00 -5.8040e-01 +1.5241e+00 +6.1237e-01 +7.6514e-01
12824625 +2.019386392e+00 +2.019386392e+00 -5.646061361e+01 -5.646061361e+01 +2.0680e+00 -1.2971e+00 -4.6272e-01 +1.4126e+00 +9.6024e-01 +2.8824e+00 -4.0384e-01 +3.0146e-01 +1.5619e+00 -3.2677e-01
% function evaluation | noise-free fitness - Fopt (-6.130800000000e+02) | best noise-free fitness - Fopt | measured fitness | best measured fitness | x1 | x2...
1 +2.088448498e+01 +2.088448498e+01 -5.921955150e+02 -5.921955150e+02 +3.2036e-01 -3.0370e+00 -3.8515e-01 +2.1971e+00 +1.8087e+00 -1.5269e+00 -2.3411e+00 +2.1655e+00 -1.5320e+00 +2.4253e+00
17 +1.984377398e+01 +1.984377398e+01 -5.932362260e+02 -5.932362260e+02 +3.7637e+00 +3.1735e+00 -1.9275e+00 +1.1522e-01 +2.1140e+00 -3.1732e+00 -3.5117e+00 -3.8354e+00 +7.9921e-01 -5.2157e-02
47 +1.746112972e+01 +1.746112972e+01 -5.956188703e+02 -5.956188703e+02 +2.4234e+00 -6.2457e-01 +4.5010e+00 +2.1113e+00 -3.4403e-02 +3.0895e+00 +4.2789e+00 +4.7967e+00 -1.7781e+00 -6.0894e-01
90 +1.713744613e+01 +1.713744613e+01 -5.959425539e+02 -5.959425539e+02 -3.5762e+00 -1.5810e-01 -5.8746e-01 -7.1572e-01 -3.5348e+00 -2.0370e+00 -6.8012e-01 +2.7506e+00 +7.7523e-01 -1.5716e+00
101 +1.103633616e+01 +1.103633616e+01 -6.020436638e+02 -6.020436638e+02 +2.4275e-01 -2.2634e+00 -2.5113e+00 -1.8406e+00 -2.0978e+00 +3.0623e-01 -2.9681e+00 -2.1579e+00 +2.3072e+00 -2.6625e-01
894 +1.000804380e+01 +1.000804380e+01 -6.030719562e+02 -6.030719562e+02 +6.9889e-01 +7.4247e-02 -1.8358e+00 -2.3046e+00 +1.6490e+00 +1.8872e+00 -2.3147e+00 +6.1633e-01 -9.1286e-01 -7.5708e-01
2851 +9.452210658e+00 +9.452210658e+00 -6.036277893e+02 -6.036277893e+02 +3.9323e+00 +2.3204e-01 -3.9325e+00 -3.1107e+00 -2.7469e+00 -4.6430e+00 -4.2714e+00 -6.9071e-01 +3.5272e+00 -1.4751e+00
3285 +7.774979229e+00 +7.774979229e+00 -6.053050208e+02 -6.053050208e+02 -2.7861e+00 -3.9660e-01 +2.2096e+00 -5.7303e-01 +3.2166e-01 +4.9146e+00 +2.7962e+00 +6.6959e-01 -4.9602e-02 -1.4258e+00
4809 +7.249007187e+00 +7.249007187e+00 -6.058309928e+02 -6.058309928e+02 -1.1119e+00 -1.4301e+00 +1.8635e+00 -4.9714e-01 -1.1881e-01 +8.1857e-01 +3.3004e+00 +8.7967e-01 -2.5542e+00 +4.8958e-01
9066 +6.019568733e+00 +6.019568733e+00 -6.070604313e+02 -6.070604313e+02 +9.1375e-01 +3.2155e-01 -1.1378e+00 -1.5199e+00 -5.3064e-02 +1.0326e-01 -1.2993e+00 +7.1757e-01 -1.3209e+00 +6.5130e-01
90334 +4.018382666e+00 +4.018382666e+00 -6.090616173e+02 -6.090616173e+02 +1.8924e-01 -1.8761e+00 +1.9688e+00 +7.6177e-02 +2.3751e+00 +6.8926e-01 +1.2256e+00 -1.7081e-01 +8.7424e-01 -7.4026e-01
1202125 +3.937181857e+00 +3.937181857e+00 -6.091428181e+02 -6.091428181e+02 -3.7303e+00 -2.2730e-01 +3.3658e+00 +3.8256e-01 -3.8031e-01 -2.4931e-01 +4.9501e+00 +2.1387e-01 -7.1365e-01 +5.2981e-01
4968069 +3.731887929e+00 +3.731887929e+00 -6.093481121e+02 -6.093481121e+02 +3.1952e-01 -1.0282e+00 +2.3070e-01 +2.2574e+00 +1.2265e+00 +4.8154e-01 -1.6296e-01 +8.9591e-01 -1.4728e-01 +6.7260e-01
5994246 +3.655994610e+00 +3.655994610e+00 -6.094240054e+02 -6.094240054e+02 -2.4655e+00 -4.3535e-01 +7.8296e-01 +9.9715e-01 +2.5805e+00 +4.2876e+00 +3.8578e+00 -5.4399e-01 -1.4377e+00 -2.4242e+00
7008380 +2.840006468e+00 +2.840006468e+00 -6.102399935e+02 -6.102399935e+02 +4.4601e-01 -6.9532e-01 +1.4095e-01 +1.3279e+00 -1.3742e+00 +2.6699e+00 +2.8211e+00 +2.5882e+00 -1.1523e-01 +1.3720e+00
20684175 +2.668661208e+00 +2.668661208e+00 -6.104113388e+02 -6.104113388e+02 +6.9247e-01 +3.9284e-01 +5.3790e-01 +1.6716e+00 -1.2530e+00 +1.8185e+00 +3.1382e-01 +2.3541e+00 +1.5529e+00 -1.9817e-01
38635702 +2.587692391e+00 +2.587692391e+00 -6.104923076e+02 -6.104923076e+02 -2.1902e+00 -9.0752e-01 +1.5858e+00 +1.0826e+00 +1.3386e+00 +6.3602e-01 +2.7256e+00 +1.4574e+00 -1.0655e+00 -1.8738e-01
45492484 +1.894457168e+00 +1.894457168e+00 -6.111855428e+02 -6.111855428e+02 -1.5944e+00 -1.7851e+00 +3.1536e+00 +1.4097e+00 +3.4114e+00 +3.0412e+00 +2.9083e+00 +3.3211e-01 -1.0830e+00 -4.4542e-01
% function evaluation | noise-free fitness - Fopt (3.670000000000e+01) | best noise-free fitness - Fopt | measured fitness | best measured fitness | x1 | x2...
1 +3.734739606e+01 +3.734739606e+01 +7.404739606e+01 +7.404739606e+01 -3.6889e+00 -3.5409e+00 +3.3750e+00 -2.1308e+00 -3.6788e+00 +1.1209e+00 -2.6497e+00 +3.5221e+00 -6.1334e-01 +2.6083e+00
4 +2.962341058e+01 +2.962341058e+01 +6.632341058e+01 +6.632341058e+01 +2.3304e+00 -9.0782e-01 +2.2870e-01 +3.8325e+00 -2.1289e+00 +4.7153e+00 -1.4402e+00 -1.3788e+00 +4.6513e+00 +4.1473e+00
6 +2.846854825e+01 +2.846854825e+01 +6.516854825e+01 +6.516854825e+01 +4.6045e+00 -1.0828e+00 +2.9880e+00 -2.9553e+00 +3.7278e+00 -3.6433e+00 -1.3892e-02 +2.0886e+00 -1.9094e+00 -2.7835e-01
8 +2.571993805e+01 +2.571993805e+01 +6.241993805e+01 +6.241993805e+01 +4.3725e+00 +2.9221e+00 +1.1874e+00 +3.0483e+00 -3.3035e+00 -6.9974e-01 +1.6487e+00 +7.7037e-01 +1.2781e+00 +2.0436e+00
15 +2.435357604e+01 +2.435357604e+01 +6.105357604e+01 +6.105357604e+01 -2.9998e+00 -2.9358e+00 -4.5336e+00 +4.9159e-02 -1.3516e+00 +1.3812e+00 +1.5595e+00 +6.6689e-01 -2.9423e+00 -6.1175e-01
17 +2.343578770e+01 +2.343578770e+01 +6.013578770e+01 +6.013578770e+01 -1.8085e+00 -3.2935e-01 +2.5807e+00 +2.2623e-01 -2.0556e+00 +2.1755e-03 -5.1413e-01 +4.2963e+00 +2.5083e+00 -4.3587e+00
32 +2.271601715e+01 +2.271601715e+01 +5.941601715e+01 +5.941601715e+01 -7.1531e-01 -2.8444e+00 -2.0970e+00 -2.7294e+00 +1.8592e+00 -1.8761e+00 -5.5419e-01 -1.5234e+00 +1.3490e+00 -4.1417e+00
35 +1.908020503e+01 +1.908020503e+01 +5.578020503e+01 +5.578020503e+01 +1.0568e+00 -3.1565e-01 -5.1603e-01 -3.3412e+00 -3.0628e-01 +7.9206e-01 +5.6025e-01 -7.8852e-01 +3.8837e+00 -3.8532e+00
36 +1.541267171e+01 +1.541267171e+01 +5.211267171e+01 +5.211267171e+01 -4.9495e+00 +2.4400e+00 +3.0501e+00 +2.9165e-01 -1.7751e+00 -4.2927e+00 -1.4642e+00 +2.7083e+00 -4.7647e+00 +2.7007e+00
95 +8.220421494e+00 +8.220421494e+00 +4.492042149e+01 +4.492042149e+01 -2.7983e-01 +9.3320e-01 +2.7489e+00 -1.6906e+00 +3.8263e-02 -3.2418e+00 -1.1404e+00 +1.7303e+00 +2.9890e+00 -7.1021e-01
7683 +7.973329351e+00 +7.973329351e+00 +4.467332935e+01 +4.467332935e+01 +3.1519e-01 -6.1469e-01 -9.3385e-01 -2.4783e-01 -2.7112e-01 +4.7410e+00 -3.4019e+00 -3.1520e+00 +3.8715e+00 -6.6289e-01
20636 +7.769521878e+00 +7.769521878e+00 +4.446952188e+01 +4.446952188e+01 +3.5524e+00 -3.3070e+00 -1.5910e-01 +6.8228e-01 -1.7507e+00 +4.8862e+00 -1.9799e+00 -2.4346e+00 +1.1497e+00 -1.0179e+00
24561 +7.272478556e+00 +7.272478556e+00 +4.397247856e+01 +4.397247856e+01 +2.2748e+00 -1.6613e+00 -7.6738e-01 +2.7698e+00 -4.0242e-01 +1.6966e+00 -1.8474e-01 -1.3554e+00 -1.3125e+00 +8.2072e-01
27757 +4.621741554e+00 +4.621741554e+00 +4.132174155e+01 +4.132174155e+01 +2.0674e+00 -9.0202e-01 -2.2263e+00 +1.3950e+00 -4.3105e-01 +1.4817e+00 -2.9607e+00 -4.9473e-01 +1.1020e+00 -1.9208e+00
339016 +4.405921380e+00 +4.405921380e+00 +4.110592138e+01 +4.110592138e+01 +2.0610e+00 +1.8025e-01 +4.7935e-01 -1.4695e+00 -1.6112e+00 -1.5866e+00 +9.0682e-01 +5.7645e-01 +1.1227e+00 +1.5694e-01
1564990 +3.597623804e+00 +3.597623804e+00 +4.029762380e+01 +4.029762380e+01 +1.1654e+00 -1.0616e-01 +5.2348e-01 -1.2727e+00 -4.0816e-02 +2.0747e-01 +4.9205e-02 -1.6755e+00 -1.6133e+00 +1.9076e+00
4071433 +3.520366768e+00 +3.520366768e+00 +4.022036677e+01 +4.022036677e+01 +1.6482e+00 +1.2247e+00 -1.5007e+00 +1.9507e+00 -1.2356e+00 +7.2001e-01 +2.0042e+00 +2.5403e-01 +7.6055e-01 +6.3314e-01
4118661 +2.965245753e+00 +2.965245753e+00 +3.966524575e+01 +3.966524575e+01 +7.2736e-01 -1.9448e+00 -1.0654e+00 +9.9490e-01 -5.5436e-01 +1.3043e+00 -8.1120e-01 -1.3601e+00 -7.7224e-01 +7.6108e-01
14788445 +1.976491601e+00 +1.976491601e+00 +3.867649160e+01 +3.867649160e+01 +3.5211e-01 +1.5477e-01 +9.0013e-01 -1.4086e+00 -2.7609e+00 -1.4824e+00 +5.3059e-01 +6.4041e-01 -2.7456e-01 -8.8482e-01
% function evaluation | noise-free fitness - Fopt (-3.813000000000e+01) | best noise-free fitness - Fopt | measured fitness | best measured fitness | x1 | x2...
1 +2.246434308e+01 +2.246434308e+01 -1.566565692e+01 -1.566565692e+01 +3.0411e+00 -1.7772e+00 +1.9933e+00 -3.9646e+00 -5.4816e-01 +2.7459e+00 +4.2324e+00 -2.2207e+00 -2.6304e+00 +3.4453e+00
5 +1.511361674e+01 +1.511361674e+01 -2.301638326e+01 -2.301638326e+01 +1.6510e+00 -2.8442e-01 -2.8233e-01 -1.8123e+00 +2.6985e-01 +3.1005e+00 -3.2259e+00 +1.2575e-01 +4.6268e+00 +7.1298e-01
41 +1.180759080e+01 +1.180759080e+01 -2.632240920e+01 -2.632240920e+01 -1.5075e+00 -3.5593e-01 +8.8782e-01 -1.0594e+00 +2.7069e+00 +2.5850e+00 +1.2266e+00 -5.4439e-01 +1.7695e+00 +8.1699e-01
66 +1.173660990e+01 +1.173660990e+01 -2.639339010e+01 -2.639339010e+01 +2.0712e+00 +1.2164e+00 -1.0098e+00 -1.3760e+00 +6.3079e-01 +3.1427e+00 +1.0583e-01 +1.0492e+00 +2.8500e+00 -3.2720e+00
1242 +1.084899757e+01 +1.084899757e+01 -2.728100243e+01 -2.728100243e+01 +1.1517e+00 -3.7013e-01 -4.8204e+00 +1.3602e+00 +5.4876e-01 -2.2760e+00 -2.8095e+00 +1.6866e+00 +3.2184e+00 -6.3956e-01
2102 +9.896873739e+00 +9.896873739e+00 -2.823312626e+01 -2.823312626e+01 -3.2266e+00 +2.6971e-01 -8.2787e-01 -4.4734e-02 +1.7517e+00 +1.8915e+00 +1.3644e+00 -2.7241e+00 -4.0537e+00 +3.5383e+00
2192 +7.319348711e+00 +7.319348711e+00 -3.081065129e+01 -3.081065129e+01 +1.7895e+00 -6.1469e-01 +1.6452e+00 +3.1264e+00 -1.0935e+00 -2.0079e+00 +6.7366e-01 -1.8149e+00 -2.8923e+00 +2.9279e+00
3815 +5.769211958e+00 +5.769211958e+00 -3.236078804e+01 -3.236078804e+01 -1.6946e+00 -2.0542e+00 +3.4547e+00 -1.4155e+00 -1.9537e+00 -2.9875e+00 +1.4148e+00 -5.8220e-01 -3.1027e+00 +1.3356e+00
39391 +5.596138165e+00 +5.596138165e+00 -3.253386184e+01 -3.253386184e+01 -1.1784e+00 -1.7997e+00 -1.3638e+00 -5.8149e-01 -1.7761e+00 +4.6524e-01 -1.0171e+00 -1.8294e+00 +1.3797e+00 -9.6530e-01
127969 +5.159472991e+00 +5.159472991e+00 -3.297052701e+01 -3.297052701e+01 +8.8469e-01 -1.8533e+00 -3.3078e+00 +1.6905e-01 +8.3624e-01 -5.0388e-01 +1.2221e+00 +6.0289e-01 +1.6130e+00 -1.0614e+00
143626 +4.891306306e+00 +4.891306306e+00 -3.323869369e+01 -3.323869369e+01 +3.5699e-01 -2.1179e+00 +2.2115e+00 +1.4019e+00 +1.4985e+00 -8.3768e-01 -7.7317e-01 -3.6448e-01 -1.0059e+00 -7.9843e-01
337419 +3.500373428e+00 +3.500373428e+00 -3.462962657e+01 -3.462962657e+01 +1.1414e+00 -4.8240e-01 +3.1189e-02 +1.5386e+00 +1.8393e+00 -1.8242e+00 +4.8952e-02 -1.7474e+00 -1.8570e-01 +1.6224e+00
2159638 +2.954944545e+00 +2.954944545e+00 -3.517505546e+01 -3.517505546e+01 -9.1134e-01 -1.0753e+00 -2.2913e+00 -1.2308e+00 -2.1976e+00 +2.2477e+00 +8.9890e-01 -5.2898e-02 +3.4563e+00 -7.1193e-01
26905315 +2.854008099e+00 +2.854008099e+00 -3.527599190e+01 -3.527599190e+01 -1.2991e+00 +1.0203e+00 +8.2577e-02 +4.5213e-01 +5.9624e-02 -4.5280e-01 -1.4938e+00 +2.5801e-01 -2.9981e-01 -7.4765e-01
31078354 +2.747541707e+00 +2.747541707e+00 -3.538245829e+01 -3.538245829e+01 -7.1994e-01 +1.1916e+00 +1.4060e+00 -9.2322e-01 -8.7295e-01 +1.9140e+00 -6.5650e-01 +3.4372e-01 -3.5565e-01 +7.2457e-01
65484384 +2.654594134e+00 +2.654594134e+00 -3.547540587e+01 -3.547540587e+01 +3.7815e-01 +1.5023e+00 -3.3626e+00 -2.3910e+00 +1.9808e+00 -9.9617e-01 -3.4374e+00 +1.2264e+00 +4.3903e+00 -2.7408e+00
% function evaluation | noise-free fitness - Fopt (9.992000000000e+01) | best noise-free fitness - Fopt | measured fitness | best measured fitness | x1 | x2...
1 +7.139852381e+01 +7.139852381e+01 +1.713185238e+02 +1.713185238e+02 +4.7300e+00 +9.5821e-01 -4.9485e+00 +2.7163e+00 +3.5238e+00 +4.2237e+00 +4.0536e+00 +2.1707e+00 +9.7791e-02 -1.0044e+00
2 +4.223119278e+01 +4.223119278e+01 +1.421511928e+02 +1.421511928e+02 +4.8035e+00 +1.3902e+00 -2.2732e+00 +1.9432e+00 +4.7224e+00 +2.5072e+00 +3.7689e+00 +3.2086e+00 +8.2022e-03 -6.7291e-01
4 +4.147915452e+01 +4.147915452e+01 +1.413991545e+02 +1.413991545e+02 +4.5104e+00 -3.0834e+00 +4.1306e-01 +1.6556e+00 -1.5507e+00 -1.8970e+00 -4.1128e+00 +1.4641e+00 +1.5889e+00 +1.5883e+00
5 +2.345604905e+01 +2.345604905e+01 +1.233760490e+02 +1.233760490e+02 -1.9421e+00 +1.4696e+00 +3.6027e+00 -3.7329e-02 +2.1090e+00 +3.9099e+00 -4.2031e+00 -2.8954e-01 +8.8486e-01 -5.7482e-01
14 +1.640264584e+01 +1.640264584e+01 +1.163226458e+02 +1.163226458e+02 -8.6186e-01 +1.3677e-02 +9.0997e-01 -2.1727e+00 +3.1273e+00 -7.5750e-01 -1.6779e+00 -3.4629e+00 -3.6941e+00 -3.3698e-01
40 +7.909003242e+00 +7.909003242e+00 +1.078290032e+02 +1.078290032e+02 -5.5737e-01 +1.0300e+00 -9.2398e-02 +9.1929e-01 +2.9504e+00 -1.0269e+00 -1.8464e+00 -4.0039e-01 +3.5523e+00 +1.6045e+00
162 +6.548544556e+00 +6.548544556e+00 +1.064685446e+02 +1.064685446e+02 -3.1659e+00 -9.8544e-01 -1.4742e+00 -2.3680e+00 -3.7963e-01 -5.2159e-01 +1.7964e+00 -9.4434e-01 -4.1826e+00 +1.9583e+00
7369 +5.930284559e+00 +5.930284559e+00 +1.058502846e+02 +1.058502846e+02 -5.3108e-01 +8.1408e-01 -1.1101e-01 -1.2247e+00 +2.1302e-01 -2.5889e-01 -3.2485e+00 +1.0486e+00 -3.5989e-01 -9.7762e-01
104586 +5.477740804e+00 +5.477740804e+00 +1.053977408e+02 +1.053977408e+02 -9.3063e-01 -1.3251e+00 -6.8064e-01 -2.7486e+00 +7.2683e-01 -2.4456e+00 +1.5135e+00 +3.5923e-01 -4.5931e-02 -1.3004e+00
116591 +5.302026379e+00 +5.302026379e+00 +1.052220264e+02 +1.052220264e+02 -1.2462e-01 +6.6011e-01 -1.2067e+00 -3.2989e-01 -1.8771e+00 -3.8869e-01 +8.8677e-01 -4.5489e-01 -3.5407e+00 +3.1123e+00
161832 +5.048454122e+00 +5.048454122e+00 +1.049684541e+02 +1.049684541e+02 -1.8898e-01 +1.0212e+00 -1.1865e+00 -3.8805e+00 -1.5606e-01 +1.5800e+00 +1.8429e-01 +2.0852e+00 -4.3676e+00 -1.2016e-01
186331 +5.000437426e+00 +5.000437426e+00 +1.049204374e+02 +1.049204374e+02 -1.6408e+00 +3.7568e+00 -3.4053e-01 +3.8918e-01 +2.5961e+00 -2.3019e-01 -4.2925e-01 +5.3003e-01 -2.4347e+00 +7.8347e-01
451898 +4.879294951e+00 +4.879294951e+00 +1.047992950e+02 +1.047992950e+02 -9.4178e-01 -1.6870e+00 +8.3807e-01 +3.9848e-01 -1.4371e-01 -4.5322e-01 -3.8676e-01 +1.3307e+00 -2.4996e-01 -7.6297e-01
726392 +4.019675582e+00 +4.019675582e+00 +1.039396756e+02 +1.039396756e+02 +2.5842e-01 +1.4427e+00 -1.3433e+00 -1.1539e+00 +2.6130e+00 -2.8314e+00 -1.7953e+00 +3.2902e-01 +1.0667e+00 +5.8978e-01
1927433 +3.782549694e+00 +3.782549694e+00 +1.037025497e+02 +1.037025497e+02 -7.3015e-01 +3.8618e+00 -1.1088e+00 -1.1316e+00 +2.2586e+00 +4.1582e-01 +9.0602e-01 +1.4085e+00 -3.1614e+00 +7.0863e-01
2537709 +3.252661850e+00 +3.252661850e+00 +1.031726619e+02 +1.031726619e+02 -2.4310e+00 -2.4154e-01 +1.3535e+00 +1.7142e+00 +1.1511e+00 -3.5902e+00 +6.7132e-01 +5.7176e-01 +1.7157e+00 -1.1654e+00
2608237 +3.007278050e+00 +3.007278050e+00 +1.029272781e+02 +1.029272781e+02 -2.1757e+00 -1.0422e+00 -9.4249e-01 -2.7277e+00 +1.0653e+00 +1.2151e-01 +4.3692e-01 +4.7872e-01 -1.0058e+00 -1.9091e+00
16253908 +2.761196706e+00 +2.761196706e+00 +1.026811967e+02 +1.026811967e+02 -8.2972e-01 -2.1844e+00 -1.8257e+00 -4.7637e-01 -2.2724e-01 -8.8362e-01 -5.6396e-01 -1.2329e+00 -4.5229e+00 -6.1014e-01
39337844 +2.636943222e+00 +2.636943222e+00 +1.025569432e+02 +1.025569432e+02 +7.0930e-02 +1.7345e-01 -2.3253e-03 +6.0843e-02 -7.2618e-01 +4.8283e-01 +3.1408e-01 +5.6383e-01 -1.9467e-01 +9.6532e-02
76764252 +2.491003749e+00 +2.491003749e+00 +1.024110037e+02 +1.024110037e+02 -1.0909e+00 +8.2325e-01 -1.5846e+00 -3.2348e-01 +1.1242e+00 +1.9047e+00 +3.9952e-01 -2.6806e+00 -2.9777e-01 -3.1774e-03
% function evaluation | noise-free fitness - Fopt (-1.791000000000e+01) | best noise-free fitness - Fopt | measured fitness | best measured fitness | x1 | x2...
1 +2.142306676e+01 +2.142306676e+01 +3.513066756e+00 +3.513066756e+00 +2.7868e+00 -3.1822e-01 -2.5855e+00 -3.1578e+00 +2.3753e+00 +1.0724e+00 +2.0147e-02 +1.3197e+00 +7.8118e-01 +3.4882e+00
25 +1.908234077e+01 +1.908234077e+01 +1.172340774e+00 +1.172340774e+00 +4.6384e+00 +1.2661e+00 +4.1637e+00 -1.4379e+00 -1.3664e+00 +1.3516e+00 -4.9410e+00 +2.7651e+00 -2.5196e+00 -2.1752e+00
157 +1.676987888e+01 +1.676987888e+01 -1.140121116e+00 -1.140121116e+00 +2.5918e+00 +2.7413e-01 +7.9526e-01 -4.1567e+00 +9.8010e-01 -2.0096e+00 +2.4092e+00 -1.1689e+00 -1.5725e+00 -1.8311e+00
167 +1.607382595e+01 +1.607382595e+01 -1.836174046e+00 -1.836174046e+00 -9.4455e-01 +2.0810e-02 -2.6562e+00 -3.8307e+00 -6.2501e-02 -3.0464e-01 +7.1095e-01 +5.2055e-01 -4.7270e+00 +3.3723e+00
169 +1.559948187e+01 +1.559948187e+01 -2.310518131e+00 -2.310518131e+00 -3.2867e-01 +1.3913e+00 -1.7090e+00 -2.2535e+00 -7.6225e-01 +6.0977e-01 +3.9036e+00 +3.1511e+00 -2.5900e+00 +3.6299e+00
404 +1.397116184e+01 +1.397116184e+01 -3.938838161e+00 -3.938838161e+00 -2.7275e-01 +2.0635e+00 +1.5487e+00 -1.6209e-01 +6.0592e-01 +3.4378e+00 -2.5574e+00 -2.7104e+00 -1.0131e+00 +6.2950e-01
476 +1.273499548e+01 +1.273499548e+01 -5.175004519e+00 -5.175004519e+00 -1.1933e+00 +1.0378e+00 +3.5004e-01 +1.8774e+00 -8.8222e-01 +1.7999e+00 -3.3845e+00 -1.9265e-01 -3.3457e+00 -2.2697e+00
716 +1.211715122e+01 +1.211715122e+01 -5.792848776e+00 -5.792848776e+00 +1.3846e+00 -9.4368e-02 -2.4976e+00 -4.7122e-01 -1.1441e+00 -9.4672e-02 -3.9216e+00 -2.8365e+00 -2.1864e+00 -1.4857e+00
1233 +1.044082832e+01 +1.044082832e+01 -7.469171683e+00 -7.469171683e+00 -3.1600e+00 -2.0750e+00 -2.4886e+00 +2.3094e+00 +3.4006e+00 -1.8295e+00 +4.5016e+00 +7.4244e-01 -3.7068e+00 +2.2975e+00
1294 +8.248586335e+00 +8.248586335e+00 -9.661413665e+00 -9.661413665e+00 -4.3928e+00 -1.7796e-01 -7.3630e-01 +1.0894e+00 +7.3837e-01 -2.1731e+00 +3.6381e+00 +4.0217e-01 -2.1930e+00 +2.2989e-01
12641 +7.214769333e+00 +7.214769333e+00 -1.069523067e+01 -1.069523067e+01 -8.4581e-01 -4.2261e-01 -1.5240e+00 -1.1398e+00 +5.3376e-01 +8.8600e-02 -4.2032e-01 +2.0890e+00 -6.7000e-01 -3.1483e-01
22432 +6.309513044e+00 +6.309513044e+00 -1.160048696e+01 -1.160048696e+01 +1.0234e+00 -1.8972e+00 -5.4730e-01 +2.9600e-01 -1.2486e+00 +1.1177e-01 +3.7135e+00 +9.3578e-01 -2.2015e+00 -4.2208e-01
37979 +5.294744152e+00 +5.294744152e+00 -1.261525585e+01 -1.261525585e+01 +4.1291e-01 +2.0740e+00 +2.2060e+00 -1.8980e+00 +7.9330e-01 +1.0012e-01 +5.4662e-01 +1.5345e-01 +7.2711e-01 -1.7152e-01
74917 +3.725174445e+00 +3.725174445e+00 -1.418482555e+01 -1.418482555e+01 +6.0575e-01 +6.8572e-01 -1.2581e+00 -3.1323e+00 +9.8653e-01 -1.1754e+00 -2.4880e+00 +7.2741e-01 +6.1938e-01 -8.0942e-01
162296 +3.710304839e+00 +3.710304839e+00 -1.419969516e+01 -1.419969516e+01 -2.3692e-01 +5.5389e-01 -7.7851e-01 -7.1684e-01 +2.3563e-01 +1.2491e+00 -3.4660e-01 -3.3721e-01 -1.8089e+00 +2.1337e+00
3071327 +3.606518174e+00 +3.606518174e+00 -1.430348183e+01 -1.430348183e+01 -4.2860e-01 +1.7826e-01 -2.4902e+00 +5.5732e-02 -5.4305e-02 +4.5091e-01 +4.4651e+00 -1.2429e+00 -3.8304e+00 +9.5270e-01
3187008 +3.361491201e+00 +3.361491201e+00 -1.454850880e+01 -1.454850880e+01 -7.3227e-01 +2.3649e+00 +1.2629e+00 -4.6107e-01 -1.0256e+00 -1.4151e-01 +9.2706e-03 +6.2245e-01 -6.0222e-01 +3.9837e-01
10618463 +3.167354571e+00 +3.167354571e+00 -1.474264543e+01 -1.474264543e+01 -2.1329e+00 +1.2989e-01 -3.5187e-01 +2.4527e+00 -6.2577e-01 -6.2832e-01 +8.4829e-01 -7.5521e-01 -2.0153e+00 +5.7093e-01
12747639 +2.927155677e+00 +2.927155677e+00 -1.498284432e+01 -1.498284432e+01 -1.9733e+00 +1.0184e+00 +8.4499e-02 +1.6937e+00 -7.5729e-01 +1.6867e+00 +2.6506e+00 -6.9783e-01 -1.6402e+00 -9.8678e-01
90063215 +1.940437044e+00 +1.940437044e+00 -1.596956296e+01 -1.596956296e+01 -1.8843e-01 +1.0271e+00 -6.9341e-01 -2.0689e-01 -1.2263e+00 -6.4968e-01 +4.1055e-01 -7.4257e-01 -7.7762e-01 +2.3708e+00
% function evaluation | noise-free fitness - Fopt (-1.647700000000e+02) | best noise-free fitness - Fopt | measured fitness | best measured fitness | x1 | x2...
1 +9.250981016e+01 +9.250981016e+01 -7.226018984e+01 -7.226018984e+01 -2.3685e+00 -4.8128e+00 -1.2072e+00 -3.8066e+00 +4.8703e+00 -4.5988e+00 +1.9237e+00 +1.1263e+00 -3.0883e+00 -3.0081e-02
2 +4.204466907e+01 +4.204466907e+01 -1.227253309e+02 -1.227253309e+02 -1.1145e+00 -2.1591e+00 +2.8980e+00 +3.0429e+00 -1.1977e+00 -4.8773e+00 -1.9544e+00 +4.0796e-01 +3.1702e+00 -4.2953e+00
5 +2.367165957e+01 +2.367165957e+01 -1.410983404e+02 -1.410983404e+02 +1.2797e+00 -9.1735e-01 +8.7413e-01 +2.9443e+00 +3.0622e+00 +9.6133e-01 -3.8860e+00 -3.4506e+00 -1.8531e+00 +6.5575e-01
23 +2.243488250e+01 +2.243488250e+01 -1.423351175e+02 -1.423351175e+02 +4.2089e-01 +1.9658e+00 +3.3826e+00 -2.6799e+00 +7.5136e-01 -2.1896e+00 -1.4811e+00 +1.9596e+00 -1.6364e+00 -2.5268e+00
32 +2.190318191e+01 +2.190318191e+01 -1.428668181e+02 -1.428668181e+02 +3.3185e+00 +1.5673e+00 +6.8056e-01 -3.9621e-01 +4.7705e+00 +3.1577e+00 -1.5560e+00 +2.4219e+00 -3.8070e+00 +1.8349e+00
45 +1.728910264e+01 +1.728910264e+01 -1.474808974e+02 -1.474808974e+02 +2.6089e+00 +6.5894e-01 -8.5984e-01 +1.8344e-01 -2.0005e+00 -1.8506e+00 +1.7009e+00 +3.1314e+00 +3.4898e-01 +3.1876e+00
105 +1.472740834e+01 +1.472740834e+01 -1.500425917e+02 -1.500425917e+02 +2.1131e+00 +3.5582e+00 +1.0558e+00 +3.0074e+00 +8.1873e-02 -1.9265e+00 +2.6986e+00 +1.4376e+00 -1.3648e+00 +2.5358e+00
135 +1.217444964e+01 +1.217444964e+01 -1.525955504e+02 -1.525955504e+02 -3.7704e+00 +9.3720e-02 +1.5398e+00 +2.9664e+00 -1.9672e-02 +3.7729e-02 +1.5192e-01 +1.8174e+00 -1.3770e+00 -6.3472e-01
150 +1.088543979e+01 +1.088543979e+01 -1.538845602e+02 -1.538845602e+02 +6.9915e-01 -2.1284e+00 -1.6578e-01 -8.7125e-01 +2.8233e+00 +4.6251e-01 +2.3681e+00 -1.5419e+00 -2.2692e+00 +2.8216e-01
205 +8.831015722e+00 +8.831015722e+00 -1.559389843e+02 -1.559389843e+02 -1.6922e+00 -1.4817e+00 +4.1886e+00 +4.4847e-01 -2.3044e+00 +1.5038e+00 -3.9045e-01 -2.4025e+00 -1.8238e+00 -4.5341e+00
7246 +8.030426320e+00 +8.030426320e+00 -1.567395737e+02 -1.567395737e+02 -6.2964e-01 -1.1847e+00 -3.1030e+00 +8.0030e-01 +1.0639e+00 +2.0988e+00 -1.0214e+00 +1.6824e+00 +1.7074e+00 -1.5639e+00
11670 +5.958919239e+00 +5.958919239e+00 -1.588110808e+02 -1.588110808e+02 -2.9452e+00 -3.4564e+00 +4.2157e+00 -6.2933e-01 +9.3804e-01 +1.8954e+00 +5.7862e-01 +2.0693e-01 +2.0764e+00 -2.7427e+00
62923 +5.864312674e+00 +5.864312674e+00 -1.589056873e+02 -1.589056873e+02 +2.1771e+00 +1.4495e+00 -4.7013e+00 +2.4611e-01 +3.0302e+00 -5.9438e-02 -7.7019e-01 +2.4250e+00 +2.9195e+00 -3.1764e-01
82974 +5.676223772e+00 +5.676223772e+00 -1.590937762e+02 -1.590937762e+02 +3.0070e+00 +1.8033e+00 -2.6474e+00 +1.5532e+00 +2.9740e+00 +1.0190e+00 +2.0097e+00 +3.6546e+00 -5.4670e-01 +5.7776e-01
177326 +4.701565168e+00 +4.701565168e+00 -1.600684348e+02 -1.600684348e+02 +3.2573e+00 +4.5748e+00 -1.4293e+00 -8.8850e-03 +3.9285e+00 -6.3340e-02 -2.0108e-01 +1.9842e+00 -6.5734e-01 -4.5240e-01
334247 +4.229099271e+00 +4.229099271e+00 -1.605409007e+02 -1.605409007e+02 +2.1448e+00 +2.6476e-01 -2.4298e+00 +1.0367e+00 +1.1553e+00 +3.1241e-01 +6.2086e-01 +3.6855e+00 +1.8573e+00 +2.3183e+00
1524445 +3.924433877e+00 +3.924433877e+00 -1.608455661e+02 -1.608455661e+02 -9.8609e-01 +1.9010e+00 -1.1255e+00 -1.9301e-01 -8.6573e-01 +8.2541e-01 +1.8097e+00 +2.5092e+00 -1.1492e+00 +1.5734e+00
1882246 +2.933776972e+00 +2.933776972e+00 -1.618362230e+02 -1.618362230e+02 +8.4281e-02 -4.5961e-01 -1.0370e+00 -1.6726e-01 -3.2929e-01 +1.1522e+00 +8.1877e-01 +1.8405e+00 -1.5393e+00 -4.3569e-01
2658270 +2.464871885e+00 +2.464871885e+00 -1.623051281e+02 -1.623051281e+02 +5.8630e-01 -1.4596e+00 -1.1276e+00 -1.7823e-01 +8.1415e-01 +2.9337e-01 -7.8101e-01 +2.8817e+00 +1.9610e-01 +1.1841e+00
6392748 +2.242129458e+00 +2.242129458e+00 -1.625278705e+02 -1.625278705e+02 +4.3254e+00 +2.5533e+00 -2.8521e+00 -1.9510e-01 +1.5398e+00 -9.7002e-01 -4.6204e-01 +3.0985e+00 -9.1643e-01 +1.2752e+00
62536805 +2.155413726e+00 +2.155413726e+00 -1.626145863e+02 -1.626145863e+02 -1.0279e+00 +4.5605e-01 -5.3906e-01 +4.6439e-01 +1.5082e+00 +2.5890e+00 -6.7430e-01 +1.0938e+00 -1.1899e+00 -6.7767e-01
90864705 +1.481342899e+00 +1.481342899e+00 -1.632886571e+02 -1.632886571e+02 +4.2857e-01 -2.5727e-01 -1.2550e+00 +4.0530e-01 -1.2973e+00 -1.2160e+00 +1.3997e+00 -8.9083e-01 -6.2612e-01 -7.5542e-01
% function evaluation | noise-free fitness - Fopt (-2.091100000000e+02) | best noise-free fitness - Fopt | measured fitness | best measured fitness | x1 | x2...
1 +7.183095625e+01 +7.183095625e+01 -1.372790438e+02 -1.372790438e+02 -4.8544e-01 -4.7361e+00 +1.8102e+00 -1.2204e+00 -3.1444e+00 -1.8690e+00 -3.6474e+00 -1.9433e+00 -2.9077e+00 +4.6251e+00
3 +5.554708118e+01 +5.554708118e+01 -1.535629188e+02 -1.535629188e+02 +4.0079e+00 +2.4106e+00 -3.6381e+00 +2.3677e+00 +1.6960e-01 +1.1738e+00 +8.1368e-01 +4.6578e+00 -3.8385e+00 -2.6405e+00
6 +3.161427864e+01 +3.161427864e+01 -1.774957214e+02 -1.774957214e+02 +2.8972e+00 +6.6254e-01 +3.2143e+00 +2.5231e+00 -1.9889e-02 -1.1000e+00 +2.4260e+00 -3.2431e+00 +2.7538e+00 +4.1367e-02
8 +2.401351180e+01 +2.401351180e+01 -1.850964882e+02 -1.850964882e+02 -2.3114e+00 -6.3072e-01 -4.3743e+00 -3.0212e+00 +1.9013e+00 -1.7019e-01 -2.7044e+00 +1.1531e-01 +1.1288e+00 -2.4062e-01
13 +1.872724514e+01 +1.872724514e+01 -1.903827549e+02 -1.903827549e+02 -1.0272e+00 +2.3807e+00 +8.6097e-01 +1.2794e+00 +1.6000e+00 +4.0534e+00 +2.0583e+00 -2.2792e+00 -3.3909e+00 +3.6515e+00
20 +9.393656390e+00 +9.393656390e+00 -1.997163436e+02 -1.997163436e+02 -2.6900e+00 +4.4129e-01 +3.0972e+00 +1.1138e+00 -1.3161e+00 +1.9665e+00 +2.5608e+00 -4.7841e-01 -9.1286e-01 +5.9762e-01
1761 +8.287957160e+00 +8.287957160e+00 -2.008220428e+02 -2.008220428e+02 -3.2068e+00 +2.1786e-01 -8.8830e-01 -1.8215e+00 -1.8626e+00 -5.0393e-01 +2.1622e+00 -4.4841e-01 -2.7454e+00 +2.7112e+00
15751 +7.848685878e+00 +7.848685878e+00 -2.012613141e+02 -2.012613141e+02 -6.9639e-01 +1.1064e+00 -3.5061e-01 +1.3419e+00 +2.1779e+00 -9.4456e-01 -2.7722e+00 -7.2547e-01 +3.5866e-01 -7.6880e-01
15953 +6.204511375e+00 +6.204511375e+00 -2.029054886e+02 -2.029054886e+02 -3.9807e+00 +2.6471e+00 +1.4841e+00 -5.0943e-01 +6.9383e-01 +2.9643e+00 +4.3254e+00 +5.8953e-01 -7.8245e-01 +1.4023e+00
112126 +5.750055271e+00 +5.750055271e+00 -2.033599447e+02 -2.033599447e+02 -3.4792e-01 +1.1113e+00 +1.5959e+00 +4.4635e-01 +5.6747e-01 -1.5687e+00 +6.0711e-01 -2.3568e+00 -9.4002e-01 +7.3863e-01
115405 +5.288520383e+00 +5.288520383e+00 -2.038214796e+02 -2.038214796e+02 +1.0299e+00 -1.4382e+00 -3.6429e+00 +1.0267e+00 -4.1196e-01 +6.0556e-01 +2.8073e-01 +5.9407e-01 -6.9569e-01 -2.3419e+00
201455 +4.607228235e+00 +4.607228235e+00 -2.045027718e+02 -2.045027718e+02 +2.2810e-02 -1.4792e+00 +8.0302e-01 +1.6140e+00 +1.0426e+00 +1.2158e+00 -1.9609e+00 -1.3103e+00 -1.8928e+00 +2.9076e+00
208185 +4.166497143e+00 +4.166497143e+00 -2.049435029e+02 -2.049435029e+02 -3.2017e-01 -9.7842e-01 -1.7626e+00 -1.7039e+00 -4.2990e-01 +1.6605e+00 -9.8117e-01 +1.6564e+00 -4.5908e-02 +1.7578e+00
527865 +3.616046076e+00 +3.616046076e+00 -2.054939539e+02 -2.054939539e+02 -5.3696e-01 +2.8646e-01 -2.6961e+00 -3.6852e-01 +8.9186e-01 -6.4412e-01 -1.0527e+00 -5.3485e-01 -1.4166e+00 +6.2545e-01
3963561 +3.528769860e+00 +3.528769860e+00 -2.055812301e+02 -2.055812301e+02 -1.0161e+00 -1.7506e+00 +7.2358e-01 -3.0565e-01 +2.0901e+00 -9.6822e-01 +1.4897e+00 +1.9965e+00 +8.8325e-01 -1.2698e+00
7700151 +3.439921508e+00 +3.439921508e+00 -2.056700785e+02 -2.056700785e+02 +4.4979e-01 +1.9850e+00 +3.7140e-02 -1.0934e-01 +1.1963e+00 +1.7434e-01 +2.8194e-01 -1.8841e+00 -1.7129e+00 +5.4404e-01
10177565 +2.343441227e+00 +2.343441227e+00 -2.067665588e+02 -2.067665588e+02 -9.5199e-01 +3.7524e+00 +1.9185e+00 -7.9583e-01 -9.2767e-01 +1.9577e+00 +4.9405e+00 -1.1452e+00 -1.7280e+00 -1.8334e+00
% function evaluation | noise-free fitness - Fopt (-6.570000000000e+00) | best noise-free fitness - Fopt | measured fitness | best measured fitness | x1 | x2...
1 +1.335528242e+02 +1.335528242e+02 +1.269828242e+02 +1.269828242e+02 +1.0220e+00 +1.3313e+00 +2.0349e+00 +9.1716e-01 +4.3966e+00 +2.5338e+00 +2.1188e+00 +4.7796e+00 -2.2540e+00 -4.6125e+00
2 +5.491421347e+01 +5.491421347e+01 +4.834421347e+01 +4.834421347e+01 -1.5237e+00 -9.6327e-01 +1.8269e+00 +6.6912e-01 -2.1118e+00 +4.4664e+00 +2.7296e-02 -4.4237e+00 -2.6073e+00 +4.8450e+00
6 +2.234918786e+01 +2.234918786e+01 +1.577918786e+01 +1.577918786e+01 -1.1265e+00 -1.7284e+00 +4.5434e+00 +2.2063e+00 -2.3529e+00 +8.9970e-01 -1.5265e+00 +2.7065e+00 -1.0175e+00 -2.0701e+00
40 +2.098538150e+01 +2.098538150e+01 +1.441538150e+01 +1.441538150e+01 +3.8889e+00 -2.7150e-01 -1.8261e+00 +4.2311e-01 -6.3530e-01 -1.0207e+00 +1.9692e+00 +2.0601e+00 +2.1156e-01 -4.0855e+00
54 +9.105433536e+00 +9.105433536e+00 +2.535433536e+00 +2.535433536e+00 -1.5359e+00 -2.0672e+00 -2.9253e+00 -9.2078e-01 +2.1798e+00 -1.9454e+00 +2.6828e+00 -6.3977e-01 -7.4075e-01 -7.4352e-01
1058 +8.755625271e+00 +8.755625271e+00 +2.185625271e+00 +2.185625271e+00 -2.3031e+00 -2.5424e+00 -5.4219e-01 +1.8611e+00 +3.1566e-01 -8.0622e-01 +1.5132e+00 -1.7736e+00 +8.1899e-02 +4.8579e-02
3155 +6.435271184e+00 +6.435271184e+00 -1.347288165e-01 -1.347288165e-01 +4.4031e+00 +3.1931e+00 -1.9382e+00 +5.9566e-01 +2.0745e+00 -1.3002e+00 -3.3431e+00 +1.3086e+00 -1.1355e+00 -2.0431e-01
15873 +6.154853532e+00 +6.154853532e+00 -4.151464678e-01 -4.151464678e-01 +6.7352e-01 +1.5442e+00 +1.2399e+00 -4.3569e-01 +1.4232e+00 -4.0566e-01 -1.2679e+00 -3.7139e+00 -7.7800e-01 +1.2318e+00
154427 +5.555123205e+00 +5.555123205e+00 -1.014876795e+00 -1.014876795e+00 -1.7309e-01 +3.2921e+00 -2.4537e-01 -1.0256e+00 -1.2455e+00 +6.1515e-01 +1.4339e+00 +4.9697e-01 -7.3901e-01 +1.9640e-01
177718 +5.167456939e+00 +5.167456939e+00 -1.402543061e+00 -1.402543061e+00 -3.3877e+00 -1.1731e+00 -8.6002e-02 -1.0935e+00 +1.0094e+00 +3.3382e+00 +3.1183e+00 -1.0873e+00 +3.1856e+00 +1.8992e+00
224254 +4.950907121e+00 +4.950907121e+00 -1.619092879e+00 -1.619092879e+00 -8.7533e-01 -4.0755e-01 +2.8638e+00 +5.7699e-01 +5.6901e-01 -1.1664e+00 -8.1991e-01 -2.7906e-01 +4.2674e-01 -1.7951e+00
907713 +4.416620543e+00 +4.416620543e+00 -2.153379457e+00 -2.153379457e+00 +1.6817e-01 +1.1254e+00 -9.1044e-01 +1.8317e-01 +1.3302e+00 -8.4265e-01 -1.2098e+00 -8.7936e-02 +1.0049e+00 -1.3141e+00
2159792 +3.754186764e+00 +3.754186764e+00 -2.815813236e+00 -2.815813236e+00 +7.6500e-01 -1.2649e+00 -1.0075e+00 -2.0239e+00 +8.7867e-01 +2.7509e+00 +2.4701e-01 +8.7100e-01 +2.0877e+00 +8.3876e-01
6606436 +3.389633864e+00 +3.389633864e+00 -3.180366136e+00 -3.180366136e+00 -7.2878e-01 -1.4131e+00 +3.1826e-01 +3.7365e-01 -1.8437e+00 -9.9857e-01 -1.3097e-02 +2.1323e+00 +2.1639e-02 -6.4315e-01
18986372 +3.241742980e+00 +3.241742980e+00 -3.328257020e+00 -3.328257020e+00 -4.0354e-01 -9.3664e-01 +5.7933e-01 -1.4273e+00 +3.2756e+00 +5.2515e-01 +3.1683e+00 -3.7455e-01 -7.2163e-01 -2.0940e-01
22111666 +2.987981073e+00 +2.987981073e+00 -3.582018927e+00 -3.582018927e+00 -3.6590e+00 -2.0745e+00 -7.3001e-01 -1.8652e+00 -8.8827e-01 -1.1755e-01 +2.8155e+00 -8.5173e-01 -1.4171e+00 +5.8013e-01
43845027 +2.703054160e+00 +2.703054160e+00 -3.866945840e+00 -3.866945840e+00 -4.5757e+00 -7.8673e-01 -1.2061e+00 -6.9020e-01 -1.7329e+00 +2.3362e-01 +1.0658e+00 +1.2395e-01 -9.6938e-01 -1.2151e+00
59331308 +2.499053144e+00 +2.499053144e+00 -4.070946856e+00 -4.070946856e+00 -3.0812e+00 -4.1654e-01 +9.3868e-01 -4.1280e-01 +1.7756e+00 +9.9444e-01 +3.0703e+00 -1.3699e+00 +2.7164e+00 +1.5231e+00
75948046 +2.289139222e+00 +2.289139222e+00 -4.280860778e+00 -4.280860778e+00 -1.7421e+00 +9.9368e-01 -1.4340e+00 +9.4312e-01 -1.0218e+00 +7.7240e-01 -1.0996e+00 +1.9757e+00 -3.6611e-01 -3.2329e-01
% function evaluation | noise-free fitness - Fopt (3.373000000000e+01) | best noise-free fitness - Fopt | measured fitness | best measured fitness | x1 | x2...
1 +1.139519382e+02 +1.139519382e+02 +1.476819382e+02 +1.476819382e+02 -3.9258e+00 +4.2904e+00 -2.7058e+00 +5.3307e-01 +4.3252e+00 -4.3303e-01 +1.7635e+00 -3.5015e+00 +3.4252e+00 +1.9253e+00
2 +6.750715001e+01 +6.750715001e+01 +1.012371500e+02 +1.012371500e+02 -3.7353e+00 +8.1647e-02 +2.0045e+00 +4.3974e+00 -4.6341e+00 -3.5978e+00 -3.7689e+00 -1.9108e+00 -2.4064e-01 +4.2936e+00
3 +5.614782227e+01 +5.614782227e+01 +8.987782227e+01 +8.987782227e+01 -3.7254e+00 +4.2789e+00 -1.2132e+00 -2.5183e+00 -4.4550e+00 -1.4848e+00 +8.6791e-01 +1.0950e+00 -6.7791e-01 -3.7281e+00
5 +4.625824355e+01 +4.625824355e+01 +7.998824355e+01 +7.998824355e+01 +4.5669e+00 -1.8098e+00 +1.7804e+00 -1.0443e+00 +1.1759e+00 -3.1448e+00 -4.6542e+00 -2.9099e+00 +2.4803e+00 -6.5387e-01
6 +2.839514221e+01 +2.839514221e+01 +6.212514221e+01 +6.212514221e+01 +3.2549e+00 -3.3252e+00 +1.0734e+00 +4.8910e-01 +3.6585e+00 +6.5216e-01 +4.8511e-01 -2.2441e-01 -3.1560e+00 -3.4432e+00
8 +9.507995962e+00 +9.507995962e+00 +4.323799596e+01 +4.323799596e+01 -1.9103e+00 +1.8818e-01 +2.9670e+00 -2.0078e+00 +1.9433e+00 -4.7114e-01 +3.0557e-02 -5.4154e-03 -2.2973e+00 -1.8134e+00
900 +7.850204465e+00 +7.850204465e+00 +4.158020446e+01 +4.158020446e+01 -1.0609e+00 -2.4873e+00 +5.0897e-02 -1.4739e+00 -3.0129e+00 -9.2710e-01 +2.2226e+00 -6.4109e-01 -1.0241e-01 -2.8335e-01
8257 +6.878826820e+00 +6.878826820e+00 +4.060882682e+01 +4.060882682e+01 -3.2073e+00 -2.2694e-01 +2.4928e-01 -2.2256e-01 +7.4185e-01 -1.2391e-02 -5.5751e-01 +4.1767e-01 -1.5911e+00 +1.5710e+00
21497 +6.139071444e+00 +6.139071444e+00 +3.986907144e+01 +3.986907144e+01 +4.3931e-01 +7.0833e-01 +5.6497e-01 -8.8874e-01 +1.4480e+00 +4.0105e+00 -2.6426e+00 +1.0653e+00 -2.3551e+00 +7.2444e-02
27299 +5.587104544e+00 +5.587104544e+00 +3.931710454e+01 +3.931710454e+01 +9.3139e-01 +1.8155e+00 +1.5358e+00 -6.3387e-01 +2.4271e-01 +9.9450e-01 -1.3227e+00 +1.9837e+00 -2.7850e+00 +2.5073e+00
131587 +5.383008882e+00 +5.383008882e+00 +3.911300888e+01 +3.911300888e+01 -3.5006e-01 -9.4768e-01 +7.9762e-02 -3.0698e+00 -1.7915e-01 +2.2368e+00 -9.8890e-01 +1.7788e+00 -9.6503e-01 -8.2536e-01
164671 +5.227836819e+00 +5.227836819e+00 +3.895783682e+01 +3.895783682e+01 -3.9111e-01 -9.9858e-01 -1.2361e+00 -2.1294e+00 -1.2124e+00 -5.5611e-01 -1.3280e-01 +1.7134e+00 -1.1660e+00 -1.9913e+00
324358 +4.656037701e+00 +4.656037701e+00 +3.838603770e+01 +3.838603770e+01 -1.0692e+00 +6.8217e-01 +8.3129e-01 -9.5069e-01 -1.5391e+00 -3.3058e-01 -1.1325e-01 -7.6754e-01 -6.4888e-01 -1.0658e+00
607892 +4.565717790e+00 +4.565717790e+00 +3.829571779e+01 +3.829571779e+01 -1.8161e+00 -1.9049e+00 -2.2350e+00 +1.9698e+00 -2.7120e+00 -2.3106e+00 +6.7238e-01 -1.8779e+00 +1.4138e+00 +2.4276e-01
1295367 +3.967837632e+00 +3.967837632e+00 +3.769783763e+01 +3.769783763e+01 +3.3634e-01 -6.9911e-01 -2.3875e-01 +6.9181e-01 +2.5985e-01 +7.6514e-01 +1.9066e+00 -5.6991e-02 +1.5018e+00 -7.1051e-01
6566711 +3.580824157e+00 +3.580824157e+00 +3.731082416e+01 +3.731082416e+01 -1.6578e+00 +7.7621e-01 -1.4753e+00 -1.0792e+00 -1.2651e+00 -3.1178e+00 +3.1746e-01 -1.5082e+00 -1.0782e+00 +8.6509e-01
8187622 +3.130654842e+00 +3.130654842e+00 +3.686065484e+01 +3.686065484e+01 -5.8078e-01 +1.5680e+00 +2.3599e+00 +1.2189e+00 +1.4083e+00 -2.2822e+00 -6.3942e-01 +1.5156e+00 -8.4354e-01 +1.4178e-01
8295953 +3.014116309e+00 +3.014116309e+00 +3.674411631e+01 +3.674411631e+01 -1.0192e+00 -6.0073e-01 -4.1058e-01 -1.2665e+00 -8.9480e-01 +1.6905e+00 +6.2004e-01 +2.0535e-01 -5.7576e-01 +6.6801e-01
11453135 +2.717290491e+00 +2.717290491e+00 +3.644729049e+01 +3.644729049e+01 -1.0594e+00 -2.8533e+00 -6.2193e-01 +9.5309e-01 -1.7387e+00 -1.9687e+00 +3.1134e+00 -2.2428e+00 -2.1286e-01 -8.0053e-01
79304170 +1.848728613e+00 +1.848728613e+00 +3.557872861e+01 +3.557872861e+01 +1.8160e+00 +1.4311e+00 +2.5976e+00 +1.6969e-01 +3.6461e+00 +1.3229e+00 -3.3669e+00 -7.4409e-02 -1.4922e+00 -1.0570e-01
% function evaluation | noise-free fitness - Fopt (-5.861500000000e+02) | best noise-free fitness - Fopt | measured fitness | best measured fitness | x1 | x2...
1 +5.357327128e+01 +5.357327128e+01 -5.325767287e+02 -5.325767287e+02 -2.6190e+00 -7.8644e-01 -1.7513e+00 -2.9413e+00 -4.2430e+00 -1.3707e+00 +4.5002e+00 +1.1533e+00 +3.6661e+00 +2.3952e+00
2 +2.460060130e+01 +2.460060130e+01 -5.615493987e+02 -5.615493987e+02 -1.1788e+00 -3.1791e+00 -2.5403e+00 +1.6018e-01 -2.3393e+00 +4.6430e-01 +3.4151e+00 -3.1139e+00 -3.0627e+00 -1.1172e-01
9 +1.718709398e+01 +1.718709398e+01 -5.689629060e+02 -5.689629060e+02 -3.5127e+00 +2.7429e+00 +2.0211e+00 -7.8309e-01 +3.2468e+00 +3.4077e+00 +2.9458e+00 -4.2378e+00 -3.6239e+00 +3.8538e-01
10 +1.590482397e+01 +1.590482397e+01 -5.702451760e+02 -5.702451760e+02 +5.2982e-01 -2.7039e+00 -4.1284e+00 +1.7444e+00 -3.4178e+00 +3.1020e+00 +2.7081e-01 +9.7617e-01 +8.7820e-01 +1.2310e+00
117 +1.486295207e+01 +1.486295207e+01 -5.712870479e+02 -5.712870479e+02 -9.1220e-01 +1.5407e+00 -1.7368e+00 -6.1634e-01 -1.8445e+00 -1.2124e+00 -1.0742e+00 +1.2575e+00 +4.3152e-01 +3.8977e+00
133 +9.605778063e+00 +9.605778063e+00 -5.765442219e+02 -5.765442219e+02 +1.6731e+00 +3.2145e+00 +1.7689e+00 -7.6601e-01 +2.1848e+00 +3.6790e+00 +4.1280e+00 -1.9846e+00 -2.4236e+00 -6.8584e-01
2074 +9.450163026e+00 +9.450163026e+00 -5.766998370e+02 -5.766998370e+02 -8.2780e-01 -2.0523e+00 +1.6036e+00 +2.7642e+00 -3.7174e-01 +1.6654e-01 +1.0612e-01 +4.0462e+00 +4.7871e+00 -3.0411e+00
4920 +9.328554480e+00 +9.328554480e+00 -5.768214455e+02 -5.768214455e+02 +3.2729e+00 +2.7610e+00 +2.7320e+00 +6.2130e-01 +3.9720e+00 +2.9010e+00 +1.3406e+00 -4.6758e+00 -4.6096e+00 +3.5799e+00
5215 +8.399154384e+00 +8.399154384e+00 -5.777508456e+02 -5.777508456e+02 +1.5234e+00 +3.0614e+00 -3.8960e-01 +1.8260e+00 +1.1859e+00 +1.4562e+00 +2.0624e+00 -2.1627e+00 -9.4782e-01 +5.8524e-02
32025 +7.743212921e+00 +7.743212921e+00 -5.784067871e+02 -5.784067871e+02 -4.1458e-02 +2.9736e+00 +4.2611e-01 +2.1377e+00 -1.1092e+00 +7.5364e-01 +3.0081e+00 -2.1062e+00 -4.2451e+00 +2.0370e+00
38021 +6.920889460e+00 +6.920889460e+00 -5.792291105e+02 -5.792291105e+02 -1.8567e-01 -2.9357e+00 -1.8657e+00 +1.3355e+00 +1.8845e-02 +1.2952e+00 +1.1765e+00 -4.2284e-01 -2.4635e+00 -1.0252e+00
47998 +6.308569427e+00 +6.308569427e+00 -5.798414306e+02 -5.798414306e+02 +1.7494e+00 +3.2042e+00 -4.9694e-01 +1.8514e+00 +3.4342e+00 +8.9082e-01 -1.0054e+00 -5.7530e-01 -2.8307e+00 +3.4022e+00
91728 +5.549614094e+00 +5.549614094e+00 -5.806003859e+02 -5.806003859e+02 +1.3770e+00 -2.1931e+00 +2.3807e+00 -1.6585e+00 -9.0468e-01 -8.3348e-01 -1.4601e+00 +2.0271e+00 +6.5859e-01 -1.1761e+00
148692 +5.383422182e+00 +5.383422182e+00 -5.807665778e+02 -5.807665778e+02 +2.8132e+00 +1.2957e+00 +1.2435e+00 +1.1666e+00 +9.2470e-01 +1.6531e+00 +6.7696e-01 -4.8283e+00 -3.4730e+00 +2.4368e+00
1029242 +4.324861035e+00 +4.324861035e+00 -5.818251390e+02 -5.818251390e+02 -1.4613e+00 -3.0809e-01 +6.4499e-01 +6.3017e-01 -1.2208e+00 +2.4833e+00 -1.7793e+00 -1.9254e+00 -5.6693e-01 +1.8477e+00
1270082 +2.457726060e+00 +2.457726060e+00 -5.836922739e+02 -5.836922739e+02 +5.4968e-01 -2.8143e+00 -5.6890e-01 +2.4612e-01 -1.9828e+00 -9.0699e-01 -2.2798e+00 +4.7353e-01 +1.1746e+00 -2.5416e+00
% function evaluation | noise-free fitness - Fopt (2.605400000000e+02) | best noise-free fitness - Fopt | measured fitness | best measured fitness | x1 | x2...
1 +2.309155722e+01 +2.309155722e+01 +2.836315572e+02 +2.836315572e+02 +1.1076e+00 +1.9967e+00 +5.3996e-01 +3.7250e+00 -1.0777e+00 -2.1678e+00 +7.2048e-01 +1.5311e+00 +2.7421e+00 +2.2959e+00
6 +1.973572464e+01 +1.973572464e+01 +2.802757246e+02 +2.802757246e+02 +3.7475e+00 +1.0232e+00 +1.2422e+00 -1.8500e+00 -1.0855e+00 -4.1085e+00 -7.3200e-01 +1.0970e+00 +1.7891e+00 +2.0491e+00
35 +1.353695657e+01 +1.353695657e+01 +2.740769566e+02 +2.740769566e+02 -5.5367e-01 +6.7388e-01 -1.4979e+00 +4.2039e-01 +1.3151e+00 +2.8823e+00 -5.3700e-01 -1.6482e+00 +4.9340e+00 -2.4782e+00
134 +1.102541835e+01 +1.102541835e+01 +2.715654184e+02 +2.715654184e+02 +9.5064e-01 -5.3039e-01 +2.8922e+00 +1.0432e+00 -9.9288e-01 -3.5371e+00 -3.1405e+00 +1.0712e-01 -1.0879e+00 +1.1805e+00
797 +9.990949329e+00 +9.990949329e+00 +2.705309493e+02 +2.705309493e+02 -9.3506e-01 -5.2288e-01 -3.5377e+00 +7.6437e-01 +2.4002e+00 +3.1445e-02 +1.7551e+00 -4.0986e-01 -7.2127e-01 +3.6385e-01
1196 +8.345999144e+00 +8.345999144e+00 +2.688859991e+02 +2.688859991e+02 +6.3608e-01 +3.5588e-01 -4.6465e-01 +6.3936e-01 +1.5618e+00 -3.5535e-03 -2.9667e+00 +1.5688e-01 +5.6006e-01 -2.4858e+00
2895 +8.131805514e+00 +8.131805514e+00 +2.686718055e+02 +2.686718055e+02 -3.4846e+00 -1.5186e+00 +2.8331e+00 +1.4246e+00 -1.6720e-01 -2.5494e+00 +7.4625e-01 +4.0361e-01 -1.6510e+00 +2.9527e+00
3987 +7.871947753e+00 +7.871947753e+00 +2.684119478e+02 +2.684119478e+02 +2.4913e-01 +1.7859e+00 +9.3215e-01 -7.2590e-02 +6.1781e-01 -2.1125e+00 -1.7795e+00 -3.0112e+00 -1.9600e+00 -2.3347e-01
8538 +6.855382084e+00 +6.855382084e+00 +2.673953821e+02 +2.673953821e+02 -5.9862e-01 +3.4535e-02 -8.2787e-01 +2.5027e+00 +5.4582e-02 +9.7008e-01 -1.2076e+00 -2.0345e+00 -1.1888e+00 +1.3484e-01
26122 +5.100700058e+00 +5.100700058e+00 +2.656407001e+02 +2.656407001e+02 -7.9586e-01 +5.6271e-01 -8.0479e-01 +1.1359e+00 -2.5520e+00 +3.4026e+00 -1.6228e+00 -6.6345e-02 -1.4259e+00 -1.9348e+00
237272 +4.510637926e+00 +4.510637926e+00 +2.650506379e+02 +2.650506379e+02 +1.1092e+00 +1.2173e+00 +5.7882e-01 +2.1295e+00 +7.9220e-01 +1.2307e+00 -1.1220e+00 -9.4674e-01 +4.2858e-01 -7.6711e-01
915917 +4.449251550e+00 +4.449251550e+00 +2.649892516e+02 +2.649892516e+02 +2.7164e+00 -4.3685e-01 -4.7148e+00 +1.3709e-01 -7.4328e-01 +1.6424e+00 +5.7640e-01 +8.7928e-01 +1.4032e+00 -2.5007e+00
1654792 +4.133701327e+00 +4.133701327e+00 +2.646737013e+02 +2.646737013e+02 -6.2346e-01 +2.2155e+00 -1.6675e+00 -2.3980e-01 -7.2682e-01 +4.0123e+00 -1.3998e+00 -1.3851e+00 -4.1051e-01 +8.8194e-01
3124724 +3.920480882e+00 +3.920480882e+00 +2.644604809e+02 +2.644604809e+02 -4.6657e-02 +2.0999e-01 +3.1371e+00 +1.8801e+00 -1.1765e+00 -7.3742e-01 -1.9614e-01 -8.8031e-01 -2.4704e+00 -1.8690e+00
9467633 +3.250264753e+00 +3.250264753e+00 +2.637902648e+02 +2.637902648e+02 -7.0268e-01 -3.9450e-01 +2.4113e+00 +2.6475e-01 -8.8976e-01 -6.1149e-03 -1.1557e+00 +1.8706e-01 -1.0119e+00 +1.6430e+00
15845652 +2.699247495e+00 +2.699247495e+00 +2.632392475e+02 +2.632392475e+02 -1.2009e+00 +8.8435e-01 +2.3435e+00 -5.1033e-01 -1.7488e+00 -1.2552e+00 -1.2937e+00 +2.6139e-01 +4.6301e-01 -1.0005e+00
37206583 +2.617467168e+00 +2.617467168e+00 +2.631574672e+02 +2.631574672e+02 +1.1673e+00 +6.5088e-01 -3.0036e-01 +1.3678e+00 -1.9334e+00 -1.3309e+00 +1.5007e+00 -1.3144e+00 +7.4350e-01 -2.0829e+00
41702045 +2.478546892e+00 +2.478546892e+00 +2.630185469e+02 +2.630185469e+02 +2.5191e+00 -6.2289e-01 -2.8396e+00 -1.6786e-01 +2.2259e+00 +2.7101e+00 +2.7892e+00 -1.3144e+00 +7.7771e-01 -2.7616e+00
