% f evaluations | g evaluations | best noise-free fitness - Fopt (-1.025500000000e+02) + sum g_i+ | measured fitness | best measured fitness or single-digit g-values | x1 | x2...
1 0 +3.471176901e+00 -9.907882310e+01 -9.907882310e+01 +1.6667e+00 +1.6667e+00
10 0 +2.210286933e-01 -1.023289713e+02 -1.023289713e+02 +8.3333e-01 +3.3333e+00
21 0 +1.853018588e-01 -1.023646981e+02 -1.023646981e+02 +8.0431e-01 +3.3423e+00
28 0 +1.193966344e-01 -1.024306034e+02 -1.024306034e+02 +7.4637e-01 +3.3606e+00
43 0 +1.002102547e-01 -1.024497897e+02 -1.024497897e+02 +7.4615e-01 +3.3607e+00
46 0 +9.424747167e-02 -1.024557525e+02 -1.024557525e+02 +7.4617e-01 +3.3605e+00
3300 0 +5.650487499e-02 -1.024934951e+02 -1.024934951e+02 -1.0417e-01 -1.0417e+00
3400 0 +4.766699365e-02 -1.025023330e+02 -1.025023330e+02 +5.2083e-01 -4.1667e-01
3804 0 +2.496492009e-02 -1.025250351e+02 -1.025250351e+02 -1.0417e-01 +8.3333e-01
3935 0 +2.192216560e-02 -1.025280778e+02 -1.025280778e+02 -1.3021e-01 +8.0729e-01
3936 0 +5.288386864e-04 -1.025494712e+02 -1.025494712e+02 -1.0417e-01 +9.1146e-01
4151 0 +1.820906837e-04 -1.025498179e+02 -1.025498179e+02 -1.1068e-01 +8.6589e-01
4194 0 +1.452862007e-04 -1.025498547e+02 -1.025498547e+02 -1.2370e-01 +7.9427e-01
4279 0 +6.453251014e-05 -1.025499355e+02 -1.025499355e+02 -1.2044e-01 +7.8776e-01
4519 0 +5.929217072e-05 -1.025499407e+02 -1.025499407e+02 -1.2044e-01 +8.0729e-01
4795 0 +2.860194618e-05 -1.025499714e+02 -1.025499714e+02 -1.2044e-01 +7.9753e-01
6815 0 +1.202532573e-06 -1.025499988e+02 -1.025499988e+02 -1.3021e-01 +7.2917e-01
7944 0 +1.120899498e-07 -1.025499999e+02 -1.025499999e+02 -1.3346e-01 +7.0638e-01
16855 0 +1.092004709e-09 -1.025500000e+02 -1.025500000e+02 -1.3509e-01 +6.9499e-01
% f evaluations | g evaluations | best noise-free fitness - Fopt (7.169000000000e+01) + sum g_i+ | measured fitness | best measured fitness or single-digit g-values | x1 | x2...
1 0 +9.762513890e-01 +7.266625139e+01 +7.266625139e+01 +1.6667e+00 +1.6667e+00
16 0 +5.183874806e-01 +7.220838748e+01 +7.220838748e+01 +8.3333e-01 -1.6667e+00
35 0 +2.974042513e-01 +7.198740425e+01 +7.198740425e+01 -2.0833e+00 +1.6667e+00
131 0 +2.566091208e-01 +7.194660912e+01 +7.194660912e+01 +4.1667e-01 +4.1667e-01
146 0 +1.286796904e-01 +7.181867969e+01 +7.181867969e+01 +4.7273e-01 +2.8721e-01
161 0 +9.424756704e-02 +7.178424757e+01 +7.178424757e+01 +4.7242e-01 +2.8783e-01
673 0 +9.097556585e-02 +7.178097557e+01 +7.178097557e+01 -3.8542e+00 +4.8958e+00
1166 0 +2.278413405e-02 +7.171278413e+01 +7.171278413e+01 -1.6146e+00 +1.5104e+00
2035 0 +1.574395929e-02 +7.170574396e+01 +7.170574396e+01 +4.4271e-01 -1.0417e-01
2254 0 +8.670053952e-03 +7.169867005e+01 +7.169867005e+01 -9.1146e-01 +5.7292e-01
2405 0 +3.121735356e-03 +7.169312174e+01 +7.169312174e+01 -9.0495e-01 +5.5990e-01
2601 0 +2.070155620e-03 +7.169207016e+01 +7.169207016e+01 -8.6589e-01 +5.2083e-01
2674 0 +1.557077705e-03 +7.169155708e+01 +7.169155708e+01 -8.6263e-01 +5.1432e-01
3925 0 +4.345558061e-04 +7.169043456e+01 +7.169043456e+01 -7.4870e-01 +4.0365e-01
4037 0 +1.294131728e-04 +7.169012941e+01 +7.169012941e+01 -7.0964e-01 +3.6458e-01
4164 0 +1.566825460e-05 +7.169001567e+01 +7.169001567e+01 -7.0638e-01 +3.5807e-01
4785 0 +7.400525135e-06 +7.169000740e+01 +7.169000740e+01 -6.1198e-01 +2.6693e-01
6055 0 +1.548994646e-06 +7.169000155e+01 +7.169000155e+01 -6.2174e-01 +2.7669e-01
6446 0 +1.325876752e-06 +7.169000133e+01 +7.169000133e+01 -6.2337e-01 +2.7995e-01
6490 0 +1.267027017e-06 +7.169000127e+01 +7.169000127e+01 -6.1361e-01 +2.7018e-01
10028 0 +1.084166243e-06 +7.169000108e+01 +7.169000108e+01 -6.1849e-01 +2.7507e-01
24073 0 +1.551391904e-07 +7.169000016e+01 +7.169000016e+01 -6.3151e-01 +2.8646e-01
24323 0 +9.707537174e-08 +7.169000010e+01 +7.169000010e+01 -6.4128e-01 +2.9622e-01
24979 0 +3.332911547e-08 +7.169000003e+01 +7.169000003e+01 -6.3639e-01 +2.9134e-01
% f evaluations | g evaluations | best noise-free fitness - Fopt (2.140100000000e+02) + sum g_i+ | measured fitness | best measured fitness or single-digit g-values | x1 | x2...
1 0 +1.400689727e+01 +2.280168973e+02 +2.280168973e+02 +1.6667e+00 +1.6667e+00
12 0 +1.189668597e+01 +2.259066860e+02 +2.259066860e+02 +8.3333e-01 -1.6667e+00
15 0 +1.030799500e+01 +2.243179950e+02 +2.243179950e+02 -8.3333e-01 +1.6667e+00
22 0 +3.641453812e-01 +2.143741454e+02 +2.143741454e+02 -1.6667e+00 +8.3333e-01
44 0 +3.623160165e-01 +2.143723160e+02 +2.143723160e+02 -1.6667e+00 +8.3328e-01
601 0 +3.490339280e-01 +2.143590339e+02 +2.143590339e+02 -1.2981e+00 +5.6326e-01
604 0 +3.455748823e-01 +2.143555749e+02 +2.143555749e+02 -1.2977e+00 +5.6299e-01
2966 0 +2.931409239e-03 +2.140129314e+02 +2.140129314e+02 -2.0833e-01 +4.1667e-01
3507 0 +2.564239583e-03 +2.140125642e+02 +2.140125642e+02 -2.0182e-01 +4.2318e-01
3726 0 +8.842847767e-04 +2.140108843e+02 +2.140108843e+02 -2.2786e-01 +4.3620e-01
3887 0 +6.588598582e-04 +2.140106589e+02 +2.140106589e+02 -2.3112e-01 +4.4271e-01
8017 0 +2.857794476e-04 +2.140102858e+02 +2.140102858e+02 -3.3854e-01 +5.2083e-01
8136 0 +9.251875213e-07 +2.140100009e+02 +2.140100009e+02 -4.0365e-01 +5.7292e-01
10455 0 +6.260272869e-07 +2.140100006e+02 +2.140100006e+02 -3.9714e-01 +5.6966e-01
16695 0 +9.653788879e-08 +2.140100001e+02 +2.140100001e+02 -4.1178e-01 +5.7943e-01
48571 0 +3.571608431e-08 +2.140100000e+02 +2.140100000e+02 -4.0446e-01 +5.7454e-01
% f evaluations | g evaluations | best noise-free fitness - Fopt (-5.848000000000e+01) + sum g_i+ | measured fitness | best measured fitness or single-digit g-values | x1 | x2...
1 0 +1.781590359e+01 -4.066409641e+01 -4.066409641e+01 +1.6667e+00 +1.6667e+00
4 0 +2.459028026e-01 -5.823409720e+01 -5.823409720e+01 +3.3333e+00 -1.6667e+00
23 0 +2.060844142e-01 -5.827391559e+01 -5.827391559e+01 +3.3334e+00 -1.6665e+00
3088 0 +9.425647787e-02 -5.838574352e+01 -5.838574352e+01 +2.0833e-01 +8.3333e-01
3286 0 +1.688498220e-02 -5.846311502e+01 -5.846311502e+01 -7.2917e-01 +5.2083e-01
4034 0 +1.584713414e-02 -5.846415287e+01 -5.846415287e+01 -7.2917e-01 +5.2572e-01
4659 0 +1.184738756e-02 -5.846815261e+01 -5.846815261e+01 +9.8307e-01 -7.1615e-01
4945 0 +1.168302747e-02 -5.846831697e+01 -5.846831697e+01 +9.8796e-01 -7.1615e-01
5764 0 +1.133545881e-02 -5.846866454e+01 -5.846866454e+01 +9.7982e-01 -7.1452e-01
6382 0 +1.114344938e-02 -5.846885655e+01 -5.846885655e+01 +9.8226e-01 -7.1452e-01
6941 0 +2.427032331e-03 -5.847757297e+01 -5.847757297e+01 +3.7760e-01 -4.4271e-01
7051 0 +1.071648428e-03 -5.847892835e+01 -5.847892835e+01 +5.3385e-01 -5.2083e-01
7052 0 +7.751903037e-04 -5.847922481e+01 -5.847922481e+01 +4.8177e-01 -4.9479e-01
7053 0 +4.421543302e-04 -5.847955785e+01 -5.847955785e+01 +3.1901e-01 -4.0365e-01
7054 0 +2.942875788e-04 -5.847970571e+01 -5.847970571e+01 +3.4505e-01 -4.1667e-01
7056 0 +2.321916488e-04 -5.847976781e+01 -5.847976781e+01 +3.8411e-01 -4.3620e-01
7233 0 +2.167381938e-04 -5.847978326e+01 -5.847978326e+01 +5.5339e-01 -5.2083e-01
7234 0 +1.828442723e-04 -5.847981716e+01 -5.847981716e+01 +5.7943e-01 -5.3385e-01
7511 0 +5.199778141e-05 -5.847994800e+01 -5.847994800e+01 +5.8268e-01 -5.4036e-01
7512 0 +2.753368384e-05 -5.847997247e+01 -5.847997247e+01 +5.6966e-01 -5.3385e-01
7623 0 +6.466673405e-06 -5.847999353e+01 -5.847999353e+01 +5.4362e-01 -5.2083e-01
7624 0 +2.869717122e-06 -5.847999713e+01 -5.847999713e+01 +5.3060e-01 -5.1432e-01
7691 0 +6.796133718e-07 -5.847999932e+01 -5.847999932e+01 +5.0456e-01 -5.0130e-01
7692 0 +6.571729685e-07 -5.847999934e+01 -5.847999934e+01 +4.9154e-01 -4.9479e-01
14245 0 +6.181670500e-07 -5.847999938e+01 -5.847999938e+01 +4.9479e-01 -4.9642e-01
26465 0 +4.046620248e-07 -5.847999960e+01 -5.847999960e+01 +4.9723e-01 -4.9642e-01
27019 0 +3.603649432e-07 -5.847999964e+01 -5.847999964e+01 +5.0700e-01 -5.0130e-01
83035 0 +2.147160671e-08 -5.847999998e+01 -5.847999998e+01 +5.0578e-01 -5.0130e-01
83079 0 +4.180570556e-09 -5.848000000e+01 -5.848000000e+01 +5.0090e-01 -4.9886e-01
% f evaluations | g evaluations | best noise-free fitness - Fopt (-6.130800000000e+02) + sum g_i+ | measured fitness | best measured fitness or single-digit g-values | x1 | x2...
1 0 +6.466919319e+00 -6.066130807e+02 -6.066130807e+02 +1.6667e+00 +1.6667e+00
2 0 +6.305252426e+00 -6.067747476e+02 -6.067747476e+02 -1.6667e+00 -1.6667e+00
6 0 +4.440591847e+00 -6.086394082e+02 -6.086394082e+02 -1.6667e+00 +3.3333e+00
11 0 +3.017865977e+00 -6.100621340e+02 -6.100621340e+02 -8.3333e-01 -3.3333e+00
17 0 +3.069475115e-01 -6.127730525e+02 -6.127730525e+02 -8.3333e-01 -8.3333e-01
111 0 +2.586636454e-01 -6.128213364e+02 -6.128213364e+02 -1.4583e+00 +4.1667e-01
130 0 +7.326999196e-02 -6.130067300e+02 -6.130067300e+02 +2.7083e+00 +3.3333e+00
150 0 +6.912342032e-02 -6.130108766e+02 -6.130108766e+02 +2.7074e+00 +3.3339e+00
153 0 +1.572081959e-02 -6.130642792e+02 -6.130642792e+02 +2.7078e+00 +3.3335e+00
3062 0 +2.682472902e-03 -6.130773175e+02 -6.130773175e+02 +5.2083e-01 +2.0833e-01
3089 0 +1.366904693e-03 -6.130786331e+02 -6.130786331e+02 +5.7292e-01 +2.6042e-01
3120 0 +1.323697521e-03 -6.130786763e+02 -6.130786763e+02 +5.9896e-01 +2.8646e-01
4877 0 +1.158618325e-03 -6.130788414e+02 -6.130788414e+02 +7.0964e-01 +4.1667e-01
5750 0 +9.986180561e-04 -6.130790014e+02 -6.130790014e+02 +7.1615e-01 +4.2318e-01
6313 0 +4.985267645e-04 -6.130795015e+02 -6.130795015e+02 +7.4870e-01 +4.5573e-01
6352 0 +4.548805264e-04 -6.130795451e+02 -6.130795451e+02 +7.5521e-01 +4.6224e-01
8323 0 +2.228761190e-04 -6.130797771e+02 -6.130797771e+02 +7.1940e-01 +4.1667e-01
8806 0 +1.310868504e-05 -6.130799869e+02 -6.130799869e+02 +5.8919e-01 +2.8646e-01
8908 0 +4.572646048e-06 -6.130799954e+02 -6.130799954e+02 +6.0872e-01 +3.0599e-01
9058 0 +1.236181788e-06 -6.130799988e+02 -6.130799988e+02 +6.2826e-01 +3.2552e-01
10366 0 +7.678224847e-07 -6.130799992e+02 -6.130799992e+02 +6.4779e-01 +3.4505e-01
10835 0 +6.888192274e-07 -6.130799993e+02 -6.130799993e+02 +6.4128e-01 +3.3854e-01
% f evaluations | g evaluations | best noise-free fitness - Fopt (-1.573300000000e+02) + sum g_i+ | measured fitness | best measured fitness or single-digit g-values | x1 | x2...
1 0 +1.409011240e+01 -1.432398876e+02 -1.432398876e+02 +1.6667e+00 +1.6667e+00
5 0 +2.888098539e+00 -1.544419015e+02 -1.544419015e+02 +1.6667e+00 -3.3333e+00
26 0 +2.866704829e+00 -1.544632952e+02 -1.544632952e+02 +1.6665e+00 -3.3335e+00
29 0 +2.686061754e+00 -1.546439382e+02 -1.546439382e+02 +1.6657e+00 -3.3327e+00
3018 0 +1.187820051e+00 -1.561421799e+02 -1.561421799e+02 -1.6667e+00 +8.3333e-01
3029 0 +3.107695644e-01 -1.570192304e+02 -1.570192304e+02 -8.3333e-01 -8.3333e-01
3050 0 +1.316683370e-01 -1.571983317e+02 -1.571983317e+02 -8.3231e-01 -8.3376e-01
3053 0 +1.256637345e-01 -1.572043363e+02 -1.572043363e+02 -8.3242e-01 -8.3357e-01
3120 0 +2.334427679e-02 -1.573066557e+02 -1.573066557e+02 -1.1458e+00 -8.3333e-01
4842 0 +2.092491038e-02 -1.573090751e+02 -1.573090751e+02 +1.0417e-01 -5.2083e-02
7032 0 +1.952545993e-02 -1.573104745e+02 -1.573104745e+02 -1.1458e+00 -8.3822e-01
7197 0 +7.881388742e-04 -1.573292119e+02 -1.573292119e+02 +5.9896e-01 -2.6042e-01
7618 0 +4.784547473e-04 -1.573295215e+02 -1.573295215e+02 +5.9245e-01 -2.6693e-01
7657 0 +4.145272268e-04 -1.573295855e+02 -1.573295855e+02 +6.1849e-01 -2.7995e-01
8046 0 +1.711394597e-05 -1.573299829e+02 -1.573299829e+02 +6.2174e-01 -2.8646e-01
12024 0 +1.436553336e-05 -1.573299856e+02 -1.573299856e+02 +6.1686e-01 -2.8646e-01
12025 0 +7.963154189e-07 -1.573299992e+02 -1.573299992e+02 +6.2337e-01 -2.8971e-01
21419 0 +3.173058758e-07 -1.573299997e+02 -1.573299997e+02 +6.5267e-01 -3.1901e-01
23453 0 +1.149490174e-07 -1.573299999e+02 -1.573299999e+02 +6.4779e-01 -3.1413e-01
36249 0 +2.238812158e-08 -1.573300000e+02 -1.573300000e+02 +6.4290e-01 -3.0924e-01
36687 0 +1.739871891e-08 -1.573300000e+02 -1.573300000e+02 +6.3802e-01 -3.0436e-01
75235 0 +9.317204785e-09 -1.573300000e+02 -1.573300000e+02 +6.4046e-01 -3.0680e-01
% f evaluations | g evaluations | best noise-free fitness - Fopt (-5.738000000000e+01) + sum g_i+ | measured fitness | best measured fitness or single-digit g-values | x1 | x2...
1 0 +1.313740045e+01 -4.424259955e+01 -4.424259955e+01 +1.6667e+00 +1.6667e+00
5 0 +7.466775408e+00 -4.991322459e+01 -4.991322459e+01 +1.6667e+00 -3.3333e+00
16 0 +7.162970297e+00 -5.021702970e+01 -5.021702970e+01 +1.4872e+00 -3.7479e+00
28 0 +5.366548638e+00 -5.201345136e+01 -5.201345136e+01 +1.4711e+00 -3.7711e+00
41 0 +5.188016014e+00 -5.219198399e+01 -5.219198399e+01 +1.4712e+00 -3.7711e+00
3012 0 +7.018289912e-02 -5.730981710e+01 -5.730981710e+01 +8.3333e-01 +3.3333e+00
3034 0 +4.715486261e-02 -5.733284514e+01 -5.733284514e+01 +8.3360e-01 +3.3334e+00
3125 0 +3.292263239e-02 -5.734707737e+01 -5.734707737e+01 +6.7708e-01 +3.3333e+00
4414 0 +2.535876249e-03 -5.737746412e+01 -5.737746412e+01 -7.5521e-01 +2.6042e-01
4552 0 +1.568410490e-03 -5.737843159e+01 -5.737843159e+01 -7.7474e-01 +2.6042e-01
4553 0 +1.678235869e-05 -5.737998322e+01 -5.737998322e+01 -7.4870e-01 +2.4740e-01
6199 0 +7.513808065e-06 -5.737999249e+01 -5.737999249e+01 -6.9010e-01 +2.0833e-01
6759 0 +1.435190420e-06 -5.737999856e+01 -5.737999856e+01 -6.5104e-01 +1.7904e-01
6806 0 +4.716623039e-07 -5.737999953e+01 -5.737999953e+01 -6.9661e-01 +2.1159e-01
11122 0 +4.546501700e-07 -5.737999955e+01 -5.737999955e+01 -6.7708e-01 +1.9694e-01
11344 0 +3.148563295e-07 -5.737999969e+01 -5.737999969e+01 -6.6243e-01 +1.8717e-01
11391 0 +7.154087456e-08 -5.737999993e+01 -5.737999993e+01 -6.8522e-01 +2.0345e-01
43046 0 +9.056471129e-09 -5.737999999e+01 -5.737999999e+01 -6.7952e-01 +1.9938e-01
% f evaluations | g evaluations | best noise-free fitness - Fopt (3.301100000000e+02) + sum g_i+ | measured fitness | best measured fitness or single-digit g-values | x1 | x2...
1 0 +3.044150433e+00 +3.331541504e+02 +3.331541504e+02 +1.6667e+00 +1.6667e+00
21 0 +2.555902935e+00 +3.326659029e+02 +3.326659029e+02 -8.3333e-01 -8.3333e-01
27 0 +2.320264897e+00 +3.324302649e+02 +3.324302649e+02 +1.6667e+00 -8.3333e-01
46 0 +7.677843478e-02 +3.301867784e+02 +3.301867784e+02 -4.1667e-01 -4.1667e-01
329 0 +4.548373967e-04 +3.301104548e+02 +3.301104548e+02 -4.4271e-01 -4.4271e-01
412 0 +5.515744135e-05 +3.301100552e+02 +3.301100552e+02 -4.5573e-01 -4.5573e-01
1448 0 +4.951055689e-05 +3.301100495e+02 +3.301100495e+02 -4.4596e-01 -4.3620e-01
2941 0 +2.066557539e-05 +3.301100207e+02 +3.301100207e+02 -4.4271e-01 -4.3294e-01
3581 0 +1.015141731e-05 +3.301100102e+02 +3.301100102e+02 -4.5247e-01 -4.5247e-01
5313 0 +2.143453571e-06 +3.301100021e+02 +3.301100021e+02 -5.0130e-01 -5.5990e-01
6111 0 +1.700076098e-06 +3.301100017e+02 +3.301100017e+02 -4.9154e-01 -5.4036e-01
7064 0 +3.120874226e-08 +3.301100000e+02 +3.301100000e+02 -4.8503e-01 -5.2409e-01
65324 0 +3.018072903e-08 +3.301100000e+02 +3.301100000e+02 -4.8258e-01 -5.1921e-01
% f evaluations | g evaluations | best noise-free fitness - Fopt (-2.440000000000e+00) + sum g_i+ | measured fitness | best measured fitness or single-digit g-values | x1 | x2...
1 0 +8.153664929e-01 -1.624633507e+00 -1.624633507e+00 +1.6667e+00 +1.6667e+00
14 0 +8.092082724e-01 -1.630791728e+00 -1.630791728e+00 +8.3333e-01 +8.3333e-01
34 0 +6.634166657e-01 -1.776583334e+00 -1.776583334e+00 +4.5833e+00 -1.6667e+00
35 0 +3.584290216e-01 -2.081570978e+00 -2.081570978e+00 +2.2917e+00 +1.6667e+00
64 0 +3.455748800e-01 -2.094425120e+00 -2.094425120e+00 +2.2915e+00 +1.6665e+00
541 0 +2.405979553e-01 -2.199402045e+00 -2.199402045e+00 -7.2917e-01 +2.0833e-01
566 0 +2.385696508e-01 -2.201430349e+00 -2.201430349e+00 -7.2907e-01 +2.0824e-01
1289 0 +7.608408091e-02 -2.363915919e+00 -2.363915919e+00 +2.0833e-01 +2.0833e-01
1300 0 +5.774756575e-02 -2.382252434e+00 -2.382252434e+00 +1.0417e-01 +4.1667e-01
1306 0 +2.378013340e-03 -2.437621987e+00 -2.437621987e+00 +1.1583e-01 +4.0608e-01
1309 0 +2.341804855e-03 -2.437658195e+00 -2.437658195e+00 +1.1572e-01 +4.0627e-01
1312 0 +2.274226363e-03 -2.437725774e+00 -2.437725774e+00 +1.1534e-01 +4.0712e-01
1321 0 +2.152030411e-03 -2.437847970e+00 -2.437847970e+00 +1.1836e-01 +4.1129e-01
1324 0 +1.875226734e-03 -2.438124773e+00 -2.438124773e+00 +1.2850e-01 +4.2363e-01
1327 0 +1.551930372e-03 -2.438448070e+00 -2.438448070e+00 +1.4269e-01 +4.3976e-01
1330 0 +1.040094401e-03 -2.438959906e+00 -2.438959906e+00 +1.6754e-01 +4.6661e-01
1333 0 +5.612570796e-04 -2.439438743e+00 -2.439438743e+00 +1.9278e-01 +4.9248e-01
1336 0 +2.504569309e-04 -2.439749543e+00 -2.439749543e+00 +2.1526e-01 +5.1461e-01
1339 0 +1.105967394e-04 -2.439889403e+00 -2.439889403e+00 +2.3458e-01 +5.3342e-01
1342 0 +4.744863278e-05 -2.439952551e+00 -2.439952551e+00 +2.5232e-01 +5.5066e-01
1345 0 +2.017128900e-05 -2.439979829e+00 -2.439979829e+00 +2.6801e-01 +5.6587e-01
1348 0 +8.310598801e-06 -2.439991689e+00 -2.439991689e+00 +2.8212e-01 +5.7952e-01
1351 0 +3.504432987e-06 -2.439996496e+00 -2.439996496e+00 +2.9400e-01 +5.9099e-01
1354 0 +1.470441731e-06 -2.439998530e+00 -2.439998530e+00 +3.0447e-01 +6.0106e-01
1357 0 +6.554872698e-07 -2.439999345e+00 -2.439999345e+00 +3.1323e-01 +6.0947e-01
1360 0 +3.287328152e-07 -2.439999671e+00 -2.439999671e+00 +3.2041e-01 +6.1633e-01
1363 0 +2.011125826e-07 -2.439999799e+00 -2.439999799e+00 +3.2597e-01 +6.2163e-01
1366 0 +1.500980655e-07 -2.439999850e+00 -2.439999850e+00 +3.2954e-01 +6.2500e-01
1369 0 +1.118334918e-07 -2.439999888e+00 -2.439999888e+00 +3.3184e-01 +6.2713e-01
1372 0 +6.045612722e-08 -2.439999940e+00 -2.439999940e+00 +3.3365e-01 +6.2873e-01
1375 0 +2.040450653e-08 -2.439999980e+00 -2.439999980e+00 +3.3380e-01 +6.2872e-01
1378 0 +4.213607241e-09 -2.439999996e+00 -2.439999996e+00 +3.3233e-01 +6.2722e-01
% f evaluations | g evaluations | best noise-free fitness - Fopt (1.240000000000e+00) + sum g_i+ | measured fitness | best measured fitness or single-digit g-values | x1 | x2...
1 0 +7.642529218e+00 +8.882529218e+00 +8.882529218e+00 +1.6667e+00 +1.6667e+00
5 0 +3.359579702e+00 +4.599579702e+00 +4.599579702e+00 +1.6667e+00 -3.3333e+00
25 0 +3.091188945e+00 +4.331188945e+00 +4.331188945e+00 +1.6668e+00 -3.3328e+00
28 0 +2.905981595e+00 +4.145981595e+00 +4.145981595e+00 +1.6676e+00 -3.3332e+00
2154 0 +9.132388534e-01 +2.153238853e+00 +2.153238853e+00 +1.6667e+00 -8.3333e-01
2160 0 +7.446601301e-01 +1.984660130e+00 +1.984660130e+00 +4.1667e-01 -8.3333e-01
2180 0 +1.207414736e-01 +1.360741474e+00 +1.360741474e+00 +4.1736e-01 -8.3124e-01
2183 0 +1.099569695e-01 +1.349956969e+00 +1.349956969e+00 +4.1755e-01 -8.3157e-01
2490 0 +3.822025551e-02 +1.278220256e+00 +1.278220256e+00 -4.1667e-01 +2.0833e-01
2512 0 +2.217996468e-02 +1.262179965e+00 +1.262179965e+00 -4.1608e-01 +2.0927e-01
2515 0 +1.570802424e-02 +1.255708024e+00 +1.255708024e+00 -4.1625e-01 +2.0892e-01
2570 0 +2.517078330e-03 +1.242517078e+00 +1.242517078e+00 -4.1667e-01 +5.2083e-02
2586 0 +2.439023965e-03 +1.242439024e+00 +1.242439024e+00 -4.1646e-01 +5.2537e-02
2589 0 +2.398698610e-03 +1.242398699e+00 +1.242398699e+00 -4.1626e-01 +5.3170e-02
2598 0 +2.266191291e-03 +1.242266191e+00 +1.242266191e+00 -4.2004e-01 +5.6395e-02
2601 0 +1.807114739e-03 +1.241807115e+00 +1.241807115e+00 -4.3839e-01 +7.0286e-02
2604 0 +1.174847177e-03 +1.241174847e+00 +1.241174847e+00 -4.6945e-01 +9.2707e-02
2607 0 +2.197484879e-04 +1.240219748e+00 +1.240219748e+00 -5.4044e-01 +1.4304e-01
2610 0 +3.390235119e-05 +1.240033902e+00 +1.240033902e+00 -5.8348e-01 +1.7360e-01
2613 0 +1.564008376e-05 +1.240015640e+00 +1.240015640e+00 -5.9794e-01 +1.8391e-01
2616 0 +8.951982572e-06 +1.240008952e+00 +1.240008952e+00 -6.1029e-01 +1.9274e-01
2619 0 +7.392459864e-06 +1.240007392e+00 +1.240007392e+00 -6.1790e-01 +1.9820e-01
2622 0 +7.044687480e-06 +1.240007045e+00 +1.240007045e+00 -6.2145e-01 +2.0077e-01
2625 0 +6.706459182e-06 +1.240006706e+00 +1.240006706e+00 -6.2423e-01 +2.0282e-01
2628 0 +5.752588152e-06 +1.240005753e+00 +1.240005753e+00 -6.3010e-01 +2.0722e-01
2631 0 +4.063213051e-06 +1.240004063e+00 +1.240004063e+00 -6.3857e-01 +2.1373e-01
2634 0 +2.058258925e-06 +1.240002058e+00 +1.240002058e+00 -6.4750e-01 +2.2080e-01
2637 0 +8.064619976e-07 +1.240000806e+00 +1.240000806e+00 -6.5405e-01 +2.2615e-01
2640 0 +2.793001119e-07 +1.240000279e+00 +1.240000279e+00 -6.5866e-01 +2.2999e-01
2643 0 +7.238445221e-08 +1.240000072e+00 +1.240000072e+00 -6.6234e-01 +2.3309e-01
2646 0 +9.822830549e-09 +1.240000010e+00 +1.240000010e+00 -6.6492e-01 +2.3526e-01
% f evaluations | g evaluations | best noise-free fitness - Fopt (4.701000000000e+01) + sum g_i+ | measured fitness | best measured fitness or single-digit g-values | x1 | x2...
1 0 +1.606882055e+01 +6.307882055e+01 +6.307882055e+01 +1.6667e+00 +1.6667e+00
5 0 +3.852186696e+00 +5.086218670e+01 +5.086218670e+01 +1.6667e+00 -3.3333e+00
105 0 +3.387210892e+00 +5.039721089e+01 +5.039721089e+01 +1.4583e+00 -2.9167e+00
136 0 +2.291031177e+00 +4.930103118e+01 +4.930103118e+01 +4.1667e-01 -4.5833e+00
146 0 +1.391160947e+00 +4.840116095e+01 +4.840116095e+01 +1.0417e+00 -4.5833e+00
170 0 +1.249681234e+00 +4.825968123e+01 +4.825968123e+01 +1.0415e+00 -4.5834e+00
3157 0 +1.167924827e+00 +4.817792483e+01 +4.817792483e+01 +8.3333e-01 -4.1667e-01
3162 0 +1.429915828e-01 +4.715299158e+01 +4.715299158e+01 +2.9167e+00 -8.3333e-01
3185 0 +1.368084062e-01 +4.714680841e+01 +4.714680841e+01 +2.9175e+00 -8.3258e-01
3188 0 +4.713132159e-02 +4.705713132e+01 +4.705713132e+01 +2.9170e+00 -8.3286e-01
3730 0 +2.219107402e-04 +4.701022191e+01 +4.701022191e+01 -2.0833e-01 -8.3333e-01
5983 0 +1.578974856e-04 +4.701015790e+01 +4.701015790e+01 -2.1159e-01 -8.2682e-01
6081 0 +7.261217483e-05 +4.701007261e+01 +4.701007261e+01 -2.1159e-01 -8.0729e-01
6169 0 +3.758573998e-05 +4.701003759e+01 +4.701003759e+01 -2.1159e-01 -7.8776e-01
6259 0 +2.558841051e-05 +4.701002559e+01 +4.701002559e+01 -2.1159e-01 -7.6823e-01
6301 0 +2.504103868e-05 +4.701002504e+01 +4.701002504e+01 -2.1159e-01 -7.4870e-01
6511 0 +2.422258772e-05 +4.701002422e+01 +4.701002422e+01 -2.1159e-01 -7.5846e-01
9160 0 +1.356316846e-05 +4.701001356e+01 +4.701001356e+01 -2.1322e-01 -7.5521e-01
9212 0 +7.837196634e-06 +4.701000784e+01 +4.701000784e+01 -2.1322e-01 -7.4544e-01
9296 0 +4.675369517e-06 +4.701000468e+01 +4.701000468e+01 -2.1322e-01 -7.3568e-01
9386 0 +3.037941148e-06 +4.701000304e+01 +4.701000304e+01 -2.1322e-01 -7.2591e-01
9542 0 +2.304767612e-06 +4.701000230e+01 +4.701000230e+01 -2.1322e-01 -7.1615e-01
9588 0 +2.150777711e-06 +4.701000215e+01 +4.701000215e+01 -2.1322e-01 -7.0638e-01
22847 0 +6.721314776e-07 +4.701000067e+01 +4.701000067e+01 -2.1403e-01 -7.0475e-01
22949 0 +4.267603515e-07 +4.701000043e+01 +4.701000043e+01 -2.1403e-01 -6.9987e-01
23047 0 +2.766681817e-07 +4.701000028e+01 +4.701000028e+01 -2.1403e-01 -6.9499e-01
23145 0 +1.958118361e-07 +4.701000020e+01 +4.701000020e+01 -2.1403e-01 -6.9010e-01
23291 0 +1.683895405e-07 +4.701000017e+01 +4.701000017e+01 -2.1403e-01 -6.8522e-01
68900 0 +8.335324964e-08 +4.701000008e+01 +4.701000008e+01 -2.1444e-01 -6.8441e-01
68954 0 +4.596592618e-08 +4.701000005e+01 +4.701000005e+01 -2.1444e-01 -6.8197e-01
69056 0 +2.062217419e-08 +4.701000002e+01 +4.701000002e+01 -2.1444e-01 -6.7952e-01
69146 0 +5.861899410e-09 +4.701000001e+01 +4.701000001e+01 -2.1444e-01 -6.7708e-01
% f evaluations | g evaluations | best noise-free fitness - Fopt (3.758000000000e+01) + sum g_i+ | measured fitness | best measured fitness or single-digit g-values | x1 | x2...
1 0 +5.841842218e+00 +4.342184222e+01 +4.342184222e+01 +1.6667e+00 +1.6667e+00
2 0 +1.450600878e+00 +3.903060088e+01 +3.903060088e+01 -1.6667e+00 -1.6667e+00
13 0 +7.893774620e-01 +3.836937746e+01 +3.836937746e+01 -8.3333e-01 -8.3333e-01
34 0 +6.450973724e-01 +3.822509737e+01 +3.822509737e+01 -8.3444e-01 -8.3338e-01
37 0 +5.654876144e-01 +3.814548761e+01 +3.814548761e+01 -8.3404e-01 -8.3309e-01
66 0 +4.042677214e-01 +3.798426772e+01 +3.798426772e+01 -4.1667e-01 -4.1667e-01
94 0 +3.898503771e-01 +3.796985038e+01 +3.796985038e+01 +8.3333e-01 -4.1667e-01
135 0 +1.253643858e-01 +3.770536439e+01 +3.770536439e+01 -1.1458e+00 -2.0833e+00
154 0 +9.434869561e-02 +3.767434870e+01 +3.767434870e+01 -1.1460e+00 -2.0831e+00
2514 0 +8.363670601e-02 +3.766363671e+01 +3.766363671e+01 -3.6101e-01 -1.4507e+00
2531 0 +8.317564408e-02 +3.766317564e+01 +3.766317564e+01 -3.6154e-01 -1.4508e+00
2534 0 +7.853950764e-02 +3.765853951e+01 +3.765853951e+01 -3.6120e-01 -1.4506e+00
2695 0 +7.362502197e-02 +3.765362502e+01 +3.765362502e+01 -2.8655e-02 -1.1046e+00
2711 0 +6.488628578e-02 +3.764488629e+01 +3.764488629e+01 -2.7284e-02 -1.1034e+00
2719 0 +6.287949869e-02 +3.764287950e+01 +3.764287950e+01 -2.7998e-02 -1.1041e+00
3037 0 +7.417732862e-03 +3.758741773e+01 +3.758741773e+01 -8.3333e-01 +4.1667e-01
3129 0 +9.337085466e-04 +3.758093371e+01 +3.758093371e+01 -8.7240e-01 +4.1667e-01
3872 0 +7.446621392e-04 +3.758074466e+01 +3.758074466e+01 -8.5612e-01 +4.1341e-01
4369 0 +4.808647045e-04 +3.758048086e+01 +3.758048086e+01 -8.2357e-01 +4.0690e-01
4952 0 +3.865424601e-04 +3.758038654e+01 +3.758038654e+01 -8.0729e-01 +4.0365e-01
5170 0 +2.914689743e-04 +3.758029147e+01 +3.758029147e+01 -7.9753e-01 +4.0365e-01
5833 0 +9.229523372e-05 +3.758009230e+01 +3.758009230e+01 -6.5755e-01 +3.7760e-01
6046 0 +1.388603724e-05 +3.758001389e+01 +3.758001389e+01 -6.6081e-01 +3.7435e-01
6085 0 +1.996424700e-06 +3.758000200e+01 +3.758000200e+01 -6.2826e-01 +3.6784e-01
7648 0 +4.336632244e-07 +3.758000043e+01 +3.758000043e+01 -6.3151e-01 +3.6947e-01
10749 0 +3.744010684e-07 +3.758000037e+01 +3.758000037e+01 -6.2581e-01 +3.6784e-01
13125 0 +2.595240716e-07 +3.758000026e+01 +3.758000026e+01 -6.2337e-01 +3.6784e-01
15505 0 +1.637181981e-07 +3.758000016e+01 +3.758000016e+01 -6.0384e-01 +3.6296e-01
21517 0 +6.065711489e-08 +3.758000006e+01 +3.758000006e+01 -6.0140e-01 +3.6296e-01
21704 0 +5.951036997e-09 +3.758000001e+01 +3.758000001e+01 -6.0954e-01 +3.6458e-01
% f evaluations | g evaluations | best noise-free fitness - Fopt (6.440000000000e+01) + sum g_i+ | measured fitness | best measured fitness or single-digit g-values | x1 | x2...
1 0 +1.158837046e+01 +7.598837046e+01 +7.598837046e+01 +1.6667e+00 +1.6667e+00
2 0 +3.421753586e+00 +6.782175359e+01 +6.782175359e+01 -1.6667e+00 -1.6667e+00
9 0 +1.958745115e+00 +6.635874511e+01 +6.635874511e+01 -8.3333e-01 -3.3333e+00
30 0 +1.476572085e+00 +6.587657208e+01 +6.587657208e+01 -8.3307e-01 -3.3334e+00
1514 0 +1.358519413e+00 +6.575851941e+01 +6.575851941e+01 -2.2140e-01 -9.6082e-01
1525 0 +9.848168552e-01 +6.538481686e+01 +6.538481686e+01 -2.5262e-01 -1.0819e+00
1529 0 +8.013403782e-01 +6.520134038e+01 +6.520134038e+01 -2.4606e-01 -1.0565e+00
1535 0 +6.344537292e-01 +6.503445373e+01 +6.503445373e+01 -2.4642e-01 -1.0578e+00
1538 0 +5.340718348e-01 +6.493407183e+01 +6.493407183e+01 -2.4628e-01 -1.0573e+00
1562 0 +2.663481021e-01 +6.466634810e+01 +6.466634810e+01 -4.1667e-01 -4.1667e+00
1601 0 +2.515011417e-01 +6.465150114e+01 +6.465150114e+01 -3.6458e-01 -4.2708e+00
1761 0 +6.252305164e-02 +6.446252305e+01 +6.446252305e+01 -3.9583e+00 -2.0833e+00
2185 0 +1.626810293e-02 +6.441626810e+01 +6.441626810e+01 +1.0417e+00 -2.0833e-01
2803 0 +1.213991140e-02 +6.441213991e+01 +6.441213991e+01 -2.8646e-01 +1.0417e-01
3150 0 +1.092211824e-02 +6.441092212e+01 +6.441092212e+01 -2.8971e-01 +1.0091e-01
3447 0 +9.575282155e-03 +6.440957528e+01 +6.440957528e+01 -3.0599e-01 +9.4401e-02
3499 0 +8.736428600e-03 +6.440873643e+01 +6.440873643e+01 -3.1087e-01 +9.4401e-02
3664 0 +4.701025791e-04 +6.440047010e+01 +6.440047010e+01 -8.4635e-01 -1.0417e-01
3759 0 +1.179764160e-04 +6.440011798e+01 +6.440011798e+01 -8.1380e-01 -9.1146e-02
4101 0 +1.034255889e-04 +6.440010343e+01 +6.440010343e+01 -8.0404e-01 -9.1146e-02
4146 0 +5.284824911e-05 +6.440005285e+01 +6.440005285e+01 -7.9753e-01 -8.4635e-02
4578 0 +4.719813683e-05 +6.440004720e+01 +6.440004720e+01 -8.1706e-01 -9.4401e-02
4627 0 +1.862149466e-05 +6.440001862e+01 +6.440001862e+01 -7.8451e-01 -8.1380e-02
5002 0 +5.689081263e-06 +6.440000569e+01 +6.440000569e+01 -6.5104e-01 -2.6042e-02
5109 0 +1.304900934e-07 +6.440000013e+01 +6.440000013e+01 -7.1615e-01 -5.2083e-02
25800 0 +1.143397697e-07 +6.440000011e+01 +6.440000011e+01 -7.1208e-01 -5.0456e-02
40353 0 +6.789375107e-08 +6.440000007e+01 +6.440000007e+01 -7.1126e-01 -4.9642e-02
40503 0 +3.146602978e-08 +6.440000003e+01 +6.440000003e+01 -6.9906e-01 -4.4759e-02
40848 0 +2.936857868e-08 +6.440000003e+01 +6.440000003e+01 -7.0719e-01 -4.8014e-02
85081 0 +2.050920500e-08 +6.440000002e+01 +6.440000002e+01 -7.0516e-01 -4.7201e-02
% f evaluations | g evaluations | best noise-free fitness - Fopt (4.033700000000e+02) + sum g_i+ | measured fitness | best measured fitness or single-digit g-values | x1 | x2...
1 0 +2.162696029e+01 +4.249969603e+02 +4.249969603e+02 +1.6667e+00 +1.6667e+00
2 0 +2.154046653e+01 +4.249104665e+02 +4.249104665e+02 -1.6667e+00 -1.6667e+00
3 0 +5.413327027e+00 +4.087833270e+02 +4.087833270e+02 -3.3333e+00 +1.6667e+00
4 0 +5.323094611e+00 +4.086930946e+02 +4.086930946e+02 +3.3333e+00 -1.6667e+00
12 0 +1.722788488e+00 +4.050927885e+02 +4.050927885e+02 +3.3259e+00 -8.3333e-03
15 0 +1.844090421e-01 +4.035544090e+02 +4.035544090e+02 +2.5321e-01 -2.7823e-01
30 0 +1.387857298e-01 +4.035087857e+02 +4.035087857e+02 +2.5352e-01 -2.7906e-01
33 0 +1.256634595e-01 +4.034956635e+02 +4.034956635e+02 +2.5334e-01 -2.7882e-01
155 0 +1.937027554e-02 +4.033893703e+02 +4.033893703e+02 -6.7708e-01 -1.1458e+00
714 0 +1.838350122e-02 +4.033883835e+02 +4.033883835e+02 -8.0729e-01 -8.8542e-01
997 0 +1.037948464e-02 +4.033803795e+02 +4.033803795e+02 +1.1979e+00 +1.0417e-01
2460 0 +9.349196705e-03 +4.033793492e+02 +4.033793492e+02 +1.1654e+00 +1.1068e-01
3110 0 +6.973480988e-03 +4.033769735e+02 +4.033769735e+02 +1.1458e+00 +1.1068e-01
3303 0 +6.581108115e-03 +4.033765811e+02 +4.033765811e+02 +2.9948e-01 +1.8229e-01
3763 0 +5.923259253e-03 +4.033759233e+02 +4.033759233e+02 +3.0924e-01 +1.8229e-01
3803 0 +4.206220126e-03 +4.033742062e+02 +4.033742062e+02 +3.3854e-01 +1.8229e-01
3843 0 +2.479623291e-03 +4.033724796e+02 +4.033724796e+02 +3.7760e-01 +1.8229e-01
4161 0 +2.145052270e-03 +4.033721451e+02 +4.033721451e+02 +3.8737e-01 +1.8229e-01
5811 0 +1.363587414e-03 +4.033713636e+02 +4.033713636e+02 +4.1667e-01 +1.8229e-01
5823 0 +7.922499806e-04 +4.033707922e+02 +4.033707922e+02 +4.5573e-01 +1.8229e-01
6613 0 +7.236531739e-04 +4.033707237e+02 +4.033707237e+02 +4.6549e-01 +1.8229e-01
7519 0 +6.902619574e-04 +4.033706903e+02 +4.033706903e+02 +4.9479e-01 +1.8229e-01
8127 0 +6.710903618e-04 +4.033706711e+02 +4.033706711e+02 +4.8503e-01 +1.8229e-01
8930 0 +4.805802959e-04 +4.033704806e+02 +4.033704806e+02 +4.8177e-01 +1.7904e-01
9010 0 +3.731739601e-04 +4.033703732e+02 +4.033703732e+02 +4.9154e-01 +1.7904e-01
9328 0 +2.949052279e-04 +4.033702949e+02 +4.033702949e+02 +5.0130e-01 +1.7904e-01
9368 0 +2.418539827e-04 +4.033702419e+02 +4.033702419e+02 +5.1107e-01 +1.7904e-01
9408 0 +2.108925116e-04 +4.033702109e+02 +4.033702109e+02 +5.2083e-01 +1.7904e-01
9546 0 +2.003848494e-04 +4.033702004e+02 +4.033702004e+02 +5.3060e-01 +1.7904e-01
9886 0 +1.225373732e-04 +4.033701225e+02 +4.033701225e+02 +6.1849e-01 +1.6927e-01
10459 0 +8.810929103e-06 +4.033700088e+02 +4.033700088e+02 +6.2174e-01 +1.7253e-01
13982 0 +6.497178333e-07 +4.033700006e+02 +4.033700006e+02 +6.5755e-01 +1.6927e-01
34125 0 +4.794011375e-07 +4.033700005e+02 +4.033700005e+02 +6.7057e-01 +1.6764e-01
35025 0 +7.460727147e-08 +4.033700001e+02 +4.033700001e+02 +6.7546e-01 +1.6764e-01
% f evaluations | g evaluations | best noise-free fitness - Fopt (-4.895600000000e+02) + sum g_i+ | measured fitness | best measured fitness or single-digit g-values | x1 | x2...
1 0 +1.241976171e+01 -4.771402383e+02 -4.771402383e+02 +1.6667e+00 +1.6667e+00
5 0 +4.296059802e+00 -4.852639402e+02 -4.852639402e+02 +1.6667e+00 -3.3333e+00
9 0 +7.236284478e-01 -4.888363716e+02 -4.888363716e+02 +4.1667e+00 -3.3333e+00
31 0 +7.068580355e-01 -4.888531420e+02 -4.888531420e+02 +4.1659e+00 -3.3329e+00
541 0 +6.440332804e-01 -4.889159667e+02 -4.889159667e+02 +3.0034e+00 -2.7355e+00
688 0 +6.298670124e-01 -4.889301330e+02 -4.889301330e+02 +4.1927e+00 -3.3854e+00
709 0 +5.933477624e-01 -4.889666522e+02 -4.889666522e+02 +4.1667e-01 -8.3333e-01
764 0 +2.071344013e-01 -4.893528656e+02 -4.893528656e+02 +2.0833e-01 -1.0417e+00
870 0 +8.420920628e-02 -4.894757908e+02 -4.894757908e+02 +2.0833e-01 -1.6667e+00
1037 0 +3.706133962e-04 -4.895596294e+02 -4.895596294e+02 +7.2917e-01 +4.1667e-01
1457 0 +9.918735958e-05 -4.895599008e+02 -4.895599008e+02 +7.0964e-01 +4.1667e-01
2486 0 +1.931076781e-05 -4.895599807e+02 -4.895599807e+02 +6.5755e-01 +4.0365e-01
2611 0 +9.702017223e-06 -4.895599903e+02 -4.895599903e+02 +6.3151e-01 +3.9714e-01
4525 0 +9.159288709e-06 -4.895599908e+02 -4.895599908e+02 +6.4128e-01 +3.9714e-01
6714 0 +5.868085736e-06 -4.895599941e+02 -4.895599941e+02 +6.2826e-01 +3.9388e-01
7277 0 +1.172366126e-06 -4.895599988e+02 -4.895599988e+02 +5.6315e-01 +3.7760e-01
22031 0 +1.327707082e-07 -4.895599999e+02 -4.895599999e+02 +5.9733e-01 +3.8737e-01
97729 0 +1.058305656e-07 -4.895599999e+02 -4.895599999e+02 +5.8024e-01 +3.8249e-01
97914 0 +6.692243915e-08 -4.895599999e+02 -4.895599999e+02 +5.8675e-01 +3.8411e-01
