% f evaluations | g evaluations | best noise-free fitness - Fopt (-1.025500000000e+02) + sum g_i+ | measured fitness | best measured fitness or single-digit g-values | x1 | x2...
1 0 +1.439594180e+01 -8.815405820e+01 -8.815405820e+01 +1.6667e+00 +1.6667e+00 +1.6667e+00 +1.6667e+00 +1.6667e+00
3 0 +1.375333368e+01 -8.879666632e+01 -8.879666632e+01 -3.3333e+00 +1.6667e+00 +1.6667e+00 +1.6667e+00 +1.6667e+00
5 0 +1.134151432e+01 -9.120848568e+01 -9.120848568e+01 -3.3333e+00 -3.3333e+00 +1.6667e+00 +1.6667e+00 +1.6667e+00
26 0 +1.087376951e+01 -9.167623049e+01 -9.167623049e+01 -3.3355e+00 -3.3338e+00 +1.6680e+00 +1.6661e+00 +1.6689e+00
35 0 +1.043651767e+01 -9.211348233e+01 -9.211348233e+01 -3.3358e+00 -3.3337e+00 +1.6683e+00 +1.6663e+00 +1.6697e+00
45 0 +9.109167210e+00 -9.344083279e+01 -9.344083279e+01 -3.3365e+00 -3.3336e+00 +1.6689e+00 +1.6664e+00 +1.6712e+00
64 0 +8.572853836e+00 -9.397714616e+01 -9.397714616e+01 -3.3369e+00 -3.3338e+00 +1.6693e+00 +1.6662e+00 +1.6718e+00
82 0 +8.167449333e+00 -9.438255067e+01 -9.438255067e+01 -3.3372e+00 -3.3333e+00 +1.6696e+00 +1.6662e+00 +1.6725e+00
91 0 +7.700472223e+00 -9.484952778e+01 -9.484952778e+01 -3.3374e+00 -3.3332e+00 +1.6696e+00 +1.6663e+00 +1.6726e+00
99 0 +7.090298901e+00 -9.545970110e+01 -9.545970110e+01 -3.3378e+00 -3.3327e+00 +1.6693e+00 +1.6665e+00 +1.6723e+00
111 0 +6.962719416e+00 -9.558728058e+01 -9.558728058e+01 -3.3378e+00 -3.3329e+00 +1.6696e+00 +1.6669e+00 +1.6722e+00
292 0 +5.321966914e+00 -9.722803309e+01 -9.722803309e+01 +1.6667e+00 +1.6667e+00 +1.6667e+00 -8.3333e-01 +4.1667e+00
329 0 +5.242670708e+00 -9.730732929e+01 -9.730732929e+01 +1.6667e+00 +1.6667e+00 +1.6667e+00 -8.3333e-01 +4.1666e+00
336 0 +5.123831429e+00 -9.742616857e+01 -9.742616857e+01 +1.6668e+00 +1.6667e+00 +1.6666e+00 -8.3327e-01 +4.1667e+00
3359 0 +4.834945406e+00 -9.771505459e+01 -9.771505459e+01 +8.3333e-01 +8.3333e-01 +2.0833e+00 -1.6667e+00 +8.3333e-01
3507 0 +3.815680331e+00 -9.873431967e+01 -9.873431967e+01 -2.9167e+00 -4.1667e-01 -4.1667e-01 +3.3333e+00 +8.3333e-01
3527 0 +2.724725104e+00 -9.982527490e+01 -9.982527490e+01 -3.1344e+00 -4.4559e-01 -2.7500e-01 +3.5406e+00 +9.5976e-01
3549 0 +2.560950741e+00 -9.998904926e+01 -9.998904926e+01 -3.1343e+00 -4.4561e-01 -2.7504e-01 +3.5405e+00 +9.5968e-01
3555 0 +1.668532738e+00 -1.008814673e+02 -1.008814673e+02 -1.4669e+00 -9.5800e-01 +2.5643e-01 +4.9381e-02 +2.3808e+00
3575 0 +1.431207856e+00 -1.011187921e+02 -1.011187921e+02 -1.4670e+00 -9.5786e-01 +2.5531e-01 +4.8726e-02 +2.3812e+00
3595 0 +1.388640541e+00 -1.011613595e+02 -1.011613595e+02 -1.4675e+00 -9.5774e-01 +2.5577e-01 +4.8228e-02 +2.3808e+00
3610 0 +1.376289513e+00 -1.011737105e+02 -1.011737105e+02 -1.4678e+00 -9.5847e-01 +2.5565e-01 +4.7733e-02 +2.3808e+00
8546 0 +1.331167574e+00 -1.012188324e+02 -1.012188324e+02 -3.0208e+00 -1.4583e+00 -1.4583e+00 +2.2917e+00 +1.0417e+00
10466 0 +8.957850113e-01 -1.016542150e+02 -1.016542150e+02 -3.0208e+00 -1.4632e+00 -1.4583e+00 +2.2917e+00 +1.0417e+00
13577 0 +6.861749045e-01 -1.018638251e+02 -1.018638251e+02 -4.1667e-01 +2.0833e+00 +8.3333e-01 -4.1667e-01 +8.3333e-01
35856 0 +6.234536771e-01 -1.019265463e+02 -1.019265463e+02 -4.1707e-01 +2.0829e+00 +8.3293e-01 -4.1585e-01 +8.3415e-01
65204 0 +3.613373111e-01 -1.021886627e+02 -1.021886627e+02 -9.1146e-01 +3.3854e-01 -2.8646e-01 -2.0833e-01 +4.1667e-01
66791 0 +3.192164686e-01 -1.022307835e+02 -1.022307835e+02 -9.0983e-01 +3.4017e-01 -2.8483e-01 -2.1159e-01 +4.1341e-01
66810 0 +2.662438809e-01 -1.022837561e+02 -1.022837561e+02 -9.0962e-01 +3.3933e-01 -2.8392e-01 -2.1139e-01 +4.1461e-01
66817 0 +2.578846550e-01 -1.022921153e+02 -1.022921153e+02 -9.0918e-01 +3.3953e-01 -2.8348e-01 -2.0978e-01 +4.1441e-01
66825 0 +8.533212169e-02 -1.024646679e+02 -1.024646679e+02 -9.1383e-01 +3.3870e-01 -2.6376e-01 -1.7952e-01 +4.0095e-01
66831 0 +7.529078607e-02 -1.024747092e+02 -1.024747092e+02 -9.1327e-01 +3.3842e-01 -2.6556e-01 -1.8130e-01 +4.0187e-01
66843 0 +7.387248247e-02 -1.024761275e+02 -1.024761275e+02 -9.1270e-01 +3.3755e-01 -2.6810e-01 -1.8428e-01 +4.0286e-01
66886 0 +7.206629885e-02 -1.024779337e+02 -1.024779337e+02 -9.1472e-01 +3.1574e-01 -2.8347e-01 -1.7807e-01 +3.9825e-01
66922 0 +7.059237372e-02 -1.024794076e+02 -1.024794076e+02 -9.3136e-01 +3.0052e-01 -3.0210e-01 -1.6329e-01 +4.0296e-01
66934 0 +6.877290793e-02 -1.024812271e+02 -1.024812271e+02 -9.6848e-01 +2.5635e-01 -3.5196e-01 -1.3001e-01 +4.1141e-01
66946 0 +6.733251415e-02 -1.024826675e+02 -1.024826675e+02 -9.6351e-01 +2.6779e-01 -3.4251e-01 -1.3667e-01 +4.1215e-01
66964 0 +6.565331458e-02 -1.024843467e+02 -1.024843467e+02 -9.9049e-01 +2.4480e-01 -3.7410e-01 -1.1540e-01 +4.2106e-01
66976 0 +6.451064485e-02 -1.024854894e+02 -1.024854894e+02 -1.0141e+00 +2.2505e-01 -3.9997e-01 -9.4346e-02 +4.2771e-01
67046 0 +6.308757271e-02 -1.024869124e+02 -1.024869124e+02 -1.0913e+00 +1.4844e-01 -4.9177e-01 -2.0251e-02 +4.4549e-01
% f evaluations | g evaluations | best noise-free fitness - Fopt (7.169000000000e+01) + sum g_i+ | measured fitness | best measured fitness or single-digit g-values | x1 | x2...
1 0 +1.506524472e+01 +8.675524472e+01 +8.675524472e+01 +1.6667e+00 +1.6667e+00 +1.6667e+00 +1.6667e+00 +1.6667e+00
2 0 +1.153608421e+01 +8.322608421e+01 +8.322608421e+01 -1.6667e+00 -1.6667e+00 -1.6667e+00 -1.6667e+00 -1.6667e+00
29 0 +9.488339848e+00 +8.117833985e+01 +8.117833985e+01 -3.3333e+00 +1.6667e+00 +1.6667e+00 +1.6667e+00 -3.3333e+00
35 0 +8.858969524e+00 +8.054896952e+01 +8.054896952e+01 +1.6667e+00 -3.3333e+00 +1.6667e+00 -3.3333e+00 +1.6667e+00
49 0 +7.853307092e+00 +7.954330709e+01 +7.954330709e+01 -8.1720e-01 +1.7540e+00 +1.6629e+00 +1.6313e+00 -3.3911e+00
55 0 +7.328898574e+00 +7.901889857e+01 +7.901889857e+01 -6.3801e-01 +2.0175e+00 +1.0510e+00 +2.1304e+00 -3.1959e+00
62 0 +6.135818275e+00 +7.782581828e+01 +7.782581828e+01 -2.2946e-01 +2.6691e+00 -3.4506e-01 +3.5580e+00 -2.8568e+00
82 0 +4.104899070e+00 +7.579489907e+01 +7.579489907e+01 -2.2888e-01 +2.6688e+00 -3.4384e-01 +3.5568e+00 -2.8569e+00
90 0 +3.389743187e+00 +7.507974319e+01 +7.507974319e+01 -2.2959e-01 +2.6688e+00 -3.4350e-01 +3.5563e+00 -2.8569e+00
100 0 +3.189228658e+00 +7.487922866e+01 +7.487922866e+01 -2.3029e-01 +2.6676e+00 -3.4330e-01 +3.5575e+00 -2.8568e+00
107 0 +2.784480876e+00 +7.447448088e+01 +7.447448088e+01 -2.3049e-01 +2.6686e+00 -3.4289e-01 +3.5578e+00 -2.8554e+00
113 0 +2.689290847e+00 +7.437929085e+01 +7.437929085e+01 -2.3093e-01 +2.6653e+00 -3.4898e-01 +3.5522e+00 -2.8598e+00
122 0 +2.291053098e+00 +7.398105310e+01 +7.398105310e+01 -2.3034e-01 +2.6693e+00 -3.4457e-01 +3.5558e+00 -2.8553e+00
128 0 +1.908191506e+00 +7.359819151e+01 +7.359819151e+01 -2.3019e-01 +2.6698e+00 -3.4268e-01 +3.5577e+00 -2.8545e+00
134 0 +1.892825872e+00 +7.358282587e+01 +7.358282587e+01 -2.3024e-01 +2.6696e+00 -3.4312e-01 +3.5573e+00 -2.8547e+00
1345 0 +1.122626165e+00 +7.281262616e+01 +7.281262616e+01 -4.1667e-01 -4.1667e-01 +2.0833e+00 -4.1667e-01 -1.6667e+00
1371 0 +1.117941397e+00 +7.280794140e+01 +7.280794140e+01 -4.1669e-01 -4.1673e-01 +2.0842e+00 -4.1644e-01 -1.6669e+00
1378 0 +8.416142260e-01 +7.253161423e+01 +7.253161423e+01 -4.1619e-01 -4.1640e-01 +2.0846e+00 -4.1608e-01 -1.6671e+00
1390 0 +6.381683190e-01 +7.232816832e+01 +7.232816832e+01 -4.1598e-01 -4.1610e-01 +2.0844e+00 -4.1598e-01 -1.6670e+00
1418 0 +5.078326163e-01 +7.219783262e+01 +7.219783262e+01 -4.0848e-01 -4.3670e-01 +2.0795e+00 -3.8270e-01 -1.6477e+00
1424 0 +4.777945118e-01 +7.216779451e+01 +7.216779451e+01 -4.0925e-01 -4.3437e-01 +2.0803e+00 -3.8652e-01 -1.6499e+00
% f evaluations | g evaluations | best noise-free fitness - Fopt (2.140100000000e+02) + sum g_i+ | measured fitness | best measured fitness or single-digit g-values | x1 | x2...
1 0 +1.433185155e+01 +2.283418516e+02 +2.283418516e+02 +1.6667e+00 +1.6667e+00 +1.6667e+00 +1.6667e+00 +1.6667e+00
3 0 +9.734476794e+00 +2.237444768e+02 +2.237444768e+02 -3.3333e+00 +1.6667e+00 +1.6667e+00 +1.6667e+00 +1.6667e+00
15 0 +7.111509428e+00 +2.211215094e+02 +2.211215094e+02 -2.9580e+00 +2.1772e+00 +1.7764e+00 +8.5397e-01 +8.3333e-03
22 0 +2.510252983e+00 +2.165202530e+02 +2.165202530e+02 -6.7173e-01 +1.8067e+00 +2.1241e+00 -2.0584e+00 +1.1985e+00
42 0 +1.836987049e+00 +2.158469870e+02 +2.158469870e+02 -6.7265e-01 +1.8061e+00 +2.1244e+00 -2.0568e+00 +1.1982e+00
50 0 +1.674526015e+00 +2.156845260e+02 +2.156845260e+02 -6.7240e-01 +1.8053e+00 +2.1250e+00 -2.0568e+00 +1.1981e+00
62 0 +1.642176622e+00 +2.156521766e+02 +2.156521766e+02 -6.7237e-01 +1.8058e+00 +2.1248e+00 -2.0568e+00 +1.1981e+00
69 0 +1.587693951e+00 +2.155976940e+02 +2.155976940e+02 -6.7172e-01 +1.8063e+00 +2.1251e+00 -2.0563e+00 +1.1981e+00
76 0 +1.577628759e+00 +2.155876288e+02 +2.155876288e+02 -6.7135e-01 +1.8077e+00 +2.1270e+00 -2.0559e+00 +1.1983e+00
91 0 +1.539438428e+00 +2.155494384e+02 +2.155494384e+02 -6.7002e-01 +1.8074e+00 +2.1258e+00 -2.0550e+00 +1.1983e+00
8388 0 +1.266579037e+00 +2.152765790e+02 +2.152765790e+02 +1.0417e-01 -2.0833e+00 -2.7083e+00 -1.4583e+00 -2.0833e-01
8409 0 +1.151765341e+00 +2.151617653e+02 +2.151617653e+02 -4.1667e-01 -4.1667e-01 +2.0833e+00 -4.1667e-01 +8.3333e-01
9832 0 +1.139046515e+00 +2.151490465e+02 +2.151490465e+02 -4.0365e-01 -4.0365e-01 +2.0964e+00 -4.0365e-01 +8.4635e-01
28498 0 +7.366291316e-01 +2.147466291e+02 +2.147466291e+02 -2.0833e+00 +2.2917e+00 +2.2917e+00 -2.7083e+00 -8.3333e-01
116446 0 +5.738454963e-01 +2.145838455e+02 +2.145838455e+02 -1.1458e+00 -2.0833e-01 -2.0833e-01 +4.1667e-01 -2.0833e-01
117620 0 +5.438298880e-01 +2.145538299e+02 +2.145538299e+02 -1.1458e+00 -2.2786e-01 -2.0833e-01 +4.1667e-01 -2.0833e-01
117696 0 +3.254683648e-01 +2.143354684e+02 +2.143354684e+02 -1.1458e+00 -2.2786e-01 -2.2786e-01 +4.1667e-01 -2.0833e-01
117982 0 +1.752863844e-01 +2.141852864e+02 +2.141852864e+02 -1.1458e+00 -2.1810e-01 -2.2786e-01 +4.1667e-01 -2.0833e-01
119370 0 +1.679945142e-01 +2.141779945e+02 +2.141779945e+02 -1.1458e+00 -2.1566e-01 -2.2786e-01 +4.1667e-01 -2.0833e-01
119682 0 +1.618693680e-01 +2.141718694e+02 +2.141718694e+02 -1.1458e+00 -2.1566e-01 -2.2786e-01 +4.1911e-01 -2.0833e-01
% f evaluations | g evaluations | best noise-free fitness - Fopt (-5.848000000000e+01) + sum g_i+ | measured fitness | best measured fitness or single-digit g-values | x1 | x2...
1 0 +1.385964228e+01 -4.462035772e+01 -4.462035772e+01 +1.6667e+00 +1.6667e+00 +1.6667e+00 +1.6667e+00 +1.6667e+00
26 0 +8.595062973e+00 -4.988493703e+01 -4.988493703e+01 +3.3333e+00 -1.6667e+00 -1.6667e+00 +3.3333e+00 -1.6667e+00
43 0 +7.445319601e+00 -5.103468040e+01 -5.103468040e+01 +3.5203e+00 -1.3108e+00 -1.6275e+00 +3.7479e+00 -1.5991e+00
53 0 +7.242191644e+00 -5.123780836e+01 -5.123780836e+01 +2.9546e+00 -1.2846e+00 -1.7241e+00 +4.6465e+00 -1.1301e+00
71 0 +5.334576035e+00 -5.314542396e+01 -5.314542396e+01 +2.9533e+00 -1.2865e+00 -1.7241e+00 +4.6453e+00 -1.1297e+00
81 0 +5.182002068e+00 -5.329799793e+01 -5.329799793e+01 +2.9527e+00 -1.2881e+00 -1.7240e+00 +4.6435e+00 -1.1298e+00
96 0 +5.089001359e+00 -5.339099864e+01 -5.339099864e+01 +2.9527e+00 -1.2880e+00 -1.7240e+00 +4.6435e+00 -1.1298e+00
103 0 +4.810710527e+00 -5.366928947e+01 -5.366928947e+01 +2.9526e+00 -1.2881e+00 -1.7240e+00 +4.6436e+00 -1.1297e+00
113 0 +4.673536645e+00 -5.380646335e+01 -5.380646335e+01 +2.9527e+00 -1.2882e+00 -1.7238e+00 +4.6436e+00 -1.1295e+00
120 0 +4.096017086e+00 -5.438398291e+01 -5.438398291e+01 +2.9538e+00 -1.2887e+00 -1.7223e+00 +4.6436e+00 -1.1285e+00
131 0 +3.867841269e+00 -5.461215873e+01 -5.461215873e+01 +2.9546e+00 -1.2892e+00 -1.7203e+00 +4.6436e+00 -1.1283e+00
143 0 +3.724936985e+00 -5.475506301e+01 -5.475506301e+01 +2.9552e+00 -1.2894e+00 -1.7202e+00 +4.6435e+00 -1.1274e+00
157 0 +3.701361077e+00 -5.477863892e+01 -5.477863892e+01 +2.9552e+00 -1.2894e+00 -1.7202e+00 +4.6436e+00 -1.1274e+00
178 0 +3.565972007e+00 -5.491402799e+01 -5.491402799e+01 +2.9522e+00 -1.2846e+00 -1.7160e+00 +4.6404e+00 -1.1236e+00
1492 0 +2.730751271e+00 -5.574924873e+01 -5.574924873e+01 +8.3333e-01 -1.6667e+00 +8.3333e-01 -1.6667e+00 -1.6667e+00
1514 0 +2.358473601e+00 -5.612152640e+01 -5.612152640e+01 +8.3106e-01 -1.6765e+00 +8.3717e-01 -1.6750e+00 -1.6635e+00
1531 0 +2.045778712e+00 -5.643422129e+01 -5.643422129e+01 +8.3108e-01 -1.6764e+00 +8.3714e-01 -1.6749e+00 -1.6635e+00
1538 0 +2.021713196e+00 -5.645828680e+01 -5.645828680e+01 +8.3108e-01 -1.6764e+00 +8.3728e-01 -1.6749e+00 -1.6636e+00
2694 0 +1.264201877e+00 -5.721579812e+01 -5.721579812e+01 -4.1667e-01 -1.6667e+00 +8.3333e-01 +8.3333e-01 -1.6667e+00
2720 0 +8.935068693e-01 -5.758649313e+01 -5.758649313e+01 -4.1711e-01 -1.6665e+00 +8.3317e-01 +8.3338e-01 -1.6674e+00
2727 0 +6.737440232e-01 -5.780625598e+01 -5.780625598e+01 -4.1622e-01 -1.6653e+00 +8.3362e-01 +8.3375e-01 -1.6681e+00
2737 0 +5.574859696e-01 -5.792251403e+01 -5.792251403e+01 -4.1442e-01 -1.6642e+00 +8.3562e-01 +8.3272e-01 -1.6697e+00
2745 0 +4.999261171e-01 -5.798007388e+01 -5.798007388e+01 -4.1237e-01 -1.6635e+00 +8.3354e-01 +8.3113e-01 -1.6705e+00
2754 0 +3.587846948e-01 -5.812121531e+01 -5.812121531e+01 -4.0432e-01 -1.6633e+00 +8.2637e-01 +8.2040e-01 -1.6750e+00
2760 0 +3.377035488e-01 -5.814229645e+01 -5.814229645e+01 -4.0523e-01 -1.6629e+00 +8.2681e-01 +8.2158e-01 -1.6743e+00
2796 0 +3.263259504e-01 -5.815367405e+01 -5.815367405e+01 -4.8551e-01 -1.5375e+00 +8.3646e-01 +7.2725e-01 -1.6037e+00
2802 0 +3.208092833e-01 -5.815919072e+01 -5.815919072e+01 -5.1017e-01 -1.4979e+00 +8.3877e-01 +6.9651e-01 -1.5818e+00
2808 0 +3.124990323e-01 -5.816750097e+01 -5.816750097e+01 -5.3250e-01 -1.4596e+00 +8.3943e-01 +6.6468e-01 -1.5612e+00
2820 0 +3.083071162e-01 -5.817169288e+01 -5.817169288e+01 -5.4399e-01 -1.4393e+00 +8.3997e-01 +6.4819e-01 -1.5506e+00
2844 0 +3.003030728e-01 -5.817969693e+01 -5.817969693e+01 -6.1394e-01 -1.3170e+00 +8.4250e-01 +5.4798e-01 -1.4859e+00
2895 0 +2.949749065e-01 -5.818502509e+01 -5.818502509e+01 -7.4284e-01 -1.0932e+00 +8.4657e-01 +3.6535e-01 -1.3658e+00
% f evaluations | g evaluations | best noise-free fitness - Fopt (-6.130800000000e+02) + sum g_i+ | measured fitness | best measured fitness or single-digit g-values | x1 | x2...
1 0 +1.598936465e+01 -5.970906354e+02 -5.970906354e+02 +1.6667e+00 +1.6667e+00 +1.6667e+00 +1.6667e+00 +1.6667e+00
2 0 +1.170964123e+01 -6.013703588e+02 -6.013703588e+02 -1.6667e+00 -1.6667e+00 -1.6667e+00 -1.6667e+00 -1.6667e+00
6 0 +8.858525360e+00 -6.042214746e+02 -6.042214746e+02 -1.6667e+00 +3.3333e+00 -1.6667e+00 -1.6667e+00 -1.6667e+00
7 0 +7.295820844e+00 -6.057841792e+02 -6.057841792e+02 +1.6667e+00 -3.3333e+00 +1.6667e+00 +1.6667e+00 +1.6667e+00
93 0 +6.492721824e+00 -6.065872782e+02 -6.065872782e+02 -8.3333e-01 +4.1667e+00 -8.3333e-01 -8.3333e-01 -8.3333e-01
102 0 +6.233828855e+00 -6.068461711e+02 -6.068461711e+02 -4.1667e-01 +3.3333e+00 -1.6667e+00 -1.6667e+00 -1.6667e+00
107 0 +5.911859513e+00 -6.071681405e+02 -6.071681405e+02 -8.3333e-01 +2.9167e+00 -8.3333e-01 -8.3333e-01 -8.3333e-01
111 0 +3.752742236e+00 -6.093272578e+02 -6.093272578e+02 +1.6667e+00 +4.1667e+00 +1.6667e+00 -3.3333e+00 -3.3333e+00
137 0 +3.485146141e+00 -6.095948539e+02 -6.095948539e+02 +1.6667e+00 +4.1663e+00 +1.6667e+00 -3.3335e+00 -3.3335e+00
144 0 +3.086828998e+00 -6.099931710e+02 -6.099931710e+02 +1.6670e+00 +4.1662e+00 +1.6665e+00 -3.3337e+00 -3.3336e+00
157 0 +2.931949905e+00 -6.101480501e+02 -6.101480501e+02 +1.6670e+00 +4.1663e+00 +1.6665e+00 -3.3337e+00 -3.3336e+00
196 0 +2.822836377e+00 -6.102571636e+02 -6.102571636e+02 +1.6669e+00 +4.1660e+00 +1.6663e+00 -3.3341e+00 -3.3330e+00
202 0 +2.803878986e+00 -6.102761210e+02 -6.102761210e+02 +1.6671e+00 +4.1654e+00 +1.6661e+00 -3.3337e+00 -3.3323e+00
4412 0 +2.337292087e+00 -6.107427079e+02 -6.107427079e+02 +2.0833e+00 +8.3333e-01 +8.3333e-01 +8.3333e-01 +8.3333e-01
4494 0 +2.082288488e+00 -6.109977115e+02 -6.109977115e+02 -4.1667e-01 +8.3333e-01 +8.3333e-01 +8.3333e-01 -1.6667e+00
5508 0 +1.930414288e+00 -6.111495857e+02 -6.111495857e+02 -1.0417e+00 -1.6667e+00 -1.6667e+00 -4.1667e-01 +8.3333e-01
6460 0 +1.773576703e+00 -6.113064233e+02 -6.113064233e+02 +8.3333e-01 +2.7083e+00 -4.1667e-01 -1.6667e+00 -1.6667e+00
9827 0 +1.183459407e+00 -6.118965406e+02 -6.118965406e+02 +4.1667e-01 +2.9167e+00 -8.3333e-01 +4.1667e-01 -8.3333e-01
14351 0 +4.639065253e-01 -6.126160935e+02 -6.126160935e+02 -2.0833e-01 -1.4583e+00 -2.0833e-01 +4.1667e-01 +1.0417e+00
% f evaluations | g evaluations | best noise-free fitness - Fopt (-1.573300000000e+02) + sum g_i+ | measured fitness | best measured fitness or single-digit g-values | x1 | x2...
1 0 +1.591448857e+01 -1.414155114e+02 -1.414155114e+02 +1.6667e+00 +1.6667e+00 +1.6667e+00 +1.6667e+00 +1.6667e+00
8 0 +1.391758163e+01 -1.434124184e+02 -1.434124184e+02 -1.6667e+00 +3.3333e+00 -1.6667e+00 -1.6667e+00 -1.6667e+00
12 0 +1.230454740e+01 -1.450254526e+02 -1.450254526e+02 -1.6667e+00 +3.3333e+00 +3.3333e+00 -1.6667e+00 -1.6667e+00
15 0 +1.084629948e+01 -1.464837005e+02 -1.464837005e+02 -3.3333e+00 +1.6667e+00 +1.6667e+00 -3.3333e+00 +1.6667e+00
36 0 +1.000191952e+01 -1.473280805e+02 -1.473280805e+02 -3.3335e+00 +1.6667e+00 +1.6666e+00 -3.3334e+00 +1.6668e+00
49 0 +9.840830561e+00 -1.474891694e+02 -1.474891694e+02 -3.3334e+00 +1.6667e+00 +1.6666e+00 -3.3334e+00 +1.6668e+00
95 0 +7.935103700e+00 -1.493948963e+02 -1.493948963e+02 -3.3270e+00 +1.6951e+00 +1.7083e+00 -3.3386e+00 +1.6993e+00
101 0 +7.440909571e+00 -1.498890904e+02 -1.498890904e+02 -3.3238e+00 +1.6928e+00 +1.7017e+00 -3.3440e+00 +1.6916e+00
107 0 +7.289983422e+00 -1.500400166e+02 -1.500400166e+02 -3.3230e+00 +1.6985e+00 +1.7100e+00 -3.3449e+00 +1.6977e+00
240 0 +2.999947748e+00 -1.543300523e+02 -1.543300523e+02 +3.3333e+00 -4.1667e+00 -1.6667e+00 +3.3333e+00 -1.6667e+00
265 0 +1.976566633e+00 -1.553534334e+02 -1.553534334e+02 +3.3335e+00 -4.1667e+00 -1.6663e+00 +3.3334e+00 -1.6668e+00
272 0 +1.715771483e+00 -1.556142285e+02 -1.556142285e+02 +3.3341e+00 -4.1666e+00 -1.6662e+00 +3.3332e+00 -1.6662e+00
282 0 +1.154986287e+00 -1.561750137e+02 -1.561750137e+02 +3.3351e+00 -4.1663e+00 -1.6665e+00 +3.3320e+00 -1.6668e+00
289 0 +6.416342121e-01 -1.566883658e+02 -1.566883658e+02 +3.3377e+00 -4.1658e+00 -1.6665e+00 +3.3298e+00 -1.6664e+00
295 0 +6.029475866e-01 -1.567270524e+02 -1.567270524e+02 +3.3382e+00 -4.1609e+00 -1.6679e+00 +3.3323e+00 -1.6667e+00
301 0 +5.882816844e-01 -1.567417183e+02 -1.567417183e+02 +3.3394e+00 -4.1544e+00 -1.6697e+00 +3.3353e+00 -1.6671e+00
308 0 +5.682067769e-01 -1.567617932e+02 -1.567617932e+02 +3.3420e+00 -4.1397e+00 -1.6738e+00 +3.3420e+00 -1.6679e+00
314 0 +5.572219148e-01 -1.567727781e+02 -1.567727781e+02 +3.3419e+00 -4.1330e+00 -1.6746e+00 +3.3442e+00 -1.6680e+00
320 0 +5.475536401e-01 -1.567824464e+02 -1.567824464e+02 +3.3413e+00 -4.1236e+00 -1.6752e+00 +3.3467e+00 -1.6679e+00
135378 0 +2.811338955e-01 -1.570488661e+02 -1.570488661e+02 +1.5104e+00 +2.6042e-01 -5.2083e-01 +8.8542e-01 -5.2083e-01
136018 0 +2.520516182e-01 -1.570779484e+02 -1.570779484e+02 +1.5104e+00 +2.6042e-01 -5.2083e-01 +9.2448e-01 -5.2083e-01
136378 0 +2.467439706e-01 -1.570832560e+02 -1.570832560e+02 +1.5104e+00 +2.6042e-01 -5.2083e-01 +9.0495e-01 -5.2083e-01
136798 0 +2.407759171e-01 -1.570892241e+02 -1.570892241e+02 +1.5104e+00 +2.6042e-01 -5.2083e-01 +9.1471e-01 -5.2083e-01
213638 0 +1.896424288e-01 -1.571403576e+02 -1.571403576e+02 +1.5104e+00 +2.6042e-01 -5.2205e-01 +9.1471e-01 -5.2083e-01
% f evaluations | g evaluations | best noise-free fitness - Fopt (-5.738000000000e+01) + sum g_i+ | measured fitness | best measured fitness or single-digit g-values | x1 | x2...
1 0 +1.521808961e+01 -4.216191039e+01 -4.216191039e+01 +1.6667e+00 +1.6667e+00 +1.6667e+00 +1.6667e+00 +1.6667e+00
2 0 +4.907745083e+00 -5.247225492e+01 -5.247225492e+01 -1.6667e+00 -1.6667e+00 -1.6667e+00 -1.6667e+00 -1.6667e+00
240 0 +4.715436342e+00 -5.266456366e+01 -5.266456366e+01 -4.1667e-01 +8.3333e-01 -4.1667e-01 -1.6667e+00 -1.6667e+00
272 0 +4.067250689e+00 -5.331274931e+01 -5.331274931e+01 +8.3333e-01 -1.6667e+00 +8.3333e-01 +8.3333e-01 -1.6667e+00
298 0 +3.289279896e+00 -5.409072010e+01 -5.409072010e+01 +8.3294e-01 -1.6670e+00 +8.3372e-01 +8.3390e-01 -1.6669e+00
305 0 +2.839805369e+00 -5.454019463e+01 -5.454019463e+01 +8.3236e-01 -1.6663e+00 +8.3389e-01 +8.3388e-01 -1.6683e+00
315 0 +1.552416433e+00 -5.582758357e+01 -5.582758357e+01 +8.3110e-01 -1.6636e+00 +8.3293e-01 +8.3532e-01 -1.6687e+00
322 0 +1.189122060e+00 -5.619087794e+01 -5.619087794e+01 +8.2829e-01 -1.6591e+00 +8.3222e-01 +8.3760e-01 -1.6726e+00
331 0 +1.174888276e+00 -5.620511172e+01 -5.620511172e+01 +8.3488e-01 -1.6601e+00 +8.2860e-01 +8.4278e-01 -1.6764e+00
337 0 +7.729587007e-01 -5.660704130e+01 -5.660704130e+01 +8.3434e-01 -1.6595e+00 +8.3462e-01 +8.3876e-01 -1.6719e+00
343 0 +7.382980944e-01 -5.664170191e+01 -5.664170191e+01 +8.3418e-01 -1.6590e+00 +8.3450e-01 +8.3920e-01 -1.6724e+00
32856 0 +5.197822922e-01 -5.686021771e+01 -5.686021771e+01 -1.3542e+00 +5.2083e-01 +5.2083e-01 +2.0833e-01 +1.4583e+00
34768 0 +5.072254570e-01 -5.687277454e+01 -5.687277454e+01 -1.3548e+00 +5.2083e-01 +5.2083e-01 +2.0833e-01 +1.4583e+00
38369 0 +4.690165280e-01 -5.691098347e+01 -5.691098347e+01 -2.0833e+00 +4.1667e-01 -2.0833e+00 +7.2917e-01 +4.1667e-01
40359 0 +3.716407909e-01 -5.700835921e+01 -5.700835921e+01 -2.0809e+00 +4.1667e-01 -2.0833e+00 +7.2917e-01 +4.1667e-01
41088 0 +2.127330167e-01 -5.716726698e+01 -5.716726698e+01 -2.0805e+00 +4.1707e-01 -2.0841e+00 +7.2835e-01 +4.1585e-01
42672 0 +2.049043902e-01 -5.717509561e+01 -5.717509561e+01 -2.0805e+00 +4.1707e-01 -2.0848e+00 +7.2835e-01 +4.1585e-01
% f evaluations | g evaluations | best noise-free fitness - Fopt (3.301100000000e+02) + sum g_i+ | measured fitness | best measured fitness or single-digit g-values | x1 | x2...
1 0 +1.309883953e+01 +3.432088395e+02 +3.432088395e+02 +1.6667e+00 +1.6667e+00 +1.6667e+00 +1.6667e+00 +1.6667e+00
9 0 +1.275100853e+01 +3.428610085e+02 +3.428610085e+02 +1.6667e+00 +1.6667e+00 -3.3333e+00 +1.6667e+00 +1.6667e+00
37 0 +1.121488862e+01 +3.413248886e+02 +3.413248886e+02 +4.1667e+00 +1.6667e+00 +1.6667e+00 +1.6667e+00 +1.6667e+00
39 0 +1.002065955e+01 +3.401306596e+02 +3.401306596e+02 +1.6667e+00 +1.6667e+00 -8.3333e-01 +1.6667e+00 +1.6667e+00
47 0 +8.266977863e+00 +3.383769779e+02 +3.383769779e+02 +1.6667e+00 +1.6667e+00 -8.3333e-01 +4.1667e+00 +1.6667e+00
63 0 +3.065851908e+00 +3.331758519e+02 +3.331758519e+02 +8.6160e-01 +1.5627e+00 -3.6367e-01 +2.8955e+00 +2.4958e+00
84 0 +2.960442895e+00 +3.330704429e+02 +3.330704429e+02 +8.6173e-01 +1.5629e+00 -3.6399e-01 +2.8950e+00 +2.4947e+00
91 0 +2.685330200e+00 +3.327953302e+02 +3.327953302e+02 +8.6186e-01 +1.5639e+00 -3.6321e-01 +2.8949e+00 +2.4943e+00
101 0 +1.939941091e+00 +3.320499411e+02 +3.320499411e+02 +8.6234e-01 +1.5645e+00 -3.6061e-01 +2.8948e+00 +2.4941e+00
108 0 +1.499957221e+00 +3.316099572e+02 +3.316099572e+02 +8.6344e-01 +1.5671e+00 -3.5640e-01 +2.8944e+00 +2.4921e+00
114 0 +9.848947757e-01 +3.310948948e+02 +3.310948948e+02 +8.5414e-01 +1.5696e+00 -3.5103e-01 +2.8962e+00 +2.4881e+00
120 0 +9.600398981e-01 +3.310700399e+02 +3.310700399e+02 +8.4866e-01 +1.5686e+00 -3.5006e-01 +2.8963e+00 +2.4871e+00
126 0 +9.351951378e-01 +3.310451951e+02 +3.310451951e+02 +8.3540e-01 +1.5667e+00 -3.4690e-01 +2.8965e+00 +2.4843e+00
132 0 +9.214055718e-01 +3.310314056e+02 +3.310314056e+02 +8.3100e-01 +1.5663e+00 -3.4511e-01 +2.8954e+00 +2.4835e+00
138 0 +9.114694811e-01 +3.310214695e+02 +3.310214695e+02 +8.2160e-01 +1.5655e+00 -3.4197e-01 +2.8945e+00 +2.4815e+00
27387 0 +4.620104050e-01 +3.305720104e+02 +3.305720104e+02 +5.2083e-02 +5.2083e-01 +2.0833e-01 +2.0833e-01 -1.6667e+00
30881 0 +3.817573881e-01 +3.304917574e+02 +3.304917574e+02 +5.6966e-02 +5.2083e-01 +2.0833e-01 +2.0833e-01 -1.6667e+00
156885 0 +3.283110873e-01 +3.304383111e+02 +3.304383111e+02 +5.4525e-02 +5.2083e-01 +2.0833e-01 +2.0833e-01 -1.6667e+00
195890 0 +3.010887371e-01 +3.304110887e+02 +3.304110887e+02 +5.5339e-02 +5.2165e-01 +2.0671e-01 +2.0671e-01 -1.6683e+00
% f evaluations | g evaluations | best noise-free fitness - Fopt (-2.440000000000e+00) + sum g_i+ | measured fitness | best measured fitness or single-digit g-values | x1 | x2...
1 0 +2.116367414e+01 +1.872367414e+01 +1.872367414e+01 +1.6667e+00 +1.6667e+00 +1.6667e+00 +1.6667e+00 +1.6667e+00
2 0 +1.259233287e+01 +1.015233287e+01 +1.015233287e+01 -1.6667e+00 -1.6667e+00 -1.6667e+00 -1.6667e+00 -1.6667e+00
4 0 +1.220725973e+01 +9.767259730e+00 +9.767259730e+00 +3.3333e+00 -1.6667e+00 -1.6667e+00 -1.6667e+00 -1.6667e+00
6 0 +8.810233817e+00 +6.370233817e+00 +6.370233817e+00 +3.3333e+00 +3.3333e+00 -1.6667e+00 -1.6667e+00 -1.6667e+00
20 0 +4.302322090e+00 +1.862322090e+00 +1.862322090e+00 +3.1970e+00 +3.5406e+00 -1.4672e+00 -1.6167e+00 -1.5276e+00
41 0 +3.989920055e+00 +1.549920055e+00 +1.549920055e+00 +3.1971e+00 +3.5404e+00 -1.4674e+00 -1.6169e+00 -1.5276e+00
48 0 +3.560155768e+00 +1.120155768e+00 +1.120155768e+00 +3.1972e+00 +3.5406e+00 -1.4678e+00 -1.6172e+00 -1.5272e+00
58 0 +2.831390267e+00 +3.913902673e-01 +3.913902673e-01 +3.1973e+00 +3.5411e+00 -1.4686e+00 -1.6179e+00 -1.5264e+00
66 0 +2.366696336e+00 -7.330366374e-02 -7.330366374e-02 +3.1954e+00 +3.5425e+00 -1.4690e+00 -1.6220e+00 -1.5267e+00
76 0 +1.093233401e+00 -1.346766599e+00 -1.346766599e+00 +3.1922e+00 +3.5471e+00 -1.4767e+00 -1.6225e+00 -1.5278e+00
83 0 +1.029405193e+00 -1.410594807e+00 -1.410594807e+00 +3.1826e+00 +3.5554e+00 -1.4879e+00 -1.6212e+00 -1.5367e+00
89 0 +6.564656333e-01 -1.783534367e+00 -1.783534367e+00 +3.1859e+00 +3.5497e+00 -1.4823e+00 -1.6206e+00 -1.5316e+00
25727 0 +4.430449659e-01 -1.996955034e+00 -1.996955034e+00 -4.1667e-01 +1.4583e+00 -1.0417e+00 -1.0417e+00 -1.0417e+00
25758 0 +3.835943325e-01 -2.056405667e+00 -2.056405667e+00 -4.1745e-01 +1.4582e+00 -1.0430e+00 -1.0416e+00 -1.0424e+00
25767 0 +3.718194010e-01 -2.068180599e+00 -2.068180599e+00 -4.1777e-01 +1.4584e+00 -1.0431e+00 -1.0414e+00 -1.0423e+00
25777 0 +2.464570406e-01 -2.193542959e+00 -2.193542959e+00 -4.1725e-01 +1.4584e+00 -1.0425e+00 -1.0414e+00 -1.0421e+00
25786 0 +2.362536920e-01 -2.203746308e+00 -2.203746308e+00 -4.1684e-01 +1.4584e+00 -1.0425e+00 -1.0400e+00 -1.0425e+00
% f evaluations | g evaluations | best noise-free fitness - Fopt (1.240000000000e+00) + sum g_i+ | measured fitness | best measured fitness or single-digit g-values | x1 | x2...
1 0 +8.698454395e+00 +9.938454395e+00 +9.938454395e+00 +1.6667e+00 +1.6667e+00 +1.6667e+00 +1.6667e+00 +1.6667e+00
122 0 +5.290846244e+00 +6.530846244e+00 +6.530846244e+00 +8.3333e-01 +8.3333e-01 +3.3333e+00 +8.3333e-01 -4.1667e+00
142 0 +5.115408868e+00 +6.355408868e+00 +6.355408868e+00 +8.0496e-01 +8.0285e-01 +3.3216e+00 +8.6376e-01 -4.1847e+00
149 0 +4.631176636e+00 +5.871176636e+00 +5.871176636e+00 +7.9237e-01 +7.5151e-01 +3.3342e+00 +8.7397e-01 -4.1766e+00
165 0 +4.069882292e+00 +5.309882292e+00 +5.309882292e+00 +7.9140e-01 +7.5090e-01 +3.3340e+00 +8.7512e-01 -4.1772e+00
176 0 +1.492673033e+00 +2.732673033e+00 +2.732673033e+00 +7.9186e-01 +7.5133e-01 +3.3340e+00 +8.7455e-01 -4.1770e+00
192 0 +1.465062557e+00 +2.705062557e+00 +2.705062557e+00 +7.9183e-01 +7.5124e-01 +3.3341e+00 +8.7457e-01 -4.1770e+00
235 0 +1.433594618e+00 +2.673594618e+00 +2.673594618e+00 +7.9129e-01 +7.5134e-01 +3.3343e+00 +8.7411e-01 -4.1771e+00
241 0 +1.316915277e+00 +2.556915277e+00 +2.556915277e+00 +7.8201e-01 +7.5250e-01 +3.3366e+00 +8.6661e-01 -4.1789e+00
247 0 +1.239047667e+00 +2.479047667e+00 +2.479047667e+00 +7.8617e-01 +7.5200e-01 +3.3353e+00 +8.7012e-01 -4.1778e+00
6591 0 +8.461792267e-01 +2.086179227e+00 +2.086179227e+00 -5.2083e-01 +7.2917e-01 -5.2083e-01 -1.4583e+00 +1.0417e+00
6631 0 +8.303422722e-01 +2.070342272e+00 +2.070342272e+00 -5.2351e-01 +7.3015e-01 -5.2034e-01 -1.4597e+00 +1.0443e+00
6641 0 +5.007911096e-01 +1.740791110e+00 +1.740791110e+00 -5.2312e-01 +7.2880e-01 -5.1990e-01 -1.4590e+00 +1.0437e+00
6648 0 +3.805031956e-01 +1.620503196e+00 +1.620503196e+00 -5.2471e-01 +7.2661e-01 -5.2099e-01 -1.4578e+00 +1.0451e+00
6660 0 +3.028684522e-01 +1.542868452e+00 +1.542868452e+00 -5.2516e-01 +7.2591e-01 -5.1969e-01 -1.4586e+00 +1.0451e+00
6667 0 +2.992859204e-01 +1.539285920e+00 +1.539285920e+00 -5.2735e-01 +7.2394e-01 -5.1955e-01 -1.4583e+00 +1.0470e+00
6673 0 +2.552650896e-01 +1.495265090e+00 +1.495265090e+00 -5.2643e-01 +7.2485e-01 -5.2018e-01 -1.4581e+00 +1.0460e+00
208960 0 +1.496054994e-01 +1.389605499e+00 +1.389605499e+00 +7.2917e-01 -2.0833e-01 +4.1667e-01 -8.3333e-01 +4.1667e-01
208989 0 +9.330678090e-02 +1.333306781e+00 +1.333306781e+00 +7.2916e-01 -2.0846e-01 +4.1664e-01 -8.3420e-01 +4.1670e-01
209003 0 +6.626207478e-02 +1.306262075e+00 +1.306262075e+00 +7.2404e-01 -2.1883e-01 +4.1868e-01 -8.3304e-01 +4.1678e-01
209009 0 +6.552915857e-02 +1.305529159e+00 +1.305529159e+00 +7.2334e-01 -2.2024e-01 +4.1894e-01 -8.3289e-01 +4.1664e-01
209093 0 +6.455162693e-02 +1.304551627e+00 +1.304551627e+00 +7.3089e-01 -2.2662e-01 +4.2653e-01 -8.3277e-01 +4.0634e-01
209160 0 +6.309434482e-02 +1.303094345e+00 +1.303094345e+00 +8.3135e-01 -2.6304e-01 +5.0809e-01 -8.3295e-01 +3.3811e-01
% f evaluations | g evaluations | best noise-free fitness - Fopt (4.701000000000e+01) + sum g_i+ | measured fitness | best measured fitness or single-digit g-values | x1 | x2...
1 0 +2.328259499e+01 +7.029259499e+01 +7.029259499e+01 +1.6667e+00 +1.6667e+00 +1.6667e+00 +1.6667e+00 +1.6667e+00
2 0 +1.404094172e+01 +6.105094172e+01 +6.105094172e+01 -1.6667e+00 -1.6667e+00 -1.6667e+00 -1.6667e+00 -1.6667e+00
20 0 +1.304102999e+01 +6.005102999e+01 +6.005102999e+01 -1.6667e+00 -1.6667e+00 -1.6667e+00 -1.6667e+00 +3.3333e+00
35 0 +6.728652155e+00 +5.373865215e+01 +5.373865215e+01 -2.1400e+00 -1.6350e+00 -1.5778e+00 -1.7258e+00 +3.4909e+00
48 0 +6.138631909e+00 +5.314863191e+01 +5.314863191e+01 -2.0712e+00 -1.5980e+00 -1.5505e+00 -1.7179e+00 +3.3939e+00
59 0 +3.556531719e+00 +5.056653172e+01 +5.056653172e+01 -2.1100e+00 -1.6282e+00 -1.5556e+00 -1.7342e+00 +3.4310e+00
75 0 +3.515422979e+00 +5.052542298e+01 +5.052542298e+01 -2.1094e+00 -1.6276e+00 -1.5559e+00 -1.7341e+00 +3.4305e+00
82 0 +3.165512490e+00 +5.017551249e+01 +5.017551249e+01 -2.1089e+00 -1.6273e+00 -1.5567e+00 -1.7342e+00 +3.4307e+00
92 0 +2.360529846e+00 +4.937052985e+01 +4.937052985e+01 -2.1086e+00 -1.6266e+00 -1.5584e+00 -1.7345e+00 +3.4313e+00
99 0 +2.303517262e+00 +4.931351726e+01 +4.931351726e+01 -2.1167e+00 -1.6175e+00 -1.5646e+00 -1.7331e+00 +3.4286e+00
108 0 +1.999452026e+00 +4.900945203e+01 +4.900945203e+01 -2.1194e+00 -1.6180e+00 -1.5674e+00 -1.7423e+00 +3.4235e+00
114 0 +1.686142439e+00 +4.869614244e+01 +4.869614244e+01 -2.1054e+00 -1.6179e+00 -1.5616e+00 -1.7415e+00 +3.4347e+00
120 0 +1.211169980e+00 +4.822116998e+01 +4.822116998e+01 -2.1110e+00 -1.6165e+00 -1.5622e+00 -1.7415e+00 +3.4316e+00
4557 0 +1.076535844e+00 +4.808653584e+01 +4.808653584e+01 +8.3333e-01 -4.1667e-01 +8.3333e-01 -4.1667e-01 +8.3333e-01
4709 0 +1.047068255e+00 +4.805706826e+01 +4.805706826e+01 +6.7708e-01 -4.1667e-01 +8.3333e-01 -4.1667e-01 +8.3333e-01
5954 0 +9.879583429e-01 +4.799795834e+01 +4.799795834e+01 +6.7546e-01 -4.1829e-01 +8.3171e-01 -4.1829e-01 +8.3659e-01
6359 0 +9.178488803e-01 +4.792784888e+01 +4.792784888e+01 +6.7464e-01 -4.1911e-01 +8.3089e-01 -4.1911e-01 +8.3577e-01
7627 0 +8.216178877e-01 +4.783161789e+01 +4.783161789e+01 +6.7403e-01 -4.1911e-01 +8.3089e-01 -4.1911e-01 +8.3577e-01
36524 0 +6.365842332e-01 +4.764658423e+01 +4.764658423e+01 +4.1667e-01 -2.0833e-01 -2.0833e-01 -1.4583e+00 -2.0833e-01
36548 0 +6.192868256e-01 +4.762928683e+01 +4.762928683e+01 +4.1741e-01 -2.0764e-01 -2.0969e-01 -1.4586e+00 -2.0802e-01
36555 0 +5.503205285e-01 +4.756032053e+01 +4.756032053e+01 +4.1842e-01 -2.0775e-01 -2.1027e-01 -1.4599e+00 -2.0790e-01
36565 0 +2.300911400e-01 +4.724009114e+01 +4.724009114e+01 +4.1609e-01 -2.0625e-01 -2.0960e-01 -1.4617e+00 -2.0872e-01
36577 0 +2.258848161e-01 +4.723588482e+01 +4.723588482e+01 +4.1685e-01 -2.0707e-01 -2.0926e-01 -1.4605e+00 -2.0849e-01
36586 0 +2.182537051e-01 +4.722825371e+01 +4.722825371e+01 +4.1720e-01 -2.0686e-01 -2.0928e-01 -1.4606e+00 -2.0850e-01
36592 0 +2.113094474e-01 +4.722130945e+01 +4.722130945e+01 +4.1622e-01 -2.0719e-01 -2.1001e-01 -1.4612e+00 -2.0832e-01
36607 0 +2.081327054e-01 +4.721813271e+01 +4.721813271e+01 +4.1677e-01 -2.0659e-01 -2.0945e-01 -1.4611e+00 -2.0855e-01
% f evaluations | g evaluations | best noise-free fitness - Fopt (3.758000000000e+01) + sum g_i+ | measured fitness | best measured fitness or single-digit g-values | x1 | x2...
1 0 +6.428954930e+00 +4.400895493e+01 +4.400895493e+01 +1.6667e+00 +1.6667e+00 +1.6667e+00 +1.6667e+00 +1.6667e+00
48 0 +1.941338999e+00 +3.952133900e+01 +3.952133900e+01 +8.3333e-01 +8.3333e-01 +8.3333e-01 +8.3333e-01 +8.3333e-01
70 0 +1.708246320e+00 +3.928824632e+01 +3.928824632e+01 +8.3295e-01 +8.3067e-01 +8.3274e-01 +8.3131e-01 +8.3406e-01
77 0 +1.322471891e+00 +3.890247189e+01 +3.890247189e+01 +8.3371e-01 +8.2919e-01 +8.3242e-01 +8.2987e-01 +8.3136e-01
87 0 +9.803683228e-01 +3.856036832e+01 +3.856036832e+01 +8.3565e-01 +8.2711e-01 +8.3828e-01 +8.3160e-01 +8.2953e-01
96 0 +9.487549871e-01 +3.852875499e+01 +3.852875499e+01 +8.3675e-01 +8.2611e-01 +8.3867e-01 +8.3104e-01 +8.2891e-01
108 0 +6.511291727e-01 +3.823112917e+01 +3.823112917e+01 +8.7767e-01 +8.2242e-01 +8.2319e-01 +8.3538e-01 +8.4037e-01
114 0 +6.054809991e-01 +3.818548100e+01 +3.818548100e+01 +8.4879e-01 +8.2327e-01 +8.3229e-01 +8.3331e-01 +8.3116e-01
120 0 +5.365850689e-01 +3.811658507e+01 +3.811658507e+01 +8.5503e-01 +8.2498e-01 +8.3041e-01 +8.3237e-01 +8.3406e-01
138 0 +5.222091547e-01 +3.810220915e+01 +3.810220915e+01 +8.6389e-01 +8.4107e-01 +8.4288e-01 +8.0829e-01 +8.3935e-01
144 0 +5.109813642e-01 +3.809098136e+01 +3.809098136e+01 +8.6062e-01 +8.3643e-01 +8.3978e-01 +8.1502e-01 +8.3744e-01
157 0 +4.884801859e-01 +3.806848019e+01 +3.806848019e+01 +8.6438e-01 +8.4942e-01 +8.5188e-01 +7.9394e-01 +8.3965e-01
163 0 +4.754972215e-01 +3.805549722e+01 +3.805549722e+01 +8.6553e-01 +8.5648e-01 +8.5921e-01 +7.8180e-01 +8.4014e-01
169 0 +4.479896853e-01 +3.802798969e+01 +3.802798969e+01 +8.6404e-01 +8.6391e-01 +8.6864e-01 +7.6775e-01 +8.3901e-01
176 0 +4.433193331e-01 +3.802331933e+01 +3.802331933e+01 +8.6360e-01 +8.7631e-01 +8.8276e-01 +7.4587e-01 +8.3869e-01
182 0 +4.295204797e-01 +3.800952048e+01 +3.800952048e+01 +8.6561e-01 +8.7307e-01 +8.7901e-01 +7.5095e-01 +8.3891e-01
188 0 +4.188935720e-01 +3.799889357e+01 +3.799889357e+01 +8.6467e-01 +8.7708e-01 +8.8430e-01 +7.4327e-01 +8.3817e-01
196 0 +4.094456969e-01 +3.798944570e+01 +3.798944570e+01 +8.6512e-01 +8.8698e-01 +8.9652e-01 +7.2432e-01 +8.3725e-01
202 0 +3.967407399e-01 +3.797674074e+01 +3.797674074e+01 +8.6535e-01 +8.8775e-01 +8.9812e-01 +7.2198e-01 +8.3677e-01
208 0 +3.767887267e-01 +3.795678873e+01 +3.795678873e+01 +8.6754e-01 +8.9894e-01 +9.1338e-01 +6.9821e-01 +8.3493e-01
214 0 +3.629942622e-01 +3.794299426e+01 +3.794299426e+01 +8.7021e-01 +9.0401e-01 +9.2085e-01 +6.8620e-01 +8.3388e-01
220 0 +3.547876262e-01 +3.793478763e+01 +3.793478763e+01 +8.7055e-01 +9.1386e-01 +9.3583e-01 +6.6381e-01 +8.3087e-01
233 0 +3.416987954e-01 +3.792169880e+01 +3.792169880e+01 +8.7166e-01 +9.1517e-01 +9.3856e-01 +6.5943e-01 +8.3004e-01
239 0 +3.384732101e-01 +3.791847321e+01 +3.791847321e+01 +8.7255e-01 +9.2055e-01 +9.4688e-01 +6.4662e-01 +8.2831e-01
251 0 +3.277479495e-01 +3.790774795e+01 +3.790774795e+01 +8.7152e-01 +9.2771e-01 +9.5893e-01 +6.2833e-01 +8.2456e-01
257 0 +3.204375491e-01 +3.790043755e+01 +3.790043755e+01 +8.7025e-01 +9.3110e-01 +9.6469e-01 +6.1933e-01 +8.2234e-01
270 0 +3.069131132e-01 +3.788691311e+01 +3.788691311e+01 +8.6730e-01 +9.3868e-01 +9.7711e-01 +5.9958e-01 +8.1757e-01
276 0 +2.991502036e-01 +3.787915020e+01 +3.787915020e+01 +8.6065e-01 +9.4800e-01 +9.9232e-01 +5.7507e-01 +8.1054e-01
282 0 +2.882592211e-01 +3.786825922e+01 +3.786825922e+01 +8.6020e-01 +9.4517e-01 +9.8735e-01 +5.8244e-01 +8.1180e-01
288 0 +2.786612420e-01 +3.785866124e+01 +3.785866124e+01 +8.5677e-01 +9.4934e-01 +9.9374e-01 +5.7153e-01 +8.0851e-01
296 0 +2.749547859e-01 +3.785495479e+01 +3.785495479e+01 +8.5148e-01 +9.5406e-01 +1.0010e+00 +5.5907e-01 +8.0427e-01
302 0 +2.690624266e-01 +3.784906243e+01 +3.784906243e+01 +8.5098e-01 +9.5363e-01 +9.9999e-01 +5.6027e-01 +8.0435e-01
314 0 +2.617171833e-01 +3.784171718e+01 +3.784171718e+01 +8.4061e-01 +9.5934e-01 +1.0077e+00 +5.4522e-01 +7.9785e-01
338 0 +2.559551867e-01 +3.783595519e+01 +3.783595519e+01 +8.3496e-01 +9.6363e-01 +1.0138e+00 +5.3291e-01 +7.9311e-01
352 0 +2.471161805e-01 +3.782711618e+01 +3.782711618e+01 +8.2935e-01 +9.7083e-01 +1.0256e+00 +5.1083e-01 +7.8569e-01
358 0 +2.421975128e-01 +3.782219751e+01 +3.782219751e+01 +8.2615e-01 +9.7617e-01 +1.0353e+00 +4.9311e-01 +7.7979e-01
365 0 +2.373824769e-01 +3.781738248e+01 +3.781738248e+01 +8.2817e-01 +9.7596e-01 +1.0359e+00 +4.9269e-01 +7.8005e-01
383 0 +2.334754227e-01 +3.781347542e+01 +3.781347542e+01 +8.2688e-01 +9.8069e-01 +1.0447e+00 +4.7652e-01 +7.7512e-01
401 0 +2.252477217e-01 +3.780524772e+01 +3.780524772e+01 +8.1506e-01 +9.8800e-01 +1.0553e+00 +4.5199e-01 +7.6429e-01
409 0 +2.234167066e-01 +3.780341671e+01 +3.780341671e+01 +8.1205e-01 +9.9048e-01 +1.0591e+00 +4.4367e-01 +7.6096e-01
433 0 +2.164854800e-01 +3.779648548e+01 +3.779648548e+01 +8.0490e-01 +9.9489e-01 +1.0648e+00 +4.2881e-01 +7.5431e-01
452 0 +2.136877510e-01 +3.779368775e+01 +3.779368775e+01 +8.0042e-01 +9.9820e-01 +1.0697e+00 +4.1692e-01 +7.4925e-01
483 0 +2.085769324e-01 +3.778857693e+01 +3.778857693e+01 +7.9075e-01 +1.0060e+00 +1.0820e+00 +3.8715e-01 +7.3668e-01
508 0 +2.040866993e-01 +3.778408670e+01 +3.778408670e+01 +7.8261e-01 +1.0113e+00 +1.0896e+00 +3.6630e-01 +7.2719e-01
534 0 +1.990514346e-01 +3.777905143e+01 +3.777905143e+01 +7.6869e-01 +1.0176e+00 +1.0963e+00 +3.4163e-01 +7.1444e-01
566 0 +1.948088112e-01 +3.777480881e+01 +3.777480881e+01 +7.5627e-01 +1.0253e+00 +1.1067e+00 +3.0859e-01 +6.9887e-01
629 0 +1.904627026e-01 +3.777046270e+01 +3.777046270e+01 +7.3172e-01 +1.0357e+00 +1.1162e+00 +2.6335e-01 +6.7455e-01
697 0 +1.860872976e-01 +3.776608730e+01 +3.776608730e+01 +7.1114e-01 +1.0449e+00 +1.1248e+00 +2.1933e-01 +6.5115e-01
824 0 +1.819392864e-01 +3.776193929e+01 +3.776193929e+01 +6.7281e-01 +1.0598e+00 +1.1347e+00 +1.4206e-01 +6.0797e-01
1147 0 +1.777874376e-01 +3.775778744e+01 +3.775778744e+01 +5.7832e-01 +1.0890e+00 +1.1343e+00 -3.4638e-02 +5.0087e-01
% f evaluations | g evaluations | best noise-free fitness - Fopt (6.440000000000e+01) + sum g_i+ | measured fitness | best measured fitness or single-digit g-values | x1 | x2...
1 0 +1.277883108e+01 +7.717883108e+01 +7.717883108e+01 +1.6667e+00 +1.6667e+00 +1.6667e+00 +1.6667e+00 +1.6667e+00
3 0 +1.228382519e+01 +7.668382519e+01 +7.668382519e+01 -3.3333e+00 +1.6667e+00 +1.6667e+00 +1.6667e+00 +1.6667e+00
11 0 +1.118245020e+01 +7.558245020e+01 +7.558245020e+01 +1.6667e+00 +1.6667e+00 -3.3333e+00 +1.6667e+00 +1.6667e+00
27 0 +7.900060913e+00 +7.230006091e+01 +7.230006091e+01 +1.0335e+00 +1.4414e+00 -2.8487e+00 +8.3333e-03 +1.4800e+00
35 0 +7.536113963e+00 +7.193611396e+01 +7.193611396e+01 +1.0717e+00 +2.0707e+00 -2.3305e+00 -1.2375e+00 +3.6365e-01
57 0 +7.222708679e+00 +7.162270868e+01 +7.162270868e+01 +1.0717e+00 +2.0707e+00 -2.3299e+00 -1.2371e+00 +3.6419e-01
64 0 +7.018888033e+00 +7.141888803e+01 +7.141888803e+01 +1.0720e+00 +2.0700e+00 -2.3301e+00 -1.2368e+00 +3.6433e-01
73 0 +5.267094307e+00 +6.966709431e+01 +6.966709431e+01 +1.0545e+00 +2.0646e+00 -2.3505e+00 -1.2146e+00 +3.7444e-01
79 0 +5.212559543e+00 +6.961255954e+01 +6.961255954e+01 +9.7438e-01 +2.0172e+00 -2.3180e+00 -1.1706e+00 +3.1206e-01
85 0 +2.168474355e+00 +6.656847436e+01 +6.656847436e+01 +1.0366e+00 +2.0514e+00 -2.3299e+00 -1.2096e+00 +3.4773e-01
91 0 +2.031989838e+00 +6.643198984e+01 +6.643198984e+01 +1.0259e+00 +2.0479e+00 -2.3396e+00 -1.1986e+00 +3.5271e-01
97 0 +1.521291358e+00 +6.592129136e+01 +6.592129136e+01 +1.0195e+00 +2.0429e+00 -2.3312e+00 -1.1970e+00 +3.4211e-01
103 0 +1.502457688e+00 +6.590245769e+01 +6.590245769e+01 +1.0236e+00 +2.0454e+00 -2.3332e+00 -1.1992e+00 +3.4567e-01
8367 0 +1.253393657e+00 +6.565339366e+01 +6.565339366e+01 +1.6667e+00 -2.0833e+00 -8.3333e-01 -2.0833e+00 +2.9167e+00
19753 0 +1.198238808e+00 +6.559823881e+01 +6.559823881e+01 +3.0729e+00 +4.1667e-01 +4.1667e-01 +4.1667e-01 +2.9167e+00
20494 0 +1.113175557e+00 +6.551317556e+01 +6.551317556e+01 +8.3333e-01 -4.1667e-01 +2.0833e+00 +2.0833e-01 -4.1667e-01
21945 0 +9.808451689e-01 +6.538084517e+01 +6.538084517e+01 +1.6667e+00 +1.0417e-01 +1.0417e+00 +4.1667e-01 +1.6667e+00
23422 0 +7.138724762e-01 +6.511387248e+01 +6.511387248e+01 +1.6634e+00 +1.0091e-01 +1.0384e+00 +4.2318e-01 +1.6732e+00
23441 0 +7.007741489e-01 +6.510077415e+01 +6.510077415e+01 +1.6633e+00 +1.0100e-01 +1.0387e+00 +4.2312e-01 +1.6734e+00
23448 0 +6.847035690e-01 +6.508470357e+01 +6.508470357e+01 +1.6626e+00 +1.0117e-01 +1.0385e+00 +4.2358e-01 +1.6737e+00
23456 0 +4.943288165e-01 +6.489432882e+01 +6.489432882e+01 +1.5955e+00 +9.6516e-02 +1.0197e+00 +4.4632e-01 +1.6945e+00
23464 0 +3.106673631e-01 +6.471066736e+01 +6.471066736e+01 +1.5854e+00 +8.5220e-02 +1.0216e+00 +4.6015e-01 +1.6985e+00
23470 0 +2.722407516e-01 +6.467224075e+01 +6.467224075e+01 +1.6110e+00 +8.1191e-02 +1.0296e+00 +4.5081e-01 +1.6901e+00
23476 0 +1.749138141e-01 +6.457491381e+01 +6.457491381e+01 +1.6087e+00 +8.5775e-02 +1.0275e+00 +4.5147e-01 +1.6919e+00
23482 0 +1.715788283e-01 +6.457157883e+01 +6.457157883e+01 +1.6083e+00 +8.7001e-02 +1.0272e+00 +4.5155e-01 +1.6920e+00
23518 0 +1.692444337e-01 +6.456924443e+01 +6.456924443e+01 +1.6016e+00 +9.9207e-02 +1.0447e+00 +4.5010e-01 +1.6556e+00
23530 0 +1.600497870e-01 +6.456004979e+01 +6.456004979e+01 +1.5740e+00 +1.1410e-01 +1.0726e+00 +4.5458e-01 +1.5965e+00
23544 0 +1.577515097e-01 +6.455775151e+01 +6.455775151e+01 +1.5421e+00 +1.2798e-01 +1.1007e+00 +4.6034e-01 +1.5362e+00
23562 0 +1.543121654e-01 +6.455431217e+01 +6.455431217e+01 +1.5452e+00 +1.2950e-01 +1.1001e+00 +4.5795e-01 +1.5366e+00
23574 0 +1.509739919e-01 +6.455097399e+01 +6.455097399e+01 +1.5304e+00 +1.3868e-01 +1.1136e+00 +4.5806e-01 +1.5056e+00
23586 0 +1.455804698e-01 +6.454558047e+01 +6.454558047e+01 +1.4920e+00 +1.5726e-01 +1.1439e+00 +4.6110e-01 +1.4357e+00
23592 0 +1.434306462e-01 +6.454343065e+01 +6.454343065e+01 +1.4734e+00 +1.6425e-01 +1.1562e+00 +4.6320e-01 +1.4066e+00
23611 0 +1.405573961e-01 +6.454055740e+01 +6.454055740e+01 +1.4549e+00 +1.7384e-01 +1.1702e+00 +4.6359e-01 +1.3729e+00
23631 0 +1.377824396e-01 +6.453778244e+01 +6.453778244e+01 +1.4247e+00 +1.8889e-01 +1.1909e+00 +4.6406e-01 +1.3214e+00
23657 0 +1.342129311e-01 +6.453421293e+01 +6.453421293e+01 +1.3635e+00 +2.1452e-01 +1.2293e+00 +4.6759e-01 +1.2252e+00
23695 0 +1.316512799e-01 +6.453165128e+01 +6.453165128e+01 +1.3065e+00 +2.3986e-01 +1.2621e+00 +4.6851e-01 +1.1375e+00
144734 0 +1.048699045e-01 +6.450486990e+01 +6.450486990e+01 +2.0833e-01 -4.1667e-01 +2.0833e-01 -4.1667e-01 +2.0833e-01
147416 0 +1.028910581e-01 +6.450289106e+01 +6.450289106e+01 +2.0955e-01 -4.1667e-01 +2.0833e-01 -4.1667e-01 +2.0833e-01
147486 0 +9.464432932e-02 +6.449464433e+01 +6.449464433e+01 +2.0955e-01 -4.1545e-01 +2.0833e-01 -4.1667e-01 +2.0833e-01
% f evaluations | g evaluations | best noise-free fitness - Fopt (4.033700000000e+02) + sum g_i+ | measured fitness | best measured fitness or single-digit g-values | x1 | x2...
1 0 +2.474312520e+01 +4.281131252e+02 +4.281131252e+02 +1.6667e+00 +1.6667e+00 +1.6667e+00 +1.6667e+00 +1.6667e+00
2 0 +9.710047351e+00 +4.130800474e+02 +4.130800474e+02 -1.6667e+00 -1.6667e+00 -1.6667e+00 -1.6667e+00 -1.6667e+00
5 0 +5.847582479e+00 +4.092175825e+02 +4.092175825e+02 -3.3333e+00 -3.3333e+00 +1.6667e+00 +1.6667e+00 +1.6667e+00
28 0 +5.517789523e+00 +4.088877895e+02 +4.088877895e+02 -1.6667e+00 -1.6667e+00 -1.6667e+00 -1.6667e+00 +3.3333e+00
42 0 +2.954974797e+00 +4.063249748e+02 +4.063249748e+02 -2.3706e+00 -1.8545e+00 -8.0341e-01 +1.6500e+00 +2.2511e+00
64 0 +2.456008897e+00 +4.058260089e+02 +4.058260089e+02 -2.3702e+00 -1.8542e+00 -8.0342e-01 +1.6494e+00 +2.2509e+00
71 0 +2.102668415e+00 +4.054726684e+02 +4.054726684e+02 -2.3699e+00 -1.8539e+00 -8.0397e-01 +1.6492e+00 +2.2505e+00
82 0 +1.903249448e+00 +4.052732494e+02 +4.052732494e+02 -2.3706e+00 -1.8539e+00 -8.0377e-01 +1.6494e+00 +2.2503e+00
97 0 +1.698044710e+00 +4.050680447e+02 +4.050680447e+02 -2.3757e+00 -1.8198e+00 -8.0605e-01 +1.6563e+00 +2.2660e+00
9033 0 +1.184137515e+00 +4.045541375e+02 +4.045541375e+02 -1.6667e+00 -4.1667e-01 +2.0833e+00 -4.1667e-01 +2.0833e+00
11580 0 +9.612587066e-01 +4.043312587e+02 +4.043312587e+02 +1.5104e+00 +1.5104e+00 +2.6042e-01 -3.6458e-01 -9.8958e-01
36410 0 +4.870078214e-01 +4.038570078e+02 +4.038570078e+02 +1.0417e+00 -8.3333e-01 +1.0417e+00 +4.1667e-01 +1.6667e+00
158597 0 +3.599107697e-01 +4.037299108e+02 +4.037299108e+02 -2.2135e-01 +5.7943e-01 -2.2135e-01 -2.2135e-01 -1.8229e-01
158860 0 +3.113384120e-01 +4.036813384e+02 +4.036813384e+02 -2.1810e-01 +5.7292e-01 -2.2786e-01 -2.2786e-01 -1.8880e-01
158924 0 +2.832091370e-01 +4.036532091e+02 +4.036532091e+02 -2.1810e-01 +5.8268e-01 -2.2786e-01 -2.2786e-01 -1.8880e-01
160125 0 +2.800926573e-01 +4.036500927e+02 +4.036500927e+02 -2.1647e-01 +5.8431e-01 -2.3112e-01 -2.3112e-01 -1.9206e-01
160269 0 +2.648179286e-01 +4.036348179e+02 +4.036348179e+02 -2.1647e-01 +5.8431e-01 -2.2624e-01 -2.3112e-01 -1.9206e-01
% f evaluations | g evaluations | best noise-free fitness - Fopt (-4.895600000000e+02) + sum g_i+ | measured fitness | best measured fitness or single-digit g-values | x1 | x2...
1 0 +1.109788690e+01 -4.784621131e+02 -4.784621131e+02 +1.6667e+00 +1.6667e+00 +1.6667e+00 +1.6667e+00 +1.6667e+00
13 0 +8.957503123e+00 -4.806024969e+02 -4.806024969e+02 +1.6667e+00 +1.6667e+00 +1.6667e+00 -3.3333e+00 +1.6667e+00
33 0 +7.165072148e+00 -4.823949279e+02 -4.823949279e+02 +4.1667e+00 +1.6667e+00 +1.6667e+00 +1.6667e+00 +1.6667e+00
115 0 +2.849715215e+00 -4.867102848e+02 -4.867102848e+02 +2.9167e+00 +4.1667e-01 +4.1667e-01 +4.1667e-01 +4.1667e-01
151 0 +2.631082345e+00 -4.869289177e+02 -4.869289177e+02 +2.9166e+00 +4.1637e-01 +4.1652e-01 +4.1682e-01 +4.1663e-01
161 0 +2.240997258e+00 -4.873190027e+02 -4.873190027e+02 +2.9163e+00 +4.1625e-01 +4.1641e-01 +4.1705e-01 +4.1650e-01
168 0 +1.878156195e+00 -4.876818438e+02 -4.876818438e+02 +2.9168e+00 +4.1656e-01 +4.1729e-01 +4.1985e-01 +4.1709e-01
179 0 +1.725321341e+00 -4.878346787e+02 -4.878346787e+02 +2.9165e+00 +4.1658e-01 +4.1757e-01 +4.2249e-01 +4.1857e-01
191 0 +1.626066536e+00 -4.879339335e+02 -4.879339335e+02 +2.9171e+00 +4.1658e-01 +4.1801e-01 +4.2287e-01 +4.1728e-01
203 0 +1.579687951e+00 -4.879803120e+02 -4.879803120e+02 +2.9170e+00 +4.1669e-01 +4.1798e-01 +4.2285e-01 +4.1785e-01
2261 0 +1.364357382e+00 -4.881956426e+02 -4.881956426e+02 -4.1667e-01 -4.1667e-01 +2.0833e+00 +8.3333e-01 -1.6667e+00
3520 0 +1.128696632e+00 -4.884313034e+02 -4.884313034e+02 +1.0417e+00 +4.1667e+00 +4.1667e-01 +4.1667e-01 +1.6667e+00
6253 0 +1.035945149e+00 -4.885240549e+02 -4.885240549e+02 +8.3333e-01 +1.4583e+00 -4.1667e-01 -4.1667e-01 +8.3333e-01
15138 0 +8.911062722e-01 -4.886688937e+02 -4.886688937e+02 +1.0417e+00 +2.2917e+00 -2.0833e-01 +4.1667e-01 +1.6667e+00
25627 0 +7.039628150e-01 -4.888560372e+02 -4.888560372e+02 +9.8958e-01 +5.2083e-01 +5.2083e-01 +1.7708e+00 -1.0417e-01
144004 0 +5.244344644e-01 -4.890355655e+02 -4.890355655e+02 -2.0833e-01 +4.1667e-01 +1.0417e+00 +1.0417e+00 -8.3333e-01
147420 0 +4.452542701e-01 -4.891147457e+02 -4.891147457e+02 -2.0833e-01 +4.1178e-01 +1.0417e+00 +1.0417e+00 -8.3333e-01
