% f evaluations | g evaluations | best noise-free fitness - Fopt (1.238300000000e+02) + sum g_i+ | measured fitness | best measured fitness or single-digit g-values | x1 | x2...
1 0 +7.266918243e+02 +8.505218243e+02 +8.505218243e+02 +1.6667e+00 +1.6667e+00
2 0 +4.908422241e+02 +6.146722241e+02 +6.146722241e+02 -1.6667e+00 -1.6667e+00
12 0 +1.146711836e+02 +2.385011836e+02 +2.385011836e+02 +8.3333e-01 +3.3333e+00
13 0 +9.625366659e+01 +2.200836666e+02 +2.200836666e+02 -8.3333e-01 -8.3333e-01
17 0 +1.173355917e+01 +1.355635592e+02 +1.355635592e+02 +1.6667e+00 +4.1667e+00
33 0 +1.664669009e+00 +1.254946690e+02 +1.254946690e+02 +1.5911e+00 +4.2084e+00
36 0 +1.351453149e+00 +1.251814531e+02 +1.251814531e+02 +1.6014e+00 +4.1998e+00
42 0 +1.348389086e+00 +1.251783891e+02 +1.251783891e+02 +1.5982e+00 +4.1961e+00
51 0 +1.303519941e+00 +1.251335199e+02 +1.251335199e+02 +1.5173e+00 +4.0610e+00
54 0 +1.255402107e+00 +1.250854021e+02 +1.250854021e+02 +1.4200e+00 +3.8919e+00
57 0 +1.181149675e+00 +1.250111497e+02 +1.250111497e+02 +1.3052e+00 +3.6874e+00
60 0 +1.018607284e+00 +1.248486073e+02 +1.248486073e+02 +1.1412e+00 +3.3852e+00
63 0 +7.698632059e-01 +1.245998632e+02 +1.245998632e+02 +9.9375e-01 +3.0964e+00
66 0 +6.389378505e-01 +1.244689379e+02 +1.244689379e+02 +7.5701e-01 +2.6417e+00
69 0 +4.243817428e-01 +1.242543817e+02 +1.242543817e+02 +6.5426e-01 +2.4131e+00
73 0 +3.608312492e-01 +1.241908312e+02 +1.241908312e+02 +4.9666e-01 +2.0926e+00
76 0 +2.839482735e-01 +1.241139483e+02 +1.241139483e+02 +4.5785e-01 +1.9995e+00
79 0 +2.218058860e-01 +1.240518059e+02 +1.240518059e+02 +2.8590e-01 +1.6158e+00
82 0 +1.323849561e-01 +1.239623850e+02 +1.239623850e+02 +2.8280e-01 +1.5788e+00
85 0 +8.157421324e-02 +1.239115742e+02 +1.239115742e+02 +1.7536e-01 +1.3243e+00
88 0 +6.523189090e-02 +1.238952319e+02 +1.238952319e+02 +1.3270e-01 +1.2135e+00
91 0 +2.634759123e-02 +1.238563476e+02 +1.238563476e+02 +8.7084e-02 +1.0737e+00
95 0 +1.776723186e-02 +1.238477672e+02 +1.238477672e+02 +4.8493e-02 +9.6744e-01
98 0 +9.841562430e-03 +1.238398416e+02 +1.238398416e+02 +2.1184e-02 +8.8338e-01
101 0 +3.004814957e-03 +1.238330048e+02 +1.238330048e+02 +5.9166e-03 +8.2601e-01
104 0 +1.564583496e-03 +1.238315646e+02 +1.238315646e+02 -2.7289e-02 +7.2228e-01
107 0 +4.386345391e-04 +1.238304386e+02 +1.238304386e+02 -1.7216e-02 +7.5108e-01
110 0 +1.353261216e-04 +1.238301353e+02 +1.238301353e+02 -2.3142e-02 +7.3080e-01
113 0 +5.496774079e-06 +1.238300055e+02 +1.238300055e+02 -2.9851e-02 +7.0757e-01
116 0 +8.274341212e-09 +1.238300000e+02 +1.238300000e+02 -3.0049e-02 +7.0652e-01
% f evaluations | g evaluations | best noise-free fitness - Fopt (4.751000000000e+01) + sum g_i+ | measured fitness | best measured fitness or single-digit g-values | x1 | x2...
1 0 +6.119446625e+03 +6.166956625e+03 +6.166956625e+03 +1.6667e+00 +1.6667e+00
2 0 +7.370899482e+02 +7.845999482e+02 +7.845999482e+02 -1.6667e+00 -1.6667e+00
4 0 +1.316333828e+00 +4.882633383e+01 +4.882633383e+01 +3.3333e+00 -1.6667e+00
13 0 +9.595051620e-01 +4.846950516e+01 +4.846950516e+01 +3.3242e+00 -1.6790e+00
22 0 +9.524482854e-01 +4.846244829e+01 +4.846244829e+01 +3.3112e+00 -1.6672e+00
28 0 +9.186930747e-01 +4.842869307e+01 +4.842869307e+01 +3.2087e+00 -1.5892e+00
31 0 +8.790831705e-01 +4.838908317e+01 +4.838908317e+01 +3.0713e+00 -1.4880e+00
34 0 +8.186008425e-01 +4.832860084e+01 +4.832860084e+01 +2.9062e+00 -1.3694e+00
37 0 +6.883407894e-01 +4.819834079e+01 +4.819834079e+01 +2.6617e+00 -1.1996e+00
40 0 +5.016105693e-01 +4.801161057e+01 +4.801161057e+01 +2.4352e+00 -1.0517e+00
43 0 +4.185251356e-01 +4.792852514e+01 +4.792852514e+01 +2.0495e+00 -7.9327e-01
46 0 +2.768440604e-01 +4.778684406e+01 +4.778684406e+01 +1.9560e+00 -7.4468e-01
49 0 +2.255526117e-01 +4.773555261e+01 +4.773555261e+01 +1.5607e+00 -4.9558e-01
52 0 +1.736252663e-01 +4.768362527e+01 +4.768362527e+01 +1.6652e+00 -5.6711e-01
55 0 +1.314201552e-01 +4.764142016e+01 +4.764142016e+01 +1.5236e+00 -4.8368e-01
59 0 +1.001304942e-01 +4.761013049e+01 +4.761013049e+01 +1.2636e+00 -3.3196e-01
62 0 +7.015407828e-02 +4.758015408e+01 +4.758015408e+01 +1.2762e+00 -3.4437e-01
65 0 +3.945711186e-02 +4.754945711e+01 +4.754945711e+01 +1.1231e+00 -2.6332e-01
68 0 +2.724711744e-02 +4.753724712e+01 +4.753724712e+01 +9.2695e-01 -1.6098e-01
71 0 +1.176132763e-02 +4.752176133e+01 +4.752176133e+01 +9.3370e-01 -1.6981e-01
74 0 +4.862594013e-03 +4.751486259e+01 +4.751486259e+01 +8.4479e-01 -1.2675e-01
77 0 +2.661997104e-03 +4.751266200e+01 +4.751266200e+01 +7.3700e-01 -7.5975e-02
80 0 +6.160610433e-04 +4.751061606e+01 +4.751061606e+01 +7.5439e-01 -8.5882e-02
83 0 +1.547325988e-04 +4.751015473e+01 +4.751015473e+01 +7.2948e-01 -7.4905e-02
86 0 +8.086548164e-06 +4.751000809e+01 +4.751000809e+01 +7.0572e-01 -6.4390e-02
89 0 +7.583486195e-08 +4.751000008e+01 +4.751000008e+01 +7.0477e-01 -6.4106e-02
92 0 +1.508553282e-10 +4.751000000e+01 +4.751000000e+01 +7.0419e-01 -6.3854e-02
% f evaluations | g evaluations | best noise-free fitness - Fopt (5.534000000000e+01) + sum g_i+ | measured fitness | best measured fitness or single-digit g-values | x1 | x2...
1 0 +1.074977779e+03 +1.130317779e+03 +1.130317779e+03 +1.6667e+00 +1.6667e+00
8 0 +8.881761507e+01 +1.441576151e+02 +1.441576151e+02 -1.6667e+00 +3.3333e+00
18 0 +3.673386765e+01 +9.207386765e+01 +9.207386765e+01 -1.3931e+00 +3.5989e+00
21 0 +9.099453033e+00 +6.443945303e+01 +6.443945303e+01 -1.4809e+00 +3.4623e+00
24 0 +8.165869714e+00 +6.350586971e+01 +6.350586971e+01 -1.4632e+00 +3.4770e+00
33 0 +8.090218941e+00 +6.343021894e+01 +6.343021894e+01 -1.4202e+00 +3.4437e+00
36 0 +7.918217758e+00 +6.325821776e+01 +6.325821776e+01 -1.2676e+00 +3.3063e+00
39 0 +7.743288486e+00 +6.308328849e+01 +6.308328849e+01 -1.1025e+00 +3.1514e+00
42 0 +7.410484535e+00 +6.275048453e+01 +6.275048453e+01 -8.3754e-01 +2.8928e+00
45 0 +6.827475030e+00 +6.216747503e+01 +6.216747503e+01 -6.1407e-01 +2.6586e+00
48 0 +5.812334914e+00 +6.115233491e+01 +6.115233491e+01 -3.7139e-01 +2.3734e+00
52 0 +5.471044475e+00 +6.081104448e+01 +6.081104448e+01 -1.8023e-02 +1.9909e+00
55 0 +4.885703442e+00 +6.022570344e+01 +6.022570344e+01 +3.6099e-02 +1.9024e+00
58 0 +4.619242763e+00 +5.995924276e+01 +5.995924276e+01 +4.5583e-01 +1.3727e+00
61 0 +3.907445021e+00 +5.924744502e+01 +5.924744502e+01 +3.0377e-01 +1.5151e+00
64 0 +3.479307517e+00 +5.881930752e+01 +5.881930752e+01 +4.4830e-01 +1.3068e+00
69 0 +3.339512844e+00 +5.867951284e+01 +5.867951284e+01 +6.5397e-01 +9.9595e-01
72 0 +3.076980646e+00 +5.841698065e+01 +5.841698065e+01 +5.7013e-01 +1.1023e+00
75 0 +2.857251344e+00 +5.819725134e+01 +5.819725134e+01 +6.0721e-01 +1.0178e+00
81 0 +2.395173329e+00 +5.773517333e+01 +5.773517333e+01 +6.7539e-01 +8.2486e-01
84 0 +2.171153690e+00 +5.751115369e+01 +5.751115369e+01 +7.1423e-01 +7.1779e-01
88 0 +2.106218769e+00 +5.744621877e+01 +5.744621877e+01 +8.0553e-01 +4.3549e-01
91 0 +1.871837678e+00 +5.721183768e+01 +5.721183768e+01 +7.4560e-01 +5.7756e-01
94 0 +1.733271042e+00 +5.707327104e+01 +5.707327104e+01 +7.5402e-01 +5.1126e-01
98 0 +1.521240237e+00 +5.686124024e+01 +5.686124024e+01 +7.6620e-01 +3.6710e-01
101 0 +1.349799600e+00 +5.668979960e+01 +5.668979960e+01 +7.5029e-01 +2.7589e-01
104 0 +9.973782114e-01 +5.633737821e+01 +5.633737821e+01 +6.8279e-01 +1.9275e-01
108 0 +8.903384249e-01 +5.623033842e+01 +5.623033842e+01 +6.4037e-01 +8.9317e-02
111 0 +7.316678032e-01 +5.607166780e+01 +5.607166780e+01 +5.9056e-01 +5.6184e-02
114 0 +5.777583573e-01 +5.591775836e+01 +5.591775836e+01 +4.7907e-01 -3.7126e-02
117 0 +3.843944555e-01 +5.572439446e+01 +5.572439446e+01 +3.3614e-01 -6.6758e-02
121 0 +2.727455646e-01 +5.561274556e+01 +5.561274556e+01 +1.9343e-01 -1.4383e-01
124 0 +2.430459868e-01 +5.558304599e+01 +5.558304599e+01 +2.1122e-01 -1.2507e-01
127 0 +1.960261100e-01 +5.553602611e+01 +5.553602611e+01 +1.3893e-01 -1.4461e-01
131 0 +1.498097625e-01 +5.548980976e+01 +5.548980976e+01 -1.2673e-02 -1.8212e-01
134 0 +1.079645428e-01 +5.544796454e+01 +5.544796454e+01 -4.6722e-02 -1.7965e-01
137 0 +6.370835880e-02 +5.540370836e+01 +5.540370836e+01 -2.2343e-01 -2.0052e-01
140 0 +3.576744557e-02 +5.537576745e+01 +5.537576745e+01 -2.8839e-01 -1.9904e-01
143 0 +2.781083105e-02 +5.536781083e+01 +5.536781083e+01 -4.6890e-01 -2.0961e-01
146 0 +1.367227942e-02 +5.535367228e+01 +5.535367228e+01 -4.2883e-01 -2.0258e-01
149 0 +7.710637463e-03 +5.534771064e+01 +5.534771064e+01 -4.8914e-01 -2.0344e-01
152 0 +6.378883203e-03 +5.534637888e+01 +5.534637888e+01 -6.4182e-01 -2.0444e-01
155 0 +1.954580986e-03 +5.534195458e+01 +5.534195458e+01 -5.8119e-01 -2.0230e-01
158 0 +8.709025756e-04 +5.534087090e+01 +5.534087090e+01 -6.1350e-01 -2.0182e-01
161 0 +1.855330389e-04 +5.534018553e+01 +5.534018553e+01 -6.7111e-01 -2.0055e-01
164 0 +2.664071616e-05 +5.534002664e+01 +5.534002664e+01 -6.6837e-01 -2.0017e-01
167 0 +1.376461633e-06 +5.534000138e+01 +5.534000138e+01 -6.7571e-01 -1.9980e-01
170 0 +5.350237586e-09 +5.534000001e+01 +5.534000001e+01 -6.7816e-01 -1.9971e-01
% f evaluations | g evaluations | best noise-free fitness - Fopt (-9.033000000000e+01) + sum g_i+ | measured fitness | best measured fitness or single-digit g-values | x1 | x2...
1 0 +4.192758500e+03 +4.102428500e+03 +4.102428500e+03 +1.6667e+00 +1.6667e+00
2 0 +7.720162056e+00 -8.260983794e+01 -8.260983794e+01 -1.6667e+00 -1.6667e+00
37 0 +2.413948171e+00 -8.791605183e+01 -8.791605183e+01 +4.1667e-01 -8.3333e-01
52 0 +1.636561288e+00 -8.869343871e+01 -8.869343871e+01 +3.7656e-01 -7.9748e-01
55 0 +1.510374974e+00 -8.881962503e+01 -8.881962503e+01 +3.5745e-01 -7.7469e-01
61 0 +1.387182862e+00 -8.894281714e+01 -8.894281714e+01 +3.7543e-01 -7.1020e-01
65 0 +9.583719268e-01 -8.937162807e+01 -8.937162807e+01 +4.4230e-01 -5.3331e-01
74 0 +8.754164392e-01 -8.945458356e+01 -8.945458356e+01 +4.6929e-01 -4.4269e-01
77 0 +7.676759628e-01 -8.956232404e+01 -8.956232404e+01 +4.5400e-01 -4.0986e-01
80 0 +6.299842169e-01 -8.970001578e+01 -8.970001578e+01 +4.1665e-01 -2.3444e-01
83 0 +4.502725593e-01 -8.987972744e+01 -8.987972744e+01 +3.6218e-01 -2.1145e-01
86 0 +3.272991933e-01 -9.000270081e+01 -9.000270081e+01 +3.0681e-01 -8.9252e-02
89 0 +3.112931495e-01 -9.001870685e+01 -9.001870685e+01 +2.4086e-01 +1.4990e-02
92 0 +2.215645169e-01 -9.010843548e+01 -9.010843548e+01 +2.2229e-01 +1.2938e-02
95 0 +1.585556327e-01 -9.017144437e+01 -9.017144437e+01 +1.5037e-01 +8.7398e-02
99 0 +1.190967298e-01 -9.021090327e+01 -9.021090327e+01 +6.8289e-02 +1.7592e-01
102 0 +8.256761060e-02 -9.024743239e+01 -9.024743239e+01 -7.0491e-03 +2.4200e-01
105 0 +4.740621756e-02 -9.028259378e+01 -9.028259378e+01 -8.9404e-02 +2.9893e-01
109 0 +2.445362593e-02 -9.030554637e+01 -9.030554637e+01 -1.8287e-01 +3.7857e-01
112 0 +1.821828063e-02 -9.031178172e+01 -9.031178172e+01 -2.3903e-01 +4.2128e-01
115 0 +6.223967870e-03 -9.032377603e+01 -9.032377603e+01 -3.0124e-01 +4.6221e-01
118 0 +2.480904563e-03 -9.032751910e+01 -9.032751910e+01 -3.6654e-01 +5.0768e-01
121 0 +4.054234650e-04 -9.032959458e+01 -9.032959458e+01 -4.0255e-01 +5.2989e-01
124 0 +9.835645920e-05 -9.032990164e+01 -9.032990164e+01 -4.3739e-01 +5.5356e-01
127 0 +9.562379788e-06 -9.032999044e+01 -9.032999044e+01 -4.3360e-01 +5.5060e-01
130 0 +5.844540993e-07 -9.032999942e+01 -9.032999942e+01 -4.3775e-01 +5.5327e-01
133 0 +6.172200528e-10 -9.033000000e+01 -9.033000000e+01 -4.3914e-01 +5.5417e-01
% f evaluations | g evaluations | best noise-free fitness - Fopt (6.561000000000e+01) + sum g_i+ | measured fitness | best measured fitness or single-digit g-values | x1 | x2...
1 0 +8.557176926e+02 +9.213276926e+02 +9.213276926e+02 +1.6667e+00 +1.6667e+00
12 0 +5.255137834e+02 +5.911237834e+02 +5.911237834e+02 +8.3333e-01 -1.6667e+00
14 0 +1.735175202e+01 +8.296175202e+01 +8.296175202e+01 +8.3333e-01 +8.3333e-01
15 0 +1.526243818e+00 +6.713624382e+01 +6.713624382e+01 -8.3333e-01 -3.3333e+00
30 0 +1.465558727e+00 +6.707555873e+01 +6.707555873e+01 -7.9168e-01 -3.3360e+00
33 0 +8.189625965e-01 +6.642896260e+01 +6.642896260e+01 -8.1171e-01 -3.3330e+00
42 0 +8.117266950e-01 +6.642172670e+01 +6.642172670e+01 -8.1178e-01 -3.3110e+00
48 0 +7.744443111e-01 +6.638444431e+01 +6.638444431e+01 -8.0343e-01 -3.1578e+00
51 0 +7.349072729e-01 +6.634490727e+01 +6.634490727e+01 -7.9127e-01 -2.9839e+00
54 0 +6.701824433e-01 +6.628018244e+01 +6.628018244e+01 -7.7429e-01 -2.7821e+00
57 0 +5.293314460e-01 +6.613933145e+01 +6.613933145e+01 -7.4428e-01 -2.4914e+00
60 0 +3.786757853e-01 +6.598867579e+01 +6.598867579e+01 -7.1304e-01 -2.2603e+00
64 0 +3.170110660e-01 +6.592701107e+01 +6.592701107e+01 -6.7861e-01 -1.9526e+00
67 0 +2.355247168e-01 +6.584552472e+01 +6.584552472e+01 -6.4981e-01 -1.7615e+00
70 0 +1.595336312e-01 +6.576953363e+01 +6.576953363e+01 -6.1865e-01 -1.5982e+00
74 0 +1.583368112e-01 +6.576833681e+01 +6.576833681e+01 -5.5644e-01 -1.1857e+00
77 0 +1.087011166e-01 +6.571870112e+01 +6.571870112e+01 -5.8527e-01 -1.3977e+00
80 0 +8.475459682e-02 +6.569475460e+01 +6.569475460e+01 -5.6553e-01 -1.2851e+00
84 0 +6.624999479e-02 +6.567624999e+01 +6.567624999e+01 -5.1788e-01 -1.0233e+00
87 0 +4.932712121e-02 +6.565932712e+01 +6.565932712e+01 -5.2708e-01 -1.0878e+00
90 0 +3.515025806e-02 +6.564515026e+01 +6.564515026e+01 -5.0998e-01 -1.0128e+00
93 0 +2.270325364e-02 +6.563270325e+01 +6.563270325e+01 -4.5563e-01 -7.6540e-01
96 0 +1.222256953e-02 +6.562222257e+01 +6.562222257e+01 -4.6701e-01 -8.3094e-01
99 0 +6.803042993e-03 +6.561680304e+01 +6.561680304e+01 -4.5038e-01 -7.6378e-01
102 0 +4.429277812e-03 +6.561442928e+01 +6.561442928e+01 -4.1119e-01 -6.0873e-01
105 0 +1.322802675e-03 +6.561132280e+01 +6.561132280e+01 -4.2304e-01 -6.6177e-01
108 0 +5.188483642e-04 +6.561051885e+01 +6.561051885e+01 -4.1464e-01 -6.3106e-01
111 0 +6.637672202e-05 +6.561006638e+01 +6.561006638e+01 -4.0190e-01 -5.8535e-01
114 0 +4.147067088e-06 +6.561000415e+01 +6.561000415e+01 -4.0186e-01 -5.8635e-01
117 0 +2.460588178e-08 +6.561000002e+01 +6.561000002e+01 -4.0083e-01 -5.8292e-01
120 0 +1.215170187e-10 +6.561000000e+01 +6.561000000e+01 -4.0073e-01 -5.8257e-01
% f evaluations | g evaluations | best noise-free fitness - Fopt (-4.806300000000e+02) + sum g_i+ | measured fitness | best measured fitness or single-digit g-values | x1 | x2...
1 0 +3.884934748e+03 +3.404304748e+03 +3.404304748e+03 +1.6667e+00 +1.6667e+00
2 0 +1.069398941e+03 +5.887689406e+02 +5.887689406e+02 -1.6667e+00 -1.6667e+00
3 0 +2.750799369e+01 -4.531220063e+02 -4.531220063e+02 -3.3333e+00 +1.6667e+00
12 0 +1.811138345e+01 -4.625186165e+02 -4.625186165e+02 -3.4790e+00 +1.5317e+00
15 0 +8.203424507e+00 -4.724265755e+02 -4.724265755e+02 -3.4061e+00 +1.5815e+00
18 0 +8.126575627e+00 -4.725034244e+02 -4.725034244e+02 -3.4086e+00 +1.5745e+00
30 0 +7.827956701e+00 -4.728020433e+02 -4.728020433e+02 -3.1786e+00 +1.2983e+00
33 0 +7.611748289e+00 -4.730182517e+02 -4.730182517e+02 -3.0017e+00 +1.0990e+00
36 0 +7.173947826e+00 -4.734560522e+02 -4.734560522e+02 -2.7513e+00 +8.3025e-01
39 0 +6.330048808e+00 -4.742999512e+02 -4.742999512e+02 -2.4720e+00 +5.5438e-01
42 0 +5.495190860e+00 -4.751348091e+02 -4.751348091e+02 -2.2149e+00 +3.2280e-01
49 0 +4.723177911e+00 -4.759068221e+02 -4.759068221e+02 -1.8817e+00 +2.8533e-02
52 0 +4.246722568e+00 -4.763832774e+02 -4.763832774e+02 -1.6633e+00 -1.5267e-01
59 0 +3.680577760e+00 -4.769494222e+02 -4.769494222e+02 -1.4200e+00 -3.2943e-01
62 0 +3.389040440e+00 -4.772409596e+02 -4.772409596e+02 -1.2836e+00 -4.2427e-01
66 0 +3.100248629e+00 -4.775297514e+02 -4.775297514e+02 -9.6385e-01 -6.3920e-01
69 0 +2.827129410e+00 -4.778028706e+02 -4.778028706e+02 -1.0149e+00 -5.8556e-01
72 0 +2.456547026e+00 -4.781734530e+02 -4.781734530e+02 -8.6273e-01 -6.4988e-01
76 0 +2.222059216e+00 -4.784079408e+02 -4.784079408e+02 -6.2548e-01 -7.5351e-01
79 0 +1.912723413e+00 -4.787172766e+02 -4.787172766e+02 -6.0838e-01 -7.2985e-01
82 0 +1.598653758e+00 -4.790313462e+02 -4.790313462e+02 -3.6635e-01 -7.6341e-01
85 0 +1.330235264e+00 -4.792997647e+02 -4.792997647e+02 -3.6626e-01 -7.2429e-01
88 0 +1.065306571e+00 -4.795646934e+02 -4.795646934e+02 -1.8937e-01 -6.8950e-01
91 0 +8.962788140e-01 -4.797337212e+02 -4.797337212e+02 -1.4993e-01 -6.4984e-01
94 0 +7.714828398e-01 -4.798585172e+02 -4.798585172e+02 -1.8005e-02 -5.5331e-01
97 0 +5.009074068e-01 -4.801290926e+02 -4.801290926e+02 +4.9811e-03 -4.2570e-01
101 0 +3.499052109e-01 -4.802800948e+02 -4.802800948e+02 +7.2989e-02 -3.3977e-01
105 0 +3.312111636e-01 -4.802987888e+02 -4.802987888e+02 +1.1369e-01 -2.7148e-01
108 0 +2.898578845e-01 -4.803401421e+02 -4.803401421e+02 +1.0871e-01 -2.6240e-01
111 0 +2.088388594e-01 -4.804211611e+02 -4.804211611e+02 +1.3263e-01 -1.6546e-01
114 0 +1.794108068e-01 -4.804505892e+02 -4.804505892e+02 +1.9328e-01 +3.5922e-02
117 0 +1.300466211e-01 -4.804999534e+02 -4.804999534e+02 +1.6630e-01 -2.0383e-02
120 0 +1.002748178e-01 -4.805297252e+02 -4.805297252e+02 +1.8073e-01 +5.1983e-02
124 0 +7.438522962e-02 -4.805556148e+02 -4.805556148e+02 +2.1045e-01 +2.1374e-01
127 0 +5.269669515e-02 -4.805773033e+02 -4.805773033e+02 +2.0361e-01 +2.0950e-01
130 0 +3.092854988e-02 -4.805990715e+02 -4.805990715e+02 +2.1174e-01 +3.0631e-01
133 0 +2.407391059e-02 -4.806059261e+02 -4.806059261e+02 +2.2726e-01 +4.8111e-01
136 0 +1.126565889e-02 -4.806187343e+02 -4.806187343e+02 +2.1943e-01 +4.4302e-01
139 0 +6.144789708e-03 -4.806238552e+02 -4.806238552e+02 +2.2209e-01 +5.0092e-01
142 0 +4.382125631e-03 -4.806256179e+02 -4.806256179e+02 +2.2751e-01 +6.4012e-01
145 0 +1.268247495e-03 -4.806287318e+02 -4.806287318e+02 +2.2405e-01 +5.9190e-01
148 0 +5.087075446e-04 -4.806294913e+02 -4.806294913e+02 +2.2455e-01 +6.2083e-01
151 0 +6.932547825e-05 -4.806299307e+02 -4.806299307e+02 +2.2504e-01 +6.6570e-01
154 0 +5.737814206e-06 -4.806299943e+02 -4.806299943e+02 +2.2474e-01 +6.6591e-01
157 0 +8.284894193e-08 -4.806299999e+02 -4.806299999e+02 +2.2469e-01 +6.6982e-01
160 0 +3.352624844e-10 -4.806300000e+02 -4.806300000e+02 +2.2469e-01 +6.7042e-01
% f evaluations | g evaluations | best noise-free fitness - Fopt (4.447000000000e+01) + sum g_i+ | measured fitness | best measured fitness or single-digit g-values | x1 | x2...
1 0 +5.133195147e+03 +5.177665147e+03 +5.177665147e+03 +1.6667e+00 +1.6667e+00
2 0 +1.033655883e+03 +1.078125883e+03 +1.078125883e+03 -1.6667e+00 -1.6667e+00
3 0 +1.019490772e+03 +1.063960772e+03 +1.063960772e+03 -3.3333e+00 +1.6667e+00
4 0 +8.261076453e+02 +8.705776453e+02 +8.705776453e+02 +3.3333e+00 -1.6667e+00
5 0 +5.810408584e+02 +6.255108584e+02 +6.255108584e+02 +1.6667e+00 -3.3333e+00
10 0 +4.182674283e+02 +4.627374283e+02 +4.627374283e+02 +8.3333e-01 -1.6667e+00
13 0 +2.769820750e+02 +3.214520750e+02 +3.214520750e+02 +1.6667e+00 -8.3333e-01
17 0 +1.762109485e+02 +2.206809485e+02 +2.206809485e+02 +4.1667e-01 -8.3333e-01
21 0 +9.449736912e+01 +1.389673691e+02 +1.389673691e+02 +4.1667e+00 -8.3333e-01
27 0 +8.161617098e+01 +1.260861710e+02 +1.260861710e+02 +2.9167e+00 -8.3333e-01
40 0 +1.924243624e+01 +6.371243624e+01 +6.371243624e+01 +3.0343e+00 -4.8441e-01
43 0 +1.373373427e+00 +4.584337343e+01 +4.584337343e+01 +2.9628e+00 -6.0173e-01
46 0 +6.428829201e-01 +4.511288292e+01 +4.511288292e+01 +2.9706e+00 -5.8209e-01
58 0 +6.207579284e-01 +4.509075793e+01 +4.509075793e+01 +2.9350e+00 -5.6625e-01
61 0 +5.581824420e-01 +4.502818244e+01 +4.502818244e+01 +2.7937e+00 -5.1240e-01
67 0 +4.321007991e-01 +4.490210080e+01 +4.490210080e+01 +2.4955e+00 -4.0397e-01
70 0 +3.663316251e-01 +4.483633163e+01 +4.483633163e+01 +2.3193e+00 -3.4028e-01
74 0 +3.532851109e-01 +4.482328511e+01 +4.482328511e+01 +1.8568e+00 -1.7583e-01
77 0 +2.857296679e-01 +4.475572967e+01 +4.475572967e+01 +2.0858e+00 -2.6012e-01
80 0 +2.522160848e-01 +4.472221608e+01 +4.472221608e+01 +1.9834e+00 -2.2632e-01
83 0 +2.118375229e-01 +4.468183752e+01 +4.468183752e+01 +1.5539e+00 -8.6705e-02
86 0 +1.588115637e-01 +4.462881156e+01 +4.462881156e+01 +1.6927e+00 -1.3649e-01
89 0 +1.256326057e-01 +4.459563261e+01 +4.459563261e+01 +1.5718e+00 -1.0111e-01
93 0 +8.829360245e-02 +4.455829360e+01 +4.455829360e+01 +1.3297e+00 -3.0367e-02
96 0 +5.971017366e-02 +4.452971017e+01 +4.452971017e+01 +1.2324e+00 -6.6980e-03
99 0 +3.113818373e-02 +4.450113818e+01 +4.450113818e+01 +1.1071e+00 +2.1465e-02
103 0 +2.786218800e-02 +4.449786219e+01 +4.449786219e+01 +9.4683e-01 +6.2055e-02
106 0 +1.159505817e-02 +4.448159506e+01 +4.448159506e+01 +9.4076e-01 +5.8924e-02
109 0 +4.432942016e-03 +4.447443294e+01 +4.447443294e+01 +8.3993e-01 +7.9920e-02
112 0 +1.543822609e-03 +4.447154382e+01 +4.447154382e+01 +7.4803e-01 +9.7974e-02
115 0 +2.089908545e-04 +4.447020899e+01 +4.447020899e+01 +7.3079e-01 +9.9549e-02
118 0 +1.205583776e-05 +4.447001206e+01 +4.447001206e+01 +7.0355e-01 +1.0464e-01
121 0 +5.504145690e-07 +4.447000055e+01 +4.447000055e+01 +6.9982e-01 +1.0520e-01
124 0 +2.627707829e-09 +4.447000000e+01 +4.447000000e+01 +6.9933e-01 +1.0525e-01
% f evaluations | g evaluations | best noise-free fitness - Fopt (-6.386000000000e+01) + sum g_i+ | measured fitness | best measured fitness or single-digit g-values | x1 | x2...
1 0 +6.935103110e+02 +6.296503110e+02 +6.296503110e+02 +1.6667e+00 +1.6667e+00
3 0 +2.103776957e+01 -4.282223043e+01 -4.282223043e+01 -3.3333e+00 +1.6667e+00
13 0 +1.193199177e+00 -6.266680082e+01 -6.266680082e+01 -3.2595e+00 +1.7606e+00
16 0 +9.500920801e-01 -6.290990792e+01 -6.290990792e+01 -3.2645e+00 +1.7502e+00
28 0 +9.237031870e-01 -6.293629681e+01 -6.293629681e+01 -3.2015e+00 +1.6974e+00
31 0 +8.965106698e-01 -6.296348933e+01 -6.296348933e+01 -3.1153e+00 +1.6295e+00
34 0 +8.480410659e-01 -6.301195893e+01 -6.301195893e+01 -2.9473e+00 +1.5001e+00
37 0 +7.764712636e-01 -6.308352874e+01 -6.308352874e+01 -2.7911e+00 +1.3836e+00
40 0 +5.924526492e-01 -6.326754735e+01 -6.326754735e+01 -2.5066e+00 +1.1793e+00
43 0 +4.372508456e-01 -6.342274915e+01 -6.342274915e+01 -2.3005e+00 +1.0398e+00
47 0 +3.821786106e-01 -6.347782139e+01 -6.347782139e+01 -1.9886e+00 +8.1903e-01
50 0 +2.849081030e-01 -6.357509190e+01 -6.357509190e+01 -1.9269e+00 +7.8467e-01
53 0 +2.100553820e-01 -6.364994462e+01 -6.364994462e+01 -1.5674e+00 +5.4866e-01
56 0 +1.417282219e-01 -6.371827178e+01 -6.371827178e+01 -1.5492e+00 +5.4614e-01
59 0 +8.863348765e-02 -6.377136651e+01 -6.377136651e+01 -1.3033e+00 +3.9505e-01
62 0 +6.278792691e-02 -6.379721207e+01 -6.379721207e+01 -1.1585e+00 +3.1144e-01
65 0 +2.882868879e-02 -6.383117131e+01 -6.383117131e+01 -1.0589e+00 +2.6372e-01
68 0 +2.649830964e-02 -6.383350169e+01 -6.383350169e+01 -8.3332e-01 +1.3785e-01
71 0 +1.429073576e-02 -6.384570926e+01 -6.384570926e+01 -9.5345e-01 +2.0638e-01
74 0 +9.077884369e-03 -6.385092212e+01 -6.385092212e+01 -8.9852e-01 +1.7718e-01
77 0 +8.755404914e-03 -6.385124460e+01 -6.385124460e+01 -7.4880e-01 +9.9229e-02
80 0 +3.657558390e-03 -6.385634244e+01 -6.385634244e+01 -8.2210e-01 +1.3858e-01
83 0 +2.271949807e-03 -6.385772805e+01 -6.385772805e+01 -7.9516e-01 +1.2538e-01
86 0 +4.754752364e-04 -6.385952452e+01 -6.385952452e+01 -7.2414e-01 +9.0965e-02
89 0 +8.167468785e-05 -6.385991833e+01 -6.385991833e+01 -7.1783e-01 +8.8671e-02
92 0 +1.575497393e-06 -6.385999842e+01 -6.385999842e+01 -7.0415e-01 +8.2429e-02
95 0 +6.397321783e-09 -6.385999999e+01 -6.385999999e+01 -7.0252e-01 +8.1711e-02
% f evaluations | g evaluations | best noise-free fitness - Fopt (6.890000000000e+00) + sum g_i+ | measured fitness | best measured fitness or single-digit g-values | x1 | x2...
1 0 +2.232508297e+02 +2.301408297e+02 +2.301408297e+02 +1.6667e+00 +1.6667e+00
6 0 +2.176760967e+02 +2.245660967e+02 +2.245660967e+02 +3.3333e+00 +3.3333e+00
17 0 +3.450331514e+01 +4.139331514e+01 +4.139331514e+01 +2.9203e+00 +3.4766e+00
20 0 +1.028773653e+01 +1.717773653e+01 +1.717773653e+01 +2.9996e+00 +3.4091e+00
23 0 +9.372005586e+00 +1.626200559e+01 +1.626200559e+01 +3.0188e+00 +3.3913e+00
32 0 +9.307261523e+00 +1.619726152e+01 +1.619726152e+01 +2.9944e+00 +3.3419e+00
38 0 +8.521780112e+00 +1.541178011e+01 +1.541178011e+01 +2.7303e+00 +2.7020e+00
43 0 +6.768185514e+00 +1.365818551e+01 +1.365818551e+01 +2.3374e+00 +1.7445e+00
49 0 +6.688440984e+00 +1.357844098e+01 +1.357844098e+01 +2.2491e+00 +1.5314e+00
55 0 +6.342393452e+00 +1.323239345e+01 +1.323239345e+01 +2.2259e+00 +1.5104e+00
58 0 +5.794466707e+00 +1.268446671e+01 +1.268446671e+01 +2.0806e+00 +1.2267e+00
62 0 +5.620492821e+00 +1.251049282e+01 +1.251049282e+01 +1.6644e+00 +3.9243e-01
65 0 +5.195454706e+00 +1.208545471e+01 +1.208545471e+01 +1.9099e+00 +9.0033e-01
68 0 +4.859013237e+00 +1.174901324e+01 +1.174901324e+01 +1.8043e+00 +7.0168e-01
73 0 +4.562828820e+00 +1.145282882e+01 +1.145282882e+01 +1.6608e+00 +4.3879e-01
76 0 +4.367087607e+00 +1.125708761e+01 +1.125708761e+01 +1.5663e+00 +2.8305e-01
79 0 +3.832915388e+00 +1.072291539e+01 +1.072291539e+01 +1.4241e+00 +8.5235e-02
82 0 +3.209250172e+00 +1.009925017e+01 +1.009925017e+01 +1.2920e+00 -5.4220e-02
86 0 +3.036916029e+00 +9.926916029e+00 +9.926916029e+00 +1.0811e+00 -3.2902e-01
89 0 +2.648872215e+00 +9.538872215e+00 +9.538872215e+00 +1.0943e+00 -2.7278e-01
92 0 +2.234425424e+00 +9.124425424e+00 +9.124425424e+00 +9.3920e-01 -4.0768e-01
96 0 +2.025114305e+00 +8.915114305e+00 +8.915114305e+00 +7.8036e-01 -5.3419e-01
99 0 +1.684609424e+00 +8.574609424e+00 +8.574609424e+00 +7.1527e-01 -5.4061e-01
102 0 +1.546279393e+00 +8.436279393e+00 +8.436279393e+00 +5.0825e-01 -6.2393e-01
105 0 +1.178692404e+00 +8.068692404e+00 +8.068692404e+00 +5.1749e-01 -5.5848e-01
108 0 +9.513623944e-01 +7.841362394e+00 +7.841362394e+00 +3.9565e-01 -5.6815e-01
112 0 +9.307210479e-01 +7.820721048e+00 +7.820721048e+00 +2.7032e-01 -5.6089e-01
115 0 +7.883996208e-01 +7.678399621e+00 +7.678399621e+00 +3.0754e-01 -5.4336e-01
118 0 +6.861824141e-01 +7.576182414e+00 +7.576182414e+00 +2.6204e-01 -5.1407e-01
121 0 +6.442717770e-01 +7.534271777e+00 +7.534271777e+00 +5.6995e-02 -4.0993e-01
124 0 +5.141506409e-01 +7.404150641e+00 +7.404150641e+00 +1.6174e-01 -4.4310e-01
127 0 +4.375165904e-01 +7.327516590e+00 +7.327516590e+00 +1.0912e-01 -4.0599e-01
131 0 +4.253692866e-01 +7.315369287e+00 +7.315369287e+00 -3.0132e-02 -2.9750e-01
134 0 +3.443209001e-01 +7.234320900e+00 +7.234320900e+00 +3.9799e-02 -3.4063e-01
137 0 +3.042533170e-01 +7.194253317e+00 +7.194253317e+00 +7.1504e-03 -3.0513e-01
140 0 +2.819552513e-01 +7.171955251e+00 +7.171955251e+00 -1.3318e-01 -1.4396e-01
143 0 +2.096084174e-01 +7.099608417e+00 +7.099608417e+00 -7.0079e-02 -2.0085e-01
146 0 +1.742195607e-01 +7.064219561e+00 +7.064219561e+00 -1.0530e-01 -1.4995e-01
150 0 +1.289560259e-01 +7.018956026e+00 +7.018956026e+00 -1.7960e-01 -3.9163e-02
153 0 +9.678913683e-02 +6.986789137e+00 +6.986789137e+00 -2.1133e-01 +2.2970e-02
156 0 +5.555898065e-02 +6.945558981e+00 +6.945558981e+00 -2.5161e-01 +1.1961e-01
160 0 +4.223720636e-02 +6.932237206e+00 +6.932237206e+00 -3.2483e-01 +2.6079e-01
163 0 +2.811124774e-02 +6.918111248e+00 +6.918111248e+00 -3.0618e-01 +2.3374e-01
166 0 +1.821793465e-02 +6.908217935e+00 +6.908217935e+00 -3.3152e-01 +2.9327e-01
169 0 +1.520516297e-02 +6.905205163e+00 +6.905205163e+00 -4.0307e-01 +4.6304e-01
172 0 +6.058566060e-03 +6.896058566e+00 +6.896058566e+00 -3.7399e-01 +4.0171e-01
175 0 +3.186274102e-03 +6.893186274e+00 +6.893186274e+00 -3.9045e-01 +4.4377e-01
178 0 +1.807123242e-03 +6.891807123e+00 +6.891807123e+00 -4.2842e-01 +5.4349e-01
181 0 +4.886791799e-04 +6.890488679e+00 +6.890488679e+00 -4.1629e-01 +5.1432e-01
184 0 +1.779483281e-04 +6.890177948e+00 +6.890177948e+00 -4.2263e-01 +5.3232e-01
187 0 +7.848408948e-06 +6.890007848e+00 +6.890007848e+00 -4.3102e-01 +5.5632e-01
190 0 +3.450305224e-07 +6.890000345e+00 +6.890000345e+00 -4.3169e-01 +5.5852e-01
193 0 +2.244622266e-09 +6.890000002e+00 +6.890000002e+00 -4.3207e-01 +5.5963e-01
% f evaluations | g evaluations | best noise-free fitness - Fopt (-4.160800000000e+02) + sum g_i+ | measured fitness | best measured fitness or single-digit g-values | x1 | x2...
1 0 +5.887365967e+03 +5.471285967e+03 +5.471285967e+03 +1.6667e+00 +1.6667e+00
2 0 +8.727034632e+02 +4.566234632e+02 +4.566234632e+02 -1.6667e+00 -1.6667e+00
4 0 +1.380105996e+02 -2.780694004e+02 -2.780694004e+02 +3.3333e+00 -1.6667e+00
12 0 +7.990842416e+01 -3.361715758e+02 -3.361715758e+02 +3.5802e+00 -1.2150e+00
15 0 +4.289059733e+00 -4.117909403e+02 -4.117909403e+02 +3.4038e+00 -1.4038e+00
18 0 +1.009033644e+00 -4.150709664e+02 -4.150709664e+02 +3.4223e+00 -1.3694e+00
21 0 +9.400442361e-01 -4.151399558e+02 -4.151399558e+02 +3.4245e+00 -1.3630e+00
30 0 +9.115508184e-01 -4.151684492e+02 -4.151684492e+02 +3.3590e+00 -1.3265e+00
33 0 +8.184912679e-01 -4.152615087e+02 -4.152615087e+02 +3.1316e+00 -1.1952e+00
37 0 +4.729971152e-01 -4.156070029e+02 -4.156070029e+02 +2.4714e+00 -8.1204e-01
43 0 +4.625514778e-01 -4.156174485e+02 -4.156174485e+02 +2.3774e+00 -7.5786e-01
46 0 +4.492053710e-01 -4.156307946e+02 -4.156307946e+02 +2.3615e+00 -7.4979e-01
49 0 +3.925027537e-01 -4.156874972e+02 -4.156874972e+02 +2.2462e+00 -6.8901e-01
52 0 +2.684161304e-01 -4.158115839e+02 -4.158115839e+02 +1.8730e+00 -4.9518e-01
55 0 +1.729307075e-01 -4.159070693e+02 -4.159070693e+02 +1.7088e+00 -4.2288e-01
59 0 +1.334820096e-01 -4.159465180e+02 -4.159465180e+02 +1.3963e+00 -2.6813e-01
62 0 +1.048037513e-01 -4.159751962e+02 -4.159751962e+02 +1.4571e+00 -3.0205e-01
65 0 +7.489762126e-02 -4.160051024e+02 -4.160051024e+02 +1.3321e+00 -2.4641e-01
69 0 +5.069738178e-02 -4.160293026e+02 -4.160293026e+02 +1.1475e+00 -1.6448e-01
72 0 +3.018902396e-02 -4.160498110e+02 -4.160498110e+02 +1.0550e+00 -1.2818e-01
75 0 +1.424180108e-02 -4.160657582e+02 -4.160657582e+02 +9.6949e-01 -9.7426e-02
79 0 +1.080169242e-02 -4.160691983e+02 -4.160691983e+02 +8.3338e-01 -4.2830e-02
82 0 +4.677659905e-03 -4.160753223e+02 -4.160753223e+02 +8.5103e-01 -5.2426e-02
85 0 +1.764708833e-03 -4.160782353e+02 -4.160782353e+02 +7.9581e-01 -3.2873e-02
88 0 +4.535574865e-04 -4.160795464e+02 -4.160795464e+02 +7.2322e-01 -6.9908e-03
91 0 +5.091393245e-05 -4.160799491e+02 -4.160799491e+02 +7.2186e-01 -7.3835e-03
94 0 +1.558499150e-06 -4.160799984e+02 -4.160799984e+02 +7.0957e-01 -3.2657e-03
97 0 +7.135156466e-09 -4.160800000e+02 -4.160800000e+02 +7.0706e-01 -2.4342e-03
% f evaluations | g evaluations | best noise-free fitness - Fopt (7.394000000000e+01) + sum g_i+ | measured fitness | best measured fitness or single-digit g-values | x1 | x2...
1 0 +5.033305518e+01 +1.242730552e+02 +1.242730552e+02 +1.6667e+00 +1.6667e+00
8 0 +8.779028174e+00 +8.271902817e+01 +8.271902817e+01 -1.6667e+00 +3.3333e+00
18 0 +8.530194498e+00 +8.247019450e+01 +8.247019450e+01 -1.7055e+00 +3.3301e+00
21 0 +8.087722236e+00 +8.202772224e+01 +8.202772224e+01 -1.6879e+00 +3.3274e+00
30 0 +7.905261532e+00 +8.184526153e+01 +8.184526153e+01 -1.6813e+00 +3.2053e+00
33 0 +7.200486960e+00 +8.114048696e+01 +8.114048696e+01 -1.6524e+00 +2.7091e+00
38 0 +7.071938136e+00 +8.101193814e+01 +8.101193814e+01 -1.6009e+00 +1.9248e+00
41 0 +6.580074833e+00 +8.052007483e+01 +8.052007483e+01 -1.6159e+00 +2.2736e+00
44 0 +6.265715075e+00 +8.020571507e+01 +8.020571507e+01 -1.5948e+00 +2.0880e+00
47 0 +5.824026453e+00 +7.976402645e+01 +7.976402645e+01 -1.5021e+00 +1.2693e+00
50 0 +5.286306841e+00 +7.922630684e+01 +7.922630684e+01 -1.5141e+00 +1.5185e+00
53 0 +4.824179912e+00 +7.876417991e+01 +7.876417991e+01 -1.4665e+00 +1.2395e+00
57 0 +4.562029345e+00 +7.850202935e+01 +7.850202935e+01 -1.3614e+00 +6.4737e-01
60 0 +4.099884832e+00 +7.803988483e+01 +7.803988483e+01 -1.3776e+00 +8.3496e-01
63 0 +3.712871849e+00 +7.765287185e+01 +7.765287185e+01 -1.3213e+00 +6.2781e-01
67 0 +3.437775484e+00 +7.737777548e+01 +7.737777548e+01 -1.2021e+00 +1.9857e-01
70 0 +3.060688836e+00 +7.700068884e+01 +7.700068884e+01 -1.2085e+00 +2.9716e-01
73 0 +2.666215688e+00 +7.660621569e+01 +7.660621569e+01 -1.1275e+00 +1.1627e-01
77 0 +2.498219598e+00 +7.643821960e+01 +7.643821960e+01 -9.9144e-01 -1.7697e-01
80 0 +2.149924042e+00 +7.608992404e+01 +7.608992404e+01 -1.0033e+00 -8.9319e-02
83 0 +1.855807622e+00 +7.579580762e+01 +7.579580762e+01 -9.1873e-01 -1.9616e-01
87 0 +1.779066579e+00 +7.571906658e+01 +7.571906658e+01 -7.5578e-01 -3.9289e-01
90 0 +1.493464364e+00 +7.543346436e+01 +7.543346436e+01 -8.0009e-01 -2.9652e-01
93 0 +1.315250543e+00 +7.525525054e+01 +7.525525054e+01 -7.3146e-01 -3.4213e-01
97 0 +1.171784337e+00 +7.511178434e+01 +7.511178434e+01 -5.7844e-01 -4.3563e-01
100 0 +1.009066799e+00 +7.494906680e+01 +7.494906680e+01 -5.9397e-01 -3.9600e-01
103 0 +8.349386827e-01 +7.477493868e+01 +7.477493868e+01 -5.0481e-01 -4.0429e-01
107 0 +7.262215436e-01 +7.466622154e+01 +7.466622154e+01 -3.6249e-01 -4.1684e-01
110 0 +5.856362420e-01 +7.452563624e+01 +7.452563624e+01 -3.4585e-01 -3.8866e-01
113 0 +4.267038845e-01 +7.436670388e+01 +7.436670388e+01 -2.0013e-01 -3.4396e-01
116 0 +3.245034411e-01 +7.426450344e+01 +7.426450344e+01 -9.3786e-02 -2.8804e-01
119 0 +2.214810308e-01 +7.416148103e+01 +7.416148103e+01 +2.2601e-03 -1.9812e-01
123 0 +1.420398784e-01 +7.408203988e+01 +7.408203988e+01 +1.4563e-01 -1.0783e-01
126 0 +1.220918068e-01 +7.406209181e+01 +7.406209181e+01 +1.3457e-01 -1.0750e-01
129 0 +8.376975165e-02 +7.402376975e+01 +7.402376975e+01 +2.1024e-01 -3.9347e-02
133 0 +5.909995912e-02 +7.399909996e+01 +7.399909996e+01 +2.9624e-01 +3.9456e-02
136 0 +3.410712245e-02 +7.397410712e+01 +7.397410712e+01 +3.6488e-01 +1.1317e-01
139 0 +1.788903605e-02 +7.395788904e+01 +7.395788904e+01 +4.1294e-01 +1.7327e-01
143 0 +8.060830589e-03 +7.394806083e+01 +7.394806083e+01 +4.8928e-01 +2.5540e-01
146 0 +4.646652858e-03 +7.394464665e+01 +7.394464665e+01 +5.0939e-01 +2.8051e-01
149 0 +1.096269792e-03 +7.394109627e+01 +7.394109627e+01 +5.5426e-01 +3.3576e-01
152 0 +5.069649437e-04 +7.394050696e+01 +7.394050696e+01 +5.6800e-01 +3.5494e-01
155 0 +2.481663613e-04 +7.394024817e+01 +7.394024817e+01 +6.0549e-01 +3.9992e-01
158 0 +1.692989271e-05 +7.394001693e+01 +7.394001693e+01 +5.8787e-01 +3.7881e-01
161 0 +8.472171231e-07 +7.394000085e+01 +7.394000085e+01 +5.9174e-01 +3.8352e-01
164 0 +2.982692138e-08 +7.394000003e+01 +7.394000003e+01 +5.9291e-01 +3.8498e-01
167 0 +2.317065650e-09 +7.394000000e+01 +7.394000000e+01 +5.9299e-01 +3.8509e-01
% f evaluations | g evaluations | best noise-free fitness - Fopt (-5.308400000000e+02) + sum g_i+ | measured fitness | best measured fitness or single-digit g-values | x1 | x2...
1 0 +4.449284430e+03 +3.918444430e+03 +3.918444430e+03 +1.6667e+00 +1.6667e+00
2 0 +6.454164568e+00 -5.243858354e+02 -5.243858354e+02 -1.6667e+00 -1.6667e+00
55 0 +2.739385655e+00 -5.281006143e+02 -5.281006143e+02 -8.3333e-01 +4.1667e-01
65 0 +9.353282322e-01 -5.299046718e+02 -5.299046718e+02 -2.0833e-01 +4.1667e-01
78 0 +4.831378834e-01 -5.303568621e+02 -5.303568621e+02 -2.2517e-01 +3.7747e-01
81 0 +4.487814330e-01 -5.303912186e+02 -5.303912186e+02 -2.2783e-01 +3.6308e-01
84 0 +4.452806656e-01 -5.303947193e+02 -5.303947193e+02 -2.2541e-01 +3.6052e-01
87 0 +4.226190504e-01 -5.304173809e+02 -5.304173809e+02 -2.0600e-01 +3.4783e-01
90 0 +2.939909599e-01 -5.305460090e+02 -5.305460090e+02 -8.6605e-02 +2.8137e-01
95 0 +2.622681297e-01 -5.305777319e+02 -5.305777319e+02 +4.2302e-02 +2.0805e-01
98 0 +2.257208260e-01 -5.306142792e+02 -5.306142792e+02 -3.4502e-03 +2.2749e-01
101 0 +1.994169309e-01 -5.306405831e+02 -5.306405831e+02 +2.8766e-02 +2.0116e-01
104 0 +1.421011293e-01 -5.306978989e+02 -5.306978989e+02 +1.6472e-01 +8.8337e-02
107 0 +1.000201559e-01 -5.307399798e+02 -5.307399798e+02 +1.8332e-01 +5.8975e-02
110 0 +5.853958564e-02 -5.307814604e+02 -5.307814604e+02 +3.0514e-01 -6.7294e-02
113 0 +3.315763261e-02 -5.308068424e+02 -5.308068424e+02 +3.4438e-01 -1.1980e-01
116 0 +2.671464976e-02 -5.308132854e+02 -5.308132854e+02 +4.5840e-01 -2.5335e-01
119 0 +1.124782539e-02 -5.308287522e+02 -5.308287522e+02 +4.3549e-01 -2.3500e-01
122 0 +5.863684000e-03 -5.308341363e+02 -5.308341363e+02 +4.7322e-01 -2.8299e-01
125 0 +5.157878412e-03 -5.308348421e+02 -5.308348421e+02 +5.6060e-01 -3.9640e-01
128 0 +1.408297915e-03 -5.308385917e+02 -5.308385917e+02 +5.2279e-01 -3.4972e-01
131 0 +6.050411749e-04 -5.308393950e+02 -5.308393950e+02 +5.3982e-01 -3.7280e-01
134 0 +9.781365645e-05 -5.308399022e+02 -5.308399022e+02 +5.6809e-01 -4.1164e-01
137 0 +1.157731833e-05 -5.308399884e+02 -5.308399884e+02 +5.6773e-01 -4.1173e-01
140 0 +2.248618785e-07 -5.308399998e+02 -5.308399998e+02 +5.7061e-01 -4.1592e-01
143 0 +4.559979061e-10 -5.308400000e+02 -5.308400000e+02 +5.7119e-01 -4.1674e-01
% f evaluations | g evaluations | best noise-free fitness - Fopt (1.000000000000e+03) + sum g_i+ | measured fitness | best measured fitness or single-digit g-values | x1 | x2...
1 0 +5.878116437e+03 +6.878116437e+03 +6.878116437e+03 +1.6667e+00 +1.6667e+00
2 0 +2.658971498e+02 +1.265897150e+03 +1.265897150e+03 -1.6667e+00 -1.6667e+00
12 0 +1.979704534e+02 +1.197970453e+03 +1.197970453e+03 +8.3333e-01 -1.6667e+00
13 0 +3.202284579e+01 +1.032022846e+03 +1.032022846e+03 -8.3333e-01 -8.3333e-01
24 0 +8.432524021e+00 +1.008432524e+03 +1.008432524e+03 -7.2090e-01 -1.2370e+00
27 0 +3.847781019e+00 +1.003847781e+03 +1.003847781e+03 -7.2697e-01 -1.0872e+00
30 0 +3.329631304e+00 +1.003329631e+03 +1.003329631e+03 -7.1720e-01 -1.1193e+00
33 0 +3.310500771e+00 +1.003310501e+03 +1.003310501e+03 -7.1089e-01 -1.1239e+00
39 0 +3.207316701e+00 +1.003207317e+03 +1.003207317e+03 -6.2977e-01 -1.1250e+00
42 0 +3.094340233e+00 +1.003094340e+03 +1.003094340e+03 -5.0845e-01 -1.1169e+00
45 0 +2.952907674e+00 +1.002952908e+03 +1.002952908e+03 -3.9162e-01 -1.1000e+00
48 0 +2.633989521e+00 +1.002633990e+03 +1.002633990e+03 -2.2064e-01 -1.0575e+00
51 0 +2.155799823e+00 +1.002155800e+03 +1.002155800e+03 -1.0616e-01 -9.9714e-01
54 0 +1.909577142e+00 +1.001909577e+03 +1.001909577e+03 +1.0308e-01 -9.0726e-01
57 0 +1.434167291e+00 +1.001434167e+03 +1.001434167e+03 +1.3084e-01 -8.2741e-01
61 0 +1.252559814e+00 +1.001252560e+03 +1.001252560e+03 +2.4178e-01 -7.3819e-01
64 0 +1.088042585e+00 +1.001088043e+03 +1.001088043e+03 +2.6776e-01 -6.8025e-01
67 0 +8.412050611e-01 +1.000841205e+03 +1.000841205e+03 +2.6788e-01 -5.7911e-01
72 0 +6.827559515e-01 +1.000682756e+03 +1.000682756e+03 +3.1141e-01 -4.7334e-01
75 0 +6.149438382e-01 +1.000614944e+03 +1.000614944e+03 +3.1901e-01 -3.9202e-01
78 0 +4.388424051e-01 +1.000438842e+03 +1.000438842e+03 +2.9241e-01 -2.9718e-01
81 0 +3.457481323e-01 +1.000345748e+03 +1.000345748e+03 +2.6528e-01 -1.6008e-01
84 0 +2.045694409e-01 +1.000204569e+03 +1.000204569e+03 +2.0261e-01 -4.0497e-02
88 0 +1.731898484e-01 +1.000173190e+03 +1.000173190e+03 +1.5844e-01 +8.3384e-02
91 0 +1.306033720e-01 +1.000130603e+03 +1.000130603e+03 +1.4276e-01 +9.4929e-02
94 0 +7.860597531e-02 +1.000078606e+03 +1.000078606e+03 +7.3755e-02 +2.1790e-01
97 0 +5.227808991e-02 +1.000052278e+03 +1.000052278e+03 -6.1669e-03 +3.5043e-01
100 0 +2.335545519e-02 +1.000023355e+03 +1.000023355e+03 -5.3188e-02 +4.0663e-01
103 0 +1.395513728e-02 +1.000013955e+03 +1.000013955e+03 -1.3758e-01 +5.3133e-01
106 0 +7.903606325e-03 +1.000007904e+03 +1.000007904e+03 -1.2828e-01 +5.1270e-01
109 0 +3.815904277e-03 +1.000003816e+03 +1.000003816e+03 -1.6250e-01 +5.5786e-01
112 0 +1.409687420e-03 +1.000001410e+03 +1.000001410e+03 -2.2307e-01 +6.3770e-01
115 0 +2.961562079e-04 +1.000000296e+03 +1.000000296e+03 -2.2156e-01 +6.3339e-01
118 0 +4.457866123e-05 +1.000000045e+03 +1.000000045e+03 -2.3611e-01 +6.5163e-01
121 0 +1.208805088e-06 +1.000000001e+03 +1.000000001e+03 -2.4482e-01 +6.6251e-01
124 0 +1.940713901e-08 +1.000000000e+03 +1.000000000e+03 -2.4520e-01 +6.6292e-01
127 0 +2.821707312e-10 +1.000000000e+03 +1.000000000e+03 -2.4537e-01 +6.6313e-01
% f evaluations | g evaluations | best noise-free fitness - Fopt (1.767100000000e+02) + sum g_i+ | measured fitness | best measured fitness or single-digit g-values | x1 | x2...
1 0 +2.591951329e+02 +4.359051329e+02 +4.359051329e+02 +1.6667e+00 +1.6667e+00
10 0 +3.242796328e+01 +2.091379633e+02 +2.091379633e+02 +8.3333e-01 +3.3333e+00
20 0 +1.507938040e+01 +1.917893804e+02 +1.917893804e+02 +1.0442e+00 +3.3600e+00
23 0 +7.754371046e+00 +1.844643710e+02 +1.844643710e+02 +9.6640e-01 +3.3362e+00
35 0 +7.536172144e+00 +1.842461721e+02 +1.842461721e+02 +1.0009e+00 +3.2076e+00
38 0 +7.366378566e+00 +1.840763786e+02 +1.840763786e+02 +1.0394e+00 +2.9848e+00
41 0 +7.154969303e+00 +1.838649693e+02 +1.838649693e+02 +1.0770e+00 +2.7363e+00
44 0 +6.711940585e+00 +1.834219406e+02 +1.834219406e+02 +1.1217e+00 +2.3771e+00
47 0 +5.894250463e+00 +1.826042505e+02 +1.826042505e+02 +1.1491e+00 +2.0185e+00
50 0 +5.108704612e+00 +1.818187046e+02 +1.818187046e+02 +1.1608e+00 +1.6799e+00
57 0 +4.222573239e+00 +1.809325732e+02 +1.809325732e+02 +1.1664e+00 +1.1830e+00
60 0 +3.628432714e+00 +1.803384327e+02 +1.803384327e+02 +1.1556e+00 +7.7685e-01
63 0 +3.547945753e+00 +1.802579458e+02 +1.802579458e+02 +1.1223e+00 +3.5879e-01
66 0 +2.899812005e+00 +1.796098120e+02 +1.796098120e+02 +1.0998e+00 +4.8428e-01
69 0 +2.565566091e+00 +1.792755661e+02 +1.792755661e+02 +1.0628e+00 +3.1690e-01
76 0 +2.153493001e+00 +1.788634930e+02 +1.788634930e+02 +9.9867e-01 +1.3951e-01
79 0 +1.947335163e+00 +1.786573352e+02 +1.786573352e+02 +9.5939e-01 +4.7000e-02
83 0 +1.748767678e+00 +1.784587677e+02 +1.784587677e+02 +8.6312e-01 -1.6007e-01
86 0 +1.557344250e+00 +1.782673443e+02 +1.782673443e+02 +8.6173e-01 -1.1282e-01
89 0 +1.306486186e+00 +1.780164862e+02 +1.780164862e+02 +7.8429e-01 -1.8344e-01
93 0 +1.149977153e+00 +1.778599772e+02 +1.778599772e+02 +6.7573e-01 -2.8535e-01
96 0 +9.492476997e-01 +1.776592477e+02 +1.776592477e+02 +6.3127e-01 -2.7920e-01
99 0 +8.466997836e-01 +1.775566998e+02 +1.775566998e+02 +4.4830e-01 -3.4150e-01
102 0 +6.404200371e-01 +1.773504200e+02 +1.773504200e+02 +4.6227e-01 -2.9218e-01
105 0 +5.184659581e-01 +1.772284660e+02 +1.772284660e+02 +3.7448e-01 -2.9790e-01
110 0 +4.499824007e-01 +1.771599824e+02 +1.771599824e+02 +2.6789e-01 -2.9737e-01
113 0 +3.878192438e-01 +1.770978192e+02 +1.770978192e+02 +2.3833e-01 -2.8329e-01
116 0 +2.835070034e-01 +1.769935070e+02 +1.769935070e+02 +5.9287e-02 -2.3013e-01
119 0 +1.878999898e-01 +1.768979000e+02 +1.768979000e+02 +4.2633e-03 -1.8168e-01
122 0 +1.226351239e-01 +1.768326351e+02 +1.768326351e+02 -1.4678e-01 -1.1970e-01
125 0 +9.870914021e-02 +1.768087091e+02 +1.768087091e+02 -1.6977e-01 -1.0213e-01
128 0 +9.188961999e-02 +1.768018896e+02 +1.768018896e+02 -3.8158e-01 +2.1379e-02
131 0 +4.547354320e-02 +1.767554735e+02 +1.767554735e+02 -3.1657e-01 -3.9853e-03
134 0 +3.002216005e-02 +1.767400222e+02 +1.767400222e+02 -3.7334e-01 +3.1241e-02
138 0 +2.220288038e-02 +1.767322029e+02 +1.767322029e+02 -4.7831e-01 +9.9831e-02
141 0 +1.561475408e-02 +1.767256148e+02 +1.767256148e+02 -4.5908e-01 +8.9899e-02
144 0 +1.002813144e-02 +1.767200281e+02 +1.767200281e+02 -4.9373e-01 +1.1657e-01
147 0 +3.393449141e-03 +1.767133934e+02 +1.767133934e+02 -5.9211e-01 +1.8994e-01
150 0 +1.203724047e-03 +1.767112037e+02 +1.767112037e+02 -6.0527e-01 +2.0208e-01
153 0 +1.499653821e-04 +1.767101500e+02 +1.767101500e+02 -6.4804e-01 +2.3625e-01
156 0 +1.321503123e-05 +1.767100132e+02 +1.767100132e+02 -6.5588e-01 +2.4313e-01
159 0 +3.031005917e-07 +1.767100003e+02 +1.767100003e+02 -6.6236e-01 +2.4831e-01
162 0 +5.792088587e-09 +1.767100000e+02 +1.767100000e+02 -6.6200e-01 +2.4805e-01
% f evaluations | g evaluations | best noise-free fitness - Fopt (2.566400000000e+02) + sum g_i+ | measured fitness | best measured fitness or single-digit g-values | x1 | x2...
1 0 +4.331330271e+02 +6.897730271e+02 +6.897730271e+02 +1.6667e+00 +1.6667e+00
4 0 +3.924846099e+02 +6.491246099e+02 +6.491246099e+02 +3.3333e+00 -1.6667e+00
12 0 +2.815314263e+01 +2.847931426e+02 +2.847931426e+02 +3.1215e+00 -2.3296e+00
15 0 +1.398904861e+01 +2.706290486e+02 +2.706290486e+02 +3.0959e+00 -2.1448e+00
18 0 +8.254907465e+00 +2.648949075e+02 +2.648949075e+02 +3.0936e+00 -2.2030e+00
30 0 +8.017507466e+00 +2.646575075e+02 +2.646575075e+02 +2.9723e+00 -2.1833e+00
33 0 +7.328657794e+00 +2.639686578e+02 +2.639686578e+02 +2.4973e+00 -2.0800e+00
38 0 +7.057437099e+00 +2.636974371e+02 +2.636974371e+02 +1.7581e+00 -1.9132e+00
41 0 +6.609452761e+00 +2.632494528e+02 +2.632494528e+02 +1.9980e+00 -1.9581e+00
44 0 +6.203357510e+00 +2.628433575e+02 +2.628433575e+02 +1.7847e+00 -1.8967e+00
48 0 +5.607828829e+00 +2.622478288e+02 +2.622478288e+02 +1.2549e+00 -1.7490e+00
51 0 +5.120192543e+00 +2.617601925e+02 +2.617601925e+02 +9.3373e-01 -1.6413e+00
54 0 +4.190578399e+00 +2.608305784e+02 +2.608305784e+02 +6.7834e-01 -1.5135e+00
58 0 +3.954084332e+00 +2.605940843e+02 +2.605940843e+02 +1.8281e-01 -1.3248e+00
61 0 +3.624758539e+00 +2.602647585e+02 +2.602647585e+02 +3.7504e-01 -1.3846e+00
64 0 +3.330724389e+00 +2.599707244e+02 +2.599707244e+02 +2.2669e-01 -1.3106e+00
68 0 +3.026535305e+00 +2.596665353e+02 +2.596665353e+02 -9.7186e-02 -1.1423e+00
71 0 +2.716224595e+00 +2.593562246e+02 +2.593562246e+02 -6.1920e-02 -1.1386e+00
74 0 +2.238787234e+00 +2.588787872e+02 +2.588787872e+02 -2.5205e-01 -9.8758e-01
77 0 +2.013838101e+00 +2.586538381e+02 +2.586538381e+02 -4.3690e-01 -8.1025e-01
80 0 +1.565929695e+00 +2.582059297e+02 +2.582059297e+02 -3.9687e-01 -7.7236e-01
83 0 +1.289774328e+00 +2.579297743e+02 +2.579297743e+02 -4.9939e-01 -6.0469e-01
86 0 +1.136696624e+00 +2.577766966e+02 +2.577766966e+02 -4.9172e-01 -5.6925e-01
90 0 +9.929187402e-01 +2.576329187e+02 +2.576329187e+02 -5.0917e-01 -4.5185e-01
93 0 +7.011824834e-01 +2.573411825e+02 +2.573411825e+02 -4.6291e-01 -3.5726e-01
97 0 +6.174851950e-01 +2.572574852e+02 +2.572574852e+02 -4.4535e-01 -2.5907e-01
100 0 +4.855085797e-01 +2.571255086e+02 +2.571255086e+02 -4.0103e-01 -1.9025e-01
103 0 +3.497145217e-01 +2.569897145e+02 +2.569897145e+02 -3.3126e-01 -1.0633e-01
108 0 +3.097066547e-01 +2.569497067e+02 +2.569497067e+02 -2.8640e-01 -3.2016e-02
111 0 +2.278490302e-01 +2.568678490e+02 +2.568678490e+02 -2.1706e-01 +3.7244e-02
114 0 +1.521079236e-01 +2.567921079e+02 +2.567921079e+02 -1.3248e-01 +1.0349e-01
118 0 +1.495975166e-01 +2.567895975e+02 +2.567895975e+02 +4.1876e-03 +2.3856e-01
121 0 +1.016531668e-01 +2.567416532e+02 +2.567416532e+02 -4.5830e-02 +1.7919e-01
124 0 +7.869310236e-02 +2.567186931e+02 +2.567186931e+02 +5.6560e-03 +2.2142e-01
128 0 +5.760430591e-02 +2.566976043e+02 +2.566976043e+02 +1.2995e-01 +3.2002e-01
131 0 +4.129534311e-02 +2.566812953e+02 +2.566812953e+02 +1.2405e-01 +3.0944e-01
134 0 +2.475699824e-02 +2.566647570e+02 +2.566647570e+02 +1.9263e-01 +3.5423e-01
137 0 +1.699589133e-02 +2.566569959e+02 +2.566569959e+02 +3.3245e-01 +4.4783e-01
140 0 +8.133983737e-03 +2.566481340e+02 +2.566481340e+02 +3.0636e-01 +4.2609e-01
143 0 +4.187818401e-03 +2.566441878e+02 +2.566441878e+02 +3.5240e-01 +4.5423e-01
146 0 +1.986797375e-03 +2.566419868e+02 +2.566419868e+02 +4.4974e-01 +5.1309e-01
149 0 +4.882809612e-04 +2.566404883e+02 +2.566404883e+02 +4.3150e-01 +5.0046e-01
152 0 +1.349296994e-04 +2.566401349e+02 +2.566401349e+02 +4.5168e-01 +5.1204e-01
155 0 +6.047069235e-06 +2.566400060e+02 +2.566400060e+02 +4.7257e-01 +5.2394e-01
158 0 +1.091770514e-07 +2.566400001e+02 +2.566400001e+02 +4.7342e-01 +5.2430e-01
161 0 +1.795683602e-10 +2.566400000e+02 +2.566400000e+02 +4.7403e-01 +5.2464e-01
