% f evaluations | g evaluations | best noise-free fitness - Fopt (-1.694000000000e+01) + sum g_i+ | measured fitness | best measured fitness or single-digit g-values | x1 | x2...
1 0 +2.284607158e+02 +2.115207158e+02 +2.115207158e+02 +5.3780e-01 +1.5465e+00 +1.6472e+00 -1.9318e+00 -8.7444e-01 -2.5681e+00 -1.5421e+00 -1.5668e+00 +2.4437e+00 +1.6966e+00 +2.7446e+00 -2.7681e+00 +1.7931e-01 -2.8342e+00 +2.1441e+00 -2.0650e+00 -1.1474e+00 -1.8533e+00 -1.9301e+00 +2.2763e+00
2 0 +2.125503887e+02 +1.956103887e+02 +1.956103887e+02 -2.2666e+00 +1.7877e+00 -8.9649e-02 +7.4755e-01 -1.3574e+00 -2.8812e-01 -1.3890e+00 +8.7282e-01 +6.7227e-01 +1.0820e-01 +2.3925e-01 -2.7735e+00 -1.4651e+00 -1.1886e+00 +1.3101e+00 +2.3601e+00 -1.7023e+00 +1.2930e+00 -6.8726e-01 +7.1998e-01
3 0 +1.899238289e+02 +1.729838289e+02 +1.729838289e+02 +1.7620e+00 -9.6985e-01 -8.7471e-01 +2.7168e+00 +7.3024e-01 -5.1914e-01 +1.3208e+00 +1.5900e+00 +5.9624e-01 +1.7795e+00 -8.1452e-01 +2.7754e+00 -1.2703e+00 +2.0639e+00 +1.3338e+00 -1.4195e+00 +1.8188e-02 -1.0228e+00 +1.1712e+00 +9.0554e-02
6 0 +7.793923105e+01 +6.099923105e+01 +6.099923105e+01 +2.0336e+00 -5.4500e-01 -1.8712e+00 +3.7261e-02 -2.4697e+00 +5.6311e-01 +8.8232e-01 -1.7450e+00 -2.9948e+00 -1.5999e+00 +5.2707e-01 -1.7068e+00 -1.6679e-01 -2.7826e+00 +2.8934e+00 -1.3225e+00 -5.4902e-01 +4.2230e-01 -1.1079e+00 +8.7160e-01
7 0 +6.244394956e+01 +4.550394956e+01 +4.550394956e+01 -2.8170e-01 -2.7164e-01 -1.5942e+00 -1.1840e+00 +2.0110e+00 +2.4490e+00 +1.5550e+00 +1.4077e-01 +2.4098e+00 -1.8573e+00 +3.0090e-01 +9.0330e-01 -1.0644e+00 +1.0917e+00 -1.5312e+00 +2.5698e+00 +2.9101e+00 +1.5421e+00 -2.1331e+00 +2.7620e+00
181 0 +4.959631604e+01 +3.265631604e+01 +3.265631604e+01 +2.4546e+00 -2.5871e+00 -1.9884e+00 -5.6135e-01 +3.4829e-01 +1.6935e+00 +2.8265e+00 +2.3692e+00 +1.0801e+00 +1.2329e+00 -1.2262e-01 -1.3152e+00 -1.6394e+00 +2.2418e-01 +3.3355e-02 -1.3540e-01 +1.3105e+00 +1.1139e+00 -7.2502e-01 -4.1856e-01
479 0 +4.872445188e+01 +3.178445188e+01 +3.178445188e+01 +2.7036e+00 +1.1520e+00 +4.4735e-01 +1.0510e+00 +1.8864e-01 -2.8591e+00 +2.0356e-01 -1.0770e-01 -2.3049e+00 -2.5266e+00 +2.6473e+00 -1.6910e+00 -2.5408e+00 -2.9327e+00 +4.7440e-01 +2.4635e+00 -4.2092e-01 +1.2598e+00 -8.7066e-01 -7.6077e-02
920 0 +4.182223095e+01 +2.488223095e+01 +2.488223095e+01 +3.9858e-01 -1.2303e+00 -9.4362e-01 +2.9354e-01 +1.4188e+00 -8.6195e-01 +2.7790e+00 -2.9967e+00 -2.0317e-01 -2.4446e+00 +2.9346e+00 +9.4589e-01 -1.3473e+00 +1.5306e+00 +2.2994e+00 +2.7999e+00 -4.5116e-02 +2.5344e+00 -1.1622e+00 -3.4632e-01
1418 0 +4.099739161e+01 +2.405739161e+01 +2.405739161e+01 +2.8231e+00 -2.5429e+00 -2.0244e+00 -8.1613e-01 +2.3204e+00 -2.2733e+00 -1.2472e+00 -2.7641e+00 +1.6295e+00 -1.3836e+00 +1.2411e+00 -2.4431e+00 -3.2388e-01 -2.5668e+00 +1.9441e+00 +2.2900e+00 -1.8127e-01 +1.7606e+00 +1.1632e+00 +8.1014e-01
2551 0 +3.818648814e+01 +2.124648814e+01 +2.124648814e+01 +1.9441e+00 +1.8627e-01 -1.0420e+00 -2.9481e+00 +1.2017e+00 -1.5216e+00 +2.0935e+00 -1.7170e+00 -3.8937e-01 -8.0596e-01 +6.6713e-01 +1.0667e+00 -2.3612e+00 +5.4955e-03 +1.7989e+00 +1.1008e+00 +1.9096e+00 +1.2355e+00 +3.4871e-02 -1.9018e+00
4606 0 +3.430118837e+01 +1.736118837e+01 +1.736118837e+01 +2.9419e+00 +5.2455e-01 +4.0276e-01 -1.6565e+00 +1.4063e+00 -2.1218e+00 +2.5269e+00 +2.4507e+00 +1.6287e+00 -1.8355e+00 +2.8654e+00 -2.6841e+00 -1.2556e+00 -2.4331e-01 +6.3994e-01 -2.2986e+00 +2.6313e+00 -2.1191e-01 +3.3861e-01 -1.2970e+00
8932 0 +3.271526383e+01 +1.577526383e+01 +1.577526383e+01 +9.8424e-01 +1.8367e+00 -1.6216e+00 +2.7005e+00 +2.5179e+00 -6.7297e-01 -3.6110e-01 -2.3513e+00 +3.4561e-01 +9.6992e-01 +1.6106e+00 +3.6869e-01 -2.9483e+00 -4.7807e-01 +2.1390e+00 +8.4648e-01 +2.4738e+00 +1.2221e+00 -2.3093e+00 +2.0872e+00
12181 0 +3.212819962e+01 +1.518819962e+01 +1.518819962e+01 +1.6449e-01 +1.4317e+00 +4.4328e-01 -6.9209e-01 +1.8012e+00 +7.0758e-01 +2.0036e+00 +4.8167e-01 -4.1368e-01 -1.8385e+00 +2.6335e+00 -2.6287e+00 -1.6306e+00 -7.9326e-01 +1.3848e+00 +2.8662e+00 +2.4158e+00 +1.1677e+00 +1.3841e+00 +2.7247e+00
16258 0 +3.099653993e+01 +1.405653993e+01 +1.405653993e+01 +1.7307e+00 +1.5533e+00 -2.8378e+00 +1.3492e+00 +2.7519e+00 -1.5398e+00 -1.4346e-01 -1.2555e+00 -2.1374e+00 -9.7048e-01 +1.6427e+00 +2.8124e+00 -2.3668e+00 -2.3844e+00 +2.0632e+00 +4.7027e-01 +1.2179e+00 -4.2221e-01 -7.0531e-01 +2.7369e+00
31512 0 +2.791667677e+01 +1.097667677e+01 +1.097667677e+01 +1.0748e-01 +1.8020e+00 +1.0663e+00 -5.9346e-01 +2.8540e+00 +6.3311e-02 +2.7903e-01 -2.4930e-01 +5.0289e-01 -2.7230e+00 +2.8676e+00 +2.6684e+00 -5.1331e-01 -1.5778e+00 +2.7706e+00 +5.0660e-01 +2.7319e+00 +1.5339e+00 -2.8068e+00 +1.3396e+00
66086 0 +2.633563532e+01 +9.395635321e+00 +9.395635321e+00 -7.9443e-01 +2.6101e+00 -2.5658e+00 -2.7650e+00 -1.2791e+00 -1.8568e+00 +2.9644e+00 -2.4852e+00 -2.6289e+00 -1.0407e+00 +2.6208e+00 -1.6322e+00 -1.8289e+00 -7.1796e-01 +2.2302e+00 +2.9348e+00 +2.6467e+00 +1.4295e+00 +1.2606e+00 +1.8380e+00
140923 0 +2.416830830e+01 +7.228308298e+00 +7.228308298e+00 +1.5896e+00 +1.3334e+00 +1.0729e-01 +9.4337e-01 +2.2319e+00 +5.8872e-01 +2.8602e+00 +2.0607e+00 +1.9029e+00 -2.5562e+00 +2.0687e+00 -2.2558e-01 -2.1606e+00 -1.1470e+00 +1.6330e+00 +2.8737e+00 +2.4061e+00 -7.6134e-01 +1.9205e+00 +6.9444e-01
341472 0 +1.934600703e+01 +2.406007034e+00 +2.406007034e+00 +2.4337e+00 +1.2995e+00 -1.4882e+00 +2.4773e+00 +1.8087e+00 +7.9603e-01 +1.6602e+00 -1.0234e+00 -2.2634e-01 -2.7481e+00 +2.7890e+00 +1.4037e+00 -2.3835e+00 -1.5970e+00 +4.6326e-01 +1.5033e+00 +2.1182e+00 +1.4148e+00 +2.4137e-01 +2.6588e+00
3393419 0 +1.859242461e+01 +1.652424606e+00 +1.652424606e+00 +8.5184e-01 +1.5821e+00 -1.9053e+00 +1.0052e+00 +2.7181e+00 +1.0273e+00 +2.5422e+00 -1.7718e+00 -2.7738e+00 -1.3517e+00 +7.6922e-01 +2.0073e+00 -2.9581e+00 -1.6322e+00 +1.5117e+00 +2.1210e+00 +2.5370e+00 +1.1419e+00 -2.6909e-01 +6.7551e-02
11324153 0 +1.800755330e+01 +1.067553295e+00 +1.067553295e+00 +1.7170e+00 +2.7473e+00 -2.9927e+00 +9.8733e-01 +1.3665e+00 -4.4802e-01 +2.0349e+00 -2.6521e+00 -1.0634e+00 -2.0792e+00 +1.7837e+00 +1.1078e+00 -7.7620e-01 -2.2363e+00 +1.4270e+00 +2.8524e+00 +1.8908e+00 +1.3093e+00 -4.0400e-02 -1.2780e+00
% f evaluations | g evaluations | best noise-free fitness - Fopt (1.881000000000e+01) + sum g_i+ | measured fitness | best measured fitness or single-digit g-values | x1 | x2...
1 0 +9.197735030e+01 +1.107873503e+02 +1.107873503e+02 +1.2457e+00 +1.1126e+00 -2.7433e+00 -1.6790e+00 +1.1767e+00 -2.1087e+00 -1.9928e+00 +2.1281e+00 -9.2777e-01 -1.6218e+00 -1.2946e+00 -1.5292e+00 +4.0494e-01 -1.5717e+00 +1.0072e+00 +2.6917e+00 -1.4873e+00 +2.2823e+00 -8.1063e-01 -2.9644e+00
2 0 +5.347967361e+01 +7.228967361e+01 +7.228967361e+01 +6.2491e-01 -5.3957e-01 +8.5371e-01 -2.2571e+00 -2.6771e+00 +5.6077e-01 -1.5660e-02 -2.4343e+00 -1.7894e+00 -4.3851e-01 -2.6454e+00 +4.0260e-01 +2.0554e+00 +1.3602e+00 +2.3165e+00 -1.1797e+00 -1.9641e+00 +1.8082e+00 -5.0301e-01 -4.9946e-01
109 0 +4.671291135e+01 +6.552291135e+01 +6.552291135e+01 -1.7554e+00 -2.5350e+00 -5.6953e-01 +2.0383e+00 -5.8042e-01 -8.1236e-01 +2.9672e+00 +2.4555e+00 -2.3893e+00 -1.0241e+00 -1.7566e+00 +2.5159e+00 +2.4261e-02 -1.6342e+00 -1.8608e+00 +1.6023e+00 +5.0772e-01 +2.1128e+00 +2.3549e+00 +1.8638e+00
121 0 +4.070039484e+01 +5.951039484e+01 +5.951039484e+01 -1.1094e+00 +2.5341e-01 +2.9670e+00 +1.1281e+00 +2.9946e+00 +1.4005e+00 -1.8124e+00 +1.4417e+00 +7.6167e-01 +4.4406e-01 +1.7501e+00 +1.9037e+00 -1.4332e+00 -1.0437e+00 +4.5956e-02 +1.4163e+00 -2.2703e+00 -2.0931e+00 -6.3995e-01 +2.8640e+00
186 0 +3.764101038e+01 +5.645101038e+01 +5.645101038e+01 -3.5200e-01 -7.3909e-01 +1.7339e+00 -2.4428e+00 -2.6408e+00 -4.2252e-01 +2.7918e+00 -1.8707e+00 -1.0267e+00 +5.8819e-01 -2.1590e+00 +1.1204e+00 +5.3946e-01 +1.8314e+00 +1.6153e+00 -3.1238e-01 +5.1369e-01 +2.0413e+00 -1.5924e+00 +2.4653e+00
689 0 +3.682297338e+01 +5.563297338e+01 +5.563297338e+01 -2.5936e+00 +7.8005e-01 -4.0788e-02 -2.4526e+00 +1.5256e+00 -1.7834e+00 +2.8802e+00 +5.7613e-01 -3.3357e-01 +4.6080e-01 -1.5981e+00 -5.8195e-01 +2.6796e+00 -5.9222e-02 -2.9210e+00 -2.8458e-01 -2.9970e+00 +1.8639e+00 -2.9922e+00 -7.9508e-01
1337 0 +3.135736011e+01 +5.016736011e+01 +5.016736011e+01 -2.6880e-01 -1.4070e+00 +2.5042e+00 -2.0226e+00 -1.0798e+00 -2.0057e+00 +1.5839e+00 +2.7116e+00 +4.7862e-01 +1.6155e+00 -7.3999e-01 +1.9247e+00 +1.8721e+00 +1.2681e+00 -2.4370e+00 -2.6482e-02 -2.4137e+00 +1.1657e+00 +6.0893e-01 +1.6586e+00
1545 0 +2.759211522e+01 +4.640211522e+01 +4.640211522e+01 -1.8623e+00 +4.2811e-01 -3.7425e-01 -7.5984e-01 +2.4858e+00 -3.1008e-01 +1.6799e+00 -2.7416e+00 +5.5542e-01 +1.5384e+00 -2.7063e+00 +6.3749e-02 +2.8633e+00 +7.4078e-01 -1.0956e+00 +2.2170e+00 -3.1432e-01 +2.4741e+00 -3.3112e-01 +5.4574e-01
35156 0 +2.574726712e+01 +4.455726712e+01 +4.455726712e+01 -1.3138e+00 +2.8794e+00 -1.9616e+00 -1.0228e+00 +2.5519e+00 -2.6598e+00 +1.8967e+00 +1.4683e+00 +1.8068e-01 +1.7076e+00 -1.2946e-01 +2.0432e+00 +2.2767e+00 -2.3968e+00 -3.5654e-01 -6.4213e-01 -1.6912e+00 +1.1730e+00 -1.3812e+00 +7.5016e-01
46182 0 +2.488800592e+01 +4.369800592e+01 +4.369800592e+01 -2.9171e+00 +1.0126e+00 +3.0038e-02 -1.8703e+00 +1.9200e+00 -2.8946e+00 -1.0472e+00 -5.3416e-01 +8.4568e-01 +1.7115e+00 -2.2745e+00 +1.5803e+00 +8.0011e-01 +1.8919e+00 -2.3908e+00 -1.9356e+00 -9.9883e-01 +2.5082e+00 +1.7541e+00 +1.7306e+00
64204 0 +2.331624614e+01 +4.212624614e+01 +4.212624614e+01 +2.8121e+00 +1.4534e+00 -9.3030e-01 -9.1546e-02 +2.3399e+00 -1.1351e+00 +7.9293e-01 +1.7276e+00 -8.0550e-02 +1.2678e+00 -1.2426e+00 +2.3008e+00 +1.1169e+00 -6.8421e-01 -7.0466e-01 -4.9187e-01 -1.6620e+00 +2.5850e+00 +9.3462e-01 -7.4140e-02
121440 0 +2.281706726e+01 +4.162706726e+01 +4.162706726e+01 -2.3739e-01 +2.2649e+00 +1.4466e+00 -2.0479e+00 +1.3212e+00 -2.8542e-01 -1.4626e+00 +3.6266e-01 -8.0107e-01 +2.0746e+00 -2.1455e+00 +2.9882e+00 +2.9660e+00 +2.5851e+00 -1.2971e+00 -2.3404e+00 -1.6313e+00 +2.8786e+00 -1.3111e+00 +2.3106e-02
126064 0 +2.130739737e+01 +4.011739737e+01 +4.011739737e+01 -1.8717e+00 -2.3108e-01 -4.9526e-01 +1.6663e+00 +1.2037e+00 -2.7575e+00 +2.7169e+00 +5.9627e-01 +4.8625e-01 +2.3848e+00 -2.1325e+00 +2.1326e+00 +2.1106e+00 +2.1397e-01 -1.9742e+00 +8.5308e-01 -1.3799e+00 +2.5424e+00 -2.9997e+00 -3.6378e-01
274243 0 +1.991174402e+01 +3.872174402e+01 +3.872174402e+01 +1.6863e+00 +2.1493e+00 +3.1187e-01 -1.6494e+00 -1.3609e+00 -2.6913e+00 +1.0309e+00 +2.7213e-02 +2.3212e+00 +2.0278e+00 -2.6323e+00 +1.9677e+00 -1.8862e-01 -1.2161e+00 -1.6909e-01 -2.0409e+00 -2.8426e+00 +1.7950e+00 +2.4819e+00 +2.2956e+00
2450491 0 +1.947861385e+01 +3.828861385e+01 +3.828861385e+01 -8.6146e-01 -5.6660e-01 +1.5451e+00 -3.3871e-01 +3.6818e-02 -1.6622e+00 +2.0022e-01 +6.3011e-01 +4.0741e-01 +2.6753e+00 -2.7358e+00 +2.0994e+00 +1.4456e+00 +1.3690e+00 -1.5181e+00 -4.0297e-01 -2.4401e+00 +8.1489e-01 +1.9406e+00 -4.4607e-01
3621898 0 +1.895203791e+01 +3.776203791e+01 +3.776203791e+01 +1.2453e-01 +2.3413e+00 -8.8326e-01 -1.6789e+00 -1.3059e-01 -2.5921e+00 +8.3541e-01 -1.0002e-01 -7.1208e-01 +2.0965e+00 -2.6555e+00 +1.9450e+00 +2.7394e+00 -1.3436e+00 -1.3727e+00 -1.7657e+00 +1.9595e-01 +2.6406e+00 +9.1526e-02 +1.4344e+00
4283222 0 +1.682065785e+01 +3.563065785e+01 +3.563065785e+01 +1.4485e+00 +1.0059e+00 -8.9135e-01 +1.8921e-01 +2.1135e+00 -2.9481e+00 +1.8218e+00 -1.6760e-01 +5.5508e-01 +2.0938e+00 -2.7657e+00 +1.1298e+00 +1.4666e+00 -1.5565e+00 -5.0325e-01 -2.2209e+00 -2.0363e+00 +2.6894e+00 +2.3787e+00 +7.1356e-01
9241930 0 +1.469381465e+01 +3.350381465e+01 +3.350381465e+01 -8.9430e-01 +1.8211e+00 -9.6780e-01 +1.7647e+00 +5.9730e-01 -1.2427e+00 +1.8135e+00 -5.6642e-01 +3.9861e-01 +2.0904e+00 -2.2096e+00 +1.7028e+00 +1.7946e+00 +5.3206e-01 -1.8135e+00 -2.2864e+00 -1.7736e+00 +1.8436e+00 +1.2855e+00 +1.2823e+00
% f evaluations | g evaluations | best noise-free fitness - Fopt (2.731500000000e+02) + sum g_i+ | measured fitness | best measured fitness or single-digit g-values | x1 | x2...
1 0 +3.220553457e+02 +5.952053457e+02 +5.952053457e+02 +1.1154e+00 -9.0504e-01 -2.9572e+00 -1.9032e-01 -2.8659e+00 -1.7954e+00 -2.9894e+00 +1.1972e+00 +1.2217e+00 +9.8554e-01 +4.2164e-01 -1.4803e+00 -2.1855e+00 -7.4225e-01 +2.7040e+00 -1.6188e-01 +1.9804e+00 +2.1930e+00 -2.8139e+00 +2.4859e+00
3 0 +2.793593028e+02 +5.525093028e+02 +5.525093028e+02 +4.6296e-01 +2.6232e+00 +1.7698e+00 +8.9859e-01 -1.8553e+00 +1.7660e+00 +1.3829e+00 -8.4170e-01 +2.9600e+00 -1.7252e-01 +1.2837e+00 +2.3055e+00 +2.6654e+00 -2.2067e+00 -3.9823e-01 -2.1810e+00 +1.4302e+00 -8.1022e-01 +7.8466e-01 -1.9479e+00
4 0 +1.707584961e+02 +4.439084961e+02 +4.439084961e+02 -1.2743e+00 +1.0316e+00 +8.1664e-01 -1.8870e+00 +2.9854e+00 +2.5563e+00 -2.7132e+00 -1.0071e+00 -2.7557e+00 -2.6818e+00 -4.0827e-01 +2.0790e+00 -2.3682e+00 +1.7241e+00 -6.7774e-01 +1.6297e+00 +1.7853e+00 -4.5105e-01 +1.9590e+00 -1.2958e+00
7 0 +1.311767522e+02 +4.043267522e+02 +4.043267522e+02 -8.9474e-01 +2.5406e+00 +8.1643e-01 -6.1422e-01 -1.7127e+00 -1.5786e+00 +2.3295e+00 -1.3117e+00 -7.7298e-01 +2.3491e+00 -1.2916e+00 +1.8250e+00 -1.4818e+00 +2.1826e+00 +2.7293e+00 +8.2999e-01 -4.6482e-01 -2.2987e-01 +2.0405e+00 -2.5448e+00
18 0 +6.885856397e+01 +3.420085640e+02 +3.420085640e+02 -2.4361e+00 +2.4057e+00 +1.0051e+00 -1.2884e+00 +1.0909e+00 -9.9433e-01 -1.2912e+00 -3.2660e-01 +1.8172e+00 +1.2962e+00 -1.8113e+00 +1.7220e+00 -2.9939e+00 -1.2350e+00 -4.3587e-01 -2.4386e+00 +2.0623e+00 -9.9157e-01 +1.3486e+00 -8.9394e-01
98 0 +6.661081447e+01 +3.397608145e+02 +3.397608145e+02 +2.0068e+00 +2.5510e+00 -1.9342e+00 +2.3790e+00 +2.3987e-02 -2.3669e+00 +1.3279e+00 -9.6482e-01 -2.1075e-01 +2.1715e+00 +1.9874e+00 +2.2187e+00 +1.2835e+00 +1.0061e+00 +4.2822e-01 -1.2236e+00 +2.5646e+00 +9.6648e-01 -7.1310e-01 -2.6718e+00
638 0 +5.950063787e+01 +3.326506379e+02 +3.326506379e+02 -2.5790e+00 +2.5545e+00 -1.0235e+00 -2.1591e+00 -1.1551e+00 -1.1790e+00 -2.8550e+00 +9.3695e-01 -2.1864e+00 +2.4654e+00 -1.1056e+00 +2.7007e+00 -1.9993e+00 +2.4980e+00 -6.0359e-01 +6.7838e-01 +2.2299e+00 +7.2046e-02 +1.8625e+00 -2.1471e+00
1369 0 +3.701315645e+01 +3.101631564e+02 +3.101631564e+02 -1.5651e+00 +2.4265e+00 -2.9699e+00 +2.3109e+00 +9.8565e-01 -2.1387e+00 -2.4195e+00 +1.8782e+00 -1.7594e+00 +1.6113e+00 +9.0227e-01 -2.5665e+00 +3.7887e-01 -4.6217e-01 +1.4254e+00 -2.7148e+00 +2.4953e+00 +1.5304e+00 +1.6555e+00 -1.6020e+00
250628 0 +3.554968361e+01 +3.086996836e+02 +3.086996836e+02 -2.2132e+00 +1.8396e+00 +2.4461e+00 +1.4260e+00 +2.8520e+00 -2.9797e+00 -2.9297e+00 -2.5660e+00 -2.1273e+00 +6.4812e-01 -2.4100e+00 +1.4737e+00 +6.2280e-01 +1.8417e+00 +7.6671e-01 -2.0036e+00 -1.0798e+00 +1.6379e+00 +7.7284e-01 -1.2292e+00
268399 0 +3.425565490e+01 +3.074056549e+02 +3.074056549e+02 -2.6705e+00 +2.3363e+00 +2.6856e+00 +8.5893e-01 +1.8098e-02 -1.4131e+00 -1.5405e+00 +1.6536e+00 -4.4655e-01 +7.5423e-01 -5.3245e-02 +8.1459e-01 -2.2313e+00 +6.7497e-01 -1.7782e-01 -2.6813e+00 +9.3545e-01 +1.1231e+00 +1.1778e+00 -2.5169e+00
707454 0 +3.128924682e+01 +3.044392468e+02 +3.044392468e+02 -2.9869e+00 +5.5709e-02 -2.0680e+00 +1.5855e+00 +2.2051e+00 -2.8019e+00 +1.0627e-01 -2.2054e+00 -4.5034e-01 +2.9914e+00 +2.9692e-01 -8.4219e-01 -7.4892e-01 +5.4672e-01 +2.8639e+00 -2.7767e+00 +2.6504e+00 +4.7669e-01 +1.8991e+00 -2.8833e+00
1452732 0 +3.030018848e+01 +3.034501885e+02 +3.034501885e+02 -2.7427e+00 +2.5920e+00 +7.5622e-01 +2.5352e+00 +1.9300e+00 -2.2919e+00 -2.5202e+00 -7.4108e-01 -1.6222e+00 +1.9954e+00 -7.2892e-02 +6.8364e-01 -2.9109e+00 +4.0108e-01 -2.6590e-01 -2.6481e+00 -5.4961e-01 +3.3964e-01 +1.4246e+00 -2.5561e+00
4556545 0 +2.675586660e+01 +2.999058666e+02 +2.999058666e+02 -2.7854e+00 +1.8901e+00 +1.8180e-01 +5.7526e-01 +1.7328e+00 -4.6876e-01 -9.8748e-01 -2.5645e+00 -5.3454e-01 +2.8323e+00 -1.0920e+00 +2.5539e+00 -1.7549e+00 -1.6549e+00 +5.6101e-01 -1.5965e+00 +2.0094e+00 +1.6603e+00 +3.9013e-01 -2.9968e+00
5581701 0 +2.502559655e+01 +2.981755966e+02 +2.981755966e+02 -2.4197e+00 +2.1640e+00 -9.6289e-01 +6.4803e-01 +1.9251e+00 -2.6969e+00 +1.3436e+00 -2.1303e+00 -2.3781e+00 +1.5613e+00 -1.4928e+00 -1.0313e+00 -2.1058e+00 -8.5365e-01 +1.9184e+00 -2.4924e+00 +2.7589e+00 +3.8842e-01 +2.6035e+00 -2.7920e+00
18534448 0 +2.245830445e+01 +2.956083045e+02 +2.956083045e+02 -2.9470e+00 +1.9905e+00 -1.7837e+00 +2.5784e+00 +2.5664e+00 -2.6821e+00 +8.3915e-01 -2.7779e+00 -1.8014e+00 +2.7361e+00 +7.6840e-01 -1.2970e+00 -9.6860e-01 -1.1170e+00 +1.3095e+00 -2.8835e+00 +2.5409e+00 +2.5724e-01 +1.6794e+00 -1.9006e+00
% f evaluations | g evaluations | best noise-free fitness - Fopt (3.718000000000e+01) + sum g_i+ | measured fitness | best measured fitness or single-digit g-values | x1 | x2...
1 0 +4.444037431e+01 +8.162037431e+01 +8.162037431e+01 -2.9595e+00 -2.1089e+00 -5.3832e-01 -1.5519e-01 +2.2826e+00 -5.4122e-02 -1.8372e+00 -6.3470e-02 -2.1446e+00 +6.4107e-01 +2.6996e+00 +2.4084e+00 +2.2980e+00 +2.3921e+00 +2.1430e+00 +1.3049e+00 +1.1887e+00 +2.1136e+00 +1.1246e-02 -2.1122e+00
14 0 +2.833015889e+01 +6.551015889e+01 +6.551015889e+01 -2.7091e+00 +8.3698e-01 -4.9184e-01 +1.7686e+00 -1.4062e+00 +8.5812e-01 +7.9708e-01 -6.9379e-01 +9.1604e-02 +4.4791e-01 +2.9757e+00 -6.2753e-01 -1.5647e-01 -6.4150e-01 +6.1591e-01 +2.5639e+00 -4.7805e-01 -2.3252e+00 -1.0953e-01 -1.3141e+00
338 0 +2.816579268e+01 +6.534579268e+01 +6.534579268e+01 +1.2127e+00 +9.0267e-01 +1.8561e+00 +1.9625e+00 -2.1915e+00 -2.1652e+00 -8.8326e-01 -2.8154e+00 +5.6431e-02 +2.3409e-01 +1.1307e+00 +1.6620e+00 +1.3077e+00 +1.6833e+00 +1.1701e+00 +1.6633e+00 -5.2312e-01 +9.4940e-01 -2.9461e+00 +4.3411e-02
1706 0 +2.729181500e+01 +6.447181500e+01 +6.447181500e+01 -2.4408e+00 +2.0680e+00 +1.4902e-01 +2.8025e-01 +1.0011e-01 +2.3822e+00 +1.1049e+00 -5.3559e-01 -1.1751e+00 +1.8906e+00 +6.0931e-01 -7.4546e-01 +1.6367e+00 -2.4082e+00 -5.7727e-01 +8.7781e-01 +2.2875e-01 -1.5174e+00 -1.5711e+00 +7.5075e-02
5050 0 +2.554252971e+01 +6.272252971e+01 +6.272252971e+01 -2.5349e+00 +2.5207e+00 +1.9449e+00 -2.0415e+00 -2.1073e+00 -3.5236e-01 +1.3088e-01 -2.8561e+00 -2.5242e+00 +2.1105e+00 +1.8381e-01 -1.3578e+00 +2.1982e+00 +1.5437e+00 -9.1866e-01 -1.9253e+00 +7.7776e-01 -2.0096e+00 -1.4346e+00 +6.3156e-01
9962 0 +2.504915135e+01 +6.222915135e+01 +6.222915135e+01 -1.2867e+00 +8.4215e-01 +2.5325e+00 +9.1085e-01 -1.9181e+00 +4.0040e-01 +2.0491e+00 -1.3983e+00 +2.0158e+00 +9.0845e-01 +8.9895e-01 +1.9693e+00 -5.3001e-02 -3.8919e-01 +1.4176e+00 +2.7344e+00 -1.1502e+00 -1.3725e+00 +1.0919e-01 +4.0809e-01
20603 0 +2.395482006e+01 +6.113482006e+01 +6.113482006e+01 -2.3096e+00 +2.1669e+00 +6.9567e-01 -1.4236e+00 -2.8651e+00 -1.9886e+00 +2.7927e+00 -4.4363e-01 +2.9906e+00 +1.5691e+00 +2.8715e+00 -1.8326e+00 -8.0893e-02 +2.5606e+00 +2.7028e+00 +2.2459e+00 +1.0119e+00 -4.7484e-01 -1.3366e+00 -1.9733e+00
37601 0 +2.159871770e+01 +5.877871770e+01 +5.877871770e+01 -1.7594e+00 +1.7748e+00 -1.7495e+00 +1.0870e-01 -8.0448e-01 -1.1572e+00 -8.9937e-01 -1.4272e+00 +5.6739e-01 +2.2033e+00 +6.0665e-01 +1.3947e+00 +1.9507e+00 -5.5227e-01 +1.3528e+00 +1.4741e+00 +3.4208e-01 +8.0034e-01 -2.6772e+00 -2.3168e+00
41296 0 +2.096785678e+01 +5.814785678e+01 +5.814785678e+01 -1.5309e+00 +2.3374e+00 +1.9805e+00 +9.4972e-01 -2.7929e+00 +1.6258e-01 +2.5989e+00 -1.0770e+00 -5.3122e-01 +2.0660e+00 +1.7969e+00 +1.6165e+00 +1.2295e+00 -1.2542e+00 -1.5086e+00 +1.9927e+00 +1.4794e-02 -8.0350e-01 -8.3945e-01 +1.3594e+00
91138 0 +2.040258045e+01 +5.758258045e+01 +5.758258045e+01 -2.2324e+00 +4.6867e-01 +2.3140e+00 -1.7310e+00 -2.1415e+00 +1.6403e+00 -1.3155e+00 -2.4560e+00 +1.1336e+00 +2.9793e+00 +1.2676e-01 +4.4808e-01 +1.4590e+00 +2.8951e-01 +6.3306e-01 +1.9275e+00 -1.4126e+00 +2.8609e-01 -1.9438e+00 +1.0956e+00
110531 0 +1.989053186e+01 +5.707053186e+01 +5.707053186e+01 -2.3721e+00 +2.4566e+00 +2.1490e-01 -2.9844e-01 -2.2803e+00 -2.4686e+00 -2.2628e-01 -1.5535e+00 +2.6308e+00 +1.3523e+00 -3.5268e-01 +1.7922e+00 +1.3488e+00 -1.2254e+00 +1.3303e+00 +1.7539e+00 -7.9434e-01 -2.5320e+00 -4.5561e-01 +1.7501e+00
351404 0 +1.760243423e+01 +5.478243423e+01 +5.478243423e+01 -2.1709e+00 +1.5554e+00 +2.9899e+00 -7.9792e-01 -2.6527e+00 +1.2395e-01 +6.1712e-01 -2.2955e+00 -2.1530e+00 +2.1981e+00 +1.5381e+00 -2.2417e+00 +2.8256e-01 +3.9202e-01 +1.8826e+00 +2.6394e+00 -1.2580e+00 +1.7135e-01 -1.9927e+00 +2.0325e+00
632674 0 +1.683990756e+01 +5.401990756e+01 +5.401990756e+01 -3.7376e-01 +1.8402e+00 +2.3983e+00 +5.0735e-01 -1.6864e+00 -2.6124e+00 +2.4024e+00 -1.9391e+00 -1.5733e+00 +2.3948e+00 -1.1944e+00 -2.6047e+00 -4.5952e-01 +4.6435e-01 +2.4394e+00 +2.8224e+00 -1.2539e+00 +3.8477e-01 -2.3537e+00 -8.7919e-01
2545998 0 +1.657128798e+01 +5.375128798e+01 +5.375128798e+01 -2.1745e+00 +2.3456e+00 +2.8793e+00 +7.2558e-01 -2.1498e+00 -1.9183e+00 +5.6772e-01 -1.3505e+00 -2.0193e+00 +2.6240e+00 +1.1089e+00 -2.1299e+00 +6.5503e-01 -2.3866e-01 +1.4568e+00 +2.6730e+00 +2.5035e+00 +5.9935e-01 -1.8270e+00 +1.9054e-01
3901266 0 +1.553844992e+01 +5.271844992e+01 +5.271844992e+01 -2.9110e+00 +1.6926e+00 +2.6802e+00 +1.1032e+00 -2.5927e+00 -2.0100e+00 +1.8493e+00 -2.5227e+00 -1.4170e+00 +2.7586e+00 -7.1650e-01 -5.0459e-01 +4.7639e-01 -4.9514e-01 +8.1916e-01 +1.1017e+00 -1.2289e+00 -1.8035e+00 -1.3396e+00 -2.0753e+00
15126272 0 +1.544250083e+01 +5.262250083e+01 +5.262250083e+01 -2.1428e+00 +2.2414e+00 -3.0772e-01 +2.3657e+00 -1.8501e+00 -1.1393e+00 +4.4204e-01 -2.0137e+00 -5.3446e-01 +2.8189e+00 +5.8412e-02 +8.7794e-04 +9.7306e-01 -5.9762e-01 +8.2325e-01 +5.7706e-01 -4.6856e-01 -5.3205e-01 -2.4264e+00 +1.2725e-02
16457101 0 +1.475028621e+01 +5.193028621e+01 +5.193028621e+01 -2.0704e+00 +1.6348e+00 +1.5043e+00 -4.2963e-01 -2.6074e+00 -5.9262e-01 +1.8267e+00 -1.3028e+00 +8.8198e-02 +1.7470e+00 -8.2877e-01 -1.0764e-01 +5.8024e-01 -1.4149e+00 +2.2598e+00 +1.0838e+00 -1.5273e+00 -8.4805e-01 -2.6496e+00 +1.1507e+00
% f evaluations | g evaluations | best noise-free fitness - Fopt (-1.479000000000e+02) + sum g_i+ | measured fitness | best measured fitness or single-digit g-values | x1 | x2...
1 0 +5.512124220e+01 -9.277875780e+01 -9.277875780e+01 +3.8451e-01 +3.2204e-01 +2.8310e+00 -7.3352e-01 -7.6957e-02 +4.2094e-01 -1.5021e-01 +6.7817e-01 -1.2219e+00 -5.0815e-01 +1.8304e+00 +8.8632e-01 -6.6886e-02 -2.3465e+00 +1.1969e+00 +1.4147e+00 +1.3276e+00 +2.6926e+00 +1.2621e+00 -2.5555e+00
5 0 +3.475306224e+01 -1.131469378e+02 -1.131469378e+02 +2.6841e+00 -2.3372e+00 +1.6011e+00 -2.4936e+00 -7.5440e-01 -2.2499e-01 -1.4012e+00 -2.3774e+00 -1.2901e+00 -2.1846e-01 +8.1155e-01 +2.0862e+00 +1.8404e+00 -2.8178e+00 -2.5500e+00 -2.2637e+00 +6.9468e-01 -1.6542e+00 -2.7596e+00 +2.1020e+00
632 0 +3.114977094e+01 -1.167502291e+02 -1.167502291e+02 +5.9999e-01 +2.1426e+00 -4.7075e-01 -7.0032e-01 +9.3279e-01 +1.1125e+00 +7.1612e-01 -1.8307e+00 -9.9802e-02 -1.2274e+00 -5.7534e-01 +1.6297e+00 -9.2951e-01 -2.7887e+00 +1.2884e+00 -7.0625e-01 -2.4130e+00 -2.2720e+00 -2.7731e+00 +1.9172e+00
1138 0 +2.882941441e+01 -1.190705856e+02 -1.190705856e+02 +1.1608e+00 +1.3181e+00 +1.4475e+00 -7.4989e-01 -1.1800e+00 +2.6602e-01 -1.5005e+00 -1.9260e+00 -2.8810e+00 +1.8482e+00 +1.3881e+00 +4.5483e-01 -7.7189e-01 -6.5118e-01 -1.3305e+00 -8.5193e-02 -1.6396e+00 -9.3211e-01 -1.0026e+00 -9.7795e-01
2833 0 +2.485769417e+01 -1.230423058e+02 -1.230423058e+02 -2.9407e-01 -5.1920e-02 +1.6304e+00 -1.1397e+00 -2.4873e+00 -2.0049e-01 -1.8431e+00 -8.7157e-01 -1.9382e+00 -6.7961e-01 -1.3727e+00 +2.0480e+00 +2.5475e-01 -1.0222e+00 -6.2655e-01 -2.4777e+00 -1.2403e+00 -9.6234e-01 -2.3192e+00 +1.9622e+00
30789 0 +2.400238948e+01 -1.238976105e+02 -1.238976105e+02 -4.0063e-01 -1.5942e+00 +1.7227e+00 +2.3494e+00 -7.2926e-01 -1.2120e+00 -2.1124e+00 -2.5829e+00 -1.9074e+00 -1.9379e+00 -2.4131e+00 +2.2213e+00 +1.5146e+00 -2.9053e+00 +1.9770e+00 +1.5583e+00 -2.0918e+00 -8.3447e-02 -1.6164e+00 +1.6661e+00
39625 0 +2.393276748e+01 -1.239672325e+02 -1.239672325e+02 +1.4589e+00 +2.6223e+00 +2.0849e+00 -2.5812e+00 -2.1757e+00 +1.6608e+00 -1.8553e+00 -1.3713e-01 -2.6234e+00 +2.4240e+00 -1.0098e+00 +2.3295e+00 -1.0865e+00 -2.8337e+00 +2.6877e+00 +3.6898e-01 -1.3915e+00 -1.6106e+00 -6.9744e-01 +5.1927e-01
200287 0 +1.727776921e+01 -1.306222308e+02 -1.306222308e+02 -1.8643e+00 -1.1657e+00 -1.5623e+00 -2.9216e+00 -2.7512e+00 +4.8996e-01 -1.4878e+00 -1.7713e+00 -2.8903e+00 +1.6389e+00 -1.7913e+00 +2.4692e+00 +2.7219e+00 -1.9119e+00 +2.3613e+00 -3.8509e-01 -2.8860e+00 -2.7162e+00 -2.9284e+00 +1.3077e+00
2832265 0 +1.646528390e+01 -1.314347161e+02 -1.314347161e+02 +1.3737e-01 -6.8194e-01 -1.4027e+00 -1.9758e+00 -2.5157e+00 -1.2884e+00 -1.5699e+00 -1.4070e+00 -3.1210e-01 -6.5323e-01 +3.6909e-01 +2.1869e+00 +1.0593e+00 -2.7173e+00 +1.9896e+00 +2.5962e+00 -2.6047e+00 -1.3436e+00 -2.7947e+00 +2.2089e+00
% f evaluations | g evaluations | best noise-free fitness - Fopt (4.817100000000e+02) + sum g_i+ | measured fitness | best measured fitness or single-digit g-values | x1 | x2...
1 0 +5.010165415e+01 +5.318116542e+02 +5.318116542e+02 +1.7328e+00 -2.3499e+00 -2.3271e+00 -8.1638e-01 +3.9274e-02 +1.3973e+00 +2.5587e+00 +2.8209e+00 -3.9743e-01 -2.9035e+00 -6.6258e-01 -1.5954e+00 -5.8545e-02 +1.9252e+00 +1.8553e+00 +1.7352e+00 -2.4740e+00 +1.8322e+00 -2.4866e+00 -2.2044e+00
3 0 +4.493237787e+01 +5.266423779e+02 +5.266423779e+02 -2.9621e-01 +5.4129e-02 -7.6584e-01 -1.5541e+00 +1.1152e+00 +1.4308e+00 +2.9623e+00 -2.4117e+00 +2.6776e+00 +2.8100e+00 +2.6079e-01 -4.3646e-01 +1.1571e+00 +1.5326e+00 -3.6068e-01 -2.0132e+00 +2.9354e+00 +6.0358e-01 +2.2754e+00 +2.3002e+00
5 0 +4.321736889e+01 +5.249273689e+02 +5.249273689e+02 -2.1251e+00 -2.1182e+00 +1.8056e-01 -1.1123e+00 +2.2018e+00 +2.9081e+00 -1.4999e+00 +4.9267e-01 +1.7018e+00 -2.0972e+00 +1.4765e+00 -2.9635e+00 -3.1676e-01 -1.9927e+00 -1.1179e+00 -1.3595e+00 -2.1010e+00 +5.9350e-01 +8.3909e-01 +8.9744e-02
27 0 +4.160802313e+01 +5.233180231e+02 +5.233180231e+02 +8.6517e-02 -2.3616e+00 +1.2150e+00 +2.9350e+00 +1.1289e+00 +1.4391e+00 -1.8505e+00 +2.5685e+00 +7.2898e-01 +1.4303e+00 +4.9930e-01 +2.2238e+00 -2.4799e+00 -1.5774e+00 -2.0234e+00 +8.2475e-01 -1.1655e-01 -8.3604e-01 +1.6636e+00 +2.6705e+00
40 0 +3.665349209e+01 +5.183634921e+02 +5.183634921e+02 -1.7166e+00 -1.9672e+00 -1.8819e+00 +2.4418e+00 -2.1738e+00 +1.5963e+00 +1.5358e+00 -1.9501e+00 +1.6870e+00 -1.7791e+00 +1.2070e+00 -1.2944e+00 +1.2034e+00 +1.2827e+00 +1.8492e+00 +8.8147e-01 -1.4257e+00 +1.2145e+00 -1.3186e+00 +2.6487e+00
58 0 +3.136678635e+01 +5.130767863e+02 +5.130767863e+02 +1.9876e+00 -2.0532e+00 -2.3384e+00 +2.0974e+00 -2.5440e+00 -2.0778e+00 +5.0761e-01 -1.1181e+00 -1.9361e+00 +2.6296e+00 +7.5187e-01 +3.9988e-01 +1.8631e+00 -1.1663e+00 -4.3191e-01 +1.2007e+00 -2.3965e+00 -2.9259e+00 +1.6991e+00 -9.6370e-02
68 0 +2.968747536e+01 +5.113974754e+02 +5.113974754e+02 +1.8337e+00 +6.9749e-01 -2.1542e+00 -1.0002e+00 -1.3971e+00 -1.2756e+00 -5.8358e-01 +2.5024e+00 +6.5363e-01 -8.6811e-01 -1.8426e+00 -2.7924e+00 -2.2300e-01 +1.7445e+00 +2.3394e+00 +1.0630e-01 +7.9107e-01 +5.3612e-01 +1.9297e+00 +2.9397e-02
77 0 +2.937412308e+01 +5.110841231e+02 +5.110841231e+02 +4.1724e-01 +5.6517e-01 -2.0304e+00 +2.3049e+00 -7.7481e-01 +2.1434e+00 +1.1052e+00 +1.0614e+00 +1.4623e+00 -2.6662e+00 -2.0492e+00 -2.5891e+00 -1.3152e+00 -3.5699e-02 +1.7177e+00 +2.2586e+00 +8.7946e-01 -7.8625e-01 -2.3751e-01 +2.6195e+00
321 0 +2.718676347e+01 +5.088967635e+02 +5.088967635e+02 +5.0524e-01 -1.4954e+00 -1.0711e+00 +1.6743e+00 +1.6246e+00 +2.8677e+00 -4.2402e-01 -1.8922e+00 +9.6138e-01 -2.6045e+00 -2.3902e+00 +4.2717e-01 +1.1862e+00 +2.0413e+00 -1.1432e+00 +6.8548e-01 +1.5264e+00 +3.7564e-01 -1.4022e+00 +2.2169e+00
477 0 +2.388580038e+01 +5.055958004e+02 +5.055958004e+02 +2.3451e+00 -1.9541e+00 -1.0072e+00 +1.4105e+00 -2.1760e+00 +2.6787e+00 +1.7054e+00 +1.4516e+00 +1.3825e+00 +1.1944e+00 -2.6516e+00 +1.1857e+00 -1.9816e+00 -1.0631e+00 +1.1415e-01 +8.8415e-01 +1.7653e+00 -1.7124e-01 +1.7172e+00 -1.0682e-01
1898 0 +2.148994983e+01 +5.031999498e+02 +5.031999498e+02 +9.4521e-01 -4.8664e-01 -1.1157e+00 +5.2058e-01 -1.3680e+00 +2.0267e+00 +1.3875e+00 -1.7244e+00 +6.4251e-01 -1.1142e+00 -1.7703e+00 -6.4256e-01 -3.1193e-01 +1.1567e+00 +4.7584e-01 +5.7456e-01 +4.0977e-01 +4.5925e-01 +1.8568e+00 -1.1732e+00
2253 0 +2.119919446e+01 +5.029091945e+02 +5.029091945e+02 +8.8871e-01 -2.5990e+00 -1.7002e+00 -4.3836e-01 -1.7808e+00 +2.6347e+00 -1.1145e+00 -1.5079e+00 -2.6564e+00 +1.9312e+00 -4.9027e-01 +1.5122e+00 +1.1137e+00 +7.7628e-01 -2.8717e-01 -2.6553e+00 +6.4252e-01 -1.7646e+00 +1.4922e+00 -2.2793e-01
13541 0 +1.833538973e+01 +5.000453897e+02 +5.000453897e+02 +2.7966e+00 -1.9568e+00 -2.2494e+00 +2.1101e+00 +2.7073e+00 +1.5078e+00 +2.0108e+00 -1.3700e+00 -1.6992e+00 -1.9708e+00 -2.7995e+00 -1.6126e+00 -1.4091e+00 -1.2020e+00 +1.6431e+00 -6.8275e-01 +1.0672e-01 +1.5813e+00 +7.6940e-01 -1.4729e-01
71146 0 +1.696791304e+01 +4.986779130e+02 +4.986779130e+02 +9.7117e-01 -1.6523e+00 -2.8357e+00 +1.3288e+00 +6.7835e-01 -2.3585e-01 +5.5942e-01 +1.5274e-02 -7.1423e-01 +2.4563e+00 -2.8696e+00 -1.6678e+00 +1.8997e+00 -1.9572e+00 +1.7252e-01 +2.8944e-02 -8.8157e-01 -1.3064e+00 +8.0316e-01 -2.3842e+00
99528 0 +1.542687280e+01 +4.971368728e+02 +4.971368728e+02 -7.1136e-01 -2.9034e+00 -2.7512e+00 +2.9821e+00 -1.3587e+00 +1.8255e-01 +1.0517e+00 -1.2887e+00 -2.5525e+00 -2.7094e+00 -2.7815e+00 -2.8810e+00 +4.1969e-01 +5.7150e-01 -9.5624e-01 +1.1939e-01 +9.4256e-01 -1.3207e-01 +1.1313e+00 -2.7416e+00
321623 0 +1.440625191e+01 +4.961162519e+02 +4.961162519e+02 +2.4913e+00 -1.1470e+00 -2.0420e+00 +1.0154e+00 -1.6318e+00 -4.5814e-01 +2.2530e+00 -8.5888e-01 +2.7456e-01 -9.2712e-01 -2.8364e+00 -1.9676e+00 +9.2578e-03 +4.9606e-01 +1.2964e+00 +1.2363e+00 +2.5423e+00 +1.9338e+00 +1.2746e+00 +2.7735e+00
637704 0 +1.284573458e+01 +4.945557346e+02 +4.945557346e+02 +5.2790e-02 -2.7184e+00 -9.7869e-01 +1.1908e+00 -1.1766e+00 +7.7812e-01 -3.7418e-01 +6.8745e-02 -2.1315e-01 +1.9924e+00 -2.4301e+00 -2.0766e+00 +1.3568e-01 -5.5700e-01 +1.5975e+00 -2.1445e+00 -5.2670e-01 +5.2738e-01 +2.9335e+00 -4.9852e-01
5466492 0 +1.243336761e+01 +4.941433676e+02 +4.941433676e+02 +2.3996e+00 -1.4009e+00 -1.6328e+00 +1.4744e+00 -2.1408e+00 -7.1766e-01 +6.9677e-01 -9.3722e-01 +6.3458e-01 +1.7891e+00 -2.6706e+00 -2.3112e+00 +7.3181e-01 +2.1869e+00 +1.2770e-01 -1.5153e+00 -1.0145e-01 +2.0334e+00 +2.5997e+00 -5.7421e-01
17028599 0 +1.216622039e+01 +4.938762204e+02 +4.938762204e+02 -1.1192e+00 -2.4446e+00 -2.6254e+00 +1.5689e+00 -1.7912e+00 +1.4317e+00 +1.8572e+00 +1.1742e+00 -5.2801e-01 +6.9622e-01 -2.4767e+00 -2.5012e+00 -5.3886e-01 +1.0245e+00 -1.7002e+00 -2.3359e+00 +6.5928e-01 -1.3891e+00 +1.8141e-01 +1.8499e+00
% f evaluations | g evaluations | best noise-free fitness - Fopt (-3.646000000000e+01) + sum g_i+ | measured fitness | best measured fitness or single-digit g-values | x1 | x2...
1 0 +3.794318513e+01 +1.483185126e+00 +1.483185126e+00 +2.6628e+00 -7.6731e-01 -4.9745e-01 +1.3060e+00 -9.8950e-01 +7.3659e-01 -2.3670e+00 -7.5741e-01 +5.5575e-01 +7.3819e-01 -1.5356e+00 -1.4696e+00 -2.0063e+00 +2.2631e+00 +1.9009e+00 +2.8677e+00 +7.3830e-01 +4.4251e-01 +9.0455e-01 -2.6814e+00
59 0 +3.450253129e+01 -1.957468711e+00 -1.957468711e+00 +6.3895e-01 -1.0156e-01 +1.7932e+00 -1.6382e+00 +1.0316e+00 -4.4995e-02 +9.0529e-01 -2.9111e+00 -1.0560e+00 +1.5114e+00 -2.6102e+00 +2.4555e-01 -1.0889e+00 -2.7608e-01 +2.1185e+00 -1.5428e+00 -4.5875e-01 -1.5596e+00 +7.6688e-01 +7.3055e-01
135 0 +3.347271103e+01 -2.987288966e+00 -2.987288966e+00 -7.2413e-01 -1.3443e+00 -6.0979e-01 -1.3590e+00 +5.9426e-01 +2.2087e-01 -5.6567e-02 -1.4934e-01 -6.2521e-01 -1.0972e+00 -2.4715e+00 -2.5450e+00 -1.9317e+00 -1.1686e+00 +2.0787e+00 -2.7994e+00 +2.1961e+00 -1.1597e+00 -8.3530e-01 -2.2346e+00
388 0 +3.014877234e+01 -6.311227662e+00 -6.311227662e+00 +2.0321e+00 -9.3890e-01 -2.1776e+00 +3.5815e-01 +5.7991e-01 +1.6139e+00 -4.0527e-02 +3.1883e-01 +1.1110e+00 +2.5887e+00 -2.5067e+00 -1.9910e+00 -2.3338e+00 -2.2246e+00 +1.0401e+00 -2.7623e+00 -2.0705e+00 +2.7300e+00 +1.6452e+00 +4.5775e-01
1321 0 +2.913016774e+01 -7.329832262e+00 -7.329832262e+00 -1.0576e-01 -1.5999e+00 +1.5955e+00 -7.5181e-01 +2.1374e+00 +1.0438e+00 -6.7228e-01 -2.7542e+00 +1.2773e-02 -2.4606e+00 -1.5074e-01 +8.1017e-01 -1.7529e+00 +1.4786e+00 +1.6356e+00 +2.3544e+00 -6.2090e-01 +5.7839e-01 -1.9791e+00 +1.8374e+00
3311 0 +2.743875131e+01 -9.021248687e+00 -9.021248687e+00 +2.4240e+00 +9.9667e-01 -5.1480e-01 -2.2571e+00 +1.2515e+00 +2.6245e+00 +6.5071e-03 +1.9831e-01 +9.3413e-01 -2.6770e+00 -2.8268e+00 -1.8209e+00 -2.7037e+00 +1.1105e-02 +2.1018e+00 -1.4768e+00 +6.1718e-01 +2.4465e+00 +3.2396e-01 +6.2202e-01
7540 0 +2.352163817e+01 -1.293836183e+01 -1.293836183e+01 +7.1218e-01 -1.0600e+00 -8.6846e-01 +2.1599e-01 +2.2267e+00 -1.2886e-01 -7.2749e-01 +2.3721e+00 -1.6831e+00 -2.1476e+00 +1.0245e+00 -7.6617e-01 -4.2762e-01 -4.6248e-01 +1.8041e+00 -1.1099e+00 +1.8101e-01 -1.5893e+00 +5.0555e-01 -2.6832e+00
9392 0 +2.162201041e+01 -1.483798959e+01 -1.483798959e+01 +1.6475e-01 -2.2011e+00 +2.1966e+00 -2.0030e+00 +2.0043e+00 +2.0113e+00 +2.7143e+00 +2.6399e+00 -3.9391e-01 +2.5773e-01 -1.4850e+00 +2.2236e+00 -9.0048e-01 -1.7587e+00 +1.9934e+00 +1.4228e-01 +6.8290e-01 -1.1442e+00 -7.6307e-01 +1.1732e+00
85794 0 +2.122090194e+01 -1.523909806e+01 -1.523909806e+01 +2.3310e+00 -3.5466e-01 +5.4372e-01 +2.4544e-01 +2.6029e+00 +2.4730e+00 +2.8290e-01 +2.8353e+00 +6.9263e-01 -2.7320e+00 -2.7336e+00 +1.1265e+00 -1.1118e+00 +8.8393e-01 +1.9099e+00 -1.5879e+00 -1.8444e+00 -2.7944e+00 +8.2684e-01 -1.5014e+00
186913 0 +1.956142649e+01 -1.689857351e+01 -1.689857351e+01 +2.8610e+00 -2.6068e+00 +2.2654e+00 +1.3418e-01 +7.9160e-01 +2.9344e+00 +2.0668e+00 +1.3721e+00 -1.2824e+00 -2.6423e+00 -2.4378e+00 -7.6962e-01 -1.4941e+00 +4.5636e-01 +2.1082e+00 -2.4639e+00 -4.8308e-01 -1.4871e+00 -1.9141e+00 -9.4718e-01
442009 0 +1.882491892e+01 -1.763508108e+01 -1.763508108e+01 +2.5264e+00 -1.7084e+00 -4.8820e-01 +1.0382e+00 +2.7802e+00 +5.6431e-02 +2.4975e+00 +1.2281e+00 -2.8607e+00 +2.3899e+00 -3.0259e-01 -1.0007e-01 -5.4392e-01 -7.4915e-01 +2.9041e+00 -7.7521e-01 -6.7347e-01 -8.6100e-02 -5.4651e-01 +1.5996e+00
1326177 0 +1.768696506e+01 -1.877303494e+01 -1.877303494e+01 +2.2091e+00 -2.2762e+00 +6.0860e-01 +8.3890e-01 +1.8569e+00 +1.0957e+00 -2.3675e-01 +1.5052e+00 +8.3240e-01 -2.5023e+00 -2.2991e+00 -2.8374e+00 -2.1189e+00 -1.3767e+00 +2.5799e+00 -2.0918e+00 -1.9928e+00 +7.1664e-01 -9.0673e-01 -1.5571e+00
3184054 0 +1.618993466e+01 -2.027006534e+01 -2.027006534e+01 +1.6106e+00 -1.9533e+00 -2.7617e+00 +4.5629e-01 +2.8841e+00 +2.8611e+00 -1.1879e+00 +2.1096e+00 -1.2124e+00 -2.5421e+00 -1.1494e+00 -1.7577e+00 +1.1633e+00 -1.7674e+00 +2.7583e+00 -1.1633e+00 -1.9964e+00 -1.7816e+00 -1.6126e+00 +1.4426e+00
12246951 0 +1.410965171e+01 -2.235034829e+01 -2.235034829e+01 +1.1268e+00 -2.4471e+00 -1.9479e+00 -2.1818e-02 +2.7972e+00 +4.4252e-01 +1.1117e+00 +2.2187e+00 -1.9452e+00 +1.5078e+00 -1.4464e+00 -1.1509e+00 -1.0065e+00 -1.5155e+00 +2.8450e+00 -2.6886e+00 -1.9135e+00 -9.0606e-01 -5.8153e-01 -2.0982e+00
% f evaluations | g evaluations | best noise-free fitness - Fopt (3.920000000000e+01) + sum g_i+ | measured fitness | best measured fitness or single-digit g-values | x1 | x2...
1 0 +4.609563366e+02 +5.001563366e+02 +5.001563366e+02 -2.7356e+00 -2.3497e+00 +1.9888e+00 -1.8802e+00 +2.4205e+00 +2.2379e+00 +1.0141e+00 -1.1809e+00 -2.8749e+00 +2.5642e+00 -1.8270e+00 +2.4026e+00 -1.8917e+00 -9.4930e-01 +3.8392e-01 +1.8474e+00 -2.2941e-01 +2.5845e+00 -2.1433e+00 -1.8570e-01
2 0 +1.486611281e+02 +1.878611281e+02 +1.878611281e+02 -6.2889e-01 +2.7428e-01 +1.2844e-01 -1.0576e+00 +7.5468e-02 +3.3479e-01 -1.6894e+00 +1.2446e+00 -4.9829e-01 +2.2223e+00 -1.7628e+00 -1.7810e+00 +2.5429e+00 -1.0677e+00 -1.7461e+00 -2.9482e+00 -2.4092e+00 -1.3755e+00 -5.6268e-01 -3.2479e-01
3 0 +1.043269751e+02 +1.435269751e+02 +1.435269751e+02 -2.4068e+00 -5.6333e-02 +9.9965e-01 +2.1559e+00 +2.3495e+00 -2.8860e+00 +4.4932e-01 +1.6721e+00 +2.4595e+00 -2.8995e+00 -2.0567e+00 +2.0548e+00 +5.5524e-01 -1.5616e+00 +2.2484e+00 -1.5770e+00 +1.1161e+00 -2.8247e+00 +1.7785e+00 -2.9724e+00
8 0 +8.374677983e+01 +1.229467798e+02 +1.229467798e+02 -1.1779e+00 +2.0866e+00 -1.5271e+00 +2.5788e+00 +1.7990e-01 -1.9658e+00 +1.4065e+00 +1.8997e+00 +1.1996e+00 -5.4647e-01 -4.0099e-01 -1.5484e+00 -2.1575e-01 -1.6875e+00 -9.6991e-01 +1.3790e+00 -1.1771e+00 -4.9686e-01 +2.6068e+00 +1.5093e+00
11 0 +8.012634338e+01 +1.193263434e+02 +1.193263434e+02 +3.6920e-01 +8.9905e-01 +8.1340e-01 -1.0187e+00 +8.4636e-01 -2.9277e-01 +1.7311e-01 +5.9837e-01 -9.6311e-01 +1.4155e+00 -1.5819e+00 -4.4336e-01 +2.7413e+00 -1.5881e+00 -2.6464e+00 -8.9499e-01 -2.1033e+00 -1.0588e+00 -7.2091e-01 -6.7671e-01
13 0 +7.351924191e+01 +1.127192419e+02 +1.127192419e+02 -8.4299e-01 +2.4216e+00 -1.7296e+00 +1.6095e+00 +2.4260e+00 -2.6461e+00 +2.6883e+00 +3.5509e-01 +2.5505e+00 +9.9560e-01 -1.5308e+00 +1.0612e+00 +5.0013e-01 -2.4473e+00 +6.8807e-01 -2.2384e+00 -1.2757e+00 +6.5387e-01 +1.4487e+00 -1.7686e+00
23 0 +4.802611212e+01 +8.722611212e+01 +8.722611212e+01 -1.0786e+00 +1.3580e+00 -2.0094e+00 +1.6878e+00 +5.5015e-01 -1.3303e+00 +9.4242e-01 -2.2806e+00 +2.9182e+00 -2.5704e+00 -1.6168e+00 -8.9689e-01 -2.1437e+00 +1.4336e+00 -1.3454e+00 +2.2246e+00 +1.8647e+00 +8.7338e-01 +8.4189e-01 -2.1276e+00
115 0 +3.751205112e+01 +7.671205112e+01 +7.671205112e+01 +2.2984e+00 +2.0433e+00 +2.8398e+00 -2.6260e+00 +1.7999e+00 -9.2406e-01 +9.2314e-01 -2.2654e+00 -2.7431e+00 -1.5159e+00 +1.2434e-02 -6.9661e-01 +1.8522e+00 +1.4914e+00 -2.1008e+00 +1.7236e+00 +2.7568e+00 +1.0439e+00 +2.2849e+00 -2.3231e+00
2814 0 +3.643801622e+01 +7.563801622e+01 +7.563801622e+01 +8.5190e-01 +8.1206e-01 +2.0402e+00 +2.6648e+00 +2.1091e+00 -6.2443e-01 +4.6026e-01 -2.6148e+00 +6.8551e-01 +1.8516e+00 +2.0660e+00 -1.0994e+00 -1.5480e+00 +1.2086e+00 -8.1112e-01 +2.4598e+00 +2.1780e+00 -1.1268e+00 +2.6608e+00 -2.1766e+00
3849 0 +2.948303856e+01 +6.868303856e+01 +6.868303856e+01 +1.0176e+00 +1.8250e-01 -6.5675e-02 +2.1786e+00 +1.2419e+00 -1.3183e+00 +6.6950e-01 -6.8878e-01 +1.8155e+00 +6.5878e-01 +4.8104e-01 +1.5805e+00 +1.8563e+00 +2.4693e+00 -2.4410e+00 -1.4499e+00 +1.1369e+00 -1.2404e+00 +1.8000e+00 -2.2119e+00
60009 0 +2.829655644e+01 +6.749655644e+01 +6.749655644e+01 +1.8245e+00 +1.5544e+00 -2.6871e+00 +2.4235e+00 +2.7003e+00 -1.9855e+00 +2.4042e+00 -1.8055e+00 +8.0646e-01 -1.0709e+00 -8.4400e-01 -2.0104e+00 +3.0834e-01 +2.7635e+00 +1.4516e+00 +1.3650e-01 +1.7286e+00 +6.5540e-01 -3.5022e-01 -2.5651e+00
67879 0 +2.658024632e+01 +6.578024632e+01 +6.578024632e+01 -3.1414e-01 +8.7902e-01 +1.8110e+00 +1.5082e+00 -3.2171e-01 +4.0735e-01 +2.9198e+00 -2.2587e+00 +6.0666e-06 -2.8143e+00 +1.5244e+00 -2.4093e+00 +2.4815e+00 +5.1827e-01 -1.5465e+00 +1.0135e+00 +2.0828e+00 +1.0230e+00 +1.3671e+00 -2.9629e+00
81946 0 +2.507550469e+01 +6.427550469e+01 +6.427550469e+01 +2.1859e+00 +1.9306e+00 +8.0567e-01 +2.2830e+00 +9.4299e-01 +1.5872e+00 -5.0840e-01 -1.5697e+00 +1.4997e+00 -2.2718e+00 -8.1243e-01 -2.8043e+00 +8.6354e-01 +1.8142e-01 -2.1309e+00 -1.0107e+00 +2.4926e+00 -2.8878e-01 +7.9055e-01 -1.8770e+00
551633 0 +2.393207488e+01 +6.313207488e+01 +6.313207488e+01 +2.9469e+00 +2.4239e+00 -2.9165e-01 +7.9515e-01 +1.0023e+00 +1.5028e+00 +1.8669e+00 -2.6689e+00 +1.1021e+00 -2.6327e+00 +1.9844e-01 -2.1386e+00 +1.6990e+00 +1.4995e+00 -1.1551e+00 +2.2980e+00 +1.5467e+00 +7.8717e-01 +1.0807e+00 -2.5419e+00
589379 0 +2.106946020e+01 +6.026946020e+01 +6.026946020e+01 +2.6766e+00 +1.8767e+00 +8.3993e-01 +1.2705e+00 +2.7886e+00 -1.3323e+00 +2.3377e+00 -1.1020e+00 -5.8061e-02 -1.3082e+00 -1.7385e+00 +9.2469e-01 +7.3052e-01 +1.7504e+00 -2.2998e+00 -2.6937e+00 +2.7461e+00 -8.6289e-01 +1.3497e+00 -1.3294e+00
5987846 0 +2.070751790e+01 +5.990751790e+01 +5.990751790e+01 +1.7979e+00 +1.4207e+00 +2.1022e+00 +1.9296e+00 +2.6305e+00 +1.0191e+00 +2.3787e+00 -6.4158e-01 +1.0016e+00 -5.0606e-01 -2.1286e+00 +1.0367e+00 +2.5694e+00 +2.1103e+00 -1.1686e+00 -1.9509e+00 +2.0796e+00 +1.1598e+00 +1.8403e+00 -2.8901e+00
9758678 0 +1.936435059e+01 +5.856435059e+01 +5.856435059e+01 +1.9695e+00 +2.3342e+00 -8.9570e-01 +1.1735e+00 +2.0965e+00 -2.1144e+00 +2.4007e+00 -7.8112e-01 +2.4253e+00 -1.8976e+00 -1.4765e+00 -1.1815e+00 -1.0570e+00 +2.6587e+00 -1.4855e+00 +2.3897e+00 +2.1518e+00 +1.0036e+00 +2.6748e+00 -2.5417e+00
11165954 0 +1.705973452e+01 +5.625973452e+01 +5.625973452e+01 +2.6726e+00 +1.0140e+00 +1.4777e+00 +1.3623e+00 +1.3912e+00 -6.6905e-01 +2.2089e+00 -2.7628e+00 +2.7344e+00 -1.7984e+00 -1.1254e+00 -6.3232e-01 +1.6512e+00 +2.8977e+00 +7.1795e-01 -3.6269e-01 +2.7446e+00 -1.6354e+00 +2.2941e+00 -2.8091e+00
% f evaluations | g evaluations | best noise-free fitness - Fopt (-3.225000000000e+01) + sum g_i+ | measured fitness | best measured fitness or single-digit g-values | x1 | x2...
1 0 +5.696076395e+02 +5.373576395e+02 +5.373576395e+02 +1.9534e+00 -2.1359e-01 +1.4650e+00 +1.2973e+00 +7.1672e-01 +4.2205e-02 -8.5435e-01 +2.9653e+00 +1.1807e+00 +2.8920e+00 -7.2844e-01 +8.9149e-01 -2.0238e-01 +2.1178e-01 +2.8337e+00 +1.8339e-01 -2.1311e+00 +2.5770e-01 -2.9905e+00 -8.2303e-01
2 0 +3.773699661e+02 +3.451199661e+02 +3.451199661e+02 -7.1501e-01 -9.4968e-01 +2.0047e+00 -2.3796e+00 -2.0271e+00 +1.2539e+00 -2.0667e+00 +1.1273e+00 -1.2455e+00 +1.9889e+00 -1.6587e+00 +2.0037e+00 -7.5816e-01 +8.5931e-01 +2.4879e+00 +1.1558e+00 -7.5040e-01 -1.9000e+00 -1.6828e+00 -2.9830e+00
3 0 +1.510647425e+02 +1.188147425e+02 +1.188147425e+02 +6.6963e-01 -9.1054e-01 +2.4504e+00 -1.4055e+00 +6.6842e-01 +1.8430e+00 -2.0717e+00 +2.5171e+00 -1.6081e+00 +7.1993e-01 +2.4556e+00 -1.8796e+00 +2.8859e+00 -2.7266e+00 +5.2892e-01 +2.0315e+00 +5.9660e-01 -1.2873e+00 -6.4613e-01 +2.0346e+00
10 0 +9.131219166e+01 +5.906219166e+01 +5.906219166e+01 +7.9077e-01 +8.7369e-01 -2.7854e+00 -1.7358e+00 -1.7789e+00 -1.7347e+00 +2.5205e+00 -1.8380e+00 -8.0722e-01 -1.1476e+00 +2.9913e-01 -8.1744e-01 +7.8684e-01 +5.1069e-01 -3.6267e-01 -2.0389e+00 -6.2765e-01 +2.9173e+00 +1.6647e+00 +2.9835e+00
20 0 +7.675718011e+01 +4.450718011e+01 +4.450718011e+01 +2.5401e+00 -2.5900e+00 -3.0474e-01 -2.1353e-01 -2.3934e+00 -1.9340e+00 -2.9596e-01 -2.4451e+00 +1.4676e+00 -1.7657e+00 +2.6875e-01 +2.7834e+00 +8.0583e-01 -1.4971e+00 -9.1594e-01 +7.5960e-01 +7.0582e-01 +1.1895e+00 -1.1076e+00 +1.5463e+00
31 0 +5.475570582e+01 +2.250570582e+01 +2.250570582e+01 +4.9161e-01 +7.6979e-01 -1.2221e+00 -1.4217e+00 +1.2194e+00 -1.7507e-01 -3.2836e-01 +1.9928e+00 +2.2492e-01 +1.4413e+00 -3.9732e-01 +1.8411e+00 -5.6173e-01 -1.6536e+00 -8.2190e-01 +2.1242e+00 -2.5533e+00 +2.4755e+00 -9.0173e-01 +1.3932e+00
179 0 +4.701888507e+01 +1.476888507e+01 +1.476888507e+01 +2.7834e+00 -1.7450e+00 -2.6172e+00 -1.4227e+00 -7.2929e-02 -2.7587e+00 +1.9455e+00 +2.1274e+00 +2.4713e+00 +2.2881e+00 +2.5697e+00 +2.7224e+00 +8.1437e-01 +2.7152e-01 -1.7481e+00 +4.3629e-01 -6.2587e-01 -2.3802e+00 +1.1683e+00 +4.7475e-02
2189 0 +4.543478718e+01 +1.318478718e+01 +1.318478718e+01 +1.8645e+00 -8.6686e-01 -5.4786e-01 -2.4599e+00 -5.1895e-01 -2.4374e+00 +1.9140e-01 +7.1233e-01 -4.4773e-01 -6.1663e-01 -4.6952e-01 +1.6988e+00 +2.6110e+00 +4.1463e-01 -1.7784e+00 +2.9113e+00 +2.0683e+00 +2.0956e+00 -1.4910e-01 +2.7778e+00
6396 0 +4.076644658e+01 +8.516446583e+00 +8.516446583e+00 +2.9212e+00 +1.3634e+00 +5.5224e-01 -2.6841e+00 +1.7600e+00 -1.3660e+00 -1.0042e+00 +6.8202e-01 -1.4534e+00 +2.3294e-01 +2.0267e+00 +8.6262e-01 +1.8979e-01 +1.0875e+00 -1.3874e+00 +2.8953e+00 +1.6824e+00 +2.2065e+00 +1.9770e+00 +9.8382e-01
9346 0 +3.854395789e+01 +6.293957886e+00 +6.293957886e+00 +1.7759e+00 -1.3711e+00 -1.9359e+00 +1.1500e+00 +1.0271e+00 -2.7722e+00 +2.3162e+00 +2.4329e+00 +1.0475e+00 +2.9583e+00 -3.9532e-01 +2.0143e+00 +2.2762e-01 -1.5490e+00 +2.4105e+00 +2.8819e+00 +2.1512e+00 +1.4753e+00 +2.8371e+00 +2.0291e+00
10548 0 +3.728163580e+01 +5.031635802e+00 +5.031635802e+00 +4.2761e-01 +2.0059e+00 -2.2988e+00 -2.1500e+00 +1.0032e+00 -2.7166e+00 +2.6537e+00 -5.5655e-01 +1.7505e+00 +1.8423e-01 +2.4436e+00 +6.3838e-01 +2.7613e+00 -2.0312e+00 +1.1033e+00 +1.9792e+00 +2.8384e+00 +2.9354e+00 -2.9191e+00 +2.2049e+00
11706 0 +3.668179086e+01 +4.431790860e+00 +4.431790860e+00 +2.9535e+00 +1.6756e+00 -1.3385e+00 -2.1216e+00 +1.8863e+00 -1.5436e+00 +2.0133e+00 +2.4659e+00 +2.9282e+00 +2.4071e+00 -1.2742e-01 +2.5137e+00 -1.6361e+00 +1.4104e+00 -2.7824e+00 -9.4882e-01 +1.6207e+00 -2.9561e-01 -1.3676e-01 +1.0083e+00
38373 0 +3.629233367e+01 +4.042333670e+00 +4.042333670e+00 +2.8676e-01 +2.5438e+00 -2.8548e+00 +5.4937e-03 -1.6613e+00 -2.2888e+00 -1.9462e+00 +2.3952e+00 +1.1561e+00 +2.9239e+00 +2.5982e+00 +2.2266e+00 -9.7277e-01 -2.6326e+00 -2.7983e+00 +2.7468e+00 +2.7278e+00 +7.1493e-01 +4.0124e-01 +2.9008e+00
83733 0 +3.479474724e+01 +2.544747243e+00 +2.544747243e+00 +2.4533e+00 +2.7516e+00 -1.4941e+00 -2.0631e+00 +2.2307e+00 -2.7843e+00 -1.5978e+00 +2.4673e+00 +8.0255e-01 +1.4831e+00 +1.1892e+00 +2.0240e+00 +8.8805e-01 -1.2798e+00 -1.3995e+00 +1.4531e+00 +1.2100e+00 +2.8197e+00 +2.6658e+00 -1.9307e+00
178079 0 +3.000948910e+01 -2.240510903e+00 -2.240510903e+00 +9.8652e-01 +2.7321e+00 -2.8219e+00 -2.8288e+00 +1.7188e+00 -1.3506e+00 +1.5340e+00 -1.4057e+00 +2.0886e+00 +2.4432e+00 -8.7499e-02 +2.7175e+00 +1.1779e+00 -1.5284e+00 -5.5071e-01 +2.8014e+00 +9.6337e-01 +2.7228e+00 +2.4006e+00 -1.6849e+00
420177 0 +2.631226189e+01 -5.937738108e+00 -5.937738108e+00 +2.3594e+00 -1.8318e-01 +9.5972e-01 -2.1534e+00 +2.1476e+00 -2.7112e+00 +9.9699e-01 +2.3001e+00 +2.6319e+00 +8.5782e-01 -8.3996e-01 +2.7618e+00 +4.7690e-01 +8.0512e-01 +1.8494e+00 +3.2426e-01 +2.2523e+00 +2.5381e+00 +2.8099e+00 +2.1429e+00
6072329 0 +2.508659195e+01 -7.163408049e+00 -7.163408049e+00 +2.8472e+00 +4.2217e-01 -2.3075e+00 -2.6515e+00 +7.1253e-01 -7.3975e-01 +1.7917e+00 +1.9693e+00 +1.8084e+00 +2.2259e+00 -7.3593e-01 +1.2576e+00 +1.3920e+00 -2.5959e+00 +1.4296e+00 +2.4741e+00 +1.3726e+00 +8.1835e-01 +2.8886e+00 -1.0331e+00
6558084 0 +2.314115736e+01 -9.108842637e+00 -9.108842637e+00 +2.1933e+00 +3.2983e-01 -1.8421e+00 -2.4013e+00 +2.4296e+00 -6.9912e-01 -1.4063e+00 +2.9056e+00 +2.7459e+00 +1.9479e+00 +9.2075e-01 +2.3452e+00 +7.2999e-01 -1.3774e+00 -2.7152e+00 +2.2694e+00 +1.2964e+00 +2.6525e+00 +1.6158e-01 +3.4778e-01
% f evaluations | g evaluations | best noise-free fitness - Fopt (3.681200000000e+02) + sum g_i+ | measured fitness | best measured fitness or single-digit g-values | x1 | x2...
1 0 +2.168400012e+02 +5.849600012e+02 +5.849600012e+02 +7.5050e-01 +2.9919e+00 -2.8099e+00 -1.7446e+00 -8.8789e-02 -1.2331e+00 +2.6600e+00 +1.3872e+00 -2.9380e+00 -1.0497e+00 +1.2746e+00 +2.9393e+00 +8.7940e-01 +3.5491e-01 -1.8392e+00 +2.4654e+00 +1.4830e+00 -7.0682e-01 +2.0862e+00 +1.0550e+00
3 0 +1.807356271e+02 +5.488556271e+02 +5.488556271e+02 -1.5486e+00 -1.0842e+00 -2.2556e+00 -8.7548e-01 -6.8907e-01 -1.0578e+00 +1.8791e+00 +2.4307e+00 -9.4752e-01 +1.5954e+00 +6.8526e-01 +1.7502e-01 +1.9845e+00 +5.4044e-01 -2.1213e+00 -1.3366e+00 +1.1993e+00 +1.9167e+00 -2.1478e+00 +4.9873e-01
5 0 +9.275197912e+01 +4.608719791e+02 +4.608719791e+02 -2.1115e+00 +2.5325e+00 +1.5261e+00 +2.3747e+00 +2.1760e-01 +1.5074e-01 -1.9557e+00 +4.4650e-02 -1.6372e+00 -2.9651e+00 +9.2621e-02 -1.8556e+00 -1.0591e+00 -1.8548e+00 -1.5977e+00 -3.2734e-01 +2.4074e+00 -7.3892e-01 +1.2477e+00 +1.7542e+00
6 0 +3.806963903e+01 +4.061896390e+02 +4.061896390e+02 +1.6798e+00 +1.7841e+00 -2.3933e+00 -2.5561e+00 -5.3447e-01 -2.7792e+00 -6.4485e-01 +2.4750e-02 +7.7680e-01 -1.8631e+00 -4.4723e-01 -9.3937e-01 +2.2653e+00 -1.4879e+00 +8.2555e-03 -2.2379e+00 +2.4709e+00 -1.5457e+00 -1.2655e-01 -1.4691e+00
13 0 +2.895593927e+01 +3.970759393e+02 +3.970759393e+02 -1.0344e+00 -2.4811e+00 +1.7476e+00 -1.8004e+00 +1.5903e+00 -1.7401e+00 +1.7249e-01 -1.2507e+00 -1.8272e+00 -1.2336e+00 +1.7807e+00 +9.3784e-01 -2.6254e+00 -2.4196e+00 +1.1134e+00 -1.1842e-01 +1.1460e+00 -2.8598e+00 -1.9768e+00 -1.0162e+00
15218 0 +2.733885833e+01 +3.954588583e+02 +3.954588583e+02 -2.0996e-01 -7.3765e-01 -2.8059e+00 -1.4094e+00 +3.1900e-01 -2.2943e+00 -4.7847e-01 -2.5398e+00 +2.3060e-01 +3.0511e-02 +9.9262e-01 +1.4311e+00 +2.5965e+00 -2.6679e+00 +1.1640e+00 -1.9690e+00 +2.9067e+00 -2.7866e+00 -1.8980e+00 +4.9442e-01
26223 0 +2.520291974e+01 +3.933229197e+02 +3.933229197e+02 +5.3434e-02 -1.1761e+00 +5.3185e-01 -1.4496e+00 +9.5719e-01 -1.0915e+00 -7.4746e-01 -2.9300e+00 -4.5888e-01 -2.7525e+00 -6.3636e-01 +2.7164e+00 -1.9009e+00 -2.3765e+00 -1.2993e+00 -1.7720e+00 -9.7550e-02 -2.9081e+00 -5.2897e-01 -2.5976e+00
93844 0 +2.456353324e+01 +3.926835332e+02 +3.926835332e+02 -1.2124e-01 -1.2361e+00 -2.9042e+00 -2.1991e+00 -2.2426e+00 -9.5580e-01 -2.9591e+00 -2.4001e+00 -1.1893e+00 -7.1459e-01 -1.2520e-01 +7.4198e-01 -2.5935e+00 -2.0329e+00 +2.9063e+00 -1.6045e+00 -3.2424e-01 -1.2269e+00 -1.7046e+00 -2.6064e+00
168034 0 +2.144712077e+01 +3.895671208e+02 +3.895671208e+02 -2.9885e+00 -2.2657e+00 +1.0503e+00 -4.7838e-01 -1.7321e+00 -1.2813e+00 -2.2577e+00 -1.2726e+00 -2.8425e+00 +3.9578e-01 +5.8197e-01 -8.9103e-01 -2.7407e+00 -1.8463e+00 +2.0883e+00 -2.1520e+00 +2.0838e+00 -2.4737e+00 -1.9877e+00 -1.3233e+00
265740 0 +2.107425543e+01 +3.891942554e+02 +3.891942554e+02 +1.2269e+00 -1.0846e+00 +5.9843e-01 -2.7530e+00 +1.1085e+00 -2.1343e+00 -2.4117e+00 -1.7887e+00 -8.4940e-01 -2.8067e+00 +1.0720e+00 +2.7051e+00 -1.3392e+00 -1.0103e+00 +2.1860e+00 -2.3002e+00 +2.7017e+00 -2.6628e+00 +1.5929e+00 +2.7272e+00
291826 0 +2.050584410e+01 +3.886258441e+02 +3.886258441e+02 +6.7499e-02 -1.5869e-01 -1.3261e+00 -2.5808e+00 -3.9887e-01 -2.2207e+00 -2.2899e+00 -1.4713e+00 -1.4595e+00 -1.8402e+00 -6.1715e-01 +2.0528e+00 +3.9252e-01 -4.1820e-01 +1.5289e+00 -2.4817e+00 +7.1204e-01 -2.5987e+00 -2.0481e+00 +1.3293e-01
345941 0 +1.815803722e+01 +3.862780372e+02 +3.862780372e+02 -2.9282e+00 +5.1853e-01 -6.0596e-03 +9.5138e-02 -7.1120e-01 +1.0348e+00 -2.5364e+00 -2.7462e+00 -2.9968e+00 -2.3350e+00 -6.2795e-01 +1.9038e+00 -1.1312e+00 -1.6109e+00 -8.0866e-01 -7.0695e-01 +1.2258e+00 -8.1538e-01 -4.6072e-01 -2.3756e+00
4578844 0 +1.758878526e+01 +3.857087853e+02 +3.857087853e+02 -1.4533e+00 +1.8519e+00 -1.1971e+00 -1.4089e-01 -9.4735e-01 -1.4430e+00 -2.0333e+00 -2.2786e+00 -2.7468e+00 -2.5223e+00 -2.2550e+00 +1.4071e+00 -9.2951e-01 -4.2653e-01 +1.3919e+00 -2.0260e+00 +2.8992e+00 -2.7596e+00 +3.1963e-01 -2.5382e+00
7698158 0 +1.664413074e+01 +3.847641307e+02 +3.847641307e+02 -2.8832e+00 -1.4870e-01 +7.0310e-01 -1.1378e+00 +6.0797e-01 -2.8574e+00 -1.6611e+00 -2.7810e+00 -2.9489e+00 -2.6756e+00 -1.2215e+00 +3.5556e-01 -2.5957e+00 -5.2270e-01 +2.5142e+00 -1.1880e+00 +1.2268e+00 -2.0262e+00 +1.4346e-01 -1.8038e+00
14527714 0 +1.429273760e+01 +3.824127376e+02 +3.824127376e+02 -2.0289e+00 -1.3475e+00 -1.9440e+00 -1.8535e+00 -1.9103e+00 -1.9925e+00 -2.0324e+00 -1.6885e+00 -2.4886e+00 -1.9108e+00 -4.7180e-01 +1.3661e+00 -2.5299e+00 -5.7888e-01 +1.5107e+00 -1.1349e+00 +1.7329e+00 -2.2940e+00 -7.0051e-01 -2.0356e+00
% f evaluations | g evaluations | best noise-free fitness - Fopt (4.739000000000e+01) + sum g_i+ | measured fitness | best measured fitness or single-digit g-values | x1 | x2...
1 0 +6.155375460e+01 +1.089437546e+02 +1.089437546e+02 -5.4609e-02 +2.8893e+00 +4.9775e-01 -2.3433e+00 +1.7032e+00 +1.6023e+00 -1.2911e+00 +4.9266e-01 +4.3184e-01 -3.4694e-02 -1.2596e+00 -2.3153e+00 -1.0553e+00 +2.1077e+00 +1.8908e+00 +5.2787e-01 -1.6897e+00 +2.8913e+00 -2.9618e+00 +1.0577e+00
16 0 +5.837857066e+01 +1.057685707e+02 +1.057685707e+02 +6.4124e-01 +2.1973e+00 -1.0437e+00 -1.4213e+00 +8.8401e-01 -1.2029e+00 -2.0267e+00 +1.4781e+00 +3.2796e-01 -4.9572e-01 +2.5990e+00 +9.2818e-02 -2.8176e+00 +1.7708e+00 +2.8630e+00 +1.8196e+00 -2.5186e+00 -3.0766e-01 -2.1469e+00 +2.6524e+00
30 0 +4.621782731e+01 +9.360782731e+01 +9.360782731e+01 +9.0303e-01 +1.2127e+00 -1.2807e+00 -1.8397e+00 -2.1213e+00 -7.3666e-01 +2.6356e+00 +2.6763e-01 -8.1011e-01 -4.6852e-01 -5.3008e-01 -1.7706e+00 +1.8542e+00 -1.0975e-01 +2.2479e+00 -2.4586e+00 +2.5251e-01 -2.2952e+00 +1.6558e+00 -1.4520e+00
149 0 +3.990016275e+01 +8.729016275e+01 +8.729016275e+01 +1.2369e+00 +1.3809e+00 +8.5150e-01 -1.8622e+00 -8.0189e-01 +1.6588e+00 +4.8160e-02 +2.1507e+00 -1.2257e+00 -1.4224e+00 +2.0475e-01 +3.6668e-01 -2.9884e-02 +3.3731e-01 -1.3778e+00 -1.9113e+00 -2.3847e+00 +1.4778e+00 +6.1590e-01 +2.8325e+00
192 0 +3.824637050e+01 +8.563637050e+01 +8.563637050e+01 +1.8150e+00 +1.3461e+00 -2.2511e+00 +2.3607e-01 +2.9301e+00 -1.8083e+00 +2.8747e-01 -1.4100e+00 -2.9206e+00 +6.7191e-02 -1.6278e+00 -1.5899e+00 +1.2410e+00 -1.8189e+00 +1.8623e+00 -2.8535e+00 -7.3641e-01 +1.9044e+00 +1.9656e+00 +2.5432e+00
253 0 +3.767787114e+01 +8.506787114e+01 +8.506787114e+01 -1.6032e+00 +9.6698e-01 -1.7728e+00 +1.0688e+00 +2.2272e+00 -4.6423e-01 -1.5854e+00 +1.1562e+00 -2.8506e+00 -2.9538e+00 +9.1255e-01 +8.1099e-01 -3.1708e-01 -2.0014e+00 +2.5625e+00 +1.0117e+00 -1.5148e+00 -1.5085e+00 +9.6695e-01 -1.4905e+00
372 0 +3.065300475e+01 +7.804300475e+01 +7.804300475e+01 +1.4521e+00 +1.2037e+00 -2.1546e+00 -3.7022e-01 +1.3559e+00 +8.1521e-01 +2.0388e+00 +2.1585e+00 -1.8031e+00 -7.7254e-01 +1.5320e+00 -1.7497e+00 -2.1068e+00 -1.2853e+00 -2.5168e+00 -1.2076e+00 -2.6671e+00 -1.7556e+00 +8.6702e-02 -1.0476e+00
777 0 +2.855039825e+01 +7.594039825e+01 +7.594039825e+01 -3.3995e-01 -1.6786e-01 -1.7166e-01 -2.9194e+00 -8.2643e-01 +1.6879e+00 -2.0065e+00 +1.7963e+00 -3.0197e-01 -2.5944e+00 +2.4498e+00 +9.1081e-01 +1.3314e+00 -2.3540e+00 -9.5187e-01 -1.7004e+00 -2.6848e+00 +1.6958e+00 +2.6408e+00 +1.1210e+00
2085 0 +2.681076884e+01 +7.420076884e+01 +7.420076884e+01 +2.1357e+00 +1.7447e+00 -6.0037e-01 -1.4996e+00 +3.3387e-01 -8.0481e-01 -1.1464e+00 +2.8284e+00 -1.5453e+00 +1.1308e+00 +2.0943e+00 -2.2346e+00 +2.3981e+00 -2.5502e+00 -8.8777e-01 -2.3186e-01 -2.3578e+00 -2.6306e+00 -1.0589e+00 +3.1077e-01
3606 0 +2.116323846e+01 +6.855323846e+01 +6.855323846e+01 -1.1687e+00 +1.6087e+00 -2.4936e+00 -3.1204e-01 +2.6292e-01 +2.2771e-01 -2.2384e+00 +1.2397e+00 -1.9687e+00 -8.4598e-01 +1.0688e+00 -1.9528e+00 +7.1369e-01 -1.3906e+00 -2.4606e+00 -2.6013e+00 -2.4567e+00 -4.7150e-02 -4.1872e-01 +1.0614e+00
477982 0 +1.860577010e+01 +6.599577010e+01 +6.599577010e+01 +2.0578e+00 +9.3222e-01 -1.7643e+00 -5.2413e-01 +2.4418e+00 +1.4127e+00 +2.5103e+00 +2.5335e+00 -2.6306e+00 -4.3477e-01 -1.0323e+00 -1.3374e+00 +1.8518e-01 -2.8059e+00 -5.4167e-01 +3.4532e-01 -6.2078e-01 +1.9052e+00 +1.1159e+00 -2.5935e+00
866864 0 +1.654773964e+01 +6.393773964e+01 +6.393773964e+01 -2.9611e+00 +2.6826e+00 -2.0546e-01 -2.8055e+00 +2.4870e+00 +2.5879e+00 -6.1557e-01 +2.1155e+00 -9.4576e-01 -9.1021e-01 +8.3793e-01 -2.3625e+00 +8.0650e-01 -2.6271e+00 +4.8910e-01 -1.2899e+00 +2.3361e-01 -3.7478e-01 -4.0581e-01 -1.9462e-01
9330745 0 +1.595039399e+01 +6.334039399e+01 +6.334039399e+01 +2.4432e-01 +1.3824e+00 -1.8737e-01 +1.1742e+00 +1.8638e+00 +1.7761e+00 -1.1068e-01 +2.7196e+00 -1.4370e-01 -2.7308e+00 +1.2406e+00 -1.6097e+00 +2.7661e+00 -1.5282e+00 +6.4238e-01 -1.6233e+00 -2.9008e+00 -1.1405e+00 -2.4781e+00 -2.8920e+00
% f evaluations | g evaluations | best noise-free fitness - Fopt (-3.428900000000e+02) + sum g_i+ | measured fitness | best measured fitness or single-digit g-values | x1 | x2...
1 0 +1.105844511e+02 -2.323055489e+02 -2.323055489e+02 -8.6955e-01 +4.9348e-01 +4.8802e-01 +2.3714e+00 -1.2932e+00 +2.1529e+00 +2.4529e-01 +5.2758e-01 -6.9458e-01 +2.5518e+00 +1.6153e-02 -2.2516e+00 -1.9056e+00 +1.8653e+00 -1.1773e+00 -1.1666e+00 -2.0953e+00 -9.5989e-01 +1.5264e+00 -1.6855e-01
4 0 +5.742153907e+01 -2.854684609e+02 -2.854684609e+02 +2.3875e+00 -6.7673e-01 +4.7350e-01 -3.3743e-01 -1.4224e+00 -4.2298e-01 -2.4514e+00 +2.5200e+00 +2.7637e+00 +2.1863e-01 +1.1586e+00 +1.3011e+00 +1.4660e+00 -2.6521e+00 +1.7743e+00 -1.7977e+00 +1.6844e-02 -1.4935e+00 +1.0878e+00 +2.1459e+00
12 0 +4.915154706e+01 -2.937384529e+02 -2.937384529e+02 +1.1942e+00 +2.2591e+00 -6.7519e-01 -1.1510e+00 -1.1144e+00 -2.9294e+00 +2.6203e+00 +1.0826e+00 -9.2092e-01 +2.3769e+00 -2.5353e+00 +1.8491e+00 -1.9547e+00 +8.9259e-01 -2.5963e-01 +1.7764e+00 +7.9536e-01 -3.0366e-01 -1.1807e+00 +1.9770e+00
60 0 +4.774512928e+01 -2.951448707e+02 -2.951448707e+02 -1.4326e+00 -2.5485e+00 +1.8535e+00 -1.2176e+00 +1.5984e-01 +1.6733e+00 +2.5717e-01 +1.3197e+00 -6.7953e-01 -2.3689e+00 +2.3375e+00 +2.1847e+00 +3.2349e-02 +1.5813e+00 +1.1400e+00 +2.6272e+00 -1.0856e+00 -1.6594e+00 -1.9860e+00 +1.1992e+00
256 0 +4.630830031e+01 -2.965816997e+02 -2.965816997e+02 +3.3594e-01 -1.6862e+00 +2.2089e-01 -6.0734e-02 -1.8360e+00 -2.9388e+00 -6.8838e-01 +2.6363e-02 -1.1575e+00 -4.9968e-01 +6.6636e-02 -6.5743e-01 +7.3415e-01 -2.0593e+00 -1.0346e-01 +2.0251e+00 +2.5176e+00 -7.2646e-01 -3.3842e-01 -2.8609e+00
264 0 +4.101153036e+01 -3.018784696e+02 -3.018784696e+02 +1.3191e+00 -2.9891e+00 +2.1113e+00 -1.7985e+00 -2.9516e+00 -2.0031e+00 +8.5542e-01 -1.9943e+00 -6.2794e-02 +1.9013e+00 -2.5267e+00 -1.5432e-01 +2.2948e+00 -2.7321e+00 -2.9147e+00 +2.8918e+00 +1.5764e+00 +6.0408e-01 -8.9836e-01 +1.6912e+00
289 0 +4.023528540e+01 -3.026547146e+02 -3.026547146e+02 +1.8721e+00 -1.7465e+00 +2.6888e+00 -1.0728e+00 +1.6459e+00 -1.3277e+00 -1.0106e+00 +2.3655e+00 +7.3010e-01 -5.4201e-01 -7.8280e-01 +2.0351e+00 +1.2066e+00 +7.0993e-01 -3.8185e-01 +1.7596e+00 -2.2146e+00 -2.1943e+00 -2.8527e+00 +7.4015e-01
396 0 +3.823886430e+01 -3.046511357e+02 -3.046511357e+02 -1.0041e+00 -2.3095e+00 +7.8068e-01 -2.1122e+00 +2.3523e+00 -8.8225e-01 +2.8041e+00 +7.1353e-01 -2.4497e+00 +1.8051e+00 +1.9052e+00 +2.5537e+00 +8.0831e-01 +2.8257e+00 -2.1912e+00 -1.2798e+00 +1.0104e+00 -2.2139e+00 -4.9281e-01 +2.0067e+00
500 0 +3.729652825e+01 -3.055934718e+02 -3.055934718e+02 -2.7984e+00 -2.4626e+00 +1.9644e-01 +9.0660e-02 +7.9794e-01 -6.6137e-01 +9.7776e-01 +2.6187e+00 -8.2726e-01 +5.6748e-02 -1.3326e+00 -8.9433e-02 +1.0998e+00 +9.7776e-01 -7.9573e-02 -2.8234e-02 +1.7539e+00 -2.3182e+00 -2.5868e+00 +1.0707e+00
1045 0 +3.675925481e+01 -3.061307452e+02 -3.061307452e+02 +1.1889e+00 -2.0987e+00 +1.1903e+00 -1.2223e+00 +5.6705e-01 -1.2186e-01 +1.7221e-01 +7.4167e-01 +3.3576e-01 -5.1764e-01 -5.1899e-01 +2.5063e+00 +2.1536e-01 -1.9059e+00 +2.3155e+00 +1.2046e+00 +2.2641e+00 -1.0459e+00 -1.6511e+00 +3.7973e-01
1889 0 +3.437374071e+01 -3.085162593e+02 -3.085162593e+02 +6.0821e-01 -2.7920e+00 +8.8229e-01 -1.8649e+00 -2.8881e+00 -2.1946e-02 +1.2782e+00 -1.6331e+00 +1.6151e+00 -2.3703e+00 +1.1724e+00 +2.5494e+00 -1.6580e+00 -8.9473e-01 -1.9150e+00 +1.4917e+00 +1.7073e+00 -6.6810e-01 -2.3261e+00 +2.0431e+00
2031 0 +3.268540293e+01 -3.102045971e+02 -3.102045971e+02 +2.7908e+00 -2.0441e+00 +9.7625e-01 -2.4127e+00 -5.5127e-01 -1.7584e+00 +1.5411e-01 +8.5163e-01 +9.7092e-01 +1.4074e+00 -1.7882e+00 +3.6066e-01 +1.1934e+00 +1.4570e-01 -2.6419e+00 +2.3028e-01 +1.4254e+00 -1.8092e+00 +1.7131e+00 -5.4614e-03
2587 0 +2.951867767e+01 -3.133713223e+02 -3.133713223e+02 +2.1138e+00 -2.9271e+00 +2.8612e+00 -6.8355e-01 -2.0941e+00 +2.7049e-01 -5.6652e-01 +8.2976e-01 +4.8072e-01 -4.2785e-02 +2.1830e+00 -4.7679e-01 +1.3490e+00 +1.7675e+00 -2.1898e+00 +1.0260e+00 +2.7670e+00 -1.2709e+00 -1.5544e+00 +1.6648e+00
16988 0 +2.930654707e+01 -3.135834529e+02 -3.135834529e+02 -6.4556e-01 -1.6258e+00 +2.8555e+00 -2.7383e+00 -1.8224e+00 -1.1423e+00 +9.7579e-01 -1.4245e+00 +2.9601e+00 -2.8354e+00 +1.1984e+00 +2.6239e+00 +2.1310e+00 -1.1559e+00 -2.2414e+00 +6.9834e-01 -1.2410e+00 -2.3132e-01 +4.4682e-01 +2.3433e+00
28599 0 +2.843286537e+01 -3.144571346e+02 -3.144571346e+02 +2.9737e+00 -4.4671e-01 +1.6261e+00 -2.5441e+00 -1.4452e+00 -2.4759e+00 -7.2273e-01 +1.7605e-01 -1.7797e+00 +2.4774e+00 +1.1260e+00 +1.8983e+00 -1.4403e+00 -1.6441e+00 +1.7265e+00 +3.0979e-01 -9.4542e-01 +2.0127e+00 -2.8656e+00 +2.4248e+00
29462 0 +2.690186131e+01 -3.159881387e+02 -3.159881387e+02 -1.2947e+00 -2.1603e+00 +2.5943e+00 -1.3733e+00 -1.3075e+00 -1.7792e+00 -1.4748e+00 +1.9348e+00 +9.0545e-01 +2.3390e+00 +2.3052e+00 +2.6126e+00 +1.8720e+00 +4.4661e-01 +1.2038e+00 +2.6606e+00 +1.1183e+00 -8.5725e-01 -2.0009e+00 +2.5644e+00
74139 0 +2.350720797e+01 -3.193827920e+02 -3.193827920e+02 +1.3770e+00 -2.7410e+00 +1.6163e+00 -9.6869e-01 +4.4788e-02 -1.7510e+00 +8.9132e-01 -1.0923e+00 +2.2682e+00 -5.7578e-01 +8.3692e-01 +2.4626e+00 +3.6601e-01 +7.0317e-01 +5.7603e-01 +1.2213e+00 -7.4920e-01 +6.9969e-01 -2.3929e+00 +2.1311e+00
86188 0 +2.277604110e+01 -3.201139589e+02 -3.201139589e+02 -8.0417e-01 -2.7263e+00 +7.9431e-01 -2.7722e+00 -1.4673e+00 -2.3068e+00 +1.8332e-01 +1.4038e+00 +2.9792e+00 -1.9706e-01 +9.3912e-01 +2.2040e+00 +2.9164e+00 -2.1276e-01 -1.2666e+00 +2.1118e+00 +2.3521e+00 -1.5896e+00 -2.4835e+00 +2.8340e+00
160623 0 +2.205912217e+01 -3.208308778e+02 -3.208308778e+02 +5.2935e-01 -2.5233e+00 +1.7371e+00 -2.9944e+00 -6.2507e-01 -1.7608e+00 -1.9484e+00 +2.6362e+00 +5.9780e-01 +1.7153e+00 +7.2565e-01 +1.3223e+00 +2.7420e+00 -1.2326e+00 +1.7760e-01 +1.5034e+00 +8.5862e-01 -8.9406e-01 -6.7398e-01 +2.1585e+00
305305 0 +2.086665600e+01 -3.220233440e+02 -3.220233440e+02 +2.7200e+00 -2.1177e+00 +9.3020e-01 -1.3914e+00 -8.3130e-01 -2.9759e+00 +5.9867e-01 +1.1273e+00 +1.0466e+00 +1.2676e+00 +1.2078e-01 +1.8835e+00 +1.3924e+00 +4.8995e-01 -5.6924e-01 +1.0857e+00 +5.1278e-01 +2.3489e-01 -2.8895e+00 +2.0037e+00
352270 0 +1.838142805e+01 -3.245085720e+02 -3.245085720e+02 -2.0483e+00 -2.8609e+00 +2.3143e+00 -6.4695e-01 -3.6263e-01 -2.4905e+00 +2.7930e-01 -2.2483e+00 +2.6502e+00 +9.9252e-01 -7.8055e-01 +2.3613e+00 +2.2837e+00 +2.5650e+00 +2.3033e+00 +1.4732e+00 +1.4512e+00 -1.9758e+00 -8.5433e-01 +1.1615e+00
1238678 0 +1.632429308e+01 -3.265657069e+02 -3.265657069e+02 +2.0063e+00 -1.7095e+00 +2.3142e+00 -2.4332e+00 -1.7847e+00 -1.9342e+00 -7.7119e-01 +2.2744e+00 +1.9852e+00 +1.7970e+00 -1.1929e+00 +2.7789e+00 +2.4257e-01 -1.0038e+00 -9.5388e-01 +2.8990e+00 -3.1260e-01 -8.4818e-01 -1.9455e+00 +1.4760e+00
4655428 0 +1.486470690e+01 -3.280252931e+02 -3.280252931e+02 +1.5546e+00 -2.9708e+00 +2.1580e+00 -2.9069e+00 -1.3348e+00 -2.3446e+00 -2.6388e+00 +3.6374e-01 +1.9810e+00 -7.1761e-01 -6.7899e-01 +2.4194e+00 +1.2698e+00 -1.2231e+00 -1.7952e-01 +2.1674e+00 +9.8277e-01 -3.5244e-01 -2.3194e+00 +1.6523e+00
13508469 0 +1.337747272e+01 -3.295125273e+02 -3.295125273e+02 +9.5914e-01 -2.5272e+00 +2.7517e+00 -1.1437e+00 -2.6641e+00 -2.6780e+00 -3.8076e-01 +9.7131e-01 +1.7464e+00 +1.9723e-01 -9.2082e-01 +2.9706e+00 +2.6404e+00 -2.6189e+00 -5.4370e-01 +2.5843e+00 +3.5815e-01 -2.3820e+00 -2.0881e+00 +1.7015e+00
% f evaluations | g evaluations | best noise-free fitness - Fopt (9.102000000000e+01) + sum g_i+ | measured fitness | best measured fitness or single-digit g-values | x1 | x2...
1 0 +8.308991196e+01 +1.741099120e+02 +1.741099120e+02 -2.1526e+00 -2.5322e+00 -1.5710e+00 -1.4080e+00 -4.5591e-01 +1.3697e+00 +2.7683e+00 -2.0976e+00 -1.4655e+00 +9.8394e-01 +1.9451e+00 +9.9346e-01 +2.9266e+00 +2.6682e+00 -1.3855e+00 +2.8822e+00 +8.5988e-02 +1.0247e+00 +1.8285e+00 +2.8132e+00
4 0 +5.771649821e+01 +1.487364982e+02 +1.487364982e+02 -2.9984e+00 -1.9814e+00 -1.6874e+00 -2.9088e+00 -1.1118e+00 +7.7299e-01 -1.3318e+00 -2.6654e+00 -4.4465e-01 +2.9938e+00 +2.1133e+00 -6.4105e-01 +2.2129e+00 +2.8945e+00 -2.4764e+00 +2.8319e+00 +1.8074e+00 +2.9002e+00 -5.7719e-01 -8.0266e-02
60 0 +4.978575715e+01 +1.408057571e+02 +1.408057571e+02 +2.0578e+00 -2.5921e+00 +2.2378e-01 -1.8967e+00 -1.0640e+00 +2.0236e+00 -2.9435e+00 -2.5409e+00 +1.4038e+00 -1.9924e+00 -4.4131e-01 +2.5850e+00 -1.6831e+00 -2.7717e+00 -2.3248e+00 -5.4012e-01 -5.3148e-01 +2.6036e+00 -4.8541e-01 +2.0806e+00
61 0 +4.855416798e+01 +1.395741680e+02 +1.395741680e+02 -1.5943e+00 -2.7319e+00 -1.9636e+00 -2.2934e-02 +2.7511e+00 +3.4136e-01 +2.5608e+00 +2.1624e+00 +8.0895e-01 -1.1476e+00 +1.7619e+00 -4.3372e-01 +1.5134e+00 -1.8289e+00 +1.7459e+00 -7.7586e-01 -9.9792e-01 +2.6967e+00 -8.1571e-01 +2.5301e+00
88 0 +4.655598607e+01 +1.375759861e+02 +1.375759861e+02 +1.3913e-01 -3.4283e-02 +1.1812e+00 +3.4230e-01 -7.0977e-01 -2.3156e-01 -2.0534e+00 -1.6650e+00 -1.0580e+00 -5.2395e-01 +1.3306e+00 +9.5472e-01 +2.9815e+00 -1.6066e+00 +1.4699e+00 -6.4115e-01 +5.5951e-01 -2.0038e+00 -2.8871e+00 +2.6910e+00
209 0 +3.463002449e+01 +1.256500245e+02 +1.256500245e+02 +1.0860e+00 -1.8465e+00 +1.0476e+00 -2.6519e+00 -1.1625e+00 -1.9075e+00 -6.9812e-01 -2.8648e+00 -2.3764e+00 -2.5397e+00 +2.8725e+00 +4.2690e-01 +2.2541e+00 +6.9538e-01 -2.2152e+00 +1.7970e+00 -1.6840e+00 +2.5779e+00 +1.1511e+00 +2.2166e+00
333 0 +3.156942786e+01 +1.225894279e+02 +1.225894279e+02 +9.5694e-01 -2.0259e-01 -1.6086e-01 -1.1466e+00 +9.5826e-01 -3.1874e-01 +6.4991e-01 +2.8986e-01 +2.4756e-01 -1.1896e+00 +1.8681e+00 +2.2359e-01 +1.5180e+00 -2.5097e+00 +7.7117e-01 -2.2461e-01 +7.5417e-01 +2.6594e+00 +2.0373e+00 +2.2099e+00
4207 0 +3.055616014e+01 +1.215761601e+02 +1.215761601e+02 +9.1190e-01 -2.2563e-01 +2.9569e+00 -2.3550e+00 -1.9608e-01 -3.2754e-02 +2.7939e-01 +2.0498e+00 +7.0052e-01 -2.6835e+00 -2.2069e+00 +7.8987e-01 +2.0657e+00 -2.4587e+00 +4.0999e-01 +2.7607e-01 +1.9008e+00 +2.5862e+00 -2.1368e+00 +2.9793e+00
7126 0 +2.904923303e+01 +1.200692330e+02 +1.200692330e+02 -5.9570e-01 -2.4937e-01 +2.5129e+00 -3.9842e-01 +1.5014e+00 -8.2640e-01 -1.0260e+00 -1.6493e-01 +2.9827e-02 +1.6785e+00 +4.5277e-01 -1.8596e+00 +1.3341e+00 +2.1145e-01 -1.4123e+00 +1.7208e+00 +2.2248e+00 +2.6821e+00 +2.6720e-01 +2.4444e+00
9861 0 +2.565970302e+01 +1.166797030e+02 +1.166797030e+02 +2.4865e+00 -2.2739e+00 +2.8271e+00 +2.3186e-01 -2.2271e-01 -2.4910e+00 -2.6018e+00 +3.4857e-01 -1.8574e+00 -4.0999e-01 +1.9234e+00 +2.9893e+00 +2.4132e+00 -2.9384e+00 +8.1652e-01 -1.4545e+00 -4.8020e-02 +2.5725e+00 +9.6315e-01 +2.9772e+00
98575 0 +2.421441592e+01 +1.152344159e+02 +1.152344159e+02 +1.2973e+00 -2.7061e+00 +1.7052e+00 -1.6377e+00 -1.5591e-01 +1.2205e+00 -2.2919e+00 -1.9642e+00 +6.0804e-01 -8.0855e-01 -5.7377e-01 -3.9098e-01 +8.7461e-01 -3.6379e-02 -1.5403e+00 -2.3160e-01 +8.6665e-01 +2.6374e+00 +2.2551e+00 +1.5192e+00
263972 0 +2.291116960e+01 +1.139311696e+02 +1.139311696e+02 +3.2524e-01 -1.9070e+00 +2.2706e+00 -2.4339e+00 -1.8984e+00 +7.1554e-01 +9.9971e-01 +1.8608e+00 +1.0449e+00 -1.3822e+00 +2.4842e+00 +2.5260e-01 +2.9151e+00 -9.9355e-01 -1.8935e+00 +2.4324e+00 +1.7054e+00 +2.5776e+00 +8.3547e-01 +9.5985e-01
533734 0 +2.269063434e+01 +1.137106343e+02 +1.137106343e+02 +2.2116e+00 -3.8953e-01 +2.5591e+00 -2.6893e+00 -2.8340e+00 +1.8199e+00 -1.3067e+00 -2.7889e-01 +1.7654e+00 -2.4006e-01 +2.7844e+00 +8.4167e-01 +2.6584e+00 +1.3048e+00 -8.6277e-01 +1.9639e-01 -8.8241e-01 +2.7158e+00 +3.2070e-02 +5.3552e-01
763411 0 +2.145456399e+01 +1.124745640e+02 +1.124745640e+02 +2.6477e+00 -1.4668e+00 +2.9210e+00 -1.0381e+00 -2.1891e+00 +1.0904e+00 -8.0361e-01 -2.8033e+00 +7.0277e-01 +7.5801e-02 +2.0821e+00 +2.7761e+00 +2.3902e+00 +3.5395e-01 -2.0438e+00 +6.2171e-01 +1.1351e+00 +2.0598e+00 -9.9497e-02 +2.8602e+00
972538 0 +1.819281204e+01 +1.092128120e+02 +1.092128120e+02 -3.6125e-01 -1.3807e+00 +4.0765e-01 -1.8652e+00 +1.9294e+00 +7.8252e-01 -1.5583e+00 -1.3445e+00 +9.7448e-01 +2.4181e+00 +7.8415e-01 +9.2213e-01 +2.6631e+00 -1.9943e+00 -2.8067e+00 -7.1611e-01 +6.4576e-01 +1.2153e+00 -1.7570e-01 +2.5694e+00
12173233 0 +1.714384480e+01 +1.081638448e+02 +1.081638448e+02 +1.3464e+00 -1.4872e-01 +1.9760e+00 -1.9821e+00 +1.0896e+00 +1.3084e-01 -1.5578e+00 +5.0015e-01 -1.0558e+00 -4.4617e-03 +2.5377e+00 +2.4415e+00 +2.3231e+00 -9.0342e-01 -2.5180e+00 -2.0105e-01 +1.7127e+00 +1.1506e+00 +2.7634e+00 +3.3268e-01
16854972 0 +1.662110497e+01 +1.076411050e+02 +1.076411050e+02 -2.5373e+00 -7.7180e-01 +2.9992e+00 -2.9712e+00 -2.5387e+00 -8.9767e-01 -1.8958e+00 -1.5855e-01 -1.1187e+00 -1.5817e+00 +2.8169e+00 +1.6977e+00 +2.8630e+00 -2.3559e-02 -2.7570e+00 +4.0198e-01 +2.8483e+00 +2.6873e+00 +2.2980e+00 +9.9358e-01
% f evaluations | g evaluations | best noise-free fitness - Fopt (7.324200000000e+02) + sum g_i+ | measured fitness | best measured fitness or single-digit g-values | x1 | x2...
1 0 +5.018616815e+01 +7.826061681e+02 +7.826061681e+02 -1.8801e+00 -2.2270e+00 +2.2514e+00 -2.7303e-02 -1.1121e+00 +1.3094e-01 +1.8241e+00 +2.2247e+00 -2.3788e+00 -9.4394e-01 -1.2412e-02 -8.1935e-01 +1.2145e+00 +5.2340e-01 +2.7376e+00 -1.0275e+00 -1.3521e+00 -9.8349e-01 -1.1374e+00 +6.7582e-01
3 0 +4.128846625e+01 +7.737084662e+02 +7.737084662e+02 +1.8823e+00 +2.9023e+00 -7.0946e-02 +1.2478e+00 -1.4039e+00 -2.0918e+00 +9.2870e-01 +1.9958e+00 +9.0319e-01 -1.8126e+00 +1.3930e+00 +4.2800e-01 +9.6314e-01 -3.1763e-01 +1.0994e+00 +2.5455e+00 -2.8202e-01 -2.1220e+00 -1.4294e+00 -6.8269e-02
148 0 +3.923932665e+01 +7.716593267e+02 +7.716593267e+02 +9.0674e-01 +1.7959e-01 -1.2951e-01 -1.9976e+00 -1.1522e-01 +4.8556e-01 -2.2500e-01 -5.9553e-01 -1.7290e+00 -2.6148e+00 +5.7735e-02 -2.8698e+00 -2.1320e+00 +2.1778e+00 +1.5747e+00 +2.2094e+00 -1.3929e+00 -2.5834e+00 -2.1941e+00 -1.6367e+00
153 0 +3.828416888e+01 +7.707041689e+02 +7.707041689e+02 +1.6905e+00 +8.2917e-01 -1.9612e+00 +5.7937e-01 -7.7800e-01 -1.6760e+00 +7.3352e-01 -1.0351e+00 -2.5588e+00 +9.8874e-01 -8.5733e-01 -1.3741e+00 +2.7492e+00 +7.0114e-01 +2.2769e+00 +1.8847e+00 +1.4141e+00 -2.3601e+00 -1.9964e+00 -8.3151e-01
258 0 +3.203397355e+01 +7.644539736e+02 +7.644539736e+02 -2.3872e+00 +1.9832e+00 -2.8040e-01 +2.1611e+00 -2.8264e+00 -2.5000e-01 +8.0153e-01 -2.1844e+00 -9.6750e-01 -1.9025e+00 -1.3389e+00 -2.9634e+00 +2.8522e+00 -2.6008e+00 -9.3874e-01 +2.9838e+00 -1.4978e+00 +6.0062e-01 -1.9359e+00 +1.9166e+00
667 0 +2.603933546e+01 +7.584593355e+02 +7.584593355e+02 +5.4624e-01 +4.0275e-01 -3.5567e-01 -8.9694e-01 -2.6191e+00 -1.9735e+00 -1.5265e-01 -1.9271e+00 +5.4403e-01 -2.3419e+00 +1.9532e+00 -1.2503e+00 -1.9705e+00 +1.5493e+00 +1.7984e+00 +2.6326e+00 +2.1499e+00 -2.2173e-01 -1.3169e+00 -2.7640e-01
7697 0 +2.562154791e+01 +7.580415479e+02 +7.580415479e+02 -1.1015e+00 -6.8565e-01 +7.3636e-03 +1.1501e+00 -3.9798e-01 -6.9426e-01 -5.9093e-01 +9.6141e-01 +2.4948e+00 +1.1451e+00 +2.6841e+00 -8.8555e-01 +2.9579e+00 +2.8697e+00 +1.0256e+00 +1.9039e+00 -5.5252e-01 -2.1995e+00 -1.7765e+00 +1.1044e+00
11145 0 +2.503909830e+01 +7.574590983e+02 +7.574590983e+02 -5.4644e-01 -3.7755e-01 +2.2446e+00 +2.0656e+00 -4.5865e-01 -2.1408e+00 -1.8355e-01 +1.8941e+00 +2.4926e+00 +2.0868e+00 +2.0325e+00 -7.5088e-01 +2.1615e+00 +2.9654e+00 +2.9215e+00 +3.9961e-01 +2.1516e+00 -1.4767e+00 -1.8512e+00 -1.2343e+00
26876 0 +2.308121175e+01 +7.555012117e+02 +7.555012117e+02 +8.3566e-01 +2.1679e+00 +2.4265e+00 -4.2173e-01 -2.3814e+00 +4.8040e-01 +2.2877e+00 -4.5408e-01 -8.0798e-01 +2.5186e+00 -9.5454e-01 -1.3364e+00 +1.1531e+00 +2.0433e+00 -7.7306e-01 +2.1442e+00 -1.2616e+00 -1.9088e+00 -2.6965e+00 -2.3502e+00
57889 0 +1.960420043e+01 +7.520242004e+02 +7.520242004e+02 -2.3570e+00 -1.8357e+00 -1.8852e-01 +4.4056e-01 -1.6622e+00 -1.3218e+00 +1.2919e+00 -2.0756e-02 +1.9708e-01 +1.0339e+00 -1.0489e+00 -1.1848e+00 +2.9785e+00 -1.0456e+00 +1.6174e+00 +2.2126e+00 -2.4161e+00 -1.8750e+00 -1.9779e+00 +3.4701e-01
390059 0 +1.365056458e+01 +7.460705646e+02 +7.460705646e+02 -2.9867e+00 -2.2801e+00 +1.3873e+00 +2.0427e+00 -1.8096e+00 +4.4750e-01 +1.1842e+00 -2.0961e-01 +6.8354e-01 +2.5446e+00 +6.9702e-01 +4.7965e-01 +1.8946e+00 +2.7210e+00 +2.5412e+00 +8.7309e-01 -1.6383e+00 -2.2559e+00 -2.7188e+00 -2.3610e+00
13726721 0 +1.342014914e+01 +7.458401491e+02 +7.458401491e+02 -1.7241e+00 -1.6910e+00 +2.1328e+00 +2.4339e+00 -2.4746e+00 -1.6520e+00 +2.1926e+00 +7.2521e-01 +5.0317e-01 +1.5606e+00 +2.8432e+00 -1.0916e+00 +2.9101e+00 +2.4161e+00 +6.6112e-01 +2.7751e+00 -1.1424e+00 -2.7818e+00 -2.9959e+00 -1.8897e+00
% f evaluations | g evaluations | best noise-free fitness - Fopt (3.542000000000e+01) + sum g_i+ | measured fitness | best measured fitness or single-digit g-values | x1 | x2...
1 0 +4.999598660e+01 +8.541598660e+01 +8.541598660e+01 +1.0253e+00 -2.0378e-01 +1.9347e+00 +2.8771e+00 +2.8542e-01 -2.0834e-01 -6.2923e-01 -1.9565e+00 +2.3883e+00 +1.6828e+00 -2.0779e-01 -1.0084e+00 +8.5947e-01 -4.1435e-01 -5.3632e-01 +1.8997e+00 +3.3594e-01 -1.1914e-01 +1.3239e+00 +4.3702e-01
30 0 +4.588227745e+01 +8.130227745e+01 +8.130227745e+01 -1.4701e+00 +8.3189e-01 -5.7182e-01 +2.1802e+00 +2.1981e+00 -3.6845e-01 +1.2849e+00 -2.0473e+00 -1.5797e-01 +9.3828e-01 -7.7969e-01 -5.4592e-01 -8.1554e-01 -2.5643e+00 -2.0195e+00 +2.3227e+00 +5.2285e-01 -1.3796e+00 +2.8043e+00 -1.2689e+00
144 0 +3.945573066e+01 +7.487573066e+01 +7.487573066e+01 +1.2596e+00 +4.7977e-01 -1.8287e+00 +1.6643e+00 +2.6948e+00 +2.7470e+00 -1.1057e+00 -2.2737e+00 -2.0725e+00 +3.8090e-01 +6.6773e-01 -4.7958e-01 +1.3955e-01 +1.3374e+00 -1.4750e+00 -1.9639e+00 +2.1002e-01 -2.7294e+00 +2.7319e+00 -5.2358e-01
178 0 +3.476329888e+01 +7.018329888e+01 +7.018329888e+01 +2.5317e+00 +1.6108e+00 +8.6184e-02 +1.2856e+00 +2.7949e+00 +2.2902e+00 +3.8903e-01 -2.2381e+00 +1.1171e+00 -1.9226e+00 -1.7703e+00 -1.3870e+00 -5.7919e-01 -8.7445e-01 +1.1205e+00 +2.0511e-01 -6.8778e-01 +2.2568e+00 -1.3060e+00 +1.7709e+00
389 0 +3.424460633e+01 +6.966460633e+01 +6.966460633e+01 +2.9249e+00 +2.9772e+00 +1.1827e+00 -1.6817e+00 +1.1496e+00 +8.3331e-01 -7.8348e-01 +3.5400e-01 +5.9701e-01 -1.4777e+00 -2.0049e+00 +5.1043e-01 +8.7474e-02 +2.1873e+00 +9.6510e-01 +1.5174e+00 +2.3989e+00 +1.5035e+00 +1.5238e+00 +1.6145e-01
595 0 +2.493901103e+01 +6.035901103e+01 +6.035901103e+01 -1.3914e+00 -1.3410e+00 -6.5185e-01 +2.4181e-02 +1.3624e+00 +2.5056e+00 -1.2141e+00 -2.9496e+00 -1.4525e+00 -1.0464e+00 -2.9639e+00 -8.7209e-01 -1.4635e+00 +8.2640e-01 -2.9763e+00 +2.8966e+00 -2.1348e+00 -2.0793e+00 -2.5771e+00 +2.8893e+00
82829 0 +2.408404332e+01 +5.950404332e+01 +5.950404332e+01 +2.3924e+00 -2.6993e+00 +1.5134e+00 -2.5411e+00 +6.5273e-01 +7.9222e-01 -1.9613e+00 -2.5486e+00 -2.3928e+00 -2.8853e+00 -1.0926e+00 -7.5953e-01 +1.4087e+00 -4.8956e-01 -2.8088e+00 +1.0953e+00 -1.7008e+00 +1.0691e-01 -7.3082e-01 +2.7247e+00
142440 0 +2.398266701e+01 +5.940266701e+01 +5.940266701e+01 +1.1032e+00 +2.1814e+00 -1.9837e+00 -2.0470e+00 +1.0856e+00 +1.9171e+00 -2.3065e+00 -1.8087e+00 +4.4931e-01 -6.1080e-01 -5.4375e-01 +1.9967e+00 +3.2886e-01 -4.4852e-01 -1.4505e+00 +2.0414e+00 +1.6074e+00 -1.1696e+00 +1.5036e+00 +2.5524e+00
193144 0 +2.266929863e+01 +5.808929863e+01 +5.808929863e+01 +9.5593e-01 +5.7631e-01 -4.5595e-01 -1.5918e+00 +2.4300e+00 +1.2061e+00 -1.7195e+00 -2.2306e+00 -2.0876e+00 -2.7277e+00 -1.0914e+00 -2.3590e+00 -2.1857e+00 -1.8886e+00 -5.7924e-01 +5.9793e-01 -2.0022e+00 -1.4967e+00 -7.5169e-02 +2.2627e+00
348797 0 +2.060800344e+01 +5.602800344e+01 +5.602800344e+01 +1.5799e+00 +2.1038e+00 +1.0865e+00 -5.2189e-01 +2.6474e+00 +2.7285e+00 -1.0873e+00 -1.9107e+00 -2.2453e+00 -2.6422e+00 -2.6739e+00 -4.1866e-01 -8.4928e-01 +2.6090e-01 +2.7228e+00 +3.4502e-01 +1.7124e+00 -2.6242e+00 -1.4005e+00 +2.3412e+00
442002 0 +1.875799810e+01 +5.417799810e+01 +5.417799810e+01 +2.6851e+00 -2.1407e-01 -4.1052e-01 +5.2826e-01 +2.2568e+00 +2.9886e+00 -2.3557e+00 -1.7559e+00 -1.2468e+00 -6.7513e-01 -5.5112e-01 +2.3004e+00 +2.0270e-01 -1.3108e+00 -1.2714e+00 +2.5100e+00 -7.1602e-01 -2.1881e+00 -4.2625e-01 +1.9220e+00
998743 0 +1.613195373e+01 +5.155195373e+01 +5.155195373e+01 +2.6160e+00 -2.1596e+00 +1.2889e+00 -2.0796e+00 +2.3917e+00 +1.9567e+00 -1.8350e+00 -1.7542e+00 -9.8497e-01 -2.6904e+00 -2.5183e+00 +3.2069e-01 -5.4926e-01 +1.8589e+00 -1.6776e+00 +2.5190e+00 +2.6476e-01 -9.3839e-01 -2.6679e+00 +1.8769e+00
