% f evaluations | g evaluations | best noise-free fitness - Fopt (3.590000000000e+01) + sum g_i+ | measured fitness | best measured fitness or single-digit g-values | x1 | x2...
1 0 +1.598047028e+06 +1.598082928e+06 +1.598082928e+06 +3.4527e-01 +2.1197e+00 -8.0616e-01 +2.9343e+00 -2.5158e+00 +1.1771e+00 -3.7841e-01 -6.8066e-01 +2.2713e+00 -3.6162e-01 +2.8482e+00 -1.1635e+00 -2.1773e+00 -1.1097e+00 -1.9235e+00 +1.1305e+00 +1.7196e+00 -2.5692e+00 +4.0961e-01 +1.2122e+00
2 0 +8.893663030e+05 +8.894022030e+05 +8.894022030e+05 +4.2706e-01 -1.8412e+00 -2.2319e-01 +1.0466e-01 -9.9703e-01 -2.0674e+00 +1.8494e+00 -9.4853e-01 +2.3852e+00 -1.3522e+00 -6.7920e-01 +2.5053e+00 -2.3249e+00 +1.1688e+00 +2.1116e+00 +6.3099e-01 +2.3236e+00 -7.0127e-01 +1.9561e+00 -2.8092e+00
4 0 +6.259450177e+05 +6.259809177e+05 +6.259809177e+05 -1.3742e+00 +2.7268e+00 -2.1275e+00 -1.8369e+00 -4.0856e-01 -2.2969e-01 +4.4327e-01 -8.0622e-01 +2.3006e+00 +2.3525e+00 -1.3388e+00 +2.2189e+00 -1.5623e+00 -7.6062e-01 -3.9204e-01 -8.3141e-01 +6.4899e-01 +2.1001e+00 -1.2268e+00 -1.0719e+00
13 0 +5.819241092e+05 +5.819600092e+05 +5.819600092e+05 -1.4671e+00 +2.1104e+00 +2.1357e+00 +1.3996e+00 -2.4098e+00 -2.0723e+00 -2.2773e+00 +2.1019e+00 +1.3555e+00 -9.2256e-02 -1.0686e+00 +1.9691e+00 +1.8782e+00 -1.0473e+00 +2.9661e-01 -4.5030e-01 -1.0028e+00 +3.4209e-01 -1.1322e+00 -2.8430e+00
43 0 +5.511491548e+05 +5.511850548e+05 +5.511850548e+05 +1.5657e+00 +1.2275e+00 +1.8889e+00 +1.6374e+00 -4.4038e-01 -2.6502e+00 -2.4422e+00 -1.7658e+00 -2.8482e+00 +1.7423e+00 +1.1308e+00 +2.6577e+00 -2.2875e+00 +2.8607e+00 +1.3796e+00 +9.7903e-02 +2.2322e+00 -1.1488e+00 -2.5643e+00 -9.7861e-01
75 0 +4.388474061e+05 +4.388833061e+05 +4.388833061e+05 +9.7480e-01 +7.4249e-01 +1.6897e+00 +1.1411e+00 -7.3830e-02 -2.3806e+00 -1.2591e+00 -3.0723e-01 -2.1639e+00 -2.6632e+00 +3.6051e-01 +3.4157e-01 +2.6075e+00 +2.3811e+00 +1.1826e+00 -1.3326e+00 +2.4225e+00 +7.3553e-01 -2.5428e+00 +1.3517e+00
108 0 +3.207114297e+05 +3.207473297e+05 +3.207473297e+05 +1.4703e+00 +7.5363e-01 +1.1505e+00 -1.9308e+00 -2.7889e+00 -2.6489e+00 +1.4253e+00 -1.7616e+00 +1.4348e+00 -3.7802e-01 -1.0991e+00 +1.3515e+00 +1.3662e+00 +2.8914e-01 +1.0964e+00 +1.3829e-01 +2.9641e+00 +2.7604e+00 -1.7674e+00 -2.1509e+00
1223 0 +3.039982595e+05 +3.040341595e+05 +3.040341595e+05 -3.6949e-01 +2.7557e+00 +9.0888e-01 -3.3804e-01 -2.2565e+00 +1.8049e-01 -1.8143e+00 -1.2042e+00 -1.7147e+00 +1.1102e+00 -1.4204e+00 +1.3149e+00 +1.1002e+00 -2.0717e-01 +2.6859e+00 -4.8110e-01 +5.3168e-01 +1.7214e+00 -1.3538e+00 -2.0097e+00
5052 0 +2.588775773e+05 +2.589134773e+05 +2.589134773e+05 +2.2351e-01 +1.4197e+00 +2.5801e+00 +1.5935e+00 -1.2022e+00 -1.5482e+00 -1.6812e+00 -2.1536e+00 -8.3655e-01 +1.7518e-01 -2.3202e+00 +7.2886e-01 +1.5244e+00 -2.7757e+00 +4.8934e-01 -2.8957e-01 -1.0371e+00 +2.1854e+00 -1.4539e+00 -2.7005e+00
6762 0 +1.952214327e+05 +1.952573327e+05 +1.952573327e+05 -2.0611e-01 +2.7803e+00 +1.1071e+00 +1.5384e+00 -2.6729e+00 -2.8135e+00 +3.8356e-01 -2.9947e+00 -1.7620e+00 +8.6567e-01 -2.1851e+00 +1.9096e+00 +2.6313e+00 -2.3935e+00 +7.0814e-01 -8.7716e-01 +2.5215e+00 +2.6142e+00 -2.0913e+00 +2.1434e-01
10203 0 +1.414220853e+05 +1.414579853e+05 +1.414579853e+05 +7.8958e-01 +2.8522e+00 +2.2669e+00 +6.0281e-01 -4.7258e-01 -1.7910e+00 -5.0907e-01 -1.4974e+00 -2.6227e+00 -2.6804e+00 -2.2328e+00 +1.7951e+00 -7.8555e-01 -4.9394e-01 +1.3274e+00 -2.2957e+00 +1.2361e+00 +2.1168e+00 -1.4361e+00 -4.9246e-01
1215186 0 +1.209603758e+05 +1.209962758e+05 +1.209962758e+05 +1.4834e+00 +2.2981e+00 +1.9866e+00 +1.9503e+00 -2.2832e+00 -1.6983e+00 -1.9677e+00 -1.9209e+00 -1.6264e+00 -8.8121e-01 -2.0218e+00 -6.5665e-01 -1.6607e+00 +6.1352e-01 +5.0975e-01 -1.8402e+00 -4.4830e-02 +2.6354e+00 -2.1808e+00 -2.5506e+00
15648589 0 +1.065506821e+05 +1.065865821e+05 +1.065865821e+05 +1.9073e+00 +2.5459e+00 +2.3722e+00 +2.3696e+00 -3.3756e-01 -1.5163e+00 +6.4870e-02 -2.1449e+00 -2.8848e+00 -2.0973e+00 -1.9335e+00 +2.2427e+00 -1.0474e+00 -8.2523e-01 +2.6250e+00 -2.7287e+00 +2.6277e+00 +2.7973e+00 +1.5247e+00 -1.8617e+00
% f evaluations | g evaluations | best noise-free fitness - Fopt (3.137000000000e+01) + sum g_i+ | measured fitness | best measured fitness or single-digit g-values | x1 | x2...
1 0 +6.726199922e+05 +6.726513622e+05 +6.726513622e+05 -2.8098e+00 +1.1353e+00 +1.1189e+00 +2.4323e+00 -1.5457e+00 +1.0243e+00 +2.2160e-01 -2.2862e+00 -1.2917e+00 -2.8038e+00 -1.7971e+00 +5.4886e-01 +1.3718e+00 -2.7574e+00 +1.7746e-01 -2.1826e+00 -1.8843e+00 +2.3455e+00 -1.0016e+00 +1.1984e+00
2 0 +5.725839077e+05 +5.726152777e+05 +5.726152777e+05 -1.2475e+00 +7.5229e-02 -2.3257e+00 +5.8737e-01 +1.5452e+00 -9.2192e-01 +8.9828e-01 +1.9196e+00 -1.4229e+00 -3.4959e-01 +2.0545e+00 +1.5554e+00 +2.9639e+00 +1.6654e+00 +7.1517e-01 +5.5403e-01 -1.0310e+00 +1.5985e+00 -1.6699e+00 +2.0491e+00
3 0 +4.686167970e+05 +4.686481670e+05 +4.686481670e+05 -8.4091e-01 +2.7412e+00 -6.7145e-01 +2.0450e+00 +1.4790e+00 +1.6712e+00 -2.8742e+00 -1.0554e+00 -1.3528e+00 -9.5218e-01 -2.0729e+00 +1.6411e+00 -1.1617e+00 -1.7321e+00 +2.0379e+00 -2.4909e-02 -2.3111e+00 +8.4606e-01 +1.9647e+00 -1.0455e+00
6 0 +4.030467041e+05 +4.030780741e+05 +4.030780741e+05 -2.7098e+00 +1.6061e+00 -1.2169e+00 +7.1489e-01 -1.1871e+00 +3.3488e-01 -1.9612e+00 +1.3125e+00 +1.4632e+00 -1.7545e+00 +2.8124e+00 +1.6064e-01 +1.0989e+00 +2.2999e-01 +9.3880e-01 +1.0688e+00 +1.6072e+00 -3.3147e-01 -1.0807e+00 +1.5702e+00
19 0 +3.480194993e+05 +3.480508693e+05 +3.480508693e+05 +8.4192e-01 +1.7646e+00 -2.5590e+00 +1.3620e+00 -2.1994e+00 +2.1987e+00 +3.4811e-01 +4.1817e-01 -1.4253e+00 -2.9605e+00 -1.9043e+00 -3.9837e-02 -7.6112e-01 -4.8880e-01 -1.7683e+00 +1.2181e+00 -1.0806e+00 +9.5901e-01 -2.8442e+00 +2.5353e+00
31 0 +2.915371061e+05 +2.915684761e+05 +2.915684761e+05 +2.1331e+00 -1.4643e+00 +4.5920e-01 +2.5768e+00 +9.1483e-01 +5.9821e-01 +1.2842e+00 +2.7764e-01 -1.9495e+00 +2.0504e+00 -3.5272e-01 +1.7258e+00 -2.2545e-01 -1.9712e+00 -8.3085e-01 -1.4280e+00 +7.7702e-01 -2.6878e+00 -2.5197e+00 +1.8931e+00
72 0 +1.816516678e+05 +1.816830378e+05 +1.816830378e+05 +2.2626e+00 +2.5729e+00 -2.0217e+00 +1.2275e+00 -1.9729e+00 -2.7569e-01 +1.6629e+00 +4.4253e-01 -9.9368e-01 -1.6159e+00 -1.8572e+00 +2.8809e+00 -5.2061e-03 +1.9986e+00 -4.9074e-01 +2.3537e+00 -3.9799e-01 +6.9330e-01 -8.6193e-03 -1.7981e+00
205 0 +1.740909107e+05 +1.741222807e+05 +1.741222807e+05 +2.5046e+00 -4.4866e-01 -9.6327e-01 +2.6305e+00 -2.1123e+00 -1.4936e+00 -1.8138e+00 +8.3609e-01 -1.5889e+00 -2.5931e-01 +1.0090e+00 +7.9166e-01 -2.2824e+00 -1.5340e+00 +2.0581e+00 -7.9375e-01 +5.4613e-02 -7.4763e-01 +1.0636e+00 +8.3679e-01
262 0 +1.735226161e+05 +1.735539861e+05 +1.735539861e+05 +1.3942e+00 -4.7615e-01 -1.8961e+00 +2.4966e+00 -2.5804e+00 -1.2869e+00 +1.2505e+00 +6.3997e-01 +5.7015e-01 -2.3043e+00 +1.0107e+00 +2.2495e+00 -1.1446e+00 +1.6620e+00 -6.9067e-01 +7.5825e-01 +2.2815e+00 -1.3014e+00 +2.2623e+00 -1.1694e+00
699 0 +1.088231760e+05 +1.088545460e+05 +1.088545460e+05 +2.1808e+00 -6.8287e-01 -1.8169e+00 +2.5596e+00 -2.2595e+00 -3.7170e-01 -2.2682e+00 +2.5689e+00 -1.2600e+00 -1.5794e+00 -3.8341e-01 -7.1169e-01 -6.7284e-01 -2.4067e+00 +2.7215e+00 -3.2795e-01 -2.8216e+00 -1.4637e+00 -2.2320e+00 -1.3233e+00
6755 0 +9.248697334e+04 +9.251834334e+04 +9.251834334e+04 +2.9699e+00 +2.2209e+00 -2.6071e+00 +2.3205e+00 -4.4177e-01 -2.0729e+00 +2.9444e-03 +2.0788e+00 -1.6997e+00 -1.7769e+00 -2.1224e+00 +1.9319e+00 +1.5524e+00 +2.5820e+00 -1.2802e-01 +2.9714e+00 -2.1997e-01 -1.0873e+00 +2.9202e+00 +8.8600e-01
9079 0 +8.222698802e+04 +8.225835802e+04 +8.225835802e+04 +2.8273e+00 -2.4474e+00 -1.6661e+00 +2.6250e+00 -6.2311e-01 -2.8644e+00 -1.7169e+00 -2.0737e+00 +6.7681e-01 +2.3874e+00 -2.7329e+00 +1.0441e+00 +1.6485e+00 -1.7488e+00 +2.8427e+00 +6.6672e-01 -1.9801e+00 -2.4144e+00 -1.4140e+00 -1.2676e+00
25150 0 +3.459403620e+04 +3.462540620e+04 +3.462540620e+04 +1.7620e+00 -9.6669e-01 -1.1763e+00 +1.6063e+00 -2.2200e+00 -2.5449e+00 -8.5091e-01 +2.6481e+00 +6.2103e-01 -1.6720e+00 -1.8668e+00 +1.2426e+00 +1.7008e-01 -7.7002e-01 +1.9619e+00 +1.4962e-01 +2.0610e+00 -1.6715e+00 -7.3778e-01 +2.7602e-01
787603 0 +3.242740744e+04 +3.245877744e+04 +3.245877744e+04 +2.8235e+00 +3.9486e-01 -2.0099e+00 +2.7017e+00 -1.3652e+00 -2.5624e+00 -2.3442e-01 +2.6908e+00 -2.7696e+00 -2.7814e+00 -4.3183e-01 -4.5881e-01 +2.3741e+00 +1.5329e+00 -2.0179e-01 +3.6417e-01 -2.5174e-02 -1.4719e+00 -1.5985e+00 -2.8856e+00
1247686 0 +3.201931769e+04 +3.205068769e+04 +3.205068769e+04 +1.9877e+00 -2.7549e+00 -2.8990e+00 +2.0375e+00 -2.8207e+00 -1.3051e+00 -2.9970e+00 +2.1480e+00 +1.6701e+00 +8.3772e-01 +3.5813e-01 +1.5313e+00 +3.4795e-01 +3.4432e-01 +7.3859e-01 +1.2531e+00 +1.5244e+00 -2.6097e+00 -1.6200e-01 -4.2061e-01
1774247 0 +2.595628445e+04 +2.598765445e+04 +2.598765445e+04 +1.3319e+00 -1.7982e+00 -2.9680e+00 +1.4777e+00 -1.8242e+00 -2.3122e+00 -2.4661e+00 +2.6755e+00 +2.5749e-01 -7.3619e-01 -2.3387e+00 +2.6282e+00 +5.5722e-01 -5.5370e-01 +6.4075e-01 +1.4187e+00 +1.5839e+00 -2.7276e+00 -9.4343e-01 +1.5802e+00
2824242 0 +2.453268677e+04 +2.456405677e+04 +2.456405677e+04 +2.8007e+00 -5.0912e-02 -2.9384e+00 +2.4430e+00 -1.1305e+00 -1.8773e+00 -2.7780e+00 +1.1984e+00 +3.4338e-01 -2.5771e+00 -3.1296e-01 +4.4304e-01 +8.5753e-01 -1.2526e+00 +1.9398e+00 +2.9735e+00 -6.2079e-01 -2.9503e+00 -2.0287e+00 -2.4466e+00
3263479 0 +1.948544335e+04 +1.951681335e+04 +1.951681335e+04 +2.8556e+00 -2.0541e+00 -2.4401e+00 +2.8301e+00 -2.1281e+00 +1.3955e-01 -1.9351e+00 +1.4190e+00 -2.1414e+00 -1.0357e+00 -9.6812e-01 +4.9977e-01 +5.2327e-01 -1.6270e+00 -1.8910e-02 -2.6773e-01 +1.7872e+00 -2.2870e+00 -9.0539e-02 -1.1884e+00
10723968 0 +1.887442347e+04 +1.890579347e+04 +1.890579347e+04 +2.7174e+00 -1.1775e+00 -2.7465e+00 +9.5112e-01 -2.2823e+00 -2.0887e+00 -1.4083e+00 +2.9762e+00 +1.1837e-01 -1.5858e+00 -1.9047e+00 +2.2159e+00 -9.9980e-01 -4.9605e-01 +1.6937e+00 +2.1322e+00 +5.7305e-01 -2.6610e+00 +5.5347e-03 -2.1640e+00
% f evaluations | g evaluations | best noise-free fitness - Fopt (-1.000000000000e+03) + sum g_i+ | measured fitness | best measured fitness or single-digit g-values | x1 | x2...
1 0 +6.468258133e+05 +6.458258133e+05 +6.458258133e+05 +1.2565e+00 +2.8369e+00 +8.1474e-01 +4.4364e-01 +2.3617e+00 +2.4877e+00 +2.1316e+00 +8.9106e-01 -6.5728e-01 -2.4501e+00 -1.0592e+00 -2.7587e+00 -5.2573e-02 -2.7183e+00 -2.7679e+00 -2.5749e+00 +3.1088e-01 -2.4708e+00 +7.9957e-01 +2.9398e-01
2 0 +3.913913905e+05 +3.903913905e+05 +3.903913905e+05 -2.5601e+00 -1.8186e-01 -1.5726e+00 -1.7161e+00 +2.2780e+00 +1.9759e+00 +8.5592e-01 +1.3057e+00 +1.4800e+00 +1.8840e+00 +8.2011e-01 -2.0275e+00 -3.0630e-01 -9.8106e-01 +9.2054e-01 -2.1205e+00 -5.5104e-01 -2.1316e+00 -1.1892e+00 +4.1932e-02
8 0 +3.228447766e+05 +3.218447766e+05 +3.218447766e+05 -1.0189e+00 -1.7854e-02 +1.6968e+00 +1.3039e+00 +9.3314e-02 +1.6136e+00 -1.9462e+00 +2.9856e+00 +2.6208e+00 +1.1150e+00 -1.2021e+00 -2.9331e+00 -9.0658e-01 -3.8947e-01 -1.2769e+00 +4.4190e-01 +6.5464e-01 -1.0407e+00 -2.5297e+00 +9.5722e-01
13 0 +3.161534603e+05 +3.151534603e+05 +3.151534603e+05 +2.9893e+00 +1.6373e+00 +1.7604e+00 -2.2262e+00 +2.3585e+00 -2.1619e+00 +8.9686e-01 +6.2679e-01 -1.2677e+00 +7.1564e-01 +2.5633e+00 +1.8330e+00 -1.7785e+00 +1.1095e+00 -1.5116e+00 +2.4567e+00 -8.8565e-01 +2.0646e+00 -2.3370e+00 +2.0142e-01
23 0 +2.441210124e+05 +2.431210124e+05 +2.431210124e+05 -4.5012e-01 +1.5093e+00 -2.8501e+00 +2.0921e+00 -1.2285e+00 -6.9725e-01 -1.4799e+00 +1.2420e-01 +4.7653e-01 +2.6646e+00 +6.8839e-01 -2.4200e+00 -2.7125e+00 +4.0940e-01 -1.7794e+00 +2.5963e+00 -1.2936e-01 +1.8233e+00 +7.6773e-01 +2.1109e+00
48 0 +2.221850214e+05 +2.211850214e+05 +2.211850214e+05 -2.4335e-01 -7.9039e-02 -1.8647e+00 -1.4188e+00 +1.8181e+00 +2.9171e+00 +2.5480e+00 +2.7880e+00 +8.3000e-01 +2.4085e+00 +3.0854e-01 -1.1632e+00 -1.4651e+00 +6.0835e-01 -2.4079e+00 -2.6862e+00 -7.6195e-01 +1.7906e+00 +8.4397e-01 -1.7878e+00
179 0 +2.147907679e+05 +2.137907679e+05 +2.137907679e+05 +1.2733e+00 +7.9686e-01 +2.3299e+00 +1.9410e+00 -8.7437e-01 -2.8406e-01 -1.1487e+00 -2.5894e+00 -1.8313e+00 +2.0954e+00 +2.4546e+00 -1.7135e+00 -2.3657e+00 +2.1507e+00 -5.1356e-01 -1.8063e+00 +2.6344e-01 +8.8430e-01 -1.4502e+00 +1.8103e+00
189 0 +2.133153465e+05 +2.123153465e+05 +2.123153465e+05 -3.0819e-01 -9.2010e-01 -2.2936e+00 +8.0805e-01 -1.4684e+00 +1.6047e+00 -2.7353e+00 -1.4782e+00 -2.7316e+00 -2.2818e-01 +1.1666e+00 -9.9043e-01 -2.2197e+00 +2.3262e-01 -2.1928e+00 -1.2208e+00 -2.7449e+00 -5.0480e-01 -2.6474e+00 +2.6978e+00
200 0 +1.672557054e+05 +1.662557054e+05 +1.662557054e+05 +8.2195e-01 +1.5440e+00 -1.9159e+00 -2.7397e+00 -1.0686e+00 +7.6459e-01 +1.7890e+00 +2.7217e+00 +1.5940e+00 +4.4627e-02 -2.6045e-01 -1.8733e+00 +1.4857e+00 +1.1600e+00 -1.3214e+00 +9.6153e-01 +1.3794e+00 +6.9500e-01 -1.3483e+00 +2.9891e+00
419 0 +1.560954446e+05 +1.550954446e+05 +1.550954446e+05 +2.0949e+00 -1.0754e+00 -3.7357e-01 -2.2317e-01 +9.4350e-02 +4.8695e-01 -2.2035e+00 +1.8382e+00 +1.7744e+00 +2.3813e+00 -5.1166e-01 +5.5662e-01 -1.7863e+00 +2.2316e+00 -2.3584e+00 -1.2263e+00 -1.0528e+00 -2.2636e+00 -9.4564e-01 +2.4737e+00
729 0 +1.220442682e+05 +1.210442682e+05 +1.210442682e+05 +1.6752e+00 -1.3861e+00 -3.8478e-01 +1.4647e+00 +2.7274e+00 +1.9200e+00 -1.2721e+00 -2.6802e+00 -1.2278e+00 +2.9598e+00 -2.0936e-01 -6.9103e-01 -2.0457e+00 +1.3231e+00 +1.8789e+00 -2.2577e+00 -1.2143e+00 +2.4855e+00 -2.4682e+00 +2.0304e+00
1173 0 +9.606877855e+04 +9.506877855e+04 +9.506877855e+04 +2.8063e+00 -1.6921e-01 -2.7985e+00 -2.3006e-01 -1.8335e+00 +1.2615e+00 -2.0063e+00 +2.0996e+00 +1.4696e+00 +2.8865e+00 -1.0785e+00 -2.9752e+00 -9.0004e-01 +2.8493e-01 -1.3022e+00 +9.5351e-01 -2.0324e+00 +2.1863e+00 -2.2452e+00 +2.1934e+00
2368 0 +7.165970459e+04 +7.065970459e+04 +7.065970459e+04 +1.8207e+00 -1.8124e-02 -2.3695e+00 +2.9971e-01 +5.8337e-01 -2.6232e+00 +2.3124e+00 +1.9154e+00 +1.4181e+00 -2.1328e-01 -1.4853e+00 -2.6201e-01 -6.5304e-01 +1.9096e+00 +1.2565e+00 -4.4107e-01 -2.5906e+00 +2.8584e+00 -2.5556e+00 +2.7867e+00
7153 0 +6.869094540e+04 +6.769094540e+04 +6.769094540e+04 +1.0922e-01 +2.0097e+00 -3.9018e-02 -2.4635e+00 +2.0255e+00 +1.7646e+00 +2.7145e+00 +2.9111e+00 +5.9127e-01 +1.6880e+00 +9.1549e-01 +1.8143e+00 +1.4285e+00 +1.1385e-01 -2.3417e+00 -2.4789e+00 -1.6031e+00 +2.1966e+00 -1.9984e+00 +2.3719e+00
37963 0 +4.163367041e+04 +4.063367041e+04 +4.063367041e+04 +8.9493e-01 -1.2369e+00 +2.0083e-01 +1.1379e+00 -1.1339e+00 -1.8892e+00 -7.4105e-01 +1.3513e+00 +2.2125e+00 +2.5154e+00 +7.4921e-01 +8.2319e-01 +5.0402e-02 +1.8620e+00 -2.1076e+00 -1.8327e+00 -2.3102e+00 +1.2021e+00 -1.4464e+00 +1.9003e+00
205981 0 +3.469503043e+04 +3.369503043e+04 +3.369503043e+04 +2.2265e-01 +1.8327e+00 -3.2419e-01 -7.0428e-01 +2.1133e+00 -4.7073e-01 +7.6979e-01 +2.1605e+00 -3.7034e-02 +1.4901e-01 -4.3824e-01 +1.2501e+00 -6.6682e-01 +1.6726e+00 -2.9342e+00 -1.2987e+00 -1.4482e+00 +2.5771e+00 -2.1559e+00 +2.6849e+00
211693 0 +3.270008489e+04 +3.170008489e+04 +3.170008489e+04 +8.6975e-01 +2.1835e+00 -2.6983e+00 +2.7434e+00 +2.4023e-01 -1.2354e+00 +2.1483e+00 +2.2374e+00 +1.0832e+00 +2.6141e+00 -6.8875e-01 +7.7763e-01 -1.6569e-01 +1.4015e+00 -2.6582e+00 -2.1044e+00 -1.1129e+00 +2.3450e+00 -2.6881e+00 +2.9024e+00
3448074 0 +2.344147379e+04 +2.244147379e+04 +2.244147379e+04 +2.7887e+00 -4.6838e-02 -1.2751e+00 +2.6683e+00 +2.7679e+00 +2.3163e+00 +1.3049e+00 +4.1206e-01 -7.4211e-01 +2.7599e+00 +7.9712e-01 -2.9222e+00 -1.6903e+00 +2.9261e+00 -2.7047e+00 -9.2537e-01 -2.9252e+00 +2.1443e+00 -2.7564e+00 +2.1695e+00
3705370 0 +3.371960414e+03 +2.371960414e+03 +2.371960414e+03 +2.7726e+00 +1.5526e+00 -1.0117e+00 +1.3462e+00 -7.7061e-01 +1.1564e+00 -7.6884e-01 +2.5853e+00 +1.9490e+00 +1.8496e+00 +9.9973e-01 +2.1743e-01 +4.1194e-01 +2.8219e+00 -2.3627e+00 -2.8922e+00 -2.2859e+00 +2.1029e+00 -2.2204e+00 +2.4863e+00
% f evaluations | g evaluations | best noise-free fitness - Fopt (1.319200000000e+02) + sum g_i+ | measured fitness | best measured fitness or single-digit g-values | x1 | x2...
1 0 +1.734561569e+06 +1.734693489e+06 +1.734693489e+06 -2.4254e+00 -1.3133e+00 +2.5649e+00 +2.8232e-01 -2.9637e+00 +1.4110e+00 -2.7385e+00 -1.3719e+00 +1.1082e+00 -1.0919e+00 -2.1453e+00 -2.3410e+00 -1.6449e+00 +2.3649e+00 -2.8367e+00 +9.5722e-01 +2.7519e-01 -2.8570e+00 +2.0854e+00 -1.8410e+00
2 0 +1.342465633e+06 +1.342597553e+06 +1.342597553e+06 -1.9327e+00 +3.5906e-01 +6.7845e-01 +4.7614e-03 -2.9438e+00 +9.8721e-02 +1.9578e-02 -6.5825e-01 +1.0381e+00 -1.3646e+00 -8.9221e-01 -1.0666e+00 +2.8108e+00 -9.8753e-02 -1.3733e+00 -4.1207e-01 +2.5045e-02 +1.2282e+00 -2.2398e+00 -2.0731e+00
4 0 +1.152308717e+06 +1.152440637e+06 +1.152440637e+06 +8.2001e-01 -8.6730e-01 -3.1151e-01 -8.4281e-01 +1.9938e+00 -1.0438e+00 +2.8428e+00 +2.7466e+00 +2.5010e+00 -1.7316e+00 -1.9445e+00 +1.3137e+00 -2.2195e+00 -2.1959e+00 +1.2668e-01 +3.0153e-01 +2.4473e+00 -2.6292e+00 -2.6042e+00 +4.2957e-01
6 0 +1.094403677e+06 +1.094535597e+06 +1.094535597e+06 +2.6516e-01 +6.8562e-01 -1.6586e+00 -2.0692e+00 +2.0702e+00 -1.6175e+00 +2.9147e+00 +2.8381e+00 +7.9216e-01 -1.5670e+00 +3.0430e-01 +8.6504e-01 -7.3670e-01 -8.1633e-01 -2.9125e+00 -2.7886e+00 -2.2900e+00 -8.5729e-01 -1.1897e-02 +2.4895e+00
9 0 +1.042234065e+06 +1.042365985e+06 +1.042365985e+06 -1.6668e+00 -1.8025e+00 -2.0493e+00 -8.4219e-01 -1.8299e+00 +2.5819e+00 -2.6785e+00 +2.3578e-01 -1.6838e+00 +2.0637e+00 -1.0524e-02 -1.7172e+00 -2.9652e+00 -1.1668e+00 -1.9663e+00 +1.0520e-01 +2.6822e+00 -2.3387e-01 -1.9500e+00 -4.4121e-01
10 0 +8.883158063e+05 +8.884477263e+05 +8.884477263e+05 +1.4668e+00 +3.5491e-01 -2.3047e+00 +2.7162e+00 +6.3709e-01 +1.6635e+00 +1.9368e+00 +2.0836e+00 +2.3209e+00 +4.3481e-01 -1.8243e+00 +1.6495e+00 -2.7092e+00 +2.0921e+00 -1.3933e+00 +2.6698e+00 +2.3831e+00 -6.7122e-01 -8.9599e-01 -3.1538e-01
11 0 +8.527664995e+05 +8.528984195e+05 +8.528984195e+05 -1.1731e-01 -2.5496e+00 -4.4023e-01 +1.7294e+00 -2.9250e+00 -2.3366e+00 -2.1070e+00 +1.2916e+00 +2.2732e+00 -1.1921e+00 -4.1860e-01 +1.3009e+00 -2.0869e+00 +1.4018e+00 +8.8231e-01 -1.4436e-01 +2.2188e-01 +3.6168e-01 -8.3348e-01 +3.2525e-01
23 0 +6.026410428e+05 +6.027729628e+05 +6.027729628e+05 +1.7531e+00 +7.7873e-01 -1.6008e+00 +4.7290e-01 +1.4486e-01 -1.6108e+00 -2.6153e+00 +2.8318e+00 +2.2698e+00 -1.6817e+00 +1.8118e+00 +5.7335e-01 +1.9142e+00 +5.6474e-01 +8.4932e-01 -2.6295e+00 +9.6354e-01 -2.9179e+00 -1.5769e+00 +2.4440e+00
88 0 +5.922033204e+05 +5.923352404e+05 +5.923352404e+05 -2.1917e+00 +2.6681e+00 -2.4917e+00 -2.9757e+00 -1.0308e+00 -4.2530e-01 +4.5488e-01 +1.2770e+00 +1.6503e+00 +1.8451e+00 +4.8016e-01 -2.2558e+00 -4.9412e-01 +2.2735e+00 +1.1738e+00 -1.5662e+00 +1.5632e+00 +1.4448e+00 +2.5150e+00 +7.3853e-02
291 0 +5.758354602e+05 +5.759673802e+05 +5.759673802e+05 +8.1220e-01 +2.7257e+00 +4.9821e-01 -1.5786e+00 +3.3274e-01 -1.3205e+00 -2.8178e+00 +2.3002e+00 -2.4122e+00 +7.4250e-01 +6.1442e-02 +1.2715e+00 -2.1267e+00 +2.8507e+00 +2.6276e+00 +1.9394e+00 +6.5244e-01 -5.0545e-01 -8.3568e-02 -1.1624e+00
483 0 +4.289849167e+05 +4.291168367e+05 +4.291168367e+05 -1.8948e+00 +2.9991e+00 -1.2202e+00 -5.2565e-03 -1.6371e+00 -1.1691e-01 +7.5272e-01 +1.4675e+00 +2.4285e+00 +2.5920e+00 -1.4970e+00 -8.6055e-01 -1.7649e+00 +2.9307e+00 -2.9530e+00 -1.3310e+00 +1.5927e+00 +1.7863e-01 -7.7207e-01 +1.5814e+00
955 0 +3.415166769e+05 +3.416485969e+05 +3.416485969e+05 -2.8680e+00 +9.2488e-01 -7.2561e-01 +4.3377e-01 -2.3920e+00 -2.0457e+00 -2.8902e+00 -9.4493e-01 -2.8375e+00 +1.9293e+00 -2.1379e+00 +2.3737e+00 -2.2190e+00 -1.6780e+00 +9.0080e-01 +1.6281e+00 +1.4728e+00 +1.5931e+00 -9.9245e-01 +2.3160e+00
3435 0 +3.324374683e+05 +3.325693883e+05 +3.325693883e+05 -3.1252e-01 +2.1571e+00 -2.2595e+00 +1.1462e+00 -2.5393e+00 -2.5540e+00 -2.8393e+00 +2.2863e+00 +2.4849e-01 -3.8673e-01 -1.6272e+00 +1.4391e+00 -2.2464e+00 +2.3124e+00 -1.4158e+00 +2.8109e+00 +1.6611e+00 +1.6247e-02 +2.7691e+00 -2.9518e+00
3862 0 +3.191464542e+05 +3.192783742e+05 +3.192783742e+05 -9.9141e-01 +2.5731e+00 -2.9717e+00 -9.0573e-01 -3.0643e-01 -4.5989e-01 -2.0796e+00 +1.9692e+00 +8.5077e-01 +1.6604e+00 -1.2441e+00 +2.0293e+00 -1.0033e+00 +2.9913e+00 +1.8650e+00 +2.7522e+00 +1.5964e+00 +8.7808e-01 +1.3374e+00 -2.1311e+00
28700 0 +2.751146097e+05 +2.752465297e+05 +2.752465297e+05 -2.4266e+00 +1.5943e+00 +7.4057e-01 -1.3087e+00 -4.7196e-02 -2.9801e+00 -2.7786e+00 +2.9013e+00 -1.8016e+00 +3.1257e-01 -1.4535e+00 +2.6852e+00 -2.6275e+00 +1.8871e+00 +2.9118e+00 -6.2397e-01 +1.5309e+00 +2.9745e-01 -2.5253e+00 +8.8902e-01
86846 0 +2.524823979e+05 +2.526143179e+05 +2.526143179e+05 -1.0596e+00 +1.8289e+00 -2.7065e+00 +1.0576e+00 -1.4609e+00 -4.9464e-01 -2.4087e+00 +2.9710e+00 +7.0736e-01 +3.2176e-01 +1.2056e+00 +1.3805e+00 -9.3308e-01 +1.6201e+00 -1.4110e-01 -1.6345e+00 +2.4439e+00 -1.0248e+00 +3.2267e-01 -5.5837e-01
127353 0 +1.335187281e+05 +1.336506481e+05 +1.336506481e+05 -2.2052e+00 +2.0490e+00 -2.9337e+00 -7.9490e-01 -1.1794e+00 -2.0083e+00 -2.0252e+00 +2.6709e+00 -1.5756e+00 -5.2307e-01 -1.4499e+00 +2.0678e+00 -2.0399e+00 +1.6294e+00 +6.8135e-01 +1.0582e+00 +2.9522e+00 +2.0118e+00 -2.1206e-01 +1.5826e+00
896638 0 +1.306799644e+05 +1.308118844e+05 +1.308118844e+05 -2.6369e+00 +2.3531e+00 -2.8813e+00 +1.7172e+00 -2.1173e+00 -1.5535e+00 -2.0920e+00 +4.2999e-01 +8.9367e-01 +1.0969e+00 +6.0604e-01 +2.3697e+00 -2.6228e+00 +2.1239e+00 -5.6968e-01 -7.2547e-01 +2.2659e+00 +1.2085e+00 +1.1561e+00 +2.2908e+00
4820029 0 +1.049404148e+05 +1.050723348e+05 +1.050723348e+05 -2.4079e+00 +2.6980e+00 -2.9581e+00 +9.5944e-01 -1.6300e+00 -2.8907e+00 -2.4658e+00 +1.1203e+00 -1.5763e+00 +1.6452e+00 -2.1890e+00 +2.4423e+00 -2.9390e+00 +1.7560e+00 -2.6421e-01 -6.6298e-02 +2.0233e+00 -1.0131e+00 -1.9434e+00 +2.9785e+00
% f evaluations | g evaluations | best noise-free fitness - Fopt (5.908400000000e+02) + sum g_i+ | measured fitness | best measured fitness or single-digit g-values | x1 | x2...
1 0 +3.672854379e+05 +3.678762779e+05 +3.678762779e+05 +2.5803e+00 +2.5900e+00 +1.1706e+00 -1.9716e+00 +1.2380e+00 -4.7184e-01 -3.3950e-01 -1.8449e+00 +1.9447e-01 -3.5161e-01 -1.8387e+00 -1.8600e+00 -2.3824e+00 -2.8867e+00 -2.0654e+00 -8.8558e-01 -2.2793e+00 +7.7402e-01 -5.8071e-01 -6.3921e-02
2 0 +3.381943021e+05 +3.387851421e+05 +3.387851421e+05 -2.4138e+00 +8.4579e-01 -1.0395e-01 -2.8210e+00 -2.7692e+00 +1.5368e+00 -4.1127e-01 -1.0787e+00 +2.1504e+00 -1.8030e+00 -5.9221e-01 +1.8347e-01 -1.3610e-02 +2.6812e+00 +1.5219e+00 -2.2082e+00 -4.9027e-01 +4.4408e-02 -2.8159e+00 -3.8691e-02
3 0 +2.270203416e+05 +2.276111816e+05 +2.276111816e+05 +7.9390e-01 -2.7761e+00 +2.9574e-02 -1.5490e+00 -1.5465e+00 -2.6303e+00 -1.8048e+00 +2.6279e+00 +2.2138e+00 +1.2242e+00 -2.6540e+00 +2.9603e+00 -9.7671e-01 +2.7688e+00 -7.4527e-01 +2.9951e+00 -2.7100e+00 -2.0604e+00 -9.8208e-01 -1.0514e+00
5 0 +1.897775909e+05 +1.903684309e+05 +1.903684309e+05 +8.1552e-02 -1.2017e+00 -2.7802e+00 +1.9238e+00 -5.0541e-01 +4.5040e-01 -2.8169e+00 -1.8383e+00 +1.3457e+00 +2.5635e+00 -3.5275e-02 -8.9846e-01 +1.9917e+00 +2.8557e+00 -9.1484e-01 +2.5773e+00 -1.9381e+00 +1.8766e+00 -7.1076e-01 -2.3240e+00
6 0 +1.664804568e+05 +1.670712968e+05 +1.670712968e+05 +2.9339e+00 +3.1682e-01 -2.8925e+00 -2.3676e+00 +4.1199e-01 -2.2383e+00 +1.6036e+00 +2.3424e+00 +1.3676e+00 +1.4703e+00 -2.5472e+00 -3.2764e-01 +6.2052e-01 -1.0290e+00 +2.8360e+00 -8.2355e-01 -6.9369e-02 -8.4374e-01 +2.5217e+00 -2.4855e-01
19 0 +3.512765685e+04 +3.571849685e+04 +3.571849685e+04 +1.3487e+00 +1.1179e+00 -1.9421e+00 +1.5524e+00 +2.5948e+00 +2.0019e+00 +2.0568e+00 +1.4911e+00 +2.8910e+00 +1.8123e-01 -2.3400e+00 +5.3518e-01 +2.9312e+00 +1.7246e+00 -1.2118e+00 +1.0990e+00 -1.8602e+00 -3.7070e-01 +2.8757e+00 +1.0191e+00
1241 0 +3.454452519e+04 +3.513536519e+04 +3.513536519e+04 -1.4582e+00 +2.2223e+00 +1.0275e+00 +1.5867e+00 -1.3699e-01 +4.8800e-01 +4.8534e-01 -2.7338e+00 +2.9722e+00 -2.6552e-01 +1.1677e+00 +1.8900e+00 -2.8654e-01 -4.8307e-03 +4.7063e-01 +2.6133e+00 -1.9657e+00 -3.5555e-01 +2.3216e+00 +1.0377e+00
1321 0 +3.300990719e+04 +3.360074719e+04 +3.360074719e+04 -6.9003e-01 +9.5613e-01 +8.8191e-01 +4.8804e-01 +1.7844e+00 +2.5038e+00 -6.2884e-01 -9.5091e-01 +2.0623e+00 -7.0985e-01 +3.1568e-01 +2.9163e+00 -1.2624e-02 +1.7126e+00 -8.5794e-01 -1.2138e+00 -1.2985e+00 -1.6757e+00 +2.3799e+00 +2.3511e+00
2730 0 +1.760705952e+04 +1.819789952e+04 +1.819789952e+04 -1.9906e+00 -1.1579e+00 +2.5929e+00 +6.1330e-01 +2.9458e+00 -2.7798e+00 -2.6903e+00 +1.0589e+00 +2.9680e+00 +2.4744e+00 -1.5820e+00 +1.7772e+00 -4.4160e-01 -2.1573e-01 +1.3032e+00 +9.7326e-01 -2.7462e+00 +2.9470e-01 +9.9762e-01 -2.0349e+00
10705 0 +1.071461609e+03 +1.662301609e+03 +1.662301609e+03 -1.8254e+00 -2.2694e+00 +7.3525e-01 +2.2760e+00 +1.7099e+00 -5.2426e-01 +1.0947e+00 -7.2705e-01 +1.7322e+00 +1.0729e+00 -8.2486e-01 +5.1166e-01 +1.6089e+00 +1.9516e+00 +2.0314e+00 +1.8817e-01 -2.5210e+00 +1.2578e+00 -6.8290e-02 +1.8191e+00
425005 0 +1.035507682e+03 +1.626347682e+03 +1.626347682e+03 -1.3270e+00 -2.7798e+00 -1.0033e+00 +2.6614e+00 +2.8123e+00 +3.9010e-01 -2.9883e+00 +3.8781e-01 +1.5692e+00 +2.1828e+00 -1.2170e+00 +2.5212e+00 -7.8194e-01 +1.8511e+00 +2.6539e+00 +6.1210e-01 -1.9965e+00 +1.0998e+00 +2.2710e+00 +1.0504e-01
555224 0 +7.445832991e+02 +1.335423299e+03 +1.335423299e+03 -2.0328e+00 -2.7793e+00 +2.6929e+00 +2.6473e+00 +2.6552e+00 -2.0220e+00 +1.9127e-01 -2.3714e+00 +2.2156e+00 +2.3835e+00 -1.3114e+00 +9.2204e-01 -4.8487e-01 +2.7997e+00 +1.4213e+00 +1.8797e+00 -2.9491e+00 +6.9275e-02 +9.5936e-01 +2.8315e+00
3690778 0 +2.957215893e+02 +8.865615893e+02 +8.865615893e+02 +1.9724e+00 -2.0936e+00 -1.4712e+00 -3.2185e-01 +2.3011e+00 +1.8892e+00 +1.4578e-01 -1.3317e+00 +1.5188e+00 -2.0263e+00 -1.4486e+00 +1.3521e-01 +7.7725e-01 +3.0048e-01 +2.9090e+00 -6.9517e-01 -2.7061e+00 -1.1769e+00 +2.8067e+00 +2.0591e+00
8829257 0 +1.134093578e+02 +7.042493578e+02 +7.042493578e+02 -3.4885e-01 -1.9106e+00 -4.9695e-01 +1.4165e+00 +2.7699e+00 -5.1067e-01 -8.1476e-01 +4.7415e-01 +2.5716e+00 +1.2110e+00 -2.4011e+00 +2.9977e+00 +1.1294e+00 +2.4004e+00 +1.3462e+00 -7.6598e-01 -2.3842e+00 -1.0908e+00 +2.1939e+00 +2.4703e+00
% f evaluations | g evaluations | best noise-free fitness - Fopt (6.749000000000e+01) + sum g_i+ | measured fitness | best measured fitness or single-digit g-values | x1 | x2...
1 0 +5.830922241e+05 +5.831597141e+05 +5.831597141e+05 -2.5627e+00 -8.8805e-01 -1.0249e+00 -1.6574e+00 +1.8372e+00 +2.4407e+00 -1.6935e+00 +2.2163e+00 +1.6037e+00 -2.3789e+00 +6.1294e-02 -4.2591e-01 +5.8626e-01 -8.6616e-01 -1.6333e+00 -8.0451e-01 +7.2950e-01 -1.4859e+00 +2.4527e+00 +7.2904e-01
3 0 +3.233618923e+05 +3.234293823e+05 +3.234293823e+05 +1.2709e+00 -1.6073e+00 -2.8169e+00 +1.9476e+00 -1.4610e+00 -1.7971e+00 -1.1190e+00 -1.8032e+00 -2.5871e+00 +1.7497e+00 +1.4739e+00 +2.1870e+00 -1.0410e+00 -1.5042e+00 -1.8214e+00 +2.6575e+00 -2.8473e+00 -2.4115e+00 +2.0511e+00 +7.0702e-01
19 0 +1.987228158e+05 +1.987903058e+05 +1.987903058e+05 -2.5372e+00 -1.9769e+00 -1.0435e+00 -2.9192e+00 -5.6208e-01 +5.7038e-01 +2.5833e+00 -2.4351e+00 +3.5588e-01 -2.8366e-02 -1.2111e+00 +2.1253e+00 -1.4124e+00 +1.1294e+00 -2.4066e+00 -2.5171e-03 +1.0213e+00 +1.2939e+00 -2.6312e+00 -1.1680e+00
97 0 +1.167365654e+05 +1.168040554e+05 +1.168040554e+05 -1.5973e+00 -1.7944e+00 -6.3721e-01 +3.2061e-01 +7.7842e-01 -1.4305e+00 -4.7465e-01 -2.7901e+00 -2.6779e+00 +2.8523e+00 -2.5490e+00 +2.0863e+00 +6.5515e-01 -9.1880e-01 -1.8724e+00 -4.1584e-01 +2.1992e+00 -1.5311e+00 -1.4914e+00 -2.0661e+00
155 0 +1.011181005e+05 +1.011855905e+05 +1.011855905e+05 -9.4991e-01 +5.1176e-01 +2.5180e+00 +3.0037e-01 +1.8556e+00 +9.1759e-02 +8.9211e-01 -2.4123e+00 +8.0173e-01 +2.2629e+00 +9.1155e-01 +9.9824e-01 -3.0000e+00 +2.6612e+00 -2.4693e+00 -8.4488e-01 +1.2016e+00 -2.5148e+00 -1.7208e+00 +9.6435e-01
5768 0 +7.944010948e+04 +7.950759948e+04 +7.950759948e+04 -2.7979e-01 -9.6369e-01 +2.0390e+00 -1.1591e+00 -1.6416e+00 +9.2289e-01 -8.0702e-01 -2.2223e+00 -2.6434e+00 -6.4956e-01 +1.5792e+00 +1.2956e+00 +5.4083e-03 -3.8529e-01 -1.9797e+00 +1.6128e+00 +7.0491e-01 -2.6023e+00 -1.7717e+00 -8.9170e-02
14771 0 +6.682268713e+04 +6.689017713e+04 +6.689017713e+04 +2.1627e-01 -1.2751e-01 +2.7054e+00 -5.3159e-01 -3.0185e-01 +2.2696e+00 -1.1718e-01 -2.4971e+00 -1.3364e+00 +2.5342e+00 +1.9275e+00 -1.6730e+00 +9.6921e-02 -2.4250e+00 -1.1722e+00 -2.0508e+00 +2.6107e+00 -2.7484e-01 -2.3795e+00 +9.2019e-01
49281 0 +6.375124563e+04 +6.381873563e+04 +6.381873563e+04 -1.0920e+00 -1.5809e+00 +1.4362e+00 -2.7668e+00 +2.5968e+00 +1.8526e+00 -2.2395e+00 -1.3084e+00 -1.2686e+00 +2.9500e+00 +1.7028e+00 +1.8844e-01 +4.8094e-01 -2.2916e+00 -2.1503e+00 -1.5526e+00 +2.2869e+00 -2.6133e+00 -1.3588e+00 -1.0018e+00
88103 0 +6.299022462e+04 +6.305771462e+04 +6.305771462e+04 +1.6525e+00 -6.1608e-01 +7.7854e-01 +1.8992e+00 +2.2222e+00 +4.8986e-01 -1.2374e+00 -2.7801e+00 -9.0811e-01 +2.9265e+00 +1.1264e+00 +1.2353e+00 +4.0989e-01 -8.7339e-01 +1.5334e-01 -7.0615e-01 +2.6759e+00 -2.3845e+00 -2.1751e+00 +1.2710e+00
133554 0 +5.720533520e+04 +5.727282520e+04 +5.727282520e+04 -4.0695e-01 -5.6896e-01 -5.6187e-01 +1.3789e+00 -5.7565e-01 +1.7954e+00 +1.9882e+00 -2.6769e+00 -2.7849e+00 +2.3568e-01 +1.5110e-01 +1.7861e+00 -1.2658e+00 -9.7782e-01 -2.4306e+00 -2.0705e+00 +2.2142e+00 -2.3589e+00 -1.1494e+00 +1.5724e-01
191380 0 +4.541492017e+04 +4.548241017e+04 +4.548241017e+04 +2.0293e-01 -2.1008e+00 -1.6762e+00 -1.4661e+00 -1.1559e+00 +1.8556e+00 +4.2598e-01 -2.6591e+00 -2.7517e+00 +2.7285e+00 +1.3162e+00 +5.1878e-01 -2.6699e+00 +4.6494e-01 -2.9256e+00 -2.0638e+00 +1.3345e+00 -1.8035e+00 -2.4998e+00 -1.5229e-01
324403 0 +3.299242411e+04 +3.305991411e+04 +3.305991411e+04 -2.7337e+00 +1.4918e+00 +5.6670e-01 -9.6537e-01 +1.6957e+00 -5.5012e-01 +3.6479e-01 -2.7560e+00 -1.5636e+00 +2.4364e+00 -5.0983e-02 -1.1451e+00 -3.2776e-01 -1.2681e+00 -1.4458e+00 -7.8297e-01 +1.9386e+00 -2.7966e+00 -1.2314e+00 -7.3244e-01
614440 0 +3.207373797e+04 +3.214122797e+04 +3.214122797e+04 -1.3313e+00 -1.2806e+00 +1.5688e+00 +5.8190e-02 +2.1398e+00 -3.2446e-01 +2.0592e-01 -1.8273e+00 +8.7382e-01 +1.5210e+00 +1.5783e+00 +2.1012e+00 -9.4635e-02 -1.3545e+00 -3.5239e-01 -5.9494e-01 +1.7397e+00 -3.0000e+00 -2.9118e+00 -1.5815e-01
873204 0 +2.132761130e+04 +2.139510130e+04 +2.139510130e+04 -1.5122e+00 +7.1575e-01 +2.4272e+00 -1.1235e+00 +2.9644e+00 +1.0965e+00 +1.8774e-01 -2.8000e+00 -2.7752e+00 +2.4558e+00 +2.7173e+00 -3.9996e-01 +5.8471e-01 -2.5492e+00 +5.0769e-01 -2.4893e+00 +2.3340e+00 -2.9399e+00 -2.2462e+00 -1.0260e+00
1433007 0 +1.796256744e+04 +1.803005744e+04 +1.803005744e+04 -1.1203e+00 -6.2262e-01 -6.6105e-01 +1.0356e+00 +1.2579e+00 +2.0864e+00 -8.3655e-01 -1.4210e+00 -2.8933e+00 +2.6828e+00 +1.6564e+00 -1.1621e+00 -2.6035e+00 -1.7437e+00 -2.5947e+00 -2.1034e+00 +2.8770e+00 -2.5913e+00 -2.0902e+00 +3.7626e-01
3705755 0 +1.738227307e+04 +1.744976307e+04 +1.744976307e+04 -1.9308e+00 -1.4234e+00 +2.2333e+00 -4.2185e-01 +1.3941e+00 +6.1530e-01 -1.0566e+00 -2.0963e+00 -7.7447e-01 +2.1211e+00 +1.6573e+00 +3.5378e-01 -4.0732e-01 -1.8262e+00 -2.1825e+00 -1.9030e+00 +2.7720e+00 -2.7918e+00 -2.3008e+00 -7.2018e-01
19441724 0 +5.942974094e+03 +6.010464094e+03 +6.010464094e+03 -1.2835e+00 -7.7943e-01 +6.0016e-01 +6.5022e-01 +1.4833e+00 +1.6814e+00 -9.0396e-01 -2.3110e+00 -3.0719e-01 +1.3871e+00 +8.9460e-01 +1.2294e+00 +3.5407e-01 -3.6646e-01 -2.7425e+00 -2.5001e+00 +2.1058e+00 -2.7575e+00 -2.6630e+00 -9.8065e-01
% f evaluations | g evaluations | best noise-free fitness - Fopt (3.085000000000e+01) + sum g_i+ | measured fitness | best measured fitness or single-digit g-values | x1 | x2...
1 0 +1.996594313e+05 +1.996902813e+05 +1.996902813e+05 +1.4197e+00 -1.7504e+00 +5.1512e-01 +1.1825e+00 +9.2002e-01 +9.3844e-02 +2.5604e+00 -1.3143e+00 -1.2142e+00 +2.4004e+00 +1.5181e-01 -2.5347e+00 -1.4512e+00 -1.1456e+00 +6.3050e-01 -5.2763e-01 +2.9914e+00 +1.3684e+00 -2.6433e+00 +2.9500e-01
5 0 +1.910890361e+05 +1.911198861e+05 +1.911198861e+05 +9.4421e-01 -1.0705e+00 +1.1728e+00 +8.4965e-01 +1.6438e+00 -1.7982e+00 -4.6802e-01 -1.7961e+00 -2.7235e+00 -2.4500e+00 +2.6946e+00 -8.9897e-01 +4.5184e-01 +1.2359e+00 +4.5966e-01 -9.9864e-01 +2.2925e+00 +1.5670e+00 -1.8077e+00 +1.5873e-01
18 0 +1.713273572e+05 +1.713582072e+05 +1.713582072e+05 -2.8799e+00 -1.3569e+00 -7.2929e-01 -3.6613e-01 +9.9000e-01 +5.5900e-01 +1.6397e+00 -7.7937e-01 -1.5262e-01 -5.6806e-01 +1.2237e+00 -2.6804e+00 +1.7756e+00 +7.4787e-01 -1.4507e+00 -1.0665e+00 +2.1830e+00 -1.1294e+00 +2.6562e+00 +2.2238e+00
49 0 +1.373186423e+05 +1.373494923e+05 +1.373494923e+05 +2.1486e+00 +2.0743e+00 -1.7124e+00 -2.7007e+00 +2.0826e+00 -2.6367e+00 -6.6945e-02 -2.4370e-01 +1.4442e+00 -1.2088e+00 +7.7733e-01 -2.6043e+00 +8.4233e-02 +2.0249e-01 -2.5270e+00 +2.3166e+00 +2.4449e+00 -1.6410e+00 -2.9022e+00 -8.3300e-01
58 0 +9.335665005e+04 +9.338750005e+04 +9.338750005e+04 -1.3745e+00 +5.9115e-01 -5.2876e-01 +1.3598e+00 -1.2240e+00 -2.8056e+00 -2.0768e+00 -1.6465e+00 +9.9567e-01 -1.8244e+00 +1.9826e+00 -2.1664e+00 +1.3754e+00 +1.3146e+00 -2.3998e+00 +2.0273e+00 +2.8181e+00 -2.6032e+00 -2.7461e-01 +2.8068e+00
82 0 +3.672548440e+04 +3.675633440e+04 +3.675633440e+04 +1.5821e+00 -7.5827e-01 -1.9368e+00 +1.9125e+00 +2.6987e+00 -1.2413e+00 -6.6708e-02 -2.0109e+00 -4.5590e-01 -1.9815e+00 -8.0297e-01 -5.5688e-02 -2.2088e+00 -3.4516e-01 -2.7642e+00 -1.2958e+00 +2.0939e+00 +2.1226e+00 -8.5730e-01 -4.4705e-01
1369 0 +3.373263566e+04 +3.376348566e+04 +3.376348566e+04 +9.4836e-02 -1.3886e+00 -1.9500e+00 +2.9054e-02 +8.3792e-01 -7.8117e-01 +9.5031e-01 +5.5646e-01 -1.3650e+00 -1.4483e-01 +4.1557e-01 -2.7359e+00 -2.6685e+00 +5.2063e-01 -1.8183e+00 +3.1297e-02 +3.8899e-01 -8.3902e-01 -5.7941e-01 +1.9196e-01
16435 0 +1.467959691e+04 +1.471044691e+04 +1.471044691e+04 +2.4297e+00 -2.2810e+00 -1.5058e+00 +2.5858e+00 -2.2503e+00 -1.6060e+00 +4.9883e-01 -2.3727e+00 +2.3592e+00 -2.7465e+00 +1.0361e+00 -1.8800e+00 -1.7883e+00 +2.9627e+00 -2.9272e+00 +1.0358e+00 +2.4088e+00 +1.0386e+00 -2.7743e+00 +2.3905e+00
18383 0 +1.132168045e+04 +1.135253045e+04 +1.135253045e+04 +6.0980e-03 +1.4076e+00 -9.6019e-01 +2.8545e+00 +2.5059e+00 +3.5804e-02 -9.1768e-01 -4.2226e-01 +5.1998e-01 -9.2672e-01 +1.8254e-01 -2.1222e+00 +7.2303e-01 +6.5477e-01 -2.1661e+00 -3.4145e-01 +2.8390e+00 +2.3509e+00 -2.2748e+00 +2.8227e+00
114410 0 +1.121655480e+04 +1.124740480e+04 +1.124740480e+04 +2.9814e+00 -2.4107e+00 -1.2911e+00 +1.5345e+00 -5.2529e-01 -3.8336e-02 -4.0805e-01 -6.3397e-01 +1.5488e+00 -1.6561e+00 -1.7771e+00 -2.6450e+00 -2.2225e+00 +5.1446e-01 -9.8642e-01 -2.4981e+00 +2.9163e+00 -2.2720e+00 -1.3303e-01 -1.8636e+00
213393 0 +5.633505379e+03 +5.664355379e+03 +5.664355379e+03 +1.0775e+00 -2.1635e+00 +9.7114e-01 +2.7536e-01 +2.6259e+00 -2.1285e+00 -1.4512e+00 -2.2482e+00 +1.1660e+00 -2.3178e+00 -5.2946e-01 -2.6856e+00 -2.6898e+00 -1.4091e+00 -3.1632e-01 +1.5801e+00 +2.5441e+00 +1.4757e+00 -1.9898e-01 +1.9727e+00
4539281 0 +3.804240487e+03 +3.835090487e+03 +3.835090487e+03 +2.4310e+00 -2.5277e+00 -1.4100e+00 +2.0925e+00 +2.1821e+00 -2.9209e+00 +1.4704e+00 -2.6707e+00 +1.9182e+00 -1.3967e+00 -2.9178e+00 -2.5116e+00 -2.8531e-01 -1.8669e-01 -4.8575e-01 +1.5236e+00 +1.4637e+00 -2.7041e+00 -6.7644e-01 +1.6112e+00
4663054 0 +4.050701517e+02 +4.359201517e+02 +4.359201517e+02 +2.7365e+00 -2.0416e+00 -2.1960e+00 +8.7979e-01 +4.2079e-01 -2.4202e+00 +2.9214e+00 -2.9059e+00 +6.4298e-01 -2.3880e+00 +7.1427e-01 -2.3190e+00 -2.9586e+00 +9.9814e-01 -2.6318e+00 +2.8293e-02 +2.4927e+00 -4.0345e-01 -2.2271e+00 -9.6145e-02
% f evaluations | g evaluations | best noise-free fitness - Fopt (-1.255000000000e+01) + sum g_i+ | measured fitness | best measured fitness or single-digit g-values | x1 | x2...
1 0 +3.338723699e+05 +3.338598199e+05 +3.338598199e+05 +2.3162e+00 +1.6058e+00 -1.6664e+00 +2.1695e+00 -1.6456e+00 -1.5478e+00 +3.5606e-01 +1.5270e+00 -1.4185e+00 -2.0424e+00 +1.1677e+00 +5.6864e-01 -2.4402e+00 -2.0301e+00 +2.3986e+00 -1.5253e+00 +8.2079e-01 +6.3951e-02 -1.5657e+00 -1.0950e-01
2 0 +2.334200276e+05 +2.334074776e+05 +2.334074776e+05 -2.9929e+00 +7.6102e-01 +2.9282e+00 +2.7291e+00 -2.7513e+00 -1.7459e+00 -9.5953e-01 +2.8842e+00 +9.5005e-01 -2.4206e+00 -9.8086e-01 +1.7680e+00 -3.7805e-01 -8.4848e-01 +2.0344e+00 -1.1201e+00 +1.1829e+00 -7.6423e-01 -1.9198e+00 +4.5237e-01
6 0 +1.767982433e+05 +1.767856933e+05 +1.767856933e+05 +2.0893e+00 +3.5717e-01 +2.8726e+00 +8.2452e-01 +7.1522e-01 -5.2294e-02 +1.5915e+00 +3.5591e-01 +6.0726e-02 +8.5274e-01 +8.1526e-01 +2.6227e+00 -8.8683e-01 +1.4600e+00 -9.4830e-01 -3.9360e-01 -2.4614e+00 -1.2503e+00 -2.4032e+00 -2.2044e+00
16 0 +1.702074990e+05 +1.701949490e+05 +1.701949490e+05 -1.1668e+00 -4.2332e-01 +1.8701e+00 +1.6412e+00 +2.3033e+00 -7.9847e-01 -2.3763e+00 +1.8578e+00 +2.0107e+00 +1.5711e+00 +1.2373e+00 +2.4097e+00 +1.3172e-01 +9.0138e-01 +4.2681e-01 -2.6827e+00 -9.0304e-01 -1.4177e+00 -2.9826e+00 -1.9878e+00
39 0 +1.168740687e+05 +1.168615187e+05 +1.168615187e+05 -1.3515e+00 +1.7750e-01 +1.0821e+00 +1.7648e+00 -5.9908e-01 -2.8973e+00 +1.1303e+00 +1.4119e+00 +2.7263e+00 -1.9298e+00 +1.6393e+00 -3.9758e-01 +4.2684e-02 -2.5357e+00 -1.2014e+00 -4.7000e-01 -1.0137e+00 -6.2221e-01 -2.1730e+00 +6.4749e-03
124 0 +1.143708286e+05 +1.143582786e+05 +1.143582786e+05 +2.3578e+00 -7.1959e-01 +1.6652e+00 -1.0787e+00 +1.3911e+00 -2.3842e+00 -1.5602e+00 +3.2444e-01 +3.1220e-01 +6.8934e-01 +1.9994e+00 +7.9240e-02 -2.5679e+00 -1.7677e+00 +1.4030e+00 -1.5432e+00 -2.5986e+00 -2.1083e-01 -1.3398e+00 -2.2293e-01
217 0 +1.033112877e+05 +1.032987377e+05 +1.032987377e+05 +7.6920e-01 +8.7401e-01 +1.5089e+00 +2.8625e+00 +5.3974e-01 -2.7850e+00 +2.0990e+00 +2.5373e+00 +7.3595e-01 -1.8894e+00 +4.3683e-01 +2.0614e+00 -1.5877e+00 +2.2325e+00 -4.3730e-01 -1.0193e+00 -1.0222e+00 +1.8812e+00 -1.2774e+00 -1.9951e+00
439 0 +1.015505510e+05 +1.015380010e+05 +1.015380010e+05 +8.6988e-01 +8.1486e-01 +2.0054e+00 -9.5081e-02 +7.7059e-01 -2.6651e+00 +2.2692e+00 +5.9051e-01 +2.6843e+00 -2.5662e+00 +8.5399e-01 +1.2660e+00 -1.3224e+00 -7.4840e-01 +2.1075e-01 +2.3510e-01 -1.5572e+00 +1.3908e+00 -2.0247e+00 +2.2031e+00
486 0 +7.404682705e+04 +7.403427705e+04 +7.403427705e+04 +1.1823e+00 +1.0312e+00 +2.5399e+00 -8.5844e-01 +2.2706e+00 -2.3100e+00 -2.0483e+00 -8.3183e-01 +1.5696e+00 -1.3995e+00 +9.5889e-01 +2.2789e-01 -1.4012e+00 +1.3952e-01 -7.5901e-01 -2.9089e+00 -1.9663e+00 +1.4812e-01 +1.7887e-01 +2.0933e-01
700 0 +6.433125854e+04 +6.431870854e+04 +6.431870854e+04 +1.3968e+00 +1.2466e+00 +2.4101e+00 +1.7171e+00 +2.3016e+00 -2.8796e+00 +1.5068e-01 +2.2592e+00 -1.6966e+00 -1.5634e+00 +2.7302e+00 +1.2659e+00 -2.8635e+00 -1.6691e+00 -7.6406e-01 +1.2446e+00 -2.1326e+00 +4.6661e-01 -1.9281e+00 +5.0967e-01
6322 0 +6.291629177e+04 +6.290374177e+04 +6.290374177e+04 -2.2393e+00 -2.6966e+00 +1.2969e+00 -4.6051e-02 +2.3942e+00 -2.5968e+00 +1.4321e+00 +1.5125e+00 -1.8293e+00 -2.0583e+00 +1.3525e+00 +2.9339e+00 +1.2614e+00 +9.6163e-01 -1.5752e+00 -2.1646e+00 +8.5812e-01 +1.7417e+00 -1.6562e+00 -2.2920e+00
81962 0 +5.671438567e+04 +5.670183567e+04 +5.670183567e+04 -1.6354e+00 +9.9287e-01 +2.7523e+00 +3.3675e-01 +1.0529e+00 -1.1955e+00 -2.4468e+00 +2.1773e+00 +2.6864e+00 -1.7939e+00 +2.4588e+00 +3.3641e-03 -2.7860e+00 -1.6251e+00 +1.0476e+00 -2.3620e+00 -2.6337e+00 -7.3084e-01 -2.4844e+00 +2.4032e-01
87663 0 +3.071308901e+04 +3.070053901e+04 +3.070053901e+04 +8.9439e-01 -1.4256e+00 +2.1653e+00 +1.8158e+00 +2.4012e+00 -2.9394e+00 +2.1252e+00 +1.8420e-01 +1.6250e+00 -6.6064e-01 +2.1010e+00 +2.6984e+00 +3.3494e-01 +1.5050e-01 -1.2385e+00 -2.7176e+00 -2.4906e+00 -2.2506e+00 -1.4982e+00 -2.2763e+00
367370 0 +1.863738890e+04 +1.862483890e+04 +1.862483890e+04 -7.5545e-01 -1.4245e+00 +2.7396e+00 -1.0232e+00 +2.9049e+00 -1.4715e+00 -2.7473e+00 +8.8199e-01 +2.6152e+00 -2.2918e+00 +2.5323e+00 +2.1577e+00 +2.8161e+00 -2.7092e+00 -2.8389e+00 -2.5674e+00 -1.3475e+00 +1.7166e+00 -4.2745e-01 -2.3694e-03
1609109 0 +1.721673842e+04 +1.720418842e+04 +1.720418842e+04 -2.1081e+00 -1.2721e+00 +2.5638e+00 +2.5341e-01 +2.5003e+00 -2.7907e+00 -3.1262e-02 +1.3750e+00 +1.7418e+00 -1.8636e+00 +2.3032e+00 +1.8448e+00 +1.6739e+00 -1.6638e+00 -9.9089e-01 -1.6354e+00 -2.3748e+00 -7.8172e-01 -2.7494e+00 +8.1468e-02
1812638 0 +1.650270918e+04 +1.649015918e+04 +1.649015918e+04 +1.4393e+00 +2.0283e+00 +2.7796e+00 +9.4341e-01 +1.7170e+00 -2.2222e+00 +8.1996e-02 +1.8794e+00 +2.7791e+00 +5.8950e-01 +6.4997e-01 +2.5228e+00 -9.6149e-01 -2.2190e+00 -2.7729e+00 -2.0195e+00 -1.8010e+00 +9.2493e-01 -2.5079e+00 +2.0456e+00
7421817 0 +1.403403164e+04 +1.402148164e+04 +1.402148164e+04 -1.0955e+00 +2.4949e+00 +2.8171e+00 +2.2077e+00 +1.9949e+00 -2.9645e+00 -2.7340e+00 +2.5707e+00 +1.3012e+00 -2.1618e+00 +2.6528e+00 +6.3643e-01 -1.8895e+00 -1.1592e+00 +2.9182e+00 -1.7027e+00 -2.0675e+00 -2.2467e+00 -2.9082e+00 +9.1992e-01
14109186 0 +1.302488543e+04 +1.301233543e+04 +1.301233543e+04 +4.8351e-01 +1.9671e+00 +2.4208e+00 +2.9556e+00 +2.9829e+00 -2.3532e+00 -5.8116e-01 +2.9902e+00 +6.7191e-02 -2.0844e+00 +1.6974e+00 +2.7649e+00 -1.4498e+00 -1.2465e+00 +1.0481e+00 -1.0651e+00 -2.4067e+00 +5.5126e-02 -1.1895e+00 +5.7396e-01
15130424 0 +8.986117797e+03 +8.973567797e+03 +8.973567797e+03 +5.5702e-02 +1.5043e+00 +2.8763e+00 +5.9635e-01 +2.2264e+00 -2.4582e+00 -2.7706e+00 +2.1004e+00 +2.5798e+00 -2.3787e+00 +2.6383e+00 +2.9131e+00 -6.1592e-01 -2.1618e+00 -1.9431e+00 -9.3499e-01 -1.8438e+00 +3.7956e-01 -1.7848e+00 +2.8581e+00
% f evaluations | g evaluations | best noise-free fitness - Fopt (5.383900000000e+02) + sum g_i+ | measured fitness | best measured fitness or single-digit g-values | x1 | x2...
1 0 +1.081714130e+06 +1.082252520e+06 +1.082252520e+06 +9.5715e-02 +2.7752e+00 -7.7507e-01 -2.2680e+00 +6.8466e-01 -2.9711e+00 -1.6579e+00 -1.1752e-01 +2.9434e+00 -2.9088e+00 +3.0569e-01 -1.5493e+00 -6.5348e-01 +8.9260e-01 +2.1681e+00 -2.3958e+00 +2.7214e+00 -1.7951e+00 -5.4918e-01 -1.3749e+00
2 0 +9.946465639e+05 +9.951849539e+05 +9.951849539e+05 +2.7786e+00 -5.1467e-01 +1.6810e+00 +1.4924e+00 -2.6979e+00 +1.9907e+00 +2.4395e+00 +2.7028e-01 +1.1865e+00 -4.9875e-01 +1.7156e+00 -2.0108e+00 +2.1340e+00 +3.1044e-01 -1.0023e+00 -2.9579e+00 +2.7678e+00 +1.0201e+00 -2.0645e+00 +2.1321e+00
5 0 +5.868219565e+05 +5.873603465e+05 +5.873603465e+05 +2.0669e+00 +2.0086e+00 -1.8482e+00 -2.0037e+00 +5.9371e-01 -9.1343e-01 -9.4369e-01 -9.2931e-01 +1.5375e+00 -3.3206e-01 -5.5135e-01 -2.1718e+00 -2.7613e+00 +1.6085e+00 +2.9248e+00 +1.9928e+00 +2.2102e-01 -1.9491e+00 +2.7604e+00 +8.5167e-01
8 0 +5.741049334e+05 +5.746433234e+05 +5.746433234e+05 +2.7445e+00 +1.9727e+00 -5.5747e-01 -1.1204e+00 +2.3208e+00 -4.2601e-01 -3.3819e-01 +4.2169e-02 +4.8569e-01 +4.5137e-01 -6.6949e-01 -1.1981e+00 +7.9232e-01 +1.7749e+00 -1.5015e+00 -2.9753e+00 +3.5115e-02 +1.9893e+00 -1.7601e+00 -2.5382e-01
11 0 +4.216603095e+05 +4.221986995e+05 +4.221986995e+05 +2.3203e+00 -2.8457e+00 +2.9141e+00 +9.7350e-01 -4.4774e-01 -2.7873e+00 +1.0872e+00 -1.1781e+00 +6.7860e-01 +1.6286e+00 -2.3251e+00 +2.2260e+00 +9.6033e-02 -2.9367e+00 -2.4579e+00 +3.3163e-01 -2.7473e+00 -2.5839e+00 +1.5346e+00 +2.9248e+00
12 0 +3.734212208e+05 +3.739596108e+05 +3.739596108e+05 +2.0267e+00 -6.4640e-01 +2.8708e+00 +2.0605e+00 +2.3878e+00 +1.4316e+00 -1.4281e+00 +1.0094e+00 +2.6224e+00 +1.7080e+00 -2.0813e+00 -2.9103e+00 -2.7920e-01 -2.8184e-02 -4.7702e-01 -1.6762e-01 +3.6261e-01 +6.6730e-01 +1.2481e+00 -2.5272e-01
16 0 +3.606297482e+05 +3.611681382e+05 +3.611681382e+05 +2.1735e-01 -1.1249e+00 -2.7055e+00 -4.8048e-02 +2.2087e+00 +2.9398e+00 +2.2797e+00 -2.2492e+00 -1.0746e+00 -1.0577e+00 +2.8525e+00 -1.4207e+00 +1.1692e+00 +2.7701e+00 -2.4578e+00 -6.3343e-01 -1.9811e+00 +1.2714e+00 +2.4721e+00 +2.4809e+00
61 0 +3.304633392e+05 +3.310017292e+05 +3.310017292e+05 +1.8978e+00 +2.6255e+00 -1.2573e+00 +1.5552e+00 -8.8225e-01 +1.4315e+00 -1.7796e+00 -1.1974e+00 +1.3784e+00 -6.2572e-03 +1.7410e+00 +2.2467e+00 -2.4023e+00 +1.7617e+00 -1.7717e-01 +6.6619e-01 -2.4847e+00 +3.0669e-01 +2.6910e+00 +2.4135e+00
131 0 +3.110925037e+05 +3.116308937e+05 +3.116308937e+05 +2.6225e+00 -2.7370e+00 -7.5038e-01 +1.9489e+00 +1.7881e+00 +4.2653e-01 -2.4692e+00 +1.0182e+00 -1.8918e-01 +3.3192e-01 +7.1282e-01 -2.4347e+00 -1.8080e+00 -2.5676e+00 -9.7535e-01 -1.4369e+00 -2.4644e+00 +2.6776e+00 +1.5925e+00 +2.6088e+00
144 0 +1.999178649e+05 +2.004562549e+05 +2.004562549e+05 +1.8326e+00 -1.3615e+00 +1.2536e+00 -1.2725e+00 +1.9367e+00 +6.3852e-01 -1.1897e+00 +7.1586e-02 +7.2154e-01 +2.4929e+00 +1.8720e+00 -9.3532e-01 +2.6332e+00 -1.1124e+00 -7.8271e-01 +5.0644e-01 -1.0472e+00 -2.2838e+00 +2.3624e+00 -3.7700e-01
653 0 +1.740664051e+05 +1.746047951e+05 +1.746047951e+05 +2.5163e+00 -2.8464e-01 +1.3907e+00 -1.2608e+00 +2.8720e+00 -2.5928e+00 -9.3373e-01 -2.3920e+00 -1.7360e+00 -2.7908e-02 +1.4267e+00 -1.0993e+00 +2.6689e+00 -6.3934e-01 +2.6877e+00 +1.7365e+00 -1.9848e+00 -2.1991e+00 +2.7697e+00 +1.0467e+00
1012 0 +1.673074670e+05 +1.678458570e+05 +1.678458570e+05 +2.0094e+00 +1.6780e+00 +2.7198e+00 -8.2269e-03 +2.8549e+00 -2.3314e+00 +1.4162e+00 -2.5404e+00 -1.1125e+00 +1.9176e+00 +1.7137e+00 -2.6825e+00 -1.8627e+00 -5.3870e-01 +6.4382e-01 +1.7965e+00 -2.0227e+00 -1.2771e+00 +1.1427e+00 +2.1073e-01
1248 0 +1.077841723e+05 +1.083225623e+05 +1.083225623e+05 +2.8903e+00 +9.0743e-01 +1.6649e-01 -8.4111e-01 +6.2595e-01 -2.9950e+00 -6.8063e-01 -1.3618e+00 -4.5041e-02 +1.7194e+00 -6.7210e-02 +1.2828e+00 +1.8290e+00 +2.5504e+00 -2.6830e+00 +1.0880e+00 -1.8426e+00 +1.1869e+00 +2.8260e+00 +8.5166e-01
3676 0 +8.680819100e+04 +8.734658100e+04 +8.734658100e+04 +2.8799e+00 -2.2846e+00 +9.8684e-01 +1.2603e+00 +8.0513e-01 -2.5598e+00 -3.5899e-01 -1.2731e+00 -1.9644e+00 +2.9295e+00 +3.8070e-01 -2.8582e+00 +2.9373e+00 +2.8416e-01 -2.7299e-01 +2.8081e+00 -2.2585e+00 -1.4035e+00 +8.6054e-01 -2.3249e+00
32763 0 +8.382560655e+04 +8.436399655e+04 +8.436399655e+04 +2.7655e+00 +9.2577e-01 -2.1307e+00 -6.0800e-01 +1.0119e+00 -1.5886e+00 -2.4405e+00 -4.4443e-01 -1.3379e-01 -2.2730e+00 +2.5469e+00 -1.4872e+00 +1.7379e+00 +1.0236e+00 -1.9980e+00 +1.3221e-01 -2.0337e+00 -9.8708e-01 +1.4622e+00 -4.3532e-01
55152 0 +8.120565890e+04 +8.174404890e+04 +8.174404890e+04 +2.7005e+00 -4.1676e-01 +1.4742e+00 +6.8139e-01 +1.0377e+00 -1.0115e+00 -1.0593e+00 +3.4599e-01 +1.1906e+00 -7.4681e-01 +1.3408e-01 -1.3701e+00 +1.3787e+00 -1.3315e+00 -2.1590e+00 +1.9897e+00 -2.3084e+00 -2.8285e+00 +2.6051e+00 +3.8929e-01
74726 0 +4.500699393e+04 +4.554538393e+04 +4.554538393e+04 +2.0367e+00 -4.9508e-01 +2.9781e+00 +2.6561e+00 +1.2677e+00 -1.9086e+00 -2.9764e+00 +8.8889e-01 -2.1960e+00 -4.8225e-02 +2.2464e+00 -6.6902e-01 +2.4669e+00 -4.3016e-01 -1.1232e+00 +9.5048e-01 -1.6124e+00 -1.7790e+00 +2.3271e+00 -1.4197e+00
405423 0 +3.356144355e+04 +3.409983355e+04 +3.409983355e+04 +2.7231e+00 +1.3360e+00 +8.9627e-01 +3.0660e-01 +1.0246e+00 -2.5545e+00 -2.4465e-01 -1.9448e+00 -2.2159e+00 +1.5679e+00 +2.8719e+00 -1.2296e+00 +3.9374e-01 +1.7656e+00 -2.1999e+00 +2.9974e+00 -8.4962e-01 -3.7232e-01 +2.4550e+00 -1.5359e+00
644442 0 +2.692252533e+04 +2.746091533e+04 +2.746091533e+04 +1.7762e+00 +2.4483e+00 +8.6947e-01 +8.5768e-01 +1.9266e+00 -1.3926e+00 -1.7948e+00 +8.0989e-02 -1.1523e+00 -1.0065e-01 +2.0595e+00 -1.9631e+00 +6.3830e-01 +2.2975e+00 -1.0441e+00 +2.9538e+00 -2.7813e+00 -1.7301e-01 +2.8752e+00 -6.5491e-01
3224572 0 +1.924702657e+04 +1.978541657e+04 +1.978541657e+04 +2.7200e+00 +9.6197e-01 -2.6651e-01 +2.2006e+00 -4.6336e-01 -2.4606e+00 -2.3859e+00 -2.2449e+00 -5.2193e-01 +9.6936e-01 +2.8485e+00 -2.6609e+00 +2.4777e+00 -6.3333e-01 -2.5834e+00 +2.8096e+00 -1.9741e+00 +9.8355e-01 +2.1175e+00 +2.7807e+00
11281612 0 +1.839713125e+04 +1.893552125e+04 +1.893552125e+04 +2.1388e+00 -9.4856e-01 +2.1999e+00 +1.9556e+00 +2.8740e+00 -7.9684e-01 -1.2421e+00 +2.7350e+00 +1.4904e-01 -1.8500e+00 +6.2827e-01 -2.1509e+00 +2.5656e+00 +1.7628e+00 -1.9509e+00 +1.5764e+00 -2.8192e+00 -2.5481e+00 +2.2278e+00 -6.7289e-01
14257921 0 +1.551020438e+04 +1.604859438e+04 +1.604859438e+04 +2.1733e+00 +1.1596e+00 +4.5715e-01 +2.6198e+00 +2.1479e+00 -2.1887e+00 -1.8561e+00 -1.4534e+00 +1.4469e+00 -1.0404e+00 +2.5049e+00 -2.9042e+00 +2.1448e+00 +2.6192e+00 -1.8484e+00 +3.1458e-01 -2.4812e+00 +2.2986e+00 +2.8968e+00 +1.6467e+00
% f evaluations | g evaluations | best noise-free fitness - Fopt (-1.055600000000e+02) + sum g_i+ | measured fitness | best measured fitness or single-digit g-values | x1 | x2...
1 0 +1.292137113e+06 +1.292031553e+06 +1.292031553e+06 -1.6639e+00 -6.9538e-01 +2.2439e+00 +1.8996e+00 +2.6516e+00 +2.2300e+00 +2.8083e+00 -2.4310e+00 +1.9816e-01 -1.9747e+00 -3.8224e-01 +2.5893e+00 -5.1479e-01 +1.0446e+00 +7.6306e-01 -2.6911e+00 +2.9192e-01 -8.1903e-01 -2.4273e+00 -1.8056e+00
2 0 +4.453776142e+05 +4.452720542e+05 +4.452720542e+05 -5.2133e-01 -4.4061e-01 -1.9626e+00 -9.4086e-03 -1.3189e+00 -4.3273e-01 -1.3238e+00 +2.0647e+00 +2.1488e+00 +2.1799e+00 -1.1782e-01 -2.4974e+00 +2.0076e+00 -2.2568e+00 +1.5281e+00 +6.1643e-01 +1.1351e-01 -2.5934e+00 +6.1492e-01 +2.3424e+00
95 0 +4.155482315e+05 +4.154426715e+05 +4.154426715e+05 -1.2767e+00 +3.4675e-01 +2.2729e+00 +1.1568e-02 +2.0355e+00 -1.7753e+00 +1.2999e+00 +9.7030e-01 -7.0644e-01 +2.9131e+00 -2.7797e+00 -8.1257e-01 +1.2964e+00 +2.9575e-01 +1.8934e+00 +1.9945e+00 -1.0332e+00 -3.1365e-01 +1.8424e+00 +2.7320e+00
157 0 +3.663098543e+05 +3.662042943e+05 +3.662042943e+05 +2.4332e+00 -2.9916e+00 -5.0714e-01 +1.4892e+00 +1.0441e+00 -2.2716e+00 +1.6707e+00 -1.8990e+00 +1.9768e+00 +2.8237e+00 -1.7660e+00 -2.0194e+00 +9.4708e-01 +3.8824e-01 +2.6155e+00 +2.6882e+00 -2.9947e+00 -2.3767e+00 +6.4263e-01 -1.0794e+00
310 0 +3.521689967e+05 +3.520634367e+05 +3.520634367e+05 +1.9869e+00 -1.5156e-01 +2.1876e+00 +1.0251e+00 -1.4679e+00 +5.6388e-01 -2.8706e+00 -2.7558e-01 -1.7003e+00 +2.7868e+00 -2.7273e+00 +4.8253e-01 +1.6717e+00 -6.8515e-01 +2.9109e+00 +1.0921e+00 -1.7796e+00 -1.6515e+00 +1.1804e+00 -8.0155e-01
346 0 +3.160640283e+05 +3.159584683e+05 +3.159584683e+05 -7.0961e-01 -2.3416e+00 +2.6592e+00 +1.2891e+00 +2.9591e+00 -1.6247e+00 -1.1359e+00 +1.9527e+00 -1.1604e+00 -1.4681e+00 -2.9770e+00 -2.9481e+00 -4.3572e-03 -1.4434e+00 -1.9239e+00 +4.2082e-01 -1.0881e+00 -2.0824e+00 +8.3195e-01 -1.7032e+00
1576 0 +2.760524995e+05 +2.759469395e+05 +2.759469395e+05 -1.3969e+00 -2.2253e+00 +2.9778e+00 -1.5332e+00 -6.9695e-01 -2.8880e+00 -2.6617e+00 +2.7720e+00 -8.8256e-01 +2.6548e-01 -2.1842e+00 -2.0665e-01 +1.6315e+00 -3.0593e-02 +6.9238e-01 -1.0552e+00 -2.4934e-01 -1.0804e+00 +1.8876e+00 -8.1909e-01
3097 0 +1.836556256e+05 +1.835500656e+05 +1.835500656e+05 +3.2635e-01 -2.2294e+00 +2.3078e+00 +1.3417e+00 -2.4379e+00 -4.2527e-01 -2.2171e+00 +2.6321e+00 +2.1210e+00 -1.0535e+00 -2.0442e+00 -2.0461e+00 +1.4452e-01 -1.8468e+00 +1.7820e+00 -6.6943e-01 +2.0558e+00 -2.7797e+00 +2.8931e+00 +2.7887e+00
20142 0 +1.753154891e+05 +1.752099291e+05 +1.752099291e+05 +1.3941e+00 -2.7714e+00 +1.3264e+00 +2.6014e+00 +2.7148e+00 -2.6985e+00 -2.9747e+00 -7.8815e-02 -6.3605e-02 +1.7932e-01 -2.2037e+00 -2.0579e+00 +1.7164e+00 -2.7623e-01 -3.9424e-01 -1.9295e+00 -1.7474e+00 -2.6830e+00 +2.9200e+00 +1.5174e+00
69284 0 +1.500033878e+05 +1.498978278e+05 +1.498978278e+05 -4.8614e-01 -2.7473e+00 +1.4629e+00 +2.3888e+00 -4.2705e-01 -2.3559e+00 -6.0817e-01 +2.6117e+00 +2.8928e+00 +2.1199e+00 -1.3820e+00 -2.1908e+00 +2.7340e+00 -7.7461e-01 -1.8412e+00 -2.1951e+00 -1.8630e+00 -2.6601e+00 +2.0982e+00 +1.3779e+00
137144 0 +1.447990301e+05 +1.446934701e+05 +1.446934701e+05 -1.7259e+00 -2.9868e+00 +2.0910e+00 -8.6807e-01 -1.4784e+00 -1.0272e+00 -1.9092e+00 +1.4957e+00 +2.5700e+00 +7.4644e-01 -2.8827e+00 -2.8980e+00 +7.5685e-01 -1.1156e+00 +1.6691e+00 +2.8566e+00 +1.3840e+00 -1.5378e+00 -3.3455e-01 +1.0969e+00
192159 0 +1.165424483e+05 +1.164368883e+05 +1.164368883e+05 +2.2181e+00 -2.9115e+00 +2.4076e+00 +1.3192e+00 -2.0911e+00 -2.3649e-01 -1.6391e+00 +7.9926e-01 +1.9582e-01 -1.3793e+00 -2.6793e+00 -2.0737e+00 +1.7491e+00 -1.5568e+00 +1.1262e+00 +1.6468e+00 -2.2632e+00 -2.1439e+00 +8.4966e-01 +1.7534e+00
402169 0 +1.132065183e+05 +1.131009583e+05 +1.131009583e+05 -1.7782e+00 -2.7559e+00 +2.6784e+00 +1.2384e+00 -2.9748e-01 +4.1621e-01 -7.8991e-01 +1.8632e+00 +1.1407e+00 +2.6715e+00 -2.1158e+00 -1.1014e+00 +2.3292e+00 -3.9327e-01 +4.1175e-01 -1.2782e+00 +1.4896e-02 -1.5363e+00 +2.3124e+00 +6.0799e-01
1319842 0 +1.037469034e+05 +1.036413434e+05 +1.036413434e+05 -1.3127e-01 -2.4691e+00 +2.7702e+00 +3.4887e-01 -2.6048e+00 +4.9694e-01 +3.8135e-01 +2.9648e+00 +2.7091e+00 -3.8039e-01 -2.2426e+00 -2.9283e+00 +4.7199e-01 -2.4691e+00 +2.3507e-01 +7.3774e-01 -8.2470e-01 -2.4866e+00 +6.1275e-01 +2.3426e+00
1436276 0 +6.604065139e+04 +6.593509139e+04 +6.593509139e+04 +1.6855e+00 -2.8287e+00 +2.2410e+00 -4.8400e-01 -2.7770e+00 -1.1068e+00 -1.8867e+00 +1.1903e+00 -6.9451e-01 +2.3108e+00 -1.8456e+00 -2.3009e+00 +2.1787e+00 -1.9835e+00 +2.8970e+00 +1.0780e+00 -1.1270e+00 -1.7265e+00 +1.5893e+00 +7.3777e-01
% f evaluations | g evaluations | best noise-free fitness - Fopt (9.803000000000e+01) + sum g_i+ | measured fitness | best measured fitness or single-digit g-values | x1 | x2...
1 0 +2.549636520e+05 +2.550616820e+05 +2.550616820e+05 +8.5855e-01 -1.4193e+00 +3.6422e-01 +2.2935e+00 -2.9291e+00 -1.0640e+00 -2.3175e+00 +2.1577e+00 -2.0905e+00 -2.1727e+00 +1.7552e+00 -9.7186e-02 -2.7720e+00 -7.8567e-01 -1.8484e+00 -2.9385e-01 +2.7808e+00 +9.2584e-01 +2.2231e+00 -1.9705e-02
67 0 +2.342351765e+05 +2.343332065e+05 +2.343332065e+05 +1.4061e+00 -7.2798e-01 -1.8505e+00 -2.7114e-01 +4.5405e-01 -5.9871e-01 -2.8883e+00 +2.0466e+00 -8.2884e-01 -2.0114e+00 +2.0224e+00 -4.6449e-01 -9.4285e-02 +2.2843e+00 +4.0331e-01 -1.8634e+00 +6.7124e-01 +3.2514e-01 +7.3460e-03 +2.0885e-02
2199 0 +2.019823717e+05 +2.020804017e+05 +2.020804017e+05 -2.1064e+00 +7.9842e-01 -2.4384e+00 -1.6549e+00 -1.9254e+00 +7.6818e-01 -2.0789e+00 +2.4527e+00 -2.6792e+00 -2.2346e+00 -1.7651e+00 +1.1090e+00 +1.8173e+00 -9.4169e-01 -1.3790e-01 +7.1339e-01 -4.7582e-02 +9.0917e-01 -8.8768e-01 -2.4395e+00
3837 0 +1.922757676e+05 +1.923737976e+05 +1.923737976e+05 +1.4056e+00 -8.9769e-01 +2.1979e+00 +2.2423e+00 +1.7925e-01 +5.5780e-01 -8.4624e-01 +2.7455e+00 -6.9970e-01 -2.6211e+00 -7.6117e-01 +1.2472e+00 -2.8797e+00 +8.5763e-01 -2.9583e+00 -2.6888e+00 +9.9307e-01 +2.6104e+00 +3.8473e-01 -2.5317e+00
4781 0 +1.689118780e+05 +1.690099080e+05 +1.690099080e+05 -9.0353e-01 -3.2056e-01 -5.9639e-01 +1.2389e-01 +1.8752e-02 +7.3682e-01 -2.7647e+00 +2.9961e+00 +1.3013e+00 -2.6417e+00 -2.4812e+00 +1.7562e+00 -3.9723e-01 +9.1560e-01 -9.3783e-01 -1.3846e+00 +2.4100e+00 -6.1664e-02 +2.0849e+00 -1.7609e+00
35825 0 +1.575091969e+05 +1.576072269e+05 +1.576072269e+05 -1.2531e+00 -1.7345e+00 -1.6642e+00 -4.6086e-01 -2.0682e+00 +1.5995e+00 -2.1104e-01 +2.6203e+00 -2.7137e+00 -1.9562e+00 -1.1007e+00 +1.4327e+00 -4.5234e-01 +2.2593e+00 -1.0782e+00 +1.3822e+00 +2.1055e+00 -1.0321e-02 +8.0737e-01 -2.6304e+00
51522 0 +1.362356037e+05 +1.363336337e+05 +1.363336337e+05 +2.9889e-01 -3.5863e-01 -1.5262e+00 +2.3320e+00 -2.2895e+00 +8.5019e-01 -2.7556e+00 +2.6004e+00 -2.4723e+00 -1.8220e+00 -9.1953e-01 -9.2099e-01 -7.9716e-01 -4.3840e-01 -1.3552e+00 -1.9874e+00 -1.9218e+00 +4.8497e-02 +1.7668e+00 -2.5426e+00
178746 0 +1.286300050e+05 +1.287280350e+05 +1.287280350e+05 +1.1544e+00 -1.9062e+00 -1.8869e+00 +2.2924e+00 +2.3596e-01 +1.0646e+00 -8.4919e-01 +2.4669e+00 -1.9249e+00 -1.6323e+00 -2.7920e+00 +3.1951e-01 +2.1818e+00 +1.6118e+00 -2.4057e+00 +2.4204e-01 +3.6264e-01 +2.4025e+00 +1.8097e+00 -2.3617e+00
230765 0 +1.181160739e+05 +1.182141039e+05 +1.182141039e+05 +1.7445e+00 -2.3138e+00 -2.6785e+00 +1.6598e+00 -2.7160e+00 -1.3047e-01 -1.9659e+00 -5.9093e-01 -6.5798e-01 -2.9469e+00 -2.0645e+00 +2.2244e+00 -3.7339e-01 +2.3222e+00 -3.1787e-01 -8.5665e-01 +2.7309e+00 -4.9137e-02 +1.9962e+00 -2.9553e+00
286311 0 +1.087660051e+05 +1.088640351e+05 +1.088640351e+05 +2.3555e+00 -2.1035e+00 -2.4480e+00 +2.1055e+00 -2.2493e+00 -8.0815e-01 -2.0213e+00 +1.7721e+00 -6.1855e-01 -8.8411e-01 -5.4058e-01 -2.2500e-01 +1.6294e+00 -1.0349e-01 -9.6252e-01 +6.3848e-01 +1.7997e+00 -1.2409e+00 +1.8703e+00 -2.8216e+00
543220 0 +1.042931871e+05 +1.043912171e+05 +1.043912171e+05 -8.7944e-01 -1.7875e+00 -1.7256e+00 +2.9790e+00 +1.3087e-01 +1.7951e+00 -2.0200e+00 +2.9041e+00 -2.4652e+00 -1.1437e-01 -9.6765e-01 +8.6999e-01 -4.8977e-01 +1.0372e+00 -1.6117e+00 -1.4914e+00 +1.8946e+00 +1.6862e+00 +1.3822e+00 -2.1122e+00
1014983 0 +6.984014921e+04 +6.993817921e+04 +6.993817921e+04 +9.5406e-01 -1.2561e+00 -2.9479e+00 -1.5534e+00 -1.1290e+00 -7.3282e-02 -2.5849e+00 +2.8791e+00 -2.2106e+00 -2.8436e+00 +1.7659e-01 +1.9610e+00 +3.7359e-01 +6.3849e-01 -1.8270e-01 -2.4940e+00 +5.2848e-01 +4.3283e-01 +2.3662e+00 -2.6956e+00
3859484 0 +6.818477849e+04 +6.828280849e+04 +6.828280849e+04 +2.1332e+00 -1.6546e+00 +1.7538e+00 +2.6860e+00 +6.9397e-01 +2.2365e+00 -2.7868e+00 +2.4539e+00 -1.7237e+00 -1.2995e+00 -1.9979e+00 +2.6192e+00 -2.8543e-01 +2.7347e+00 -2.0597e+00 -2.3711e+00 +1.4893e+00 +2.7512e+00 +1.0906e+00 -2.7984e+00
4703982 0 +3.749608814e+04 +3.759411814e+04 +3.759411814e+04 +1.4604e+00 -1.1448e+00 -2.0086e+00 +2.1118e+00 -2.7300e+00 +2.8470e+00 -2.9213e+00 +2.8873e+00 -2.7238e+00 +1.1812e+00 -1.9715e-01 +2.6705e+00 +1.1387e+00 +1.3445e+00 -1.5049e-01 -1.5632e+00 +2.7797e+00 +1.6720e+00 +2.4189e+00 -2.5040e+00
% f evaluations | g evaluations | best noise-free fitness - Fopt (1.000000000000e+03) + sum g_i+ | measured fitness | best measured fitness or single-digit g-values | x1 | x2...
1 0 +4.096544553e+05 +4.106544553e+05 +4.106544553e+05 +5.8724e-01 -1.7749e+00 +9.3690e-01 -1.2486e+00 +1.0152e+00 -1.2717e+00 +7.0530e-01 -8.0403e-01 +2.2183e+00 +2.3380e+00 +2.0762e+00 -1.4598e+00 -1.0570e+00 +1.1363e+00 +1.1727e-01 +5.7611e-01 +1.3903e+00 +1.7489e+00 -4.8576e-01 -3.5268e-01
15 0 +2.829560268e+05 +2.839560268e+05 +2.839560268e+05 -7.7787e-01 +6.8912e-01 +8.9574e-01 -3.9037e-01 +2.9423e+00 +7.0964e-01 -8.4886e-01 -6.1694e-01 -2.7650e-02 -1.8382e+00 +2.7997e+00 +3.9688e-01 -2.9534e-01 -9.6358e-01 +1.5377e+00 -3.3450e-01 -1.9450e+00 +7.9549e-01 +2.2792e+00 -1.1340e+00
135 0 +2.537567527e+05 +2.547567527e+05 +2.547567527e+05 +1.1575e+00 +2.4639e+00 +1.2460e+00 +2.4493e+00 +2.3823e-01 +1.2223e+00 +1.5244e+00 -2.8509e+00 -2.6853e+00 +1.5434e+00 +9.8954e-01 -2.5474e+00 +2.2671e+00 -1.6464e-01 -1.1322e+00 +2.5111e+00 -6.0786e-01 -2.4842e+00 +1.7849e+00 -2.9977e+00
173 0 +1.845448865e+05 +1.855448865e+05 +1.855448865e+05 +1.3255e+00 +2.5764e+00 +1.4595e+00 +1.5744e+00 -2.2212e+00 +1.9444e+00 -2.5829e+00 +1.8792e-02 +1.6013e+00 +2.1980e+00 -1.3499e+00 -2.7490e+00 +4.9781e-01 +2.9208e+00 +1.3040e+00 +2.3080e+00 -2.7322e+00 -1.9075e-01 +1.2321e+00 -2.3944e+00
1051 0 +1.647995901e+05 +1.657995901e+05 +1.657995901e+05 -6.0705e-01 -1.0247e+00 +1.6531e+00 -1.3789e-02 -2.2589e-01 +1.2068e+00 -2.4509e+00 -2.3722e+00 +1.9392e+00 +4.9692e-01 +2.7172e+00 -2.6272e+00 +4.3630e-01 -4.1215e-01 +2.9192e+00 +2.9841e+00 -8.9252e-01 +1.6379e+00 +1.3910e+00 -1.4749e+00
1145 0 +1.318838892e+05 +1.328838892e+05 +1.328838892e+05 -2.9651e+00 -3.2076e-01 -8.1806e-01 +2.5318e-01 -6.5214e-01 -2.6570e-01 -2.0679e+00 -2.4626e+00 +1.1157e+00 +2.5557e+00 +7.9558e-01 -5.1364e-01 -3.1651e-01 -1.5579e+00 -1.2506e+00 +1.9608e+00 +6.0600e-01 -2.8923e+00 +1.8934e+00 -1.6190e+00
1695 0 +6.778360700e+04 +6.878360700e+04 +6.878360700e+04 -1.8470e+00 +1.9999e+00 +1.7088e+00 -2.1584e+00 -2.0622e+00 +2.0992e+00 -2.0050e+00 -2.1010e+00 +6.6069e-01 -9.9002e-02 +1.9285e+00 -2.3805e+00 -1.2811e+00 +9.2826e-01 -1.8886e+00 +1.2745e+00 -2.4396e+00 -1.4238e+00 +1.9374e+00 -1.2676e+00
129141 0 +5.907456306e+04 +6.007456306e+04 +6.007456306e+04 -1.7321e+00 +1.9166e+00 +5.7675e-01 +4.1845e-01 +8.9416e-02 +2.5935e-01 -1.8891e+00 -2.0282e+00 +2.8709e+00 -7.6946e-01 +2.7326e+00 -1.5565e+00 -1.3764e+00 -2.9334e+00 +1.8364e+00 +1.1934e+00 -2.9216e+00 +3.3127e-03 +2.3556e+00 -2.6011e+00
262193 0 +4.859994842e+04 +4.959994842e+04 +4.959994842e+04 -2.7563e+00 +9.2595e-01 +2.8245e+00 -1.3339e+00 +1.4913e-01 +1.4107e+00 -1.9101e+00 -2.3064e+00 +2.4909e+00 -2.4522e-01 +2.3456e+00 -1.1495e+00 -3.3242e-02 +2.7880e+00 -1.7834e+00 +2.4254e+00 -1.1038e+00 -2.6373e+00 +9.5004e-01 -2.9544e+00
856855 0 +4.012252050e+04 +4.112252050e+04 +4.112252050e+04 -2.7010e+00 +6.3760e-01 +2.5921e+00 -2.9462e-01 -3.4179e-01 +1.4914e+00 +1.4481e+00 -1.7207e+00 +3.8623e-01 -9.3179e-01 +2.6146e+00 -7.8973e-01 +2.5913e-01 +8.4435e-01 -1.6391e+00 +1.1785e+00 -2.2968e+00 -2.3044e+00 +2.5897e+00 -2.5459e+00
7903785 0 +3.368018396e+04 +3.468018396e+04 +3.468018396e+04 -2.5528e+00 +2.5982e+00 +1.9912e+00 -1.4018e+00 -9.2711e-02 +1.7131e+00 -1.8834e+00 -2.7619e+00 +2.6717e+00 -9.3376e-01 +2.6184e+00 -2.3923e+00 +2.3244e+00 -2.4996e+00 +1.1623e-01 +1.0916e+00 -2.4758e+00 -2.0212e-01 +1.9365e+00 -2.9302e+00
% f evaluations | g evaluations | best noise-free fitness - Fopt (1.490000000000e+00) + sum g_i+ | measured fitness | best measured fitness or single-digit g-values | x1 | x2...
1 0 +5.905968277e+05 +5.905983177e+05 +5.905983177e+05 +1.7653e+00 -2.0982e+00 +5.1092e-01 -5.7813e-01 -1.3405e+00 -5.0636e-01 +4.8924e-01 -1.0372e+00 +1.7770e+00 -1.0714e+00 +1.4348e+00 +1.1324e+00 -2.4936e+00 -1.7452e+00 +1.1148e+00 -1.8972e+00 -1.7527e+00 +2.1725e+00 +3.2897e-01 -2.6857e+00
2 0 +2.058334589e+05 +2.058349489e+05 +2.058349489e+05 +2.5025e+00 +1.4030e+00 -2.9817e+00 -1.9054e+00 +2.1594e+00 +2.5682e+00 -2.8322e+00 +2.4312e+00 +7.2085e-01 -2.6089e+00 -2.0309e-01 +1.3126e+00 +1.2355e+00 -2.4510e+00 -3.0146e-01 -3.5134e-02 +2.0147e+00 +5.5642e-01 -2.7333e+00 -1.9023e+00
505 0 +2.009037437e+05 +2.009052337e+05 +2.009052337e+05 +2.5788e+00 +2.6437e-01 -1.2239e-01 +2.3449e+00 +2.9137e+00 +1.6765e+00 -8.5058e-01 -1.7031e+00 -5.7847e-01 +1.7046e+00 +1.1997e+00 +2.5363e+00 +2.7780e+00 -1.0815e+00 +1.2954e+00 -5.0821e-01 +9.9894e-01 +2.6644e+00 -1.7509e+00 -2.3976e+00
1149 0 +1.853997384e+05 +1.854012284e+05 +1.854012284e+05 +2.2392e+00 -2.0214e+00 -1.7758e+00 -1.6702e+00 +3.9670e-01 +1.4792e+00 -9.2291e-01 +1.3024e+00 +3.0356e-01 +2.8240e-01 -2.5590e+00 +1.4854e+00 +1.5283e+00 -2.5885e+00 -2.5649e+00 -1.6025e+00 +2.9579e+00 +2.7729e+00 +4.4462e-01 +2.0977e+00
1284 0 +1.751440756e+05 +1.751455656e+05 +1.751455656e+05 +1.8930e+00 -1.2433e+00 -2.3723e+00 +1.0962e+00 +2.4941e+00 +1.1773e+00 +7.6999e-01 -7.3615e-01 -9.5096e-01 +1.2414e+00 +3.8370e-01 -2.2326e+00 +9.9279e-01 -2.5397e+00 +6.0150e-01 +8.5723e-01 +1.9689e+00 +2.4780e+00 -7.5742e-01 +5.6230e-01
3809 0 +1.617509992e+05 +1.617524892e+05 +1.617524892e+05 +2.0047e+00 -2.4762e+00 +2.4893e+00 -1.4736e+00 +1.4279e+00 +2.2325e+00 +6.5056e-01 -4.5338e-01 +4.7515e-01 +1.0312e+00 +1.4811e+00 +9.8701e-01 +1.7165e+00 -1.2932e+00 -2.5594e+00 +1.8916e+00 +2.8705e+00 +1.7940e+00 +1.4278e+00 +8.5850e-01
3886 0 +1.174566841e+05 +1.174581741e+05 +1.174581741e+05 +9.6630e-01 -2.8052e+00 -2.2809e+00 -1.6105e+00 +1.6374e+00 +2.2491e+00 -6.3754e-01 +1.9057e+00 +1.5690e+00 -1.9705e+00 +3.6643e-01 -3.4676e-03 +2.0951e+00 -1.9746e+00 -2.0673e+00 +1.7626e+00 +4.4276e-01 +2.2896e+00 -1.1786e+00 +5.1592e-01
5809 0 +1.138324421e+05 +1.138339321e+05 +1.138339321e+05 +2.4310e+00 -1.3829e+00 -6.2013e-01 -7.5261e-01 +2.2866e+00 +2.9325e+00 -2.3077e+00 +2.9553e+00 +7.1810e-01 -2.0965e+00 +3.3023e-01 +2.7405e-01 -1.1708e+00 +4.3559e-02 +1.0593e-01 -6.6409e-01 +1.4346e+00 +2.5547e+00 -1.5484e+00 +8.4765e-01
8929 0 +1.005156571e+05 +1.005171471e+05 +1.005171471e+05 +2.2114e+00 -1.5579e+00 -2.5075e-01 -2.4933e+00 +2.0261e+00 +1.4449e+00 -1.6998e+00 +1.7501e+00 +1.6666e+00 -7.0041e-01 +2.2481e+00 +7.2865e-01 +2.6444e+00 -2.6187e+00 -1.5835e+00 +2.4209e+00 +1.1542e-01 +1.0041e+00 +1.8843e+00 +6.9885e-01
34807 0 +9.945002598e+04 +9.945151598e+04 +9.945151598e+04 +2.4809e+00 -6.4918e-01 +2.4895e+00 +5.2622e-01 +2.3036e+00 +1.5864e+00 -2.3750e+00 +1.6309e-02 +5.0459e-01 -6.4472e-01 -4.4881e-01 -5.4808e-01 +5.7998e-01 +1.0478e+00 -2.3288e+00 -1.1688e+00 +2.8885e+00 +2.9988e+00 -2.2730e+00 -9.1212e-01
43674 0 +7.824573442e+04 +7.824722442e+04 +7.824722442e+04 +2.4355e+00 -2.8836e+00 +6.4623e-01 -3.3880e-01 +1.4905e+00 +2.5280e+00 -1.2217e+00 +2.4683e+00 -9.1043e-01 +1.9373e+00 +1.5170e+00 -2.2309e+00 +2.7945e+00 -1.1238e+00 -1.2770e+00 +2.3538e+00 +1.2709e-03 +2.9080e+00 -6.4343e-01 -1.6927e+00
214943 0 +6.790631915e+04 +6.790780915e+04 +6.790780915e+04 +2.0904e+00 -2.1764e+00 +1.9826e+00 -2.9488e+00 +2.0350e+00 +2.7099e+00 -2.3026e+00 +2.1910e+00 +2.2733e+00 +6.5403e-01 -9.0425e-01 -1.9537e+00 +2.7421e+00 -1.6122e+00 -1.7398e+00 +5.7664e-01 +2.1614e+00 +2.5939e+00 +1.8375e+00 +1.4536e+00
537076 0 +6.377044284e+04 +6.377193284e+04 +6.377193284e+04 +2.6798e+00 -2.0486e+00 +1.5454e+00 +7.8739e-01 +2.5195e+00 +1.0130e+00 +2.9302e-01 +2.2284e+00 +2.3099e-01 -1.0047e+00 +1.0345e+00 +1.2902e+00 +1.2039e+00 -2.2467e+00 -2.6729e+00 -1.7890e+00 +1.1207e+00 +2.8642e+00 +1.0470e+00 -1.6239e+00
715723 0 +4.667822818e+04 +4.667971818e+04 +4.667971818e+04 +2.9221e+00 -1.2355e+00 -1.1006e+00 -6.2724e-01 +2.0845e+00 +1.8025e+00 -2.3882e+00 +1.8541e+00 +5.6923e-01 -1.8405e+00 +2.0189e+00 +6.0048e-01 +1.5653e+00 -1.7614e+00 +5.2620e-01 +1.7474e+00 +1.3030e+00 +2.5314e+00 -5.7292e-01 -1.2483e+00
% f evaluations | g evaluations | best noise-free fitness - Fopt (5.963500000000e+02) + sum g_i+ | measured fitness | best measured fitness or single-digit g-values | x1 | x2...
1 0 +9.792952988e+05 +9.798916488e+05 +9.798916488e+05 +9.7348e-01 +6.5125e-01 -8.3114e-01 -2.5546e+00 +3.6792e-01 +6.3436e-01 -2.2860e-01 +1.0846e+00 -1.2021e+00 +1.1774e+00 +5.4460e-01 +2.5635e-01 +4.1922e-01 +1.4044e-01 -1.5255e+00 -4.7929e-01 -1.1847e+00 -5.1842e-01 -1.8987e+00 -2.4240e+00
4 0 +7.483432298e+05 +7.489395798e+05 +7.489395798e+05 -1.2022e+00 +2.2434e+00 +5.0182e-01 -8.9916e-01 +4.6190e-01 +2.1676e+00 -2.8500e+00 -7.4067e-01 +1.9390e+00 -1.2270e+00 -1.6035e-01 -1.7239e+00 -2.5970e+00 +1.6843e+00 +1.3986e+00 +1.7774e-02 +1.1574e+00 -2.1583e+00 -1.7273e+00 -1.2696e+00
8 0 +6.301449935e+05 +6.307413435e+05 +6.307413435e+05 -2.2492e+00 -1.9783e+00 +3.3277e-01 +4.4201e-01 -1.8112e+00 +8.3443e-01 +2.5287e+00 +2.7821e+00 +1.0503e+00 -2.7967e+00 -9.2153e-01 -1.3995e+00 -1.1657e+00 -1.3801e+00 +1.8202e-01 -1.0971e+00 +1.2694e+00 +2.8856e+00 -2.6563e+00 +6.0786e-01
12 0 +6.082717764e+05 +6.088681264e+05 +6.088681264e+05 -1.2594e-01 -1.9719e+00 +8.7333e-01 -5.0249e-01 -7.5685e-01 -1.9283e+00 +6.1067e-01 +1.7298e+00 +2.2587e+00 -2.8360e+00 +6.7393e-01 +9.0567e-01 +6.0731e-02 +2.7566e+00 -4.4746e-01 -2.5288e-01 +2.6013e+00 -2.1274e+00 -1.0652e+00 -7.7407e-01
22 0 +5.835125128e+05 +5.841088628e+05 +5.841088628e+05 +3.3877e-01 +1.0273e+00 -1.7757e+00 -1.2208e+00 -9.9542e-01 +1.7312e+00 +1.9711e+00 +6.3057e-01 -1.0486e+00 +1.1436e+00 -1.6443e+00 -4.5512e-01 +7.0320e-01 -1.4841e+00 +2.9825e+00 -1.1285e+00 -1.1229e+00 +4.6176e-01 -9.5982e-01 -8.3357e-01
23 0 +5.038521470e+05 +5.044484970e+05 +5.044484970e+05 -1.2413e+00 +1.1237e+00 +1.9210e+00 +2.6623e+00 -2.9424e-01 +1.9865e+00 -2.0851e+00 +1.5804e+00 -7.3795e-01 -2.9535e+00 +6.1818e-01 -1.1020e+00 -1.9316e+00 +1.8239e+00 -1.7025e+00 -2.4498e+00 +3.6021e-01 -2.2014e+00 +1.3271e+00 +2.8212e+00
120 0 +3.428635489e+05 +3.434598989e+05 +3.434598989e+05 -2.1655e+00 -2.4684e+00 +1.8153e+00 +2.1642e+00 -1.9329e-01 +1.1829e-01 -2.1433e+00 +2.5270e+00 +9.7306e-01 +1.9249e+00 -1.7087e+00 +1.2900e+00 +5.5575e-01 -9.8953e-01 +1.8260e+00 -2.7114e+00 -5.6111e-01 -2.1096e-02 +1.0878e+00 +2.3547e+00
349 0 +3.280490794e+05 +3.286454294e+05 +3.286454294e+05 -2.4296e+00 +9.0452e-01 -1.0365e+00 +1.4503e+00 -2.0752e+00 +1.5478e+00 +2.8897e+00 +2.2586e+00 -9.0287e-01 -1.4816e+00 -9.4607e-01 -4.5913e-01 -5.5172e-01 -1.3864e-01 -2.3132e+00 -1.0683e+00 +1.3398e-01 -1.5718e+00 +1.8302e-01 -2.3585e+00
678 0 +3.204425105e+05 +3.210388605e+05 +3.210388605e+05 -2.1203e+00 +7.7062e-01 +1.7673e+00 +7.3569e-01 -2.0099e+00 +1.2204e+00 -2.9588e-01 +2.8553e+00 -1.5703e+00 +2.2543e+00 -2.7599e+00 +2.3095e+00 +1.3366e+00 +2.8095e+00 +1.4690e+00 -1.9391e+00 -2.1113e+00 -2.4638e+00 +1.3257e+00 -1.3319e+00
742 0 +2.836963360e+05 +2.842926860e+05 +2.842926860e+05 +9.1244e-01 -1.0346e+00 +1.6075e+00 +1.8191e+00 -5.4238e-01 +2.6640e+00 -1.7129e+00 +2.7477e+00 -2.7651e+00 -2.2992e+00 -2.6215e+00 +2.6578e+00 +2.3354e+00 +7.1628e-01 +1.3177e+00 +4.9108e-01 +2.7883e+00 -2.9293e+00 -1.7861e+00 -1.8900e+00
1083 0 +1.519309972e+05 +1.525273472e+05 +1.525273472e+05 -2.5786e+00 +1.2183e+00 +2.5970e+00 +1.6550e+00 -1.4694e+00 +2.4744e+00 +2.1646e+00 +1.8858e+00 -1.6290e-01 +2.9409e-01 -1.4318e+00 +2.9323e+00 +3.0680e-01 -1.9835e+00 +2.1315e+00 -2.0237e+00 +2.0627e+00 -1.9153e+00 -7.0561e-01 +1.5561e+00
3785 0 +1.336710887e+05 +1.342674387e+05 +1.342674387e+05 -2.1495e+00 +7.1402e-01 +1.5312e+00 -4.6282e-02 +2.2936e+00 +2.6382e+00 +6.9388e-01 +2.6763e+00 -2.3247e+00 +2.5390e+00 +9.3675e-01 -4.5223e-02 -2.6817e+00 -5.3092e-01 +1.5835e+00 -1.8080e+00 +2.3190e+00 -2.9811e+00 -2.6861e+00 -4.4440e-02
145852 0 +1.214026856e+05 +1.219990356e+05 +1.219990356e+05 -2.4017e+00 -1.3160e+00 +1.0669e+00 +2.5581e+00 +2.0111e+00 +2.7407e+00 +1.7123e+00 +2.1141e+00 -2.7855e+00 -9.9753e-01 -2.9007e+00 +2.6890e+00 +2.4608e+00 -2.8502e+00 +2.1949e+00 -1.5942e+00 +1.3320e+00 -2.5997e+00 -6.0337e-01 +1.4793e+00
811811 0 +1.166037376e+05 +1.172000876e+05 +1.172000876e+05 -1.9227e+00 -1.2722e+00 +2.3864e+00 +1.6585e+00 -2.0305e+00 +2.9329e+00 +1.7833e+00 +2.9252e+00 -2.7327e+00 -1.2898e+00 -1.5409e+00 -2.8631e+00 +4.7971e-01 +1.7490e+00 +1.7435e+00 -2.5323e+00 +7.7169e-01 -2.6826e+00 -5.1518e-01 -5.8384e-01
906029 0 +1.090029379e+05 +1.095992879e+05 +1.095992879e+05 -2.2475e+00 +1.1248e+00 +1.6748e+00 +1.0969e+00 +3.7585e-01 +1.4191e+00 +2.5325e+00 +2.9620e+00 -2.6286e+00 +1.6966e+00 -1.7672e+00 +2.5342e+00 -1.2708e+00 +1.4957e+00 -8.4930e-01 -2.3837e+00 +1.4729e+00 -1.9561e+00 -2.1927e+00 +2.0038e+00
906763 0 +8.888139935e+04 +8.947774935e+04 +8.947774935e+04 -2.2310e+00 +1.5376e+00 +1.8973e+00 +2.0182e+00 -3.9175e-02 +2.6105e+00 +2.0225e+00 +1.4358e+00 -1.9244e+00 -2.3055e+00 -9.0536e-01 -2.3420e-01 -2.7918e+00 +2.5123e-01 +2.2964e+00 -2.7378e+00 -5.9513e-01 -2.4522e+00 -2.4946e+00 -1.7386e+00
996920 0 +7.095443697e+04 +7.155078697e+04 +7.155078697e+04 -1.0910e+00 -2.6284e+00 +1.4932e+00 +2.9123e+00 -1.1892e-01 +2.7398e+00 +6.7947e-01 +2.7058e+00 -2.6105e+00 -2.0465e+00 -2.4314e+00 +2.8339e+00 +2.9814e+00 +6.7403e-01 +2.3629e+00 -2.5924e+00 +1.4753e+00 -2.7045e+00 -9.7594e-01 +1.2540e-01
6891282 0 +7.023813355e+04 +7.083448355e+04 +7.083448355e+04 -1.8111e+00 -9.7159e-01 -8.1977e-01 +2.2863e+00 -7.2841e-01 +1.0370e+00 -5.3507e-01 +2.6504e+00 -2.4423e+00 -1.3376e+00 -2.3250e+00 +2.7633e+00 -6.9507e-01 -2.1453e+00 +2.4257e-01 -2.8467e+00 +7.4402e-02 -2.9231e+00 -2.4613e+00 -1.3639e+00
11603847 0 +3.364540821e+04 +3.424175821e+04 +3.424175821e+04 -1.2600e+00 -2.2862e+00 +2.1325e+00 +2.6039e+00 +1.3572e+00 +2.9824e+00 -1.0114e+00 +2.7257e+00 -2.9816e+00 +1.3833e+00 -1.8703e+00 +2.0003e+00 -5.0882e-01 +4.6269e-02 +2.1791e+00 -2.4800e+00 +2.2659e+00 -2.5805e+00 -2.5954e+00 +5.6424e-01
% f evaluations | g evaluations | best noise-free fitness - Fopt (-1.189700000000e+02) + sum g_i+ | measured fitness | best measured fitness or single-digit g-values | x1 | x2...
1 0 +1.686090454e+06 +1.685971484e+06 +1.685971484e+06 +2.9962e+00 -7.6815e-01 +3.1475e-01 -5.4436e-01 +1.1043e+00 +1.8102e-01 -3.3229e-01 +1.1241e+00 +1.0833e+00 -5.1131e-01 -2.0152e+00 +1.1671e+00 -1.2011e+00 -2.6559e+00 -8.8156e-01 -2.5237e+00 +2.0957e-01 -1.0977e-01 +2.9829e+00 +1.3862e+00
2 0 +1.671601767e+06 +1.671482797e+06 +1.671482797e+06 -1.1087e-01 -1.8635e+00 +1.9936e+00 +2.6875e+00 +1.0775e-01 +4.3624e-01 -9.6105e-01 +2.8332e+00 +2.6865e+00 -2.8343e-01 +1.8277e-01 -1.7434e+00 -2.6274e+00 +1.7213e+00 -2.4027e+00 +1.1929e+00 -2.8946e+00 -1.5109e+00 -2.9335e+00 +1.3486e+00
4 0 +1.557514495e+06 +1.557395525e+06 +1.557395525e+06 -1.1561e+00 +1.2197e-01 -1.8655e+00 -1.3336e+00 -2.1740e+00 -2.8162e+00 -5.6339e-01 -1.3721e+00 +1.0859e+00 -2.3181e+00 +2.0390e+00 -1.6069e+00 -2.6336e+00 -2.7365e+00 +2.4998e+00 -2.0779e+00 -1.5191e-02 +2.2263e+00 +1.3889e+00 +1.6981e-01
7 0 +1.534791542e+06 +1.534672572e+06 +1.534672572e+06 -6.0537e-02 -1.9954e+00 -2.5574e+00 -1.3729e+00 +2.8268e+00 +1.3718e-01 -5.1823e-01 -6.2733e-01 -2.4282e+00 -2.2500e+00 +1.6355e+00 +1.5193e+00 -2.1595e+00 +1.8475e+00 -2.6677e+00 -1.2733e+00 -1.4716e+00 -2.8184e+00 -2.2272e+00 -1.3522e+00
9 0 +1.253596875e+06 +1.253477905e+06 +1.253477905e+06 +2.1824e+00 +1.0142e+00 +9.3971e-01 +1.3489e+00 +1.2515e+00 +2.7801e-01 +1.8470e+00 -1.3693e+00 -7.8727e-01 -9.8335e-01 -6.1382e-02 +2.6725e+00 +1.0178e+00 -1.9286e+00 +2.6002e+00 +6.2676e-01 -1.6154e+00 +2.6285e+00 +1.8300e+00 -1.5560e-01
10 0 +1.097745393e+06 +1.097626423e+06 +1.097626423e+06 -2.0104e+00 -5.3896e-01 +2.1546e-01 +2.3777e+00 -8.8230e-01 -2.6404e+00 +2.0506e+00 +1.7325e+00 -2.7199e+00 +2.2971e-01 -1.1038e-01 -1.5586e+00 -5.5304e-01 +5.2517e-01 +4.3901e-01 -6.3519e-01 +2.1966e+00 -2.9085e+00 -1.8052e+00 +2.1277e+00
14 0 +1.084658000e+06 +1.084539030e+06 +1.084539030e+06 +2.8401e-01 +1.3329e+00 -1.8144e+00 -2.3990e+00 -2.7984e+00 +5.9353e-01 -5.5605e-01 -1.6621e+00 -2.7214e+00 -1.0519e+00 -1.6729e-01 -7.1188e-02 -2.6374e+00 -1.4931e+00 -2.9097e+00 +2.4047e+00 -4.1043e-01 +1.4053e+00 -1.9594e+00 -1.6388e+00
25 0 +6.079829273e+05 +6.078639573e+05 +6.078639573e+05 -5.1923e-01 -1.8408e+00 +2.2099e+00 +2.6378e+00 -3.6028e-01 -8.4246e-01 +1.5314e+00 +1.0852e+00 -4.4791e-01 -2.4116e+00 -2.9595e+00 -2.5664e+00 +2.7526e+00 -2.1736e+00 +7.7563e-02 +2.7475e+00 +7.9071e-01 +2.2724e+00 +1.2089e+00 +1.1085e+00
81 0 +4.904019253e+05 +4.902829553e+05 +4.902829553e+05 -1.2950e+00 -1.5573e+00 +1.8322e+00 -1.4495e+00 -1.6601e+00 -2.2754e+00 -2.2810e+00 -2.5056e-01 -1.3516e+00 -1.9525e+00 -2.7879e+00 +1.6742e+00 -2.5685e+00 +1.7273e+00 -1.6153e+00 +2.8521e+00 +2.1977e+00 +4.8125e-01 +6.5548e-01 +9.5531e-01
4224 0 +4.037116542e+05 +4.035926842e+05 +4.035926842e+05 -2.9489e-01 +1.4336e-01 -7.1981e-01 +1.9811e+00 +2.6735e+00 -6.9476e-01 +2.7811e-01 -1.0164e+00 -2.1824e+00 +2.9794e-01 +2.2539e-01 -2.5695e+00 +2.9122e+00 +1.4442e+00 -2.1945e+00 +2.7068e+00 +2.9877e+00 +2.7115e+00 +2.2231e+00 +2.7165e+00
10213 0 +2.818408819e+05 +2.817219119e+05 +2.817219119e+05 -2.5394e+00 +2.9500e+00 +6.5674e-01 +1.7134e+00 +1.2407e+00 -1.2093e+00 -2.7856e+00 +2.5949e+00 -1.6769e+00 -1.2596e+00 -2.8116e+00 +1.1022e+00 -1.6976e+00 +1.2086e+00 -2.0366e+00 +2.5705e+00 +2.7680e+00 +1.9409e+00 +6.8675e-01 +1.5570e-01
79573 0 +2.667477897e+05 +2.666288197e+05 +2.666288197e+05 -2.0425e+00 +4.5853e-01 -5.8989e-01 +1.3938e+00 -1.1643e-01 -1.8452e+00 -1.6349e+00 -7.3862e-03 -2.9840e+00 -2.8334e+00 -2.1922e+00 -4.6818e-01 +1.1153e+00 +2.8951e+00 -1.2807e+00 +2.5647e+00 +2.3141e+00 +7.5830e-01 +1.8838e+00 -1.7156e+00
637743 0 +2.615876086e+05 +2.614686386e+05 +2.614686386e+05 -1.6380e+00 -5.3086e-01 -1.4375e+00 +1.4615e+00 +1.7146e+00 +4.0038e-01 -1.7363e+00 -7.5789e-01 -2.9249e+00 -2.8718e+00 -1.5227e+00 -8.1022e-01 +1.0752e+00 +2.2535e+00 -1.5956e+00 +2.4672e+00 +2.6914e+00 +2.1900e+00 +2.9582e+00 +1.1567e+00
2161215 0 +2.391555463e+05 +2.390365763e+05 +2.390365763e+05 -3.4447e-01 +2.8655e+00 +9.1152e-01 +2.2357e+00 -1.2525e+00 -1.9034e+00 -2.6432e-01 -4.4143e-01 -1.8225e+00 -2.9477e+00 -2.0380e+00 -1.4857e+00 +6.5214e-02 +6.6210e-01 -2.9480e+00 +2.5200e+00 +2.8871e+00 +1.9072e+00 +2.9272e-01 +4.1764e-01
2357184 0 +2.162394016e+05 +2.161204316e+05 +2.161204316e+05 -2.9379e+00 +2.0248e+00 +1.7169e+00 +2.6972e+00 -1.2278e+00 -2.2033e+00 -2.0038e+00 +2.4652e+00 -2.7043e+00 -1.3543e+00 -2.6415e+00 -2.9702e+00 -1.7665e+00 +8.7426e-01 +1.3744e+00 +2.7584e+00 +2.6134e+00 +2.7223e+00 +2.4020e+00 -2.8403e+00
2782570 0 +2.080010281e+05 +2.078820581e+05 +2.078820581e+05 -7.3808e-01 +2.6682e+00 -2.6360e+00 +2.7936e+00 +6.8232e-01 -2.5321e+00 -8.8792e-01 +6.0147e-01 -2.3492e+00 -2.6386e+00 -1.4705e+00 -2.1428e-01 -5.6946e-01 -4.5736e-01 -2.6417e+00 +2.6953e+00 +2.9518e+00 +2.3403e+00 +1.2342e+00 -9.9893e-01
6847573 0 +1.909277936e+05 +1.908088236e+05 +1.908088236e+05 -1.0317e+00 +1.7263e+00 +2.5789e+00 +1.9393e+00 +1.1285e-01 -2.3913e+00 -2.1604e+00 +1.7125e-01 -2.8673e+00 -2.8315e+00 -2.6932e+00 -2.8775e+00 +2.1372e+00 +8.2459e-01 -8.6295e-01 +2.6980e+00 +2.8941e+00 +2.9095e+00 +9.0340e-01 -9.2558e-01
9443631 0 +1.766136500e+05 +1.764946800e+05 +1.764946800e+05 +6.2125e-01 +1.2670e+00 -9.6054e-01 +2.9972e+00 +1.5941e+00 -2.8588e+00 -2.8637e+00 -2.5411e-01 -7.6605e-01 -2.9532e+00 -2.5787e+00 -2.2463e+00 -2.6547e+00 +2.9647e+00 -8.2820e-01 +1.7004e+00 +1.4951e+00 +2.0088e+00 +2.1103e+00 -7.8433e-02
10459736 0 +1.600860409e+05 +1.599670709e+05 +1.599670709e+05 -1.2903e+00 +7.9250e-01 -2.6743e+00 +1.4821e+00 +1.2760e+00 -2.3583e+00 -2.9775e+00 +1.6859e+00 -2.6894e+00 -1.9192e+00 -2.2066e+00 -2.7483e+00 -2.3662e+00 -6.0615e-01 -1.4466e+00 +2.7640e+00 +2.2400e+00 +2.3125e+00 +1.1487e-01 +3.0059e-01
10557614 0 +1.446068965e+05 +1.444879265e+05 +1.444879265e+05 +4.3051e-01 +2.5359e+00 -1.7449e+00 +2.6112e+00 +2.2669e+00 -2.2336e+00 -2.8303e+00 -2.6156e-01 -2.7624e+00 -2.2231e+00 -2.3643e+00 -2.4750e+00 +1.9170e-02 +2.1579e+00 -9.0985e-01 +2.2710e+00 +2.4895e+00 +2.6983e+00 +2.2647e+00 +8.1423e-01
