% function evaluation | noise-free fitness - Fopt (-1.694000000000e+01) | best noise-free fitness - Fopt | measured fitness | best measured fitness | x1 | x2...
1 +2.701470630e+01 +2.701470630e+01 +1.007470630e+01 +1.007470630e+01 +4.9203e+00 -4.5906e+00 -2.7931e-01
4 +6.196623336e+00 +6.196623336e+00 -1.074337666e+01 -1.074337666e+01 +3.8729e+00 -2.1060e-01 -2.5624e+00
6 +3.256406041e+00 +3.256406041e+00 -1.368359396e+01 -1.368359396e+01 +2.6049e+00 +3.7499e-01 -6.4018e-01
131 +2.683641906e+00 +2.683641906e+00 -1.425635809e+01 -1.425635809e+01 +4.5871e+00 +2.8633e+00 -2.6251e-01
347 +2.246272367e+00 +2.246272367e+00 -1.469372763e+01 -1.469372763e+01 +3.3490e+00 +2.0084e+00 -1.8363e+00
1169 +1.967093386e+00 +1.967093386e+00 -1.497290661e+01 -1.497290661e+01 +4.0523e+00 +2.2085e+00 -2.1160e+00
2351 +1.565619001e+00 +1.565619001e+00 -1.537438100e+01 -1.537438100e+01 +3.4359e+00 +3.4972e+00 -1.4593e+00
2894 +1.427368911e+00 +1.427368911e+00 -1.551263109e+01 -1.551263109e+01 +3.5031e+00 +3.0257e+00 -1.0295e+00
3042 +8.578366636e-01 +8.578366636e-01 -1.608216334e+01 -1.608216334e+01 +3.0266e+00 +2.4698e+00 -1.5737e+00
4591 +8.076162565e-01 +8.076162565e-01 -1.613238374e+01 -1.613238374e+01 +3.9542e+00 +2.7942e+00 -1.6103e+00
5246 +6.046402663e-01 +6.046402663e-01 -1.633535973e+01 -1.633535973e+01 +3.5938e+00 +2.6075e+00 -1.6525e+00
31538 +4.805711704e-01 +4.805711704e-01 -1.645942883e+01 -1.645942883e+01 +3.5258e+00 +2.5330e+00 -1.3320e+00
37462 +2.006384804e-01 +2.006384804e-01 -1.673936152e+01 -1.673936152e+01 +3.7470e+00 +2.5636e+00 -1.4580e+00
854536 +1.491351368e-01 +1.491351368e-01 -1.679086486e+01 -1.679086486e+01 +3.5139e+00 +2.4674e+00 -1.4434e+00
3984406 +1.163502916e-01 +1.163502916e-01 -1.682364971e+01 -1.682364971e+01 +3.5735e+00 +2.5338e+00 -1.5613e+00
4039549 +1.036346635e-01 +1.036346635e-01 -1.683636534e+01 -1.683636534e+01 +3.7061e+00 +2.5554e+00 -1.5115e+00
6666982 +7.171075713e-02 +7.171075713e-02 -1.686828924e+01 -1.686828924e+01 +3.6376e+00 +2.5268e+00 -1.5343e+00
6779381 +4.500512454e-02 +4.500512454e-02 -1.689499488e+01 -1.689499488e+01 +3.6757e+00 +2.5494e+00 -1.5237e+00
20946860 +3.585666616e-02 +3.585666616e-02 -1.690414333e+01 -1.690414333e+01 +3.6382e+00 +2.5466e+00 -1.5248e+00
% function evaluation | noise-free fitness - Fopt (1.881000000000e+01) | best noise-free fitness - Fopt | measured fitness | best measured fitness | x1 | x2...
1 +1.718733189e+01 +1.718733189e+01 +3.599733189e+01 +3.599733189e+01 -8.1311e-01 +4.9667e-01 -4.2423e+00
3 +1.218393550e+01 +1.218393550e+01 +3.099393550e+01 +3.099393550e+01 +1.5166e+00 -1.6267e+00 +1.4195e+00
5 +9.259667255e+00 +9.259667255e+00 +2.806966725e+01 +2.806966725e+01 +2.3098e+00 -2.5074e-01 +6.9966e-01
6 +5.119394904e+00 +5.119394904e+00 +2.392939490e+01 +2.392939490e+01 +1.1541e+00 +2.0250e+00 -2.0424e+00
72 +2.295408236e+00 +2.295408236e+00 +2.110540824e+01 +2.110540824e+01 +1.1698e+00 +2.7882e+00 -8.2499e-01
125 +1.930663208e+00 +1.930663208e+00 +2.074066321e+01 +2.074066321e+01 +4.7921e-01 +1.1853e+00 -1.5774e+00
990 +1.444138360e+00 +1.444138360e+00 +2.025413836e+01 +2.025413836e+01 -7.0647e-01 +1.6694e+00 -4.6474e-01
2502 +1.282721392e+00 +1.282721392e+00 +2.009272139e+01 +2.009272139e+01 +7.0214e-02 +2.1419e+00 -7.2887e-01
2911 +9.193085229e-01 +9.193085229e-01 +1.972930852e+01 +1.972930852e+01 -6.7535e-01 +1.3255e+00 -6.0320e-01
3822 +8.909819809e-01 +8.909819809e-01 +1.970098198e+01 +1.970098198e+01 +9.3361e-01 +2.3599e+00 -1.4972e+00
5409 +5.324765954e-01 +5.324765954e-01 +1.934247660e+01 +1.934247660e+01 -1.0834e-01 +1.8469e+00 -7.4705e-01
5782 +4.540453603e-01 +4.540453603e-01 +1.926404536e+01 +1.926404536e+01 -2.9213e-01 +1.5211e+00 -5.5124e-01
65041 +3.393487242e-01 +3.393487242e-01 +1.914934872e+01 +1.914934872e+01 -3.6217e-01 +1.6365e+00 -6.3321e-01
150817 +1.684468887e-01 +1.684468887e-01 +1.897844689e+01 +1.897844689e+01 -1.6689e-01 +1.7671e+00 -8.5754e-01
498248 +1.530850538e-01 +1.530850538e-01 +1.896308505e+01 +1.896308505e+01 -2.3055e-01 +1.7990e+00 -8.0555e-01
625927 +1.141205187e-01 +1.141205187e-01 +1.892412052e+01 +1.892412052e+01 -1.1026e-01 +1.8012e+00 -8.7504e-01
894288 +5.717068240e-02 +5.717068240e-02 +1.886717068e+01 +1.886717068e+01 -2.2862e-01 +1.7704e+00 -8.0334e-01
% function evaluation | noise-free fitness - Fopt (2.731500000000e+02) | best noise-free fitness - Fopt | measured fitness | best measured fitness | x1 | x2...
1 +5.760606554e+02 +5.760606554e+02 +8.492106554e+02 +8.492106554e+02 +3.9052e+00 -4.2561e-01 -4.0523e+00
2 +5.266268330e+01 +5.266268330e+01 +3.258126833e+02 +3.258126833e+02 -4.8333e+00 -2.8971e-01 +4.4288e+00
4 +3.165180977e+01 +3.165180977e+01 +3.048018098e+02 +3.048018098e+02 -5.9730e-01 -3.1734e-01 -7.0750e-01
7 +8.401197241e+00 +8.401197241e+00 +2.815511972e+02 +2.815511972e+02 -4.6987e+00 +4.4708e+00 -1.8690e+00
11 +2.642752489e+00 +2.642752489e+00 +2.757927525e+02 +2.757927525e+02 -3.0747e+00 +4.8801e+00 -8.3769e-01
83 +2.451196109e+00 +2.451196109e+00 +2.756011961e+02 +2.756011961e+02 -3.1549e+00 +3.2322e+00 -2.1089e-01
704 +1.851563312e+00 +1.851563312e+00 +2.750015633e+02 +2.750015633e+02 -4.3299e+00 +1.9477e+00 -8.6023e-01
1677 +7.777579030e-01 +7.777579030e-01 +2.739277579e+02 +2.739277579e+02 -3.4355e+00 +4.0399e+00 -8.0518e-01
11381 +4.156944083e-01 +4.156944083e-01 +2.735656944e+02 +2.735656944e+02 -4.0812e+00 +2.8115e+00 -5.9131e-01
12084 +2.618962606e-01 +2.618962606e-01 +2.734118963e+02 +2.734118963e+02 -3.4694e+00 +3.8682e+00 -5.0888e-01
48877 +1.401885479e-01 +1.401885479e-01 +2.732901885e+02 +2.732901885e+02 -3.5431e+00 +3.8346e+00 -4.4628e-01
371292 +1.350003214e-01 +1.350003214e-01 +2.732850003e+02 +2.732850003e+02 -3.5956e+00 +3.6497e+00 -5.1294e-01
1115577 +1.037040058e-01 +1.037040058e-01 +2.732537040e+02 +2.732537040e+02 -3.6727e+00 +3.6297e+00 -4.7883e-01
2271857 +7.016715443e-02 +7.016715443e-02 +2.732201672e+02 +2.732201672e+02 -3.6103e+00 +3.7332e+00 -4.9389e-01
5635122 +4.439158157e-02 +4.439158157e-02 +2.731943916e+02 +2.731943916e+02 -3.6002e+00 +3.6957e+00 -4.7503e-01
13354915 +3.946432129e-02 +3.946432129e-02 +2.731894643e+02 +2.731894643e+02 -3.5692e+00 +3.7473e+00 -4.5983e-01
% function evaluation | noise-free fitness - Fopt (3.718000000000e+01) | best noise-free fitness - Fopt | measured fitness | best measured fitness | x1 | x2...
1 +1.081501548e+01 +1.081501548e+01 +4.799501548e+01 +4.799501548e+01 +3.1526e+00 +2.2111e+00 +2.9222e+00
16 +7.755369769e+00 +7.755369769e+00 +4.493536977e+01 +4.493536977e+01 -3.8060e+00 +3.4920e+00 +7.6915e-01
40 +7.200324967e+00 +7.200324967e+00 +4.438032497e+01 +4.438032497e+01 -3.4512e-01 +1.7316e-01 +3.5106e+00
81 +4.187599232e+00 +4.187599232e+00 +4.136759923e+01 +4.136759923e+01 +3.3636e+00 +2.5693e+00 +1.0179e+00
261 +3.543980210e+00 +3.543980210e+00 +4.072398021e+01 +4.072398021e+01 -4.1735e+00 +2.3564e+00 +3.4188e+00
361 +2.858248462e+00 +2.858248462e+00 +4.003824846e+01 +4.003824846e+01 -4.7381e+00 +2.5804e+00 +2.0336e+00
365 +2.591918255e+00 +2.591918255e+00 +3.977191826e+01 +3.977191826e+01 -2.8318e+00 +1.4369e+00 +2.6987e+00
481 +1.113270445e+00 +1.113270445e+00 +3.829327045e+01 +3.829327045e+01 -3.9425e+00 +1.8243e+00 +2.3545e+00
5317 +2.258071585e-01 +2.258071585e-01 +3.740580716e+01 +3.740580716e+01 -3.8360e+00 +2.0482e+00 +2.0988e+00
30691 +2.166188401e-01 +2.166188401e-01 +3.739661884e+01 +3.739661884e+01 -3.7831e+00 +2.0195e+00 +2.0778e+00
337056 +1.515150798e-01 +1.515150798e-01 +3.733151508e+01 +3.733151508e+01 -3.8838e+00 +2.0639e+00 +1.9996e+00
838259 +1.131942764e-01 +1.131942764e-01 +3.729319428e+01 +3.729319428e+01 -3.7507e+00 +2.1466e+00 +2.0729e+00
2683817 +8.213898921e-02 +8.213898921e-02 +3.726213899e+01 +3.726213899e+01 -3.8655e+00 +2.0560e+00 +2.0286e+00
3063635 +7.749520583e-02 +7.749520583e-02 +3.725749521e+01 +3.725749521e+01 -3.9413e+00 +2.0550e+00 +2.0469e+00
7998306 +5.990965720e-02 +5.990965720e-02 +3.723990966e+01 +3.723990966e+01 -3.9178e+00 +2.0341e+00 +2.0327e+00
% function evaluation | noise-free fitness - Fopt (-1.479000000000e+02) | best noise-free fitness - Fopt | measured fitness | best measured fitness | x1 | x2...
1 +2.860850910e+01 +2.860850910e+01 -1.192914909e+02 -1.192914909e+02 +4.5925e+00 -1.9570e+00 -3.7551e+00
2 +1.492358798e+01 +1.492358798e+01 -1.329764120e+02 -1.329764120e+02 -1.7421e+00 -1.2814e+00 +4.5026e+00
11 +1.074997573e+01 +1.074997573e+01 -1.371500243e+02 -1.371500243e+02 +8.9007e-01 -2.6473e+00 -1.8737e-01
17 +6.286261351e+00 +6.286261351e+00 -1.416137386e+02 -1.416137386e+02 -3.2849e+00 +2.9466e-01 +2.0282e+00
63 +4.243842125e+00 +4.243842125e+00 -1.436561579e+02 -1.436561579e+02 -3.8279e-01 +2.3645e+00 +1.8269e+00
161 +4.107443397e+00 +4.107443397e+00 -1.437925566e+02 -1.437925566e+02 -4.3477e-01 -1.7547e+00 +1.2664e+00
214 +1.725300516e+00 +1.725300516e+00 -1.461746995e+02 -1.461746995e+02 -1.8755e+00 +1.1404e+00 +1.9208e+00
427 +1.372752368e+00 +1.372752368e+00 -1.465272476e+02 -1.465272476e+02 -1.4707e+00 +5.8842e-01 +2.0800e+00
913 +1.088895857e+00 +1.088895857e+00 -1.468111041e+02 -1.468111041e+02 -1.9643e+00 -4.5181e-01 -1.3913e-01
4859 +8.315304928e-01 +8.315304928e-01 -1.470684695e+02 -1.470684695e+02 -2.0430e+00 -2.7561e-01 +3.7334e-01
6603 +6.658031642e-01 +6.658031642e-01 -1.472341968e+02 -1.472341968e+02 -1.8210e+00 -1.9322e-01 +4.9193e-01
27179 +6.169159085e-01 +6.169159085e-01 -1.472830841e+02 -1.472830841e+02 -1.7538e+00 +2.3848e-01 +8.0163e-01
47810 +4.642531992e-01 +4.642531992e-01 -1.474357468e+02 -1.474357468e+02 -1.6906e+00 +5.0430e-01 +1.2715e+00
65242 +3.855459596e-01 +3.855459596e-01 -1.475144540e+02 -1.475144540e+02 -1.7971e+00 +1.4861e-01 +1.3495e+00
93294 +2.600524679e-01 +2.600524679e-01 -1.476399475e+02 -1.476399475e+02 -1.6602e+00 +2.7762e-01 +1.3875e+00
224978 +2.181983325e-01 +2.181983325e-01 -1.476818017e+02 -1.476818017e+02 -1.6913e+00 +1.5512e-01 +9.9879e-01
1034708 +2.066820382e-01 +2.066820382e-01 -1.476933180e+02 -1.476933180e+02 -1.7070e+00 +3.5257e-01 +1.5201e+00
2291855 +1.686392362e-01 +1.686392362e-01 -1.477313608e+02 -1.477313608e+02 -1.7103e+00 +8.0844e-02 +1.1011e+00
3300736 +1.613576104e-01 +1.613576104e-01 -1.477386424e+02 -1.477386424e+02 -1.5839e+00 +1.4161e-01 +1.1328e+00
3459681 +8.849855653e-02 +8.849855653e-02 -1.478115014e+02 -1.478115014e+02 -1.6785e+00 +2.5158e-01 +1.3040e+00
10400136 +6.704399846e-02 +6.704399846e-02 -1.478329560e+02 -1.478329560e+02 -1.6626e+00 +1.0324e-01 +1.1415e+00
23298384 +4.989950016e-02 +4.989950016e-02 -1.478501005e+02 -1.478501005e+02 -1.6593e+00 +1.2945e-01 +1.1354e+00
29754136 +4.615545039e-02 +4.615545039e-02 -1.478538445e+02 -1.478538445e+02 -1.6772e+00 +1.4892e-01 +1.1431e+00
% function evaluation | noise-free fitness - Fopt (2.173800000000e+02) | best noise-free fitness - Fopt | measured fitness | best measured fitness | x1 | x2...
1 +3.241960706e+01 +3.241960706e+01 +2.497996071e+02 +2.497996071e+02 +3.9658e+00 +2.7841e+00 -4.5503e-01
3 +1.381149052e+01 +1.381149052e+01 +2.311914905e+02 +2.311914905e+02 +1.4959e+00 +1.5606e+00 +1.0095e+00
8 +4.929932114e+00 +4.929932114e+00 +2.223099321e+02 +2.223099321e+02 +3.2290e+00 +4.3154e-01 +4.2426e+00
14 +3.966864786e+00 +3.966864786e+00 +2.213468648e+02 +2.213468648e+02 +5.3381e-01 -1.3294e+00 -1.7135e+00
78 +3.562378809e+00 +3.562378809e+00 +2.209423788e+02 +2.209423788e+02 +1.0462e+00 -3.5730e+00 -2.3890e+00
190 +2.923748517e+00 +2.923748517e+00 +2.203037485e+02 +2.203037485e+02 -2.6886e-01 -2.8911e+00 -2.9807e+00
347 +2.836772511e+00 +2.836772511e+00 +2.202167725e+02 +2.202167725e+02 +3.3835e-01 -2.9117e+00 -2.5665e+00
493 +2.486501002e+00 +2.486501002e+00 +2.198665010e+02 +2.198665010e+02 +3.7385e-02 -3.0685e+00 -2.4399e+00
743 +1.228267289e+00 +1.228267289e+00 +2.186082673e+02 +2.186082673e+02 -1.2739e-01 -3.1072e+00 -2.0108e+00
1542 +1.006189833e+00 +1.006189833e+00 +2.183861898e+02 +2.183861898e+02 +1.2723e-01 -3.8595e+00 -2.4364e+00
3801 +8.695715165e-01 +8.695715165e-01 +2.182495715e+02 +2.182495715e+02 +8.3852e-02 -2.8186e+00 -1.9046e+00
9070 +4.380732571e-01 +4.380732571e-01 +2.178180733e+02 +2.178180733e+02 +2.6226e-01 -3.1552e+00 -1.8441e+00
24405 +4.217608811e-01 +4.217608811e-01 +2.178017609e+02 +2.178017609e+02 +1.4938e-01 -3.1936e+00 -1.6638e+00
55219 +1.790565723e-01 +1.790565723e-01 +2.175590566e+02 +2.175590566e+02 -1.5369e-01 -3.6223e+00 -2.2610e+00
797889 +1.609241134e-01 +1.609241134e-01 +2.175409241e+02 +2.175409241e+02 +6.1891e-02 -3.4589e+00 -1.8800e+00
906554 +1.075420230e-01 +1.075420230e-01 +2.174875420e+02 +2.174875420e+02 -1.1047e-02 -3.4822e+00 -2.0313e+00
1206530 +8.332472599e-02 +8.332472599e-02 +2.174633247e+02 +2.174633247e+02 +8.9553e-02 -3.3250e+00 -1.8944e+00
6042180 +3.880562135e-02 +3.880562135e-02 +2.174188056e+02 +2.174188056e+02 +3.9959e-02 -3.3808e+00 -1.9874e+00
22784154 +3.593482971e-02 +3.593482971e-02 +2.174159348e+02 +2.174159348e+02 +6.9540e-02 -3.3685e+00 -1.9553e+00
% function evaluation | noise-free fitness - Fopt (1.946900000000e+02) | best noise-free fitness - Fopt | measured fitness | best measured fitness | x1 | x2...
1 +1.030059338e+01 +1.030059338e+01 +2.049905934e+02 +2.049905934e+02 +2.0205e+00 -2.8646e+00 +4.9891e+00
4 +9.163896458e+00 +9.163896458e+00 +2.038538965e+02 +2.038538965e+02 +2.0104e+00 -6.2869e-01 +1.9635e+00
13 +2.492740264e+00 +2.492740264e+00 +1.971827403e+02 +1.971827403e+02 -2.3724e+00 -6.3884e-01 +6.3582e-01
160 +1.448334171e+00 +1.448334171e+00 +1.961383342e+02 +1.961383342e+02 -1.8430e+00 -1.1958e+00 +2.4627e+00
1062 +1.418051744e+00 +1.418051744e+00 +1.961080517e+02 +1.961080517e+02 -1.4736e+00 -5.8750e-01 +2.3946e+00
1107 +6.037040621e-01 +6.037040621e-01 +1.952937041e+02 +1.952937041e+02 -1.8457e+00 -9.5733e-01 +2.9354e+00
9930 +5.895897426e-01 +5.895897426e-01 +1.952795897e+02 +1.952795897e+02 -1.4798e+00 -9.4818e-01 +3.0125e+00
20644 +5.315570019e-01 +5.315570019e-01 +1.952215570e+02 +1.952215570e+02 -1.9185e+00 -9.6050e-01 +2.9573e+00
22606 +4.747831993e-01 +4.747831993e-01 +1.951647832e+02 +1.951647832e+02 -1.5047e+00 -1.0040e+00 +3.2065e+00
42520 +3.918383718e-01 +3.918383718e-01 +1.950818384e+02 +1.950818384e+02 -1.6424e+00 -8.4917e-01 +2.9189e+00
171112 +3.682464045e-01 +3.682464045e-01 +1.950582464e+02 +1.950582464e+02 -1.8943e+00 -8.5668e-01 +2.8519e+00
220231 +2.621076697e-01 +2.621076697e-01 +1.949521077e+02 +1.949521077e+02 -1.6737e+00 -8.2792e-01 +3.0892e+00
371302 +1.550578816e-01 +1.550578816e-01 +1.948450579e+02 +1.948450579e+02 -1.6921e+00 -8.2503e-01 +2.9940e+00
2434403 +1.001339157e-01 +1.001339157e-01 +1.947901339e+02 +1.947901339e+02 -1.7600e+00 -9.3875e-01 +2.9333e+00
6233701 +8.169843358e-02 +8.169843358e-02 +1.947716984e+02 +1.947716984e+02 -1.7565e+00 -8.9358e-01 +2.9198e+00
8396519 +5.849198359e-02 +5.849198359e-02 +1.947484920e+02 +1.947484920e+02 -1.7495e+00 -9.1159e-01 +2.9862e+00
% function evaluation | noise-free fitness - Fopt (-9.443000000000e+01) | best noise-free fitness - Fopt | measured fitness | best measured fitness | x1 | x2...
1 +1.677831713e+01 +1.677831713e+01 -7.765168287e+01 -7.765168287e+01 -4.4761e-01 -6.7537e-01 -1.3551e-01
2 +5.752131107e+00 +5.752131107e+00 -8.867786889e+01 -8.867786889e+01 +2.4530e+00 -1.3001e+00 +4.3831e-01
16 +3.246551988e+00 +3.246551988e+00 -9.118344801e+01 -9.118344801e+01 -3.8190e-01 +9.6673e-01 +5.7536e-01
73 +2.563722792e+00 +2.563722792e+00 -9.186627721e+01 -9.186627721e+01 -5.2447e-01 +8.5696e-02 +1.6314e+00
113 +2.511482423e+00 +2.511482423e+00 -9.191851758e+01 -9.191851758e+01 -1.0478e+00 +5.7453e-01 +3.3166e+00
928 +1.706866010e+00 +1.706866010e+00 -9.272313399e+01 -9.272313399e+01 +1.6174e-01 -5.0076e-02 +2.6528e+00
2341 +1.530392456e+00 +1.530392456e+00 -9.289960754e+01 -9.289960754e+01 -1.4419e-01 +7.3623e-03 +3.4261e+00
3805 +4.328195622e-01 +4.328195622e-01 -9.399718044e+01 -9.399718044e+01 -1.6911e-01 +4.3507e-02 +2.5917e+00
44709 +2.388455424e-01 +2.388455424e-01 -9.419115446e+01 -9.419115446e+01 -2.3695e-01 +2.3382e-01 +2.3475e+00
117801 +1.063788101e-01 +1.063788101e-01 -9.432362119e+01 -9.432362119e+01 -2.9415e-01 +1.8098e-01 +2.3259e+00
1560035 +9.683205805e-02 +9.683205805e-02 -9.433316794e+01 -9.433316794e+01 -1.7305e-01 +1.8447e-01 +2.4307e+00
2027729 +8.493545090e-02 +8.493545090e-02 -9.434506455e+01 -9.434506455e+01 -1.9090e-01 +1.8271e-01 +2.4433e+00
4857034 +4.826209103e-02 +4.826209103e-02 -9.438173791e+01 -9.438173791e+01 -1.2209e-01 +2.1710e-01 +2.4492e+00
7964467 +3.975227502e-02 +3.975227502e-02 -9.439024772e+01 -9.439024772e+01 -1.3826e-01 +2.0034e-01 +2.4641e+00
% function evaluation | noise-free fitness - Fopt (-1.213000000000e+02) | best noise-free fitness - Fopt | measured fitness | best measured fitness | x1 | x2...
1 +3.557765642e+01 +3.557765642e+01 -8.572234358e+01 -8.572234358e+01 -3.4774e+00 +1.5297e+00 +4.6431e+00
3 +2.150024125e+01 +2.150024125e+01 -9.979975875e+01 -9.979975875e+01 -1.2749e+00 +1.7628e-01 +4.3074e+00
5 +1.073909423e+01 +1.073909423e+01 -1.105609058e+02 -1.105609058e+02 -3.8361e+00 +1.9133e+00 +4.8736e+00
6 +1.014494464e+01 +1.014494464e+01 -1.111550554e+02 -1.111550554e+02 -2.7202e+00 -1.3163e+00 +6.2518e-01
7 +5.488083367e+00 +5.488083367e+00 -1.158119166e+02 -1.158119166e+02 -2.9318e+00 +7.2542e-01 +6.7881e-01
27 +3.860651542e+00 +3.860651542e+00 -1.174393485e+02 -1.174393485e+02 -4.2369e-01 +1.8587e+00 -1.1671e+00
54 +2.287040835e+00 +2.287040835e+00 -1.190129592e+02 -1.190129592e+02 -1.0078e+00 +2.8603e+00 -1.1210e+00
68 +2.064833688e+00 +2.064833688e+00 -1.192351663e+02 -1.192351663e+02 -8.7999e-01 +3.2038e+00 -9.7644e-01
228 +9.962450544e-01 +9.962450544e-01 -1.203037549e+02 -1.203037549e+02 -1.5850e+00 +3.3821e+00 -1.5579e+00
1091 +6.119031690e-01 +6.119031690e-01 -1.206880968e+02 -1.206880968e+02 -1.3188e+00 +3.4480e+00 -1.4959e+00
1480 +5.919728472e-01 +5.919728472e-01 -1.207080272e+02 -1.207080272e+02 -1.1817e+00 +3.4736e+00 -1.4005e+00
12637 +5.254988310e-01 +5.254988310e-01 -1.207745012e+02 -1.207745012e+02 -1.1165e+00 +2.9418e+00 -1.4719e+00
18500 +5.047205040e-01 +5.047205040e-01 -1.207952795e+02 -1.207952795e+02 -1.4354e+00 +3.5013e+00 -1.6681e+00
46392 +4.468951184e-01 +4.468951184e-01 -1.208531049e+02 -1.208531049e+02 -1.2155e+00 +3.6001e+00 -1.5545e+00
50657 +3.858234528e-01 +3.858234528e-01 -1.209141765e+02 -1.209141765e+02 -1.2050e+00 +3.4325e+00 -1.5352e+00
55598 +3.344861522e-01 +3.344861522e-01 -1.209655138e+02 -1.209655138e+02 -1.2136e+00 +3.3577e+00 -1.5971e+00
76227 +3.189363168e-01 +3.189363168e-01 -1.209810637e+02 -1.209810637e+02 -1.2615e+00 +3.3453e+00 -1.5367e+00
154554 +1.627712258e-01 +1.627712258e-01 -1.211372288e+02 -1.211372288e+02 -1.2216e+00 +3.3464e+00 -1.5244e+00
351465 +1.592460914e-01 +1.592460914e-01 -1.211407539e+02 -1.211407539e+02 -1.3182e+00 +3.3598e+00 -1.5436e+00
809427 +1.367893019e-01 +1.367893019e-01 -1.211632107e+02 -1.211632107e+02 -1.2363e+00 +3.0846e+00 -1.4865e+00
3098304 +1.345951798e-01 +1.345951798e-01 -1.211654048e+02 -1.211654048e+02 -1.2136e+00 +3.0339e+00 -1.4613e+00
3925297 +5.795322619e-02 +5.795322619e-02 -1.212420468e+02 -1.212420468e+02 -1.2614e+00 +3.2541e+00 -1.5409e+00
9924313 +4.585997256e-02 +4.585997256e-02 -1.212541400e+02 -1.212541400e+02 -1.2351e+00 +3.1804e+00 -1.5284e+00
22798603 +4.255514532e-02 +4.255514532e-02 -1.212574449e+02 -1.212574449e+02 -1.2629e+00 +3.2580e+00 -1.5560e+00
% function evaluation | noise-free fitness - Fopt (-1.000000000000e+03) | best noise-free fitness - Fopt | measured fitness | best measured fitness | x1 | x2...
1 +4.278110473e+01 +4.278110473e+01 -9.572188953e+02 -9.572188953e+02 -4.8062e+00 -4.8965e+00 +1.9297e-01
2 +1.585146816e+01 +1.585146816e+01 -9.841485318e+02 -9.841485318e+02 -4.8119e+00 +5.2278e-01 +2.3967e+00
11 +8.830294019e+00 +8.830294019e+00 -9.911697060e+02 -9.911697060e+02 -1.3803e-01 +6.3860e-01 +2.0282e+00
12 +8.089268486e+00 +8.089268486e+00 -9.919107315e+02 -9.919107315e+02 +4.6866e+00 +2.7736e-02 +1.9777e+00
19 +6.789238682e+00 +6.789238682e+00 -9.932107613e+02 -9.932107613e+02 -2.4654e+00 +1.0878e+00 +8.9769e-01
131 +5.780417462e+00 +5.780417462e+00 -9.942195825e+02 -9.942195825e+02 +3.4302e+00 +3.2184e+00 +3.5568e+00
132 +4.785245641e+00 +4.785245641e+00 -9.952147544e+02 -9.952147544e+02 +1.0532e-01 +3.6702e+00 +3.9773e+00
136 +2.485991554e+00 +2.485991554e+00 -9.975140084e+02 -9.975140084e+02 +1.8670e+00 -5.3332e-02 +3.2217e+00
264 +2.396955619e+00 +2.396955619e+00 -9.976030444e+02 -9.976030444e+02 +4.5473e+00 +2.8584e+00 +3.9608e+00
880 +1.414928029e+00 +1.414928029e+00 -9.985850720e+02 -9.985850720e+02 +1.9646e+00 +1.1802e+00 +3.6029e+00
1286 +1.165488865e+00 +1.165488865e+00 -9.988345111e+02 -9.988345111e+02 +3.2924e+00 +1.9280e+00 +4.1465e+00
3211 +8.026703033e-01 +8.026703033e-01 -9.991973297e+02 -9.991973297e+02 +1.4564e+00 +5.1801e-01 +3.1957e+00
5533 +6.820077809e-01 +6.820077809e-01 -9.993179922e+02 -9.993179922e+02 +1.4247e+00 +8.3908e-01 +3.3767e+00
5830 +5.827002090e-01 +5.827002090e-01 -9.994172998e+02 -9.994172998e+02 +1.0107e+00 +7.2358e-01 +3.4592e+00
7050 +2.416883131e-01 +2.416883131e-01 -9.997583117e+02 -9.997583117e+02 +9.0132e-01 +4.6488e-01 +3.4741e+00
66576 +1.284272157e-01 +1.284272157e-01 -9.998715728e+02 -9.998715728e+02 +1.3808e+00 +7.8339e-01 +3.5258e+00
3554724 +7.735446865e-02 +7.735446865e-02 -9.999226455e+02 -9.999226455e+02 +1.2015e+00 +6.6554e-01 +3.5234e+00
3640582 +5.016080596e-02 +5.016080596e-02 -9.999498392e+02 -9.999498392e+02 +1.2265e+00 +7.1080e-01 +3.5038e+00
% function evaluation | noise-free fitness - Fopt (-2.787500000000e+02) | best noise-free fitness - Fopt | measured fitness | best measured fitness | x1 | x2...
1 +6.152183669e+00 +6.152183669e+00 -2.725978163e+02 -2.725978163e+02 -3.9358e+00 +7.8740e-01 +3.7292e+00
2 +5.507259083e+00 +5.507259083e+00 -2.732427409e+02 -2.732427409e+02 -2.0452e+00 +2.7600e+00 +1.2034e+00
19 +2.279779776e+00 +2.279779776e+00 -2.764702202e+02 -2.764702202e+02 -4.3108e+00 +1.7191e+00 +1.6981e+00
555 +1.028488252e+00 +1.028488252e+00 -2.777215117e+02 -2.777215117e+02 -3.4682e+00 +2.4020e+00 +4.1268e+00
6198 +5.566392683e-01 +5.566392683e-01 -2.781933607e+02 -2.781933607e+02 -3.9216e+00 +2.2249e+00 +2.9319e+00
7454 +3.719734415e-01 +3.719734415e-01 -2.783780266e+02 -2.783780266e+02 -4.2175e+00 +1.7434e+00 +2.4407e+00
98596 +3.650792735e-01 +3.650792735e-01 -2.783849207e+02 -2.783849207e+02 -3.9925e+00 +1.6963e+00 +2.6978e+00
155355 +1.738805631e-01 +1.738805631e-01 -2.785761194e+02 -2.785761194e+02 -3.9460e+00 +1.8718e+00 +2.9160e+00
398888 +1.205497370e-01 +1.205497370e-01 -2.786294503e+02 -2.786294503e+02 -4.0288e+00 +1.8318e+00 +2.7761e+00
3043742 +1.183166101e-01 +1.183166101e-01 -2.786316834e+02 -2.786316834e+02 -4.0289e+00 +1.8864e+00 +2.9601e+00
3097067 +1.043091517e-01 +1.043091517e-01 -2.786456908e+02 -2.786456908e+02 -3.9835e+00 +1.9151e+00 +3.0060e+00
4131992 +9.078532131e-02 +9.078532131e-02 -2.786592147e+02 -2.786592147e+02 -3.9590e+00 +1.8680e+00 +2.9608e+00
4471543 +8.836189872e-02 +8.836189872e-02 -2.786616381e+02 -2.786616381e+02 -3.9557e+00 +1.8898e+00 +2.9503e+00
4687260 +7.304643593e-02 +7.304643593e-02 -2.786769536e+02 -2.786769536e+02 -4.0092e+00 +1.8749e+00 +2.9368e+00
9151794 +3.746664289e-02 +3.746664289e-02 -2.787125334e+02 -2.787125334e+02 -3.9990e+00 +1.8801e+00 +2.9021e+00
11699955 +2.361910093e-02 +2.361910093e-02 -2.787263809e+02 -2.787263809e+02 -3.9810e+00 +1.8563e+00 +2.8843e+00
% function evaluation | noise-free fitness - Fopt (-1.677000000000e+01) | best noise-free fitness - Fopt | measured fitness | best measured fitness | x1 | x2...
1 +6.443599766e+01 +6.443599766e+01 +4.766599766e+01 +4.766599766e+01 -3.6237e+00 -2.5881e+00 +1.5336e+00
2 +5.440275692e+01 +5.440275692e+01 +3.763275692e+01 +3.763275692e+01 -1.9107e+00 +4.1704e+00 -4.3560e+00
3 +1.483590917e+01 +1.483590917e+01 -1.934090832e+00 -1.934090832e+00 +2.2728e+00 -1.8857e+00 +2.6909e+00
8 +1.308314901e+01 +1.308314901e+01 -3.686850989e+00 -3.686850989e+00 -1.1627e+00 +1.4580e-01 +3.7913e+00
11 +9.161049443e+00 +9.161049443e+00 -7.608950557e+00 -7.608950557e+00 -7.7910e-01 -1.8885e+00 +1.9687e+00
30 +4.602732794e+00 +4.602732794e+00 -1.216726721e+01 -1.216726721e+01 +2.6112e+00 +4.2065e+00 +3.0345e+00
46 +3.266436547e+00 +3.266436547e+00 -1.350356345e+01 -1.350356345e+01 +1.2512e+00 -1.1040e-01 +4.2233e+00
160 +2.888997688e+00 +2.888997688e+00 -1.388100231e+01 -1.388100231e+01 +3.5641e-01 +1.4497e+00 +2.6062e+00
531 +1.707543387e+00 +1.707543387e+00 -1.506245661e+01 -1.506245661e+01 +8.8346e-02 +1.0678e+00 +3.6824e+00
762 +1.447944398e+00 +1.447944398e+00 -1.532205560e+01 -1.532205560e+01 +1.0271e+00 +1.4149e+00 +3.8424e+00
1369 +1.276806153e+00 +1.276806153e+00 -1.549319385e+01 -1.549319385e+01 +9.3956e-01 +1.3580e+00 +3.6822e+00
1753 +9.160333189e-01 +9.160333189e-01 -1.585396668e+01 -1.585396668e+01 +5.7580e-01 +6.2857e-01 +2.8687e+00
2084 +8.933605829e-01 +8.933605829e-01 -1.587663942e+01 -1.587663942e+01 +8.7789e-01 +2.1432e+00 +3.7763e+00
5177 +5.965604964e-01 +5.965604964e-01 -1.617343950e+01 -1.617343950e+01 +7.1787e-01 +1.9092e+00 +3.5074e+00
19203 +3.462437362e-01 +3.462437362e-01 -1.642375626e+01 -1.642375626e+01 +8.4436e-01 +1.5642e+00 +3.2159e+00
50018 +1.362625856e-01 +1.362625856e-01 -1.663373741e+01 -1.663373741e+01 +7.0628e-01 +1.4602e+00 +3.3007e+00
1320155 +5.657457183e-02 +5.657457183e-02 -1.671342543e+01 -1.671342543e+01 +7.4062e-01 +1.5890e+00 +3.3394e+00
20191579 +2.754154249e-02 +2.754154249e-02 -1.674245846e+01 -1.674245846e+01 +7.6175e-01 +1.5865e+00 +3.3134e+00
% function evaluation | noise-free fitness - Fopt (-8.593000000000e+01) | best noise-free fitness - Fopt | measured fitness | best measured fitness | x1 | x2...
1 +4.226752937e+01 +4.226752937e+01 -4.366247063e+01 -4.366247063e+01 -2.9837e+00 +3.2775e+00 -1.3195e+00
3 +1.739869053e+01 +1.739869053e+01 -6.853130947e+01 -6.853130947e+01 -1.5480e+00 +2.1815e+00 +2.7420e+00
6 +8.041915571e+00 +8.041915571e+00 -7.788808443e+01 -7.788808443e+01 +3.9864e-01 +4.4691e+00 +3.6415e+00
13 +6.762382518e+00 +6.762382518e+00 -7.916761748e+01 -7.916761748e+01 +4.0097e+00 +3.2682e+00 -2.1236e+00
22 +6.590568263e+00 +6.590568263e+00 -7.933943174e+01 -7.933943174e+01 +4.1080e+00 -2.1894e+00 -1.9276e+00
33 +2.275211373e+00 +2.275211373e+00 -8.365478863e+01 -8.365478863e+01 -5.0890e-01 +3.9576e+00 +9.5571e-01
226 +1.750338044e+00 +1.750338044e+00 -8.417966196e+01 -8.417966196e+01 +3.2843e-01 +2.5774e+00 +6.5130e-01
1551 +1.534532084e+00 +1.534532084e+00 -8.439546792e+01 -8.439546792e+01 -8.3180e-01 +4.9045e+00 +1.7133e+00
1668 +9.136680685e-01 +9.136680685e-01 -8.501633193e+01 -8.501633193e+01 +1.2107e+00 +3.0543e+00 +5.2530e-01
8719 +6.830248531e-01 +6.830248531e-01 -8.524697515e+01 -8.524697515e+01 +1.5780e+00 +2.3215e+00 +2.5797e-01
18324 +5.778518094e-01 +5.778518094e-01 -8.535214819e+01 -8.535214819e+01 +1.4255e+00 +2.5397e+00 +3.0567e-01
20365 +3.722162925e-01 +3.722162925e-01 -8.555778371e+01 -8.555778371e+01 +1.3950e+00 +2.5084e+00 +4.2416e-01
46832 +3.346147375e-01 +3.346147375e-01 -8.559538526e+01 -8.559538526e+01 +8.5693e-01 +2.9729e+00 +6.2768e-01
59999 +2.711672698e-01 +2.711672698e-01 -8.565883273e+01 -8.565883273e+01 +1.0847e+00 +2.8754e+00 +6.3483e-01
91134 +2.566272971e-01 +2.566272971e-01 -8.567337270e+01 -8.567337270e+01 +8.9574e-01 +2.9848e+00 +4.2135e-01
100751 +2.454481320e-01 +2.454481320e-01 -8.568455187e+01 -8.568455187e+01 +9.7723e-01 +3.0238e+00 +5.0538e-01
410603 +1.834291807e-01 +1.834291807e-01 -8.574657082e+01 -8.574657082e+01 +1.0665e+00 +3.0006e+00 +4.6408e-01
1250560 +1.667788434e-01 +1.667788434e-01 -8.576322116e+01 -8.576322116e+01 +1.0152e+00 +3.0326e+00 +5.1691e-01
1266244 +8.659820683e-02 +8.659820683e-02 -8.584340179e+01 -8.584340179e+01 +1.0337e+00 +2.9467e+00 +5.4021e-01
3572348 +4.722603333e-02 +4.722603333e-02 -8.588277397e+01 -8.588277397e+01 +1.0324e+00 +2.9120e+00 +5.1806e-01
% function evaluation | noise-free fitness - Fopt (4.966000000000e+01) | best noise-free fitness - Fopt | measured fitness | best measured fitness | x1 | x2...
1 +3.532723787e+01 +3.532723787e+01 +8.498723787e+01 +8.498723787e+01 -4.8936e+00 +4.3191e+00 +3.3392e-01
3 +2.084648709e+01 +2.084648709e+01 +7.050648709e+01 +7.050648709e+01 -2.2381e+00 +1.5435e+00 +2.8060e+00
9 +1.541555172e+01 +1.541555172e+01 +6.507555172e+01 +6.507555172e+01 +2.0122e+00 -4.1449e+00 -4.5773e+00
12 +9.424804249e+00 +9.424804249e+00 +5.908480425e+01 +5.908480425e+01 -4.6815e+00 -4.3795e-01 -2.4676e+00
73 +8.713366549e+00 +8.713366549e+00 +5.837336655e+01 +5.837336655e+01 -4.0153e+00 +3.7789e-01 -6.3587e-01
94 +5.152205133e+00 +5.152205133e+00 +5.481220513e+01 +5.481220513e+01 -4.5502e+00 -9.7627e-01 -7.8475e-01
190 +2.703037528e+00 +2.703037528e+00 +5.236303753e+01 +5.236303753e+01 -1.9747e+00 -1.3725e+00 -5.3017e-01
640 +1.704977028e+00 +1.704977028e+00 +5.136497703e+01 +5.136497703e+01 -3.7007e+00 -1.8247e+00 -1.1199e+00
1191 +6.534074398e-01 +6.534074398e-01 +5.031340744e+01 +5.031340744e+01 -2.7303e+00 -2.4918e+00 -1.5839e+00
3087 +6.277981846e-01 +6.277981846e-01 +5.028779818e+01 +5.028779818e+01 -3.0759e+00 -2.5650e+00 -1.6310e+00
11442 +1.425895762e-01 +1.425895762e-01 +4.980258958e+01 +4.980258958e+01 -3.0274e+00 -2.3723e+00 -1.3752e+00
225877 +1.128100520e-01 +1.128100520e-01 +4.977281005e+01 +4.977281005e+01 -3.0049e+00 -2.4254e+00 -1.4474e+00
522713 +1.088753434e-01 +1.088753434e-01 +4.976887534e+01 +4.976887534e+01 -2.9665e+00 -2.4187e+00 -1.4570e+00
1823436 +9.462272821e-02 +9.462272821e-02 +4.975462273e+01 +4.975462273e+01 -3.0566e+00 -2.3800e+00 -1.3918e+00
1949327 +6.657803257e-02 +6.657803257e-02 +4.972657803e+01 +4.972657803e+01 -2.9803e+00 -2.4672e+00 -1.4362e+00
3421715 +6.223590573e-02 +6.223590573e-02 +4.972223591e+01 +4.972223591e+01 -3.0540e+00 -2.4064e+00 -1.3682e+00
10528822 +5.996706574e-02 +5.996706574e-02 +4.971996707e+01 +4.971996707e+01 -2.9429e+00 -2.4323e+00 -1.4614e+00
28430202 +3.600545513e-02 +3.600545513e-02 +4.969600546e+01 +4.969600546e+01 -3.0205e+00 -2.4024e+00 -1.3914e+00
% function evaluation | noise-free fitness - Fopt (2.652800000000e+02) | best noise-free fitness - Fopt | measured fitness | best measured fitness | x1 | x2...
1 +1.854150161e+01 +1.854150161e+01 +2.838215016e+02 +2.838215016e+02 +1.7421e+00 +4.5655e+00 -4.1199e+00
2 +1.257034310e+01 +1.257034310e+01 +2.778503431e+02 +2.778503431e+02 -4.5783e+00 +1.7825e+00 -2.2254e-01
5 +7.229583413e+00 +7.229583413e+00 +2.725095834e+02 +2.725095834e+02 -1.6679e+00 -5.4683e-01 +3.9041e+00
9 +1.726462846e+00 +1.726462846e+00 +2.670064628e+02 +2.670064628e+02 +3.3795e-01 -1.5640e-01 +2.6741e+00
79 +1.559696833e+00 +1.559696833e+00 +2.668396968e+02 +2.668396968e+02 -6.7274e-01 -3.1357e+00 +3.1027e+00
167 +1.273123094e+00 +1.273123094e+00 +2.665531231e+02 +2.665531231e+02 +1.1430e+00 +8.2446e-01 +3.0528e+00
786 +1.223079161e+00 +1.223079161e+00 +2.665030792e+02 +2.665030792e+02 +1.3655e+00 +1.3741e+00 +3.4060e+00
1333 +1.178379325e+00 +1.178379325e+00 +2.664583793e+02 +2.664583793e+02 +1.1350e+00 +9.9318e-01 +2.8143e+00
2140 +7.898105246e-01 +7.898105246e-01 +2.660698105e+02 +2.660698105e+02 +1.1997e+00 +3.8736e-01 +3.9150e+00
3096 +4.386751383e-01 +4.386751383e-01 +2.657186751e+02 +2.657186751e+02 +3.6030e-01 -1.4256e-01 +3.2650e+00
44911 +3.203309965e-01 +3.203309965e-01 +2.656003310e+02 +2.656003310e+02 +7.5102e-01 +7.6408e-01 +3.2630e+00
285606 +2.206994464e-01 +2.206994464e-01 +2.655006994e+02 +2.655006994e+02 +9.1008e-01 +1.0842e+00 +3.2572e+00
335916 +1.126561107e-01 +1.126561107e-01 +2.653926561e+02 +2.653926561e+02 +6.4679e-01 +6.0766e-01 +3.2387e+00
2971854 +1.072613075e-01 +1.072613075e-01 +2.653872613e+02 +2.653872613e+02 +6.6690e-01 +5.4287e-01 +3.2090e+00
7715335 +7.975157529e-02 +7.975157529e-02 +2.653597516e+02 +2.653597516e+02 +7.2564e-01 +5.7703e-01 +3.2286e+00
14385416 +7.318992685e-02 +7.318992685e-02 +2.653531899e+02 +2.653531899e+02 +6.4468e-01 +4.9649e-01 +3.2207e+00
