% function evaluation | noise-free fitness - Fopt (-1.694000000000e+01) | best noise-free fitness - Fopt | measured fitness | best measured fitness | x1 | x2...
1 +5.079770263e+01 +5.079770263e+01 +3.385770263e+01 +3.385770263e+01 +2.7729e-01 +1.8565e+00 +7.4177e-01 +4.2236e+00 -5.6820e-01 -2.1383e+00 -4.3509e+00 -4.0439e+00 +1.1617e+00 -3.9354e+00 -2.3522e+00 +2.6447e+00 +1.0440e-01 -2.8250e+00 +2.0297e+00 -2.7180e+00 +4.5355e+00 -2.0209e+00 -4.8411e+00 -1.6875e+00
6 +1.662363297e+01 +1.662363297e+01 -3.163670335e-01 -3.163670335e-01 +3.4730e+00 -1.4328e+00 -3.8837e+00 +2.3941e+00 -1.1596e+00 -1.5294e+00 -7.4617e-02 -2.1247e+00 +2.4284e+00 -7.5543e-01 -1.1225e+00 -3.5584e+00 -4.1936e+00 +4.6542e+00 +3.9284e+00 +4.6491e+00 +3.5606e+00 +9.5849e-01 -4.2938e+00 +1.1857e+00
33 +1.192270830e+01 +1.192270830e+01 -5.017291700e+00 -5.017291700e+00 +1.5991e+00 +3.7820e+00 -4.8735e+00 +1.6040e+00 +3.1730e+00 +2.8646e-01 +2.1886e+00 -1.7293e+00 -3.5292e+00 +3.4031e-01 +2.8004e+00 -2.2376e+00 -1.5969e-01 +1.0892e+00 +4.2052e+00 -9.2075e-01 +1.4340e+00 -4.9181e-02 +2.0132e-01 +3.8226e-02
1788 +1.112697178e+01 +1.112697178e+01 -5.813028222e+00 -5.813028222e+00 +3.4597e+00 +3.1567e+00 +9.3885e-01 -1.5108e+00 -9.3476e-01 +3.7595e+00 +3.2409e+00 -2.1075e-02 -4.0836e+00 -3.8872e+00 +4.8233e+00 -1.8803e+00 -2.2871e+00 +2.1521e+00 +1.4355e+00 +9.0111e-02 +3.5877e+00 +8.0355e-01 -1.6329e+00 +1.1173e+00
7264 +8.380577114e+00 +8.380577114e+00 -8.559422886e+00 -8.559422886e+00 +1.0464e+00 +5.8064e-01 -4.6943e+00 -9.1863e-01 +1.7126e+00 -6.8085e-01 +4.2660e+00 -2.4713e+00 -1.5839e+00 -3.6126e+00 +2.8742e+00 -1.3360e+00 -1.9816e+00 -1.7820e+00 +2.5528e+00 +4.8866e+00 +3.1873e+00 -3.2831e-01 -3.1602e+00 -3.2734e+00
52534 +6.381454651e+00 +6.381454651e+00 -1.055854535e+01 -1.055854535e+01 +4.7081e+00 +4.8546e+00 -3.6988e+00 -1.4135e+00 +2.8910e+00 -3.4649e+00 +1.9609e+00 -1.3749e+00 -6.4534e-01 +2.5052e+00 +3.3420e+00 -6.8844e-01 -2.2178e+00 -1.4608e+00 +2.2958e+00 +3.5207e+00 +4.5183e+00 +3.1417e+00 +2.8153e+00 +7.2133e-01
3894591 +5.909650397e+00 +5.909650397e+00 -1.103034960e+01 -1.103034960e+01 +2.2872e+00 +2.2439e+00 -2.0672e+00 +1.2709e-01 +2.1820e+00 -5.1970e-01 +2.9106e+00 -3.3306e+00 +1.2332e+00 -1.3913e+00 +4.4069e+00 -6.0353e-03 -2.3840e+00 -4.4711e+00 +7.8825e-01 +2.7060e+00 +3.4064e+00 -3.2132e-01 -5.6919e-02 +3.1499e+00
4378014 +5.622642735e+00 +5.622642735e+00 -1.131735727e+01 -1.131735727e+01 -1.9313e-01 +2.1170e+00 -2.8149e+00 +2.9767e+00 +3.0690e+00 -3.1997e+00 +2.9973e-01 -2.4020e+00 -2.4118e+00 -2.4900e+00 +3.5470e+00 -3.9621e-01 -3.1514e+00 -2.9016e+00 +1.9879e+00 +1.4524e+00 +3.6181e+00 +1.2003e-01 -9.6387e-01 +7.1990e-01
13081365 +5.307016984e+00 +5.307016984e+00 -1.163298302e+01 -1.163298302e+01 +4.0000e+00 +1.2793e+00 -1.4013e+00 +1.7754e+00 +1.9103e+00 -6.9210e-02 +4.1301e+00 -1.0993e+00 -2.1752e+00 -1.8776e-01 +3.8136e+00 +6.3102e-01 +1.5798e+00 -2.7671e+00 +8.5371e-01 +1.5293e+00 +1.8751e+00 +2.4853e+00 +5.5454e-01 +2.7682e+00
33548008 +5.210807999e+00 +5.210807999e+00 -1.172919200e+01 -1.172919200e+01 +3.7792e+00 +2.8604e+00 -2.8755e+00 +2.5420e+00 +2.7329e+00 -1.5279e+00 +1.8447e+00 -4.9232e+00 +2.5650e-01 -2.8307e+00 +4.2491e+00 +1.9137e+00 -3.5546e+00 -1.5458e+00 +2.7396e+00 +4.0725e+00 +4.0218e+00 -7.8771e-02 -9.7963e-01 +3.8718e-01
38511243 +4.863458948e+00 +4.863458948e+00 -1.207654105e+01 -1.207654105e+01 +2.5367e+00 +1.0970e+00 +1.4676e+00 -1.2755e+00 +3.1568e+00 -1.6877e+00 +1.3072e+00 -3.8693e+00 -3.4802e+00 -1.3487e+00 +4.3895e+00 -1.9714e+00 -3.0932e+00 -2.4774e+00 +2.2615e+00 +2.1065e+00 +3.5750e+00 +1.0259e+00 -1.0361e+00 +2.9877e+00
77145521 +4.601803900e+00 +4.601803900e+00 -1.233819610e+01 -1.233819610e+01 +3.6968e+00 +1.9838e+00 -1.5000e+00 +1.0891e+00 -3.3598e-01 -1.4925e+00 +3.3883e+00 -4.4750e-01 -2.1683e+00 -1.0757e+00 +4.9939e+00 -9.8936e-01 -3.6360e+00 -1.8749e+00 +3.2164e+00 +4.3112e+00 +4.0298e+00 +1.0691e+00 -2.7962e-01 +3.9335e+00
108224750 +3.986418911e+00 +3.986418911e+00 -1.295358109e+01 -1.295358109e+01 +4.0213e+00 +3.5826e+00 -2.2508e+00 +2.0994e+00 +1.3137e+00 +9.8007e-01 +4.8941e+00 -3.3458e+00 -6.7145e-01 +1.5529e+00 +3.9227e+00 -7.9539e-01 -4.9640e-01 -2.3352e+00 +2.3565e+00 +3.5433e+00 +3.2248e+00 +8.6642e-01 +5.4837e-01 +4.0231e+00
% function evaluation | noise-free fitness - Fopt (1.881000000000e+01) | best noise-free fitness - Fopt | measured fitness | best measured fitness | x1 | x2...
1 +5.025992055e+01 +5.025992055e+01 +6.906992055e+01 +6.906992055e+01 +1.7403e+00 +4.2142e+00 +2.3446e-02 +8.5828e-02 +2.4019e+00 +3.3077e+00 +1.0351e+00 -1.8826e+00 -2.0231e+00 +3.3954e+00 +4.6195e+00 +3.6174e+00 +7.5290e-01 -2.6936e+00 +4.3723e+00 +2.6150e+00 +3.2578e+00 +1.3867e-02 -4.3410e+00 -3.2591e+00
2 +3.240876079e+01 +3.240876079e+01 +5.121876079e+01 +5.121876079e+01 +3.0763e+00 -1.4423e+00 +3.5107e+00 +6.0044e-01 +3.5817e+00 -2.5610e+00 -4.1505e+00 -1.0442e-01 -2.3444e+00 -1.7471e+00 +3.7631e+00 -5.3726e-01 +3.3066e+00 -9.6106e-01 -2.5187e+00 -2.1583e+00 +1.1180e+00 -4.1803e+00 +4.9798e+00 -7.7660e-02
3 +3.192877389e+01 +3.192877389e+01 +5.073877389e+01 +5.073877389e+01 +2.8664e-01 +3.2230e+00 +1.6889e+00 -3.9093e+00 +2.5046e+00 +2.8698e+00 +4.8426e+00 +6.2290e-02 -8.3860e-01 +3.7444e+00 +1.4105e+00 -4.0585e+00 -2.5413e+00 +4.8203e+00 +2.0466e+00 -1.2695e+00 +1.9422e+00 -4.1711e+00 +2.7260e+00 +1.8548e+00
6 +3.076596221e+01 +3.076596221e+01 +4.957596221e+01 +4.957596221e+01 -4.9170e+00 +1.2157e+00 -2.4548e+00 -5.0049e-01 +3.8073e+00 -4.3365e+00 -4.5658e+00 +4.9904e+00 -3.8379e+00 -4.7334e+00 -6.3230e-01 -1.5651e+00 +2.9589e+00 -2.5154e+00 -4.6266e+00 +4.8473e+00 -1.8436e+00 +1.3752e+00 -8.2089e-01 +4.1786e+00
12 +2.543801909e+01 +2.543801909e+01 +4.424801909e+01 +4.424801909e+01 +3.7567e+00 -1.8133e-01 +2.9976e+00 +1.7474e+00 +1.8328e+00 +4.1196e+00 +3.0409e+00 +5.3553e-01 -2.2852e-01 -1.6662e+00 -7.7184e-01 -3.2300e+00 +3.3535e+00 -4.5039e+00 +4.3612e+00 +3.3483e+00 +1.4642e+00 -2.1652e+00 -2.9431e+00 -5.7539e-02
29 +2.372589402e+01 +2.372589402e+01 +4.253589402e+01 +4.253589402e+01 +3.6058e+00 -2.6590e+00 +2.5939e+00 +3.4460e+00 -8.8795e-01 -4.5382e+00 -1.7112e+00 -2.5871e+00 +4.6576e+00 +3.7394e+00 +4.3673e+00 -2.1123e+00 +2.0954e+00 +3.6474e+00 +2.2032e+00 -2.3585e+00 -3.7408e+00 +4.5894e+00 +4.9486e-01 -4.1311e+00
30 +2.196030246e+01 +2.196030246e+01 +4.077030246e+01 +4.077030246e+01 -1.3264e-01 +1.0487e+00 -8.7989e-01 -4.6344e+00 +4.2835e+00 -7.6575e-01 +1.7596e+00 +1.0712e+00 +4.5851e+00 +4.5519e+00 -1.2415e+00 -2.1185e+00 -1.6070e+00 +2.1692e-01 -1.2610e-01 -1.7054e-01 -4.0660e+00 +2.6312e+00 -3.2607e+00 -2.6909e+00
44 +1.748447117e+01 +1.748447117e+01 +3.629447117e+01 +3.629447117e+01 +3.0520e+00 -4.5412e+00 -1.4876e+00 +4.8278e+00 -1.1196e+00 -4.5099e+00 +4.6234e+00 -4.1599e+00 +2.8790e+00 -4.0441e+00 -3.2784e+00 -6.5411e-01 -1.4238e+00 -3.7874e+00 -4.1688e+00 +1.4781e+00 +1.9501e+00 -1.2667e+00 -1.7946e+00 +2.0966e+00
48 +1.577463313e+01 +1.577463313e+01 +3.458463313e+01 +3.458463313e+01 -6.0206e-01 +8.0110e-01 -3.9581e-01 -2.3988e+00 +2.5042e+00 +3.7683e+00 +3.3865e+00 +2.9362e-01 +1.6124e+00 +1.0543e+00 -2.3702e+00 -2.9661e+00 +4.2536e+00 +4.7983e+00 +8.6251e-01 -4.0573e+00 -1.8907e+00 +1.7505e+00 +1.3431e+00 -1.1883e+00
57 +1.316911428e+01 +1.316911428e+01 +3.197911428e+01 +3.197911428e+01 +2.4928e+00 -2.6007e-01 +3.6227e+00 +1.0752e+00 -2.3024e+00 -9.5487e-01 +1.7969e-01 +1.9967e+00 +3.4279e+00 +2.4533e+00 -2.4133e+00 -8.6073e-01 +2.8813e+00 +4.6335e+00 -6.2102e-01 +2.3313e+00 -1.7413e+00 +2.3400e+00 +3.5502e+00 -8.3552e-01
451 +1.275080793e+01 +1.275080793e+01 +3.156080793e+01 +3.156080793e+01 +4.7623e+00 +3.8702e-01 +1.8771e+00 -3.6174e+00 -3.4059e+00 -8.1958e-01 +3.5796e+00 +1.5544e+00 +3.4792e+00 +2.5168e+00 -9.6745e-01 -3.3367e+00 +2.2810e+00 -2.0074e+00 -1.4927e+00 -2.9695e+00 -8.9450e-01 +4.0979e+00 -1.3327e+00 +2.7442e+00
968 +1.156063638e+01 +1.156063638e+01 +3.037063638e+01 +3.037063638e+01 +2.2742e+00 +3.4639e+00 -1.5237e+00 +2.7609e+00 +2.6615e+00 -3.1673e+00 +3.1787e+00 -6.9687e-01 +1.2519e+00 +1.8804e+00 -6.4060e-02 -2.9610e+00 +1.2448e+00 -2.4873e+00 -9.2157e-01 +9.3170e-03 +1.0212e+00 +3.1163e+00 +1.6463e+00 +4.7573e+00
1302 +1.145010932e+01 +1.145010932e+01 +3.026010932e+01 +3.026010932e+01 +6.3378e-01 +2.6650e-01 +3.8335e+00 +1.4010e+00 +2.5476e+00 -4.9543e+00 -1.1659e+00 +5.5757e-01 -2.8014e+00 -8.0641e-02 -4.7558e+00 +3.1591e+00 +4.4672e+00 -7.3937e-01 +1.0952e+00 -3.6848e+00 -1.7703e+00 +4.9089e+00 +2.2956e-01 +3.8633e+00
1866 +8.243358833e+00 +8.243358833e+00 +2.705335883e+01 +2.705335883e+01 -2.3353e+00 -1.4894e+00 -1.1935e+00 -4.9754e-01 +2.2543e+00 -4.7276e+00 +3.7987e+00 -3.3032e-01 +2.5140e-01 -9.5533e-01 -3.6068e+00 +2.6460e+00 +6.2158e-01 -5.3917e-01 -1.9043e+00 -1.0134e+00 +6.7951e-01 +3.5754e+00 -8.4704e-01 +1.8090e+00
7658 +8.080849435e+00 +8.080849435e+00 +2.689084944e+01 +2.689084944e+01 -1.5220e+00 +3.7431e+00 +1.6438e+00 -1.1922e-01 -1.8492e+00 -3.0720e+00 +3.4946e+00 +1.8198e+00 +1.5478e+00 +2.6945e+00 -1.4416e+00 -8.2428e-01 +2.3036e+00 -3.7493e+00 +1.6004e-01 -2.7368e+00 -6.1051e-01 +3.4973e+00 -1.5532e+00 +4.5870e+00
35905 +6.946451927e+00 +6.946451927e+00 +2.575645193e+01 +2.575645193e+01 +1.4352e+00 +1.5271e+00 +2.0143e+00 -3.6184e+00 +2.1357e+00 -4.7129e+00 +2.9098e+00 +4.0543e+00 +4.3410e+00 +4.7072e+00 -3.9015e+00 +3.6266e+00 +2.0882e+00 +1.7015e+00 -1.4234e+00 -4.1944e+00 -1.3668e+00 +1.0664e+00 -1.3202e+00 +3.8883e+00
148842 +6.302916116e+00 +6.302916116e+00 +2.511291612e+01 +2.511291612e+01 -2.5257e+00 +1.1925e+00 +2.0927e+00 +2.5960e+00 +1.5203e+00 -4.5874e+00 +1.1267e+00 +1.4161e-01 -6.5967e-01 +2.1519e+00 -3.6233e+00 +4.7621e+00 +2.5913e+00 -1.2073e+00 -4.9000e+00 +1.4356e+00 -2.0724e+00 -8.9137e-01 -3.8066e+00 -4.9984e-01
537314 +5.832398712e+00 +5.832398712e+00 +2.464239871e+01 +2.464239871e+01 +2.6496e+00 +1.1470e+00 +2.7475e+00 -2.0362e+00 +4.3723e+00 -3.5201e+00 +2.3893e+00 +4.5824e+00 +1.1588e+00 +2.9372e+00 -4.3710e+00 +6.2999e-01 -1.7666e+00 -7.2228e-01 -1.0382e+00 -4.6227e+00 -1.9309e+00 +4.9885e+00 -2.5292e+00 +3.3591e+00
3710479 +5.675973968e+00 +5.675973968e+00 +2.448597397e+01 +2.448597397e+01 +1.2552e-01 -2.3265e+00 -1.0013e+00 -2.5434e+00 +6.1278e-01 -1.8018e+00 +4.3031e+00 +3.6154e+00 -7.8716e-01 +2.6701e+00 -2.7728e+00 +2.5344e+00 +3.3449e+00 +1.2864e+00 -1.7065e+00 +1.6817e-01 -3.1691e+00 +4.0828e+00 -3.0323e-01 -2.9832e-02
6599122 +5.600826442e+00 +5.600826442e+00 +2.441082644e+01 +2.441082644e+01 +2.2115e+00 -5.4853e-01 +9.8183e-01 -4.0002e+00 -1.5861e+00 -3.9897e+00 +2.1471e+00 +3.1857e+00 +4.7109e+00 +3.2454e+00 -2.0350e+00 +1.5857e+00 +6.1851e-01 +1.1659e+00 -4.0719e+00 -3.5301e+00 -1.7993e+00 +3.2762e+00 -1.3194e-01 +1.7185e+00
6979771 +5.327851927e+00 +5.327851927e+00 +2.413785193e+01 +2.413785193e+01 +1.4463e-01 -1.3886e+00 +4.0793e-01 -2.5814e+00 +1.0841e+00 -1.7460e+00 -8.0585e-01 +2.3037e+00 +1.4455e+00 +4.5976e+00 -4.5079e+00 +3.3036e+00 +3.8628e+00 +3.9374e+00 -3.4624e+00 -4.2332e+00 -1.2089e+00 +3.1119e+00 +1.0608e+00 +8.2483e-02
28834260 +4.885777697e+00 +4.885777697e+00 +2.369577770e+01 +2.369577770e+01 -4.6305e-01 +2.9473e+00 -2.3159e-02 +6.6920e-02 +5.8314e-01 -3.4448e+00 -2.7088e-01 +3.2877e+00 +3.8249e-02 +4.2245e+00 -3.6472e+00 +2.6065e+00 +1.0443e+00 -4.7306e-01 -1.0148e+00 -8.3611e-01 -1.6815e+00 +1.4867e+00 -1.7592e-01 +2.8687e-01
59841255 +4.704280828e+00 +4.704280828e+00 +2.351428083e+01 +2.351428083e+01 -6.5507e-02 +1.3756e+00 -2.2788e+00 -9.0732e-01 +1.8641e+00 -2.2545e+00 +3.3626e+00 +3.2326e+00 +2.2752e+00 +3.8246e+00 -4.6785e+00 +7.4508e-01 +4.1426e+00 +6.1725e-01 -8.4245e-01 -2.3350e+00 -5.0434e-01 +2.9106e+00 -6.9994e-01 +7.0627e-02
64587019 +4.484378854e+00 +4.484378854e+00 +2.329437885e+01 +2.329437885e+01 +1.2349e+00 +2.5458e+00 +3.9716e+00 -1.9230e+00 +4.0390e-01 -4.7130e+00 +2.4959e+00 +2.8570e+00 +3.8755e+00 +4.5143e+00 -4.8321e+00 +1.4121e+00 +8.3949e-01 +1.6780e+00 -2.2810e+00 -2.8793e+00 -2.8577e+00 +3.0798e+00 -1.3411e+00 +2.2299e+00
64926798 +4.390439363e+00 +4.390439363e+00 +2.320043936e+01 +2.320043936e+01 +1.2450e+00 +8.2991e-01 -2.3943e+00 +9.6124e-02 +2.5246e+00 -2.7844e+00 +2.8876e+00 +1.3564e+00 +2.5432e+00 +2.7022e+00 -4.1183e+00 +1.8376e+00 +4.7570e+00 -2.1033e+00 -3.2896e+00 -2.5300e+00 -4.6803e+00 +3.3300e+00 +9.1982e-01 +9.5276e-01
% function evaluation | noise-free fitness - Fopt (2.731500000000e+02) | best noise-free fitness - Fopt | measured fitness | best measured fitness | x1 | x2...
1 +1.209055374e+02 +1.209055374e+02 +3.940555374e+02 +3.940555374e+02 +1.3495e+00 -4.9648e+00 +2.5825e+00 +2.8246e+00 -4.9160e+00 -2.2119e+00 +3.2587e+00 +7.6106e-01 +4.1252e+00 +6.2568e-01 -1.9069e-01 +4.5663e+00 -9.2615e-01 -9.2027e-01 -4.4282e+00 +3.8412e-01 +1.0475e+00 +1.6726e+00 +3.6987e+00 +1.4244e+00
3 +5.580589875e+01 +5.580589875e+01 +3.289558988e+02 +3.289558988e+02 -1.5997e+00 -2.1204e+00 +3.6197e-01 +4.1660e+00 +3.2364e-01 +2.1931e+00 +3.8330e+00 -2.3066e+00 +3.0093e+00 -2.7649e+00 +4.4987e+00 +2.4843e+00 +1.1487e+00 -1.1062e+00 +6.6603e-01 -4.5194e+00 +1.4057e+00 +2.2874e+00 +1.1059e+00 +1.4558e+00
14 +2.922028598e+01 +2.922028598e+01 +3.023702860e+02 +3.023702860e+02 -2.7474e+00 +3.6325e+00 +3.8262e+00 +3.6609e+00 +1.2988e+00 -2.7442e+00 +4.9867e+00 -9.7244e-01 -4.9514e-01 +7.6508e-01 +2.9750e+00 -3.0678e+00 -2.7376e+00 +2.6717e+00 -8.7143e-01 -6.9554e-01 -5.7056e-02 -5.7564e-01 +1.9055e+00 -2.3021e+00
17 +1.902704232e+01 +1.902704232e+01 +2.921770423e+02 +2.921770423e+02 -4.3547e+00 +1.8083e+00 +1.9016e-02 +1.7477e+00 -1.1813e+00 -3.1770e+00 -4.2245e-01 +9.5230e-01 -2.7379e+00 +4.0174e+00 -4.2806e+00 -9.0745e-02 -2.4898e+00 +3.3351e+00 -3.6038e+00 +6.4422e-01 +4.7885e+00 +4.5951e+00 -4.1693e+00 -2.2057e+00
324 +1.647736574e+01 +1.647736574e+01 +2.896273657e+02 +2.896273657e+02 -2.3189e+00 +2.9721e+00 +2.7494e+00 +3.8200e+00 +1.1071e+00 +7.7231e-01 -2.9178e+00 -2.4090e+00 -2.0294e-01 +4.2864e+00 -1.8729e+00 +4.9949e+00 +4.7367e-01 +7.3504e-02 +2.6592e-01 -1.8885e+00 -3.8540e+00 +2.8211e+00 +7.6155e-02 -3.9640e+00
1106 +1.570921934e+01 +1.570921934e+01 +2.888592193e+02 +2.888592193e+02 -3.6739e+00 +4.8411e+00 -1.3275e+00 +1.6403e+00 -6.7737e-01 -1.6123e+00 -1.4730e+00 -8.2262e-01 -3.2477e+00 +2.0034e-01 -1.5273e+00 -1.2639e-01 -4.8670e+00 +9.5453e-01 +2.1705e+00 +2.5070e+00 +3.7371e+00 -1.3347e+00 -6.3552e-01 -3.2425e+00
1160 +1.463127234e+01 +1.463127234e+01 +2.877812723e+02 +2.877812723e+02 +7.9840e-01 +2.0562e+00 +2.7727e+00 -1.0144e+00 -2.9182e+00 -1.3706e+00 -1.3147e+00 -1.1694e+00 -2.5041e+00 +1.1813e+00 -2.0505e+00 +1.0024e+00 +2.0126e-01 -3.6344e+00 -2.6366e+00 -4.5348e+00 +3.8668e+00 -2.9796e+00 +4.5232e+00 -4.3819e+00
8719 +1.038251794e+01 +1.038251794e+01 +2.835325179e+02 +2.835325179e+02 -2.7231e+00 +3.2448e+00 +4.4385e-01 +1.3545e+00 -9.3057e-01 -9.5808e-01 -3.1300e+00 -3.5455e+00 -4.6905e+00 +3.1720e+00 -2.7953e+00 +2.9938e-01 -1.3633e+00 -1.5892e+00 +2.4833e+00 -3.3875e+00 +2.1785e+00 +1.0345e+00 -1.6351e+00 -2.6984e+00
25871 +8.342745016e+00 +8.342745016e+00 +2.814927450e+02 +2.814927450e+02 -2.9440e+00 +6.7234e-01 +3.6296e-01 +2.2275e-01 +1.2533e+00 -1.3977e+00 +5.9676e-01 -9.2522e-01 -4.9592e-01 +2.2612e+00 -1.2640e+00 +9.9834e-01 -2.2203e+00 +1.1198e+00 -7.0455e-01 -2.1502e+00 +4.3746e+00 -6.7288e-01 -1.1291e+00 -2.6633e+00
205621 +6.295356372e+00 +6.295356372e+00 +2.794453564e+02 +2.794453564e+02 -3.1961e+00 +3.1416e+00 -1.0026e+00 +2.0241e+00 +2.3012e+00 -4.1049e+00 -2.7919e+00 -1.7214e+00 -3.8521e+00 +4.1974e+00 +3.1692e-01 +2.0038e+00 +7.0665e-01 +4.5243e+00 +3.8631e+00 -2.8278e+00 +3.5606e+00 -2.2537e+00 +2.1107e+00 -4.2217e+00
2564183 +5.774783340e+00 +5.774783340e+00 +2.789247833e+02 +2.789247833e+02 -3.7200e+00 +2.6493e+00 +2.1674e+00 +1.5617e+00 +2.1381e-01 -4.0769e+00 -5.2043e-01 -4.0070e+00 -1.6580e+00 +1.6031e+00 +7.0749e-01 -1.1691e+00 +2.3735e-01 +2.9772e+00 +1.7391e+00 -3.8686e+00 +1.2455e-01 +1.0995e+00 +4.6466e+00 -4.6898e+00
26293078 +4.528308484e+00 +4.528308484e+00 +2.776783085e+02 +2.776783085e+02 -1.2874e+00 +2.8824e-01 -2.3105e-01 +3.8514e+00 +2.2112e+00 -4.1879e+00 +1.5146e-01 -2.3797e+00 -2.6744e+00 +2.9266e+00 +7.5313e-01 +6.1974e-01 -5.8765e-01 +2.1590e+00 +4.5882e+00 -2.8464e+00 +4.1354e+00 -5.8382e-01 +3.9399e+00 -4.4230e+00
% function evaluation | noise-free fitness - Fopt (3.718000000000e+01) | best noise-free fitness - Fopt | measured fitness | best measured fitness | x1 | x2...
1 +1.145505000e+02 +1.145505000e+02 +1.517305000e+02 +1.517305000e+02 +1.0232e+00 -2.7002e+00 -3.4995e-01 +1.5405e+00 -4.1870e-01 +3.4440e+00 +1.6562e+00 +2.9389e+00 +2.8871e+00 -3.4881e+00 +1.4446e-01 -2.1940e+00 +3.3502e+00 -2.8619e+00 +5.1781e-01 +9.9813e-01 +1.4827e+00 -2.0817e+00 -9.3528e-01 -3.4006e+00
2 +2.291869495e+01 +2.291869495e+01 +6.009869495e+01 +6.009869495e+01 -2.8087e+00 -2.9264e+00 -2.9991e+00 +2.0138e+00 +1.3521e+00 -1.4980e+00 -1.5978e+00 -1.6992e+00 -2.1875e+00 -4.5017e+00 +1.9645e+00 -1.8685e+00 -1.6304e-01 +9.0545e-01 -7.8262e-01 +4.4354e+00 +2.2808e+00 +3.6777e-01 -4.8998e+00 +1.8937e+00
6 +1.892593144e+01 +1.892593144e+01 +5.610593144e+01 +5.610593144e+01 -2.9700e+00 +3.4526e-02 +3.6201e+00 +4.6005e+00 -2.6061e+00 -5.7524e-01 -2.8719e+00 -2.1450e+00 -1.3467e+00 +3.3791e+00 -2.2538e+00 -2.8204e+00 +3.1402e+00 +2.6865e+00 +4.3930e+00 +2.3526e+00 -2.4037e-01 +4.8268e+00 +2.4031e+00 +3.9984e+00
7 +1.773661893e+01 +1.773661893e+01 +5.491661893e+01 +5.491661893e+01 -2.7517e+00 +4.1793e+00 -1.4711e+00 -3.1538e+00 -2.6226e-01 -1.1388e+00 +2.0819e+00 +1.2231e+00 -4.7983e+00 +2.5297e+00 +2.3990e+00 +8.4132e-01 -2.0726e+00 -2.4332e+00 +1.1751e-01 -1.8026e+00 -2.5916e+00 +4.7573e+00 +3.5997e+00 +1.4820e+00
13 +1.680431533e+01 +1.680431533e+01 +5.398431533e+01 +5.398431533e+01 -1.8278e+00 -3.5683e+00 +1.5392e+00 -1.0483e+00 -3.4163e+00 +3.1722e+00 +8.3734e-02 +2.6568e+00 -4.8493e+00 +6.9500e-01 +4.2267e+00 -7.4945e-01 +3.8689e+00 -1.1105e+00 +3.2023e+00 -6.9322e-01 +4.0469e+00 -1.6897e+00 -3.9963e+00 -7.1043e-01
26 +1.237968671e+01 +1.237968671e+01 +4.955968671e+01 +4.955968671e+01 -4.5824e+00 -2.7973e+00 -1.7996e+00 -4.8492e-01 +2.4668e+00 -3.1355e+00 -1.7117e+00 -1.5701e+00 -1.0538e+00 +2.3662e+00 -7.2529e-01 +4.8079e+00 +4.4003e+00 -3.4126e+00 -1.2358e+00 +3.5742e+00 +4.6240e+00 -2.7952e+00 -1.8393e+00 +4.8449e-01
851 +1.058220032e+01 +1.058220032e+01 +4.776220032e+01 +4.776220032e+01 -2.5290e-01 -7.2094e-01 -7.9537e-01 -4.3643e+00 -2.5891e+00 -3.7186e+00 +7.0349e-01 -4.1175e+00 -4.4707e+00 +1.3075e+00 +2.2429e+00 -2.3403e+00 +4.6234e+00 +2.5277e+00 +2.6400e+00 -1.3405e+00 +1.9451e+00 -1.6146e+00 +8.2019e-01 -4.1761e-01
928 +9.660370705e+00 +9.660370705e+00 +4.684037070e+01 +4.684037070e+01 -4.5198e+00 -1.1936e+00 +8.5816e-01 -1.9898e+00 -1.6783e+00 +1.6305e+00 +8.4837e-01 -1.1247e+00 -3.0137e+00 +1.2569e+00 +1.1364e+00 -9.0481e-01 +2.8728e+00 -4.6913e-01 +4.6279e+00 +3.9385e+00 +3.6245e+00 -4.6406e+00 -8.5648e-01 +3.2585e+00
7731 +9.545516216e+00 +9.545516216e+00 +4.672551622e+01 +4.672551622e+01 -1.0638e+00 +1.4272e+00 +3.0959e+00 +3.8321e+00 -1.1383e-02 +5.8659e-01 +4.8039e-01 -1.9889e+00 -1.6559e+00 +3.3339e+00 -2.5672e+00 -3.3519e+00 +2.4282e+00 +4.4091e-01 +4.4792e+00 -9.4575e-01 +1.2628e+00 -3.0808e+00 -3.4074e+00 +2.8570e+00
8822 +8.704160015e+00 +8.704160015e+00 +4.588416002e+01 +4.588416002e+01 -5.0283e-01 +2.4070e-01 -2.1777e+00 -2.9023e-01 -4.9478e+00 -1.7613e+00 -3.8174e+00 -2.0128e+00 -4.8408e+00 +1.5574e+00 -2.5022e+00 -3.4741e-01 +2.2415e+00 -3.0494e+00 +4.8440e+00 +2.9500e+00 +1.9917e+00 -2.0456e+00 +1.4547e+00 -1.3293e+00
55429 +7.744224730e+00 +7.744224730e+00 +4.492422473e+01 +4.492422473e+01 -1.7682e+00 +1.4017e+00 +4.1450e+00 -3.6045e+00 -2.2175e+00 +1.0329e+00 +9.5692e-02 -4.3046e+00 -1.0551e+00 +3.5388e+00 +3.2562e+00 -2.8532e-01 +1.2289e+00 -9.4860e-02 -3.8646e-02 -7.6788e-01 +1.3915e+00 +3.7004e-01 +2.4067e+00 -1.6380e+00
102479 +6.352989968e+00 +6.352989968e+00 +4.353298997e+01 +4.353298997e+01 -3.1782e+00 -7.7856e-01 +2.3451e+00 -3.9900e-01 -4.9131e+00 -2.1915e+00 +9.1795e-01 -3.9149e+00 -2.8052e+00 +4.5853e+00 -2.3409e+00 -2.7265e+00 +2.7366e+00 +1.6711e-01 +4.4576e+00 -7.5837e-01 +1.3240e-01 -1.5095e+00 -8.9723e-01 -3.6918e-01
2087569 +6.082657144e+00 +6.082657144e+00 +4.326265714e+01 +4.326265714e+01 -4.8425e+00 -8.7568e-01 +4.6231e-01 +7.0833e-01 -2.2634e+00 -1.8943e+00 +1.0027e+00 -8.5679e-01 +3.2453e-01 +4.2243e+00 +1.2992e+00 -3.6260e+00 +4.0040e-01 -3.6171e+00 +4.0506e+00 +1.0785e+00 -8.5016e-01 +1.5454e-01 -1.0239e+00 +3.5861e+00
4628484 +5.222618942e+00 +5.222618942e+00 +4.240261894e+01 +4.240261894e+01 -4.9461e+00 +2.7993e+00 +7.2337e-01 -2.0596e-01 -2.4346e+00 +1.6041e-01 -1.6097e-01 -2.2714e+00 -2.9747e+00 +3.3652e+00 -1.3784e+00 -3.4766e+00 +6.8894e-01 -1.3392e+00 +3.7709e+00 -1.9840e+00 +1.6187e+00 -1.1635e+00 -1.8430e+00 -4.2581e-01
6065959 +4.778653473e+00 +4.778653473e+00 +4.195865347e+01 +4.195865347e+01 -3.3767e+00 +1.9909e+00 +1.4934e+00 -3.9082e-01 -3.9677e+00 -1.7176e+00 +7.2013e-02 -2.2484e+00 -7.2295e-02 +1.5472e+00 +3.1032e+00 -2.8845e+00 -1.0339e+00 +7.7334e-01 +4.1045e+00 -3.2580e-02 +2.2413e+00 -1.5006e+00 +3.8655e-01 +3.0443e+00
35749482 +4.052365671e+00 +4.052365671e+00 +4.123236567e+01 +4.123236567e+01 -2.8958e+00 +1.1918e+00 +3.3582e+00 -6.8946e-01 -2.5685e+00 +1.2040e+00 +1.6920e-01 -3.3544e+00 -9.7460e-01 +4.7038e+00 +1.3407e+00 -2.3114e+00 +1.2755e+00 -6.4170e-01 +3.2073e+00 -4.3985e-01 -1.2327e+00 -8.8732e-01 -2.3192e-01 +1.7350e+00
% function evaluation | noise-free fitness - Fopt (-1.479000000000e+02) | best noise-free fitness - Fopt | measured fitness | best measured fitness | x1 | x2...
1 +1.963823341e+01 +1.963823341e+01 -1.282617666e+02 -1.282617666e+02 +3.8015e-01 -3.0931e+00 +3.6329e-01 -3.1588e+00 +3.2894e+00 -4.0593e+00 -1.9816e+00 +3.7849e+00 -8.0022e-01 -3.1381e+00 +3.3423e+00 +4.9163e+00 -2.6924e+00 +3.6757e+00 -3.9904e+00 -1.1083e+00 +3.4522e-01 -4.2901e+00 -4.3464e+00 +3.1450e+00
3 +1.879387734e+01 +1.879387734e+01 -1.291061227e+02 -1.291061227e+02 -8.9132e-01 +2.0027e+00 +9.6544e-01 -4.5153e-01 +1.3286e+00 +4.2159e-01 -1.0209e+00 +3.4444e+00 -2.3287e+00 -1.9557e-01 +1.3679e+00 -3.6922e+00 +3.1313e-01 +8.2368e-01 +2.8455e+00 -3.4444e+00 +3.3060e-01 +6.6717e-01 -2.8301e+00 +3.5179e+00
17 +1.465845738e+01 +1.465845738e+01 -1.332415426e+02 -1.332415426e+02 +4.0768e-01 +1.7889e+00 +1.0312e+00 -5.6413e-01 +5.9453e-01 -1.9037e+00 +1.0690e+00 +4.4741e+00 -3.4359e+00 +2.9371e+00 -1.2201e+00 +4.7583e+00 -6.0641e-01 -1.2817e+00 -4.3066e+00 +4.3842e+00 -3.0805e+00 +2.4068e-01 +1.1971e+00 +2.1506e+00
180 +1.420597959e+01 +1.420597959e+01 -1.336940204e+02 -1.336940204e+02 -3.9327e+00 -3.5700e+00 -3.9787e+00 -8.3593e-01 +6.1558e-01 +2.2341e-01 -2.3257e+00 -4.3979e+00 +6.1706e-01 -8.2145e-02 -3.1583e-01 +3.7612e+00 +2.1424e+00 +7.0708e-01 +1.3750e+00 +8.2474e-01 -1.9670e+00 +3.5833e+00 +2.3719e-01 -3.4031e+00
510 +1.260847680e+01 +1.260847680e+01 -1.352915232e+02 -1.352915232e+02 -7.8282e-01 +4.2216e+00 +4.3065e+00 -1.3438e+00 -1.2922e+00 -3.2135e+00 -3.8947e+00 -2.5084e+00 -1.8829e+00 -3.7399e+00 -3.8179e+00 +2.2564e+00 -2.4262e+00 -3.7399e+00 -8.2899e-02 +3.0289e+00 -1.4435e-01 -4.2680e+00 -1.6359e+00 +1.7049e+00
850 +1.202272742e+01 +1.202272742e+01 -1.358772726e+02 -1.358772726e+02 +3.7657e-01 +5.7530e-01 +9.3208e-01 +1.8466e+00 +1.2966e+00 +3.5966e+00 -1.6939e+00 -1.3299e+00 -4.5671e+00 -2.0750e+00 -1.8027e+00 +1.8221e+00 +4.3165e+00 -1.7556e+00 -3.0567e+00 -3.9916e+00 -1.1947e+00 -8.4370e-01 -2.8946e+00 -8.7899e-01
1318 +1.132768602e+01 +1.132768602e+01 -1.365723140e+02 -1.365723140e+02 +8.4377e-01 +1.9909e+00 -1.0093e-01 +5.8086e-02 -1.6801e+00 -1.8426e-01 -3.0034e+00 -3.0889e+00 -3.8611e+00 +2.0891e+00 +2.9287e+00 +3.7700e+00 +1.9342e+00 -2.1921e+00 +1.8110e+00 +3.1031e-01 -2.0572e+00 +3.3515e+00 -7.5360e-02 -2.3776e+00
3242 +1.091628150e+01 +1.091628150e+01 -1.369837185e+02 -1.369837185e+02 +4.4134e+00 +9.5330e-01 -2.7434e+00 -4.9274e+00 -4.6841e+00 +4.8437e+00 +1.1271e+00 -1.7275e+00 -3.2353e+00 -1.1246e+00 -1.9983e+00 +3.9866e+00 +1.6441e+00 +1.9033e+00 +4.0766e+00 +9.0914e-01 -4.1581e+00 -2.7074e+00 -1.2101e+00 -1.5318e+00
4737 +8.743431172e+00 +8.743431172e+00 -1.391565688e+02 -1.391565688e+02 -2.0066e+00 +1.2821e+00 +9.3900e-01 -4.3024e+00 -6.4871e-01 -1.9549e+00 -1.3964e+00 +1.4421e+00 -3.9178e+00 +2.3898e-01 -3.7849e+00 -7.3256e-01 -7.8987e-01 -2.5100e+00 +8.9973e-01 +4.1202e+00 -4.6397e+00 -1.7756e+00 -4.3395e+00 +3.0941e+00
9143 +7.833586583e+00 +7.833586583e+00 -1.400664134e+02 -1.400664134e+02 -1.6200e-01 +9.2854e-01 -3.1644e+00 -1.3185e-01 -3.4285e+00 +2.9465e+00 -2.3938e+00 -3.9782e+00 -3.8919e+00 -3.0405e-01 -3.1717e+00 +3.8357e+00 +2.7787e+00 -1.9219e+00 -3.9664e-02 +2.9327e+00 -2.7797e+00 -1.7439e+00 -4.1643e+00 +3.9770e+00
83148 +7.067524479e+00 +7.067524479e+00 -1.408324755e+02 -1.408324755e+02 -2.2781e+00 -1.3230e+00 +9.1043e-01 -2.7953e-01 -1.9291e+00 +1.5985e-01 -4.1234e+00 -2.7988e+00 -4.6725e+00 +4.3081e+00 -4.6461e+00 +3.3696e+00 +3.1973e+00 -4.9366e-01 +1.6569e+00 +3.0940e+00 -3.7677e+00 +9.9816e-01 -4.4851e+00 +7.0632e-01
264233 +6.210111748e+00 +6.210111748e+00 -1.416898883e+02 -1.416898883e+02 +3.3186e+00 -3.1629e+00 -1.0425e+00 +5.7809e-01 -2.0240e+00 +1.0062e+00 -6.8341e-01 -2.6719e-03 -4.4488e+00 +1.6787e-01 -3.5237e+00 +4.8652e+00 +4.0426e+00 -4.8720e+00 -2.7058e+00 -1.1352e+00 -2.8107e+00 +7.7493e-02 -1.7932e+00 -1.8825e+00
2231412 +6.161280164e+00 +6.161280164e+00 -1.417387198e+02 -1.417387198e+02 +2.7749e+00 +1.4906e-01 +3.7731e-01 -2.4522e+00 -3.5510e+00 +6.6665e-01 -3.1578e+00 -2.3321e+00 -2.5841e+00 -3.3967e-01 -2.4000e+00 +4.3364e+00 -1.0597e+00 -4.5005e-01 -1.5609e-01 +2.0734e+00 -4.9315e+00 -3.5980e+00 -2.4668e+00 +2.0092e+00
10625548 +5.752228979e+00 +5.752228979e+00 -1.421477710e+02 -1.421477710e+02 -1.4765e+00 -1.7640e+00 -2.4911e+00 -8.5861e-01 -3.5008e+00 +4.9821e+00 -1.2390e+00 -3.3059e-01 -8.8464e-01 +2.7394e+00 -4.6273e+00 +3.7552e+00 +1.3109e+00 -2.2443e+00 +4.1384e-01 +2.4399e+00 -2.4208e+00 -2.3942e+00 -2.8239e+00 +1.3437e+00
10646216 +5.561415475e+00 +5.561415475e+00 -1.423385845e+02 -1.423385845e+02 -3.0891e+00 -6.8522e-01 +2.0239e+00 -2.9305e+00 -1.2708e+00 +2.1531e+00 -1.9083e+00 -1.5494e+00 -4.0983e+00 -1.4036e+00 -4.0322e+00 +3.1652e+00 -1.0774e+00 -3.0647e+00 +3.7922e+00 -3.2179e-01 -1.0874e+00 -2.4220e+00 -4.4631e+00 +2.7922e+00
13779565 +5.343812856e+00 +5.343812856e+00 -1.425561871e+02 -1.425561871e+02 +2.0603e+00 +9.8897e-01 -2.4142e-02 -2.2692e+00 +1.9688e-01 +3.4210e+00 -3.7765e+00 -3.2645e+00 -4.1555e+00 +2.8529e+00 -2.0379e+00 +1.0163e+00 -5.9956e-01 -4.3307e+00 -2.3850e+00 +4.7654e+00 -4.4912e+00 -1.7674e+00 -2.4165e+00 +4.2984e+00
15425508 +4.933785883e+00 +4.933785883e+00 -1.429662141e+02 -1.429662141e+02 -4.1870e+00 -1.2877e+00 +1.0163e+00 -1.7163e+00 -2.6140e+00 +8.2053e-01 +2.8259e-01 -1.7926e+00 -3.6730e+00 +3.2594e+00 -2.8977e+00 +1.9503e+00 -1.0877e+00 -1.9349e+00 +3.2494e+00 +7.5035e-01 -2.5570e+00 -2.9014e+00 -3.5273e+00 +2.4665e+00
67839058 +4.752950347e+00 +4.752950347e+00 -1.431470497e+02 -1.431470497e+02 -2.2912e+00 -4.4416e-01 +2.3996e+00 -2.2395e+00 -3.5921e-01 +2.5044e+00 -1.5208e+00 -3.1896e+00 -3.7177e+00 +2.9550e+00 -1.6137e+00 +2.3062e+00 -3.4673e+00 -3.8595e+00 +1.3202e+00 +1.3871e+00 -4.9529e+00 -3.5754e+00 -3.9957e+00 -6.6752e-01
% function evaluation | noise-free fitness - Fopt (2.173800000000e+02) | best noise-free fitness - Fopt | measured fitness | best measured fitness | x1 | x2...
1 +3.580059134e+01 +3.580059134e+01 +2.531805913e+02 +2.531805913e+02 -3.8582e+00 +1.5252e+00 -4.0040e+00 +2.3312e+00 -3.1068e+00 -4.4778e+00 +4.8628e+00 +4.2368e+00 -5.6118e-01 +2.7236e+00 +1.3317e+00 +4.3243e+00 -3.6090e+00 -3.9473e+00 -1.2182e+00 -2.5521e+00 -1.1615e+00 -1.6180e+00 -9.0730e-01 +4.3753e+00
4 +3.458965037e+01 +3.458965037e+01 +2.519696504e+02 +2.519696504e+02 -1.8633e+00 +2.3081e+00 -3.2987e+00 +3.9293e+00 +8.3280e-01 -1.8580e+00 +3.7830e+00 +3.8861e+00 +4.9502e+00 +1.8974e-02 +9.6146e-01 -2.4415e+00 +2.6723e-01 +3.1219e+00 -8.3362e-01 -4.2579e+00 +4.8980e+00 +4.2236e+00 -3.4834e+00 -1.1379e+00
5 +3.333666115e+01 +3.333666115e+01 +2.507166612e+02 +2.507166612e+02 +3.5038e-01 +3.5198e+00 +4.9180e+00 -4.3622e+00 -4.1634e+00 -4.3245e+00 +1.4812e+00 -1.8833e+00 +9.8151e-01 +4.5080e+00 -9.2227e-01 -5.4883e-01 +3.0316e+00 +4.1579e+00 +5.1840e-01 -4.5765e-01 -1.2357e+00 +4.4552e+00 +2.3910e+00 -2.0624e+00
10 +2.404722445e+01 +2.404722445e+01 +2.414272244e+02 +2.414272244e+02 -3.9204e-01 -2.9446e+00 -7.1612e-01 -1.2925e+00 -2.3828e+00 +3.4190e+00 -1.0931e+00 -3.3211e+00 -3.8649e+00 -3.6793e+00 +2.6203e-01 +2.2565e+00 -1.4629e+00 +6.0947e-01 -3.1678e-01 +4.1510e+00 +4.2062e+00 +1.5364e+00 -3.9433e+00 -2.6738e+00
12 +1.283520291e+01 +1.283520291e+01 +2.302152029e+02 +2.302152029e+02 +4.3065e+00 -2.9150e+00 -4.9120e+00 -1.3029e+00 -1.5055e+00 -2.4004e+00 +1.7883e+00 +5.7934e-01 +5.7537e-01 -4.4561e+00 -2.9306e+00 -2.3101e+00 -8.6814e-01 -2.0029e+00 +4.0908e+00 +3.3097e+00 -6.2819e-01 +2.7152e+00 +4.4237e+00 -6.2014e-01
136 +9.656999241e+00 +9.656999241e+00 +2.270369992e+02 +2.270369992e+02 +2.5563e+00 -2.9649e+00 -4.3034e+00 +1.2612e+00 -3.7917e+00 +1.6429e-02 -2.1666e+00 -3.7478e+00 -4.7861e-01 +3.2170e+00 +4.3753e+00 -4.8584e+00 -3.1382e+00 +4.6027e+00 +3.0147e+00 -3.0415e+00 +9.0392e-01 +1.5116e+00 +3.9386e+00 +1.4236e+00
559 +9.149239023e+00 +9.149239023e+00 +2.265292390e+02 +2.265292390e+02 +2.5072e+00 -3.5148e+00 -3.8370e+00 -3.9015e-01 -2.4639e+00 -3.8955e+00 -1.8077e-01 +5.3134e-01 +3.5594e+00 -8.5316e-01 +4.0511e+00 -2.5801e+00 -1.3626e+00 -9.3848e-01 +4.0189e+00 -9.7346e-01 +1.2429e+00 +3.5074e+00 +1.2050e+00 -9.8859e-02
1183 +9.042156780e+00 +9.042156780e+00 +2.264221568e+02 +2.264221568e+02 +2.7499e+00 -2.6725e+00 -2.4475e+00 +2.7032e+00 -2.8758e+00 -1.7334e+00 -2.3097e+00 -3.3809e+00 +1.8572e+00 +8.4240e-01 -1.4174e+00 -3.6431e+00 -4.8948e+00 +1.2028e+00 +7.4707e-01 -4.0965e+00 +3.4537e-01 -1.0161e+00 +2.5281e+00 -3.3352e+00
16902 +7.733701565e+00 +7.733701565e+00 +2.251137016e+02 +2.251137016e+02 -1.1120e-01 +8.0208e-01 -4.7901e+00 -5.4323e-01 -3.4926e+00 -2.6105e+00 -9.2645e-01 -1.2485e+00 +3.3787e+00 -2.7207e+00 +1.5161e+00 -2.6357e+00 -3.3500e-01 -3.0561e+00 +8.2324e-01 -3.9341e+00 +3.3021e+00 +1.6695e+00 +1.1542e+00 +1.3824e+00
48945 +7.464006914e+00 +7.464006914e+00 +2.248440069e+02 +2.248440069e+02 +1.4150e+00 -2.4482e+00 -3.5129e+00 +4.7033e+00 -2.6685e+00 -6.6196e-01 -3.7032e-02 -8.1131e-01 +1.7852e+00 -1.2360e+00 +2.0285e+00 -1.2112e+00 -4.6993e+00 -4.3817e+00 +1.6025e+00 -3.7707e+00 +4.1112e+00 -7.6023e-01 +2.4012e+00 -2.3292e+00
253334 +7.051913944e+00 +7.051913944e+00 +2.244319139e+02 +2.244319139e+02 +2.2812e+00 -2.7482e+00 -6.2901e-01 +2.7957e+00 -2.0256e+00 +9.3766e-01 -6.3607e-01 +1.2856e+00 +2.0037e+00 -1.6995e+00 -2.2232e+00 -4.0345e+00 -2.9036e+00 -8.6850e-01 -7.6213e-01 -2.1425e+00 +3.9747e+00 +1.7170e+00 +1.2244e+00 -2.2503e+00
1306482 +6.794916513e+00 +6.794916513e+00 +2.241749165e+02 +2.241749165e+02 -1.6636e+00 -3.1289e+00 -3.3861e+00 +1.3246e+00 -3.4175e+00 -2.1405e+00 +2.8928e+00 -2.2390e-01 +2.2784e+00 -6.4629e-01 -1.5827e+00 -2.1544e+00 -3.2713e+00 +5.4744e-01 +1.6259e-01 -3.0505e+00 +2.3365e+00 +3.3093e+00 +4.8962e+00 +3.5073e+00
2018051 +6.405430102e+00 +6.405430102e+00 +2.237854301e+02 +2.237854301e+02 +2.5529e+00 -1.7566e+00 -2.2442e+00 +2.6494e+00 -2.5350e+00 -2.5159e+00 -2.2821e+00 -2.8830e-01 +2.7722e+00 -5.6962e-01 +1.4667e+00 -2.3317e+00 -4.7489e+00 +7.3036e-02 +1.9175e+00 -1.8077e+00 +2.6142e+00 +4.6973e+00 +4.6981e+00 +3.9072e-01
4543410 +5.854089778e+00 +5.854089778e+00 +2.232340898e+02 +2.232340898e+02 -1.2184e+00 -2.2844e+00 -2.8599e+00 -1.1192e+00 -6.2635e-01 +8.0787e-01 -9.7213e-01 -8.4881e-01 +7.7519e-01 -3.1255e+00 +1.9617e+00 -4.3748e+00 -1.8264e+00 -1.1542e+00 +3.6749e+00 -3.0156e-01 +2.3750e+00 +1.4079e+00 +1.5019e-02 -6.3515e-01
11782299 +5.599003682e+00 +5.599003682e+00 +2.229790037e+02 +2.229790037e+02 +9.3200e-01 -4.1411e+00 -2.1070e+00 +1.3743e+00 -3.9345e+00 -5.0332e-01 -1.0026e+00 +2.8415e+00 -2.0307e+00 -1.6922e+00 +3.3663e+00 -4.9672e+00 -4.3159e+00 -3.7011e+00 +4.5645e-01 -4.0647e+00 +2.1040e+00 -2.2853e+00 +4.5690e+00 +1.2997e+00
17263829 +5.420263380e+00 +5.420263380e+00 +2.228002634e+02 +2.228002634e+02 -1.7134e+00 -1.5823e+00 -3.0269e+00 -6.5296e-01 -2.9602e+00 -5.2316e-01 -3.3678e+00 +5.1540e-01 +1.4729e-01 -1.8910e+00 -2.8018e-01 -4.0543e+00 -3.4455e+00 +8.8741e-01 +1.1210e+00 -1.6738e+00 +2.1384e+00 +1.5954e+00 -4.9441e-01 -1.6900e-01
41417306 +5.098452214e+00 +5.098452214e+00 +2.224784522e+02 +2.224784522e+02 -1.7730e+00 -3.0327e+00 -3.7854e+00 -1.8740e-01 -1.3106e+00 -2.9329e-01 +1.2298e+00 -1.6405e+00 +1.3665e+00 +2.0008e+00 +1.6271e+00 -2.5880e+00 -2.5719e+00 -3.3462e+00 +1.3321e+00 -4.4578e+00 +1.5505e+00 +3.9785e+00 +2.2004e+00 +2.1241e+00
43055715 +4.952015808e+00 +4.952015808e+00 +2.223320158e+02 +2.223320158e+02 +8.2303e-01 -3.8666e+00 -3.7584e+00 +2.8725e+00 -2.2428e+00 -3.1665e+00 -1.2799e+00 -1.3228e+00 -1.6919e+00 -4.0444e-01 +2.3427e+00 -3.7855e-01 -3.8279e+00 +2.1266e-01 +1.1365e+00 -2.4662e+00 +2.2107e+00 +3.4088e+00 +1.5562e+00 +1.1210e+00
67789143 +4.633879168e+00 +4.633879168e+00 +2.220138792e+02 +2.220138792e+02 +3.1328e-01 -1.3666e+00 -2.4176e+00 +2.8838e+00 -2.0771e+00 -1.3754e+00 -1.9066e-01 +1.7108e+00 +1.7120e-01 +3.4050e-02 +1.8196e+00 -3.8233e+00 -3.3134e+00 -4.2520e-01 +1.7586e+00 -4.6134e+00 +5.4232e-01 +1.0544e+00 +3.2302e+00 +1.5418e-01
% function evaluation | noise-free fitness - Fopt (1.946900000000e+02) | best noise-free fitness - Fopt | measured fitness | best measured fitness | x1 | x2...
1 +3.975427397e+01 +3.975427397e+01 +2.344442740e+02 +2.344442740e+02 +4.7735e+00 +3.7071e+00 +3.7453e+00 -5.8221e-01 +4.0831e+00 +3.8115e+00 +1.6661e+00 -7.6605e-01 +1.7210e+00 +6.8265e-01 -2.8744e+00 +1.9755e+00 +1.9959e+00 +1.8533e-01 +1.9317e+00 -1.5701e+00 +3.8481e-01 +1.2566e+00 +2.0319e+00 -1.8170e-01
3 +2.575034008e+01 +2.575034008e+01 +2.204403401e+02 +2.204403401e+02 -1.2515e+00 +2.4118e+00 +4.1321e+00 -3.8205e+00 +3.3709e-01 -4.8423e+00 -4.0732e+00 +1.9570e-01 +4.4598e+00 +2.8672e+00 -4.4042e+00 +2.0845e+00 +2.6182e+00 +2.9349e+00 +3.0011e+00 -3.3707e+00 +3.1526e+00 +1.1441e+00 -4.1391e+00 -7.0396e-01
4 +2.262419674e+01 +2.262419674e+01 +2.173141967e+02 +2.173141967e+02 +3.7564e+00 +3.0291e+00 +2.8783e-01 -2.1297e-02 -2.0662e+00 -4.8098e+00 +2.7228e+00 +2.0987e+00 -4.5935e+00 -6.4693e-01 +2.3150e+00 +3.1656e+00 +3.6705e+00 -3.7473e+00 -4.7279e+00 -3.7464e+00 -4.6786e+00 +2.3048e+00 +5.9652e-01 -8.4091e-01
8 +1.357811569e+01 +1.357811569e+01 +2.082681157e+02 +2.082681157e+02 -3.1228e+00 -3.3472e-01 +1.7592e+00 -2.9943e+00 -4.2784e+00 -3.6011e+00 +1.4653e+00 +1.7919e+00 -4.3286e+00 -3.0533e+00 -1.3968e+00 +3.9775e+00 -2.3789e+00 +4.8056e+00 +1.9796e+00 -1.5999e+00 +2.3207e+00 +2.5933e+00 -2.0248e+00 +1.1402e+00
396 +1.283098567e+01 +1.283098567e+01 +2.075209857e+02 +2.075209857e+02 -3.2268e+00 +1.3920e+00 +8.9470e-01 -3.2966e-01 +1.6410e-01 -4.1076e+00 +4.2132e-01 +2.5462e+00 +4.4803e+00 +4.0437e+00 -5.4077e-02 +2.9839e+00 -2.2776e+00 -1.7794e+00 +4.0243e+00 -2.8179e+00 +3.8073e+00 +2.5795e+00 +4.3236e+00 +1.2870e+00
715 +1.216153734e+01 +1.216153734e+01 +2.068515373e+02 +2.068515373e+02 -3.8456e+00 +2.3515e+00 +8.3017e-01 +1.2607e+00 -1.3981e+00 -4.4063e+00 -2.0204e+00 +3.1213e+00 -4.0304e+00 +2.8581e+00 -3.8741e+00 +1.0294e+00 -3.2718e+00 +2.9433e+00 -1.5152e+00 +2.3794e+00 +9.9438e-01 -2.6038e+00 -3.1191e-01 +1.7928e-01
1419 +9.608915091e+00 +9.608915091e+00 +2.042989151e+02 +2.042989151e+02 -4.0786e+00 -1.5757e+00 +1.8997e+00 +3.2933e+00 -1.9236e+00 +9.9099e-01 -2.3674e+00 +3.0935e+00 -4.4728e-01 -8.4948e-01 -2.2187e+00 +1.9460e+00 -3.4288e+00 +2.6100e+00 -3.6095e+00 +1.2391e+00 -1.0018e+00 -7.6331e-01 +3.9186e+00 +2.7619e+00
1732 +9.439224819e+00 +9.439224819e+00 +2.041292248e+02 +2.041292248e+02 -1.4541e+00 -6.4725e-01 +4.7784e+00 +2.1433e+00 -1.1482e+00 -3.1049e+00 +1.1582e+00 +1.4000e+00 -2.8114e+00 -2.9997e+00 -3.9671e+00 +1.8139e+00 +2.6515e+00 +3.5093e+00 -2.9267e+00 +2.2339e+00 +2.7189e+00 +6.5442e-01 +6.5940e-02 +1.0162e+00
5931 +8.705819893e+00 +8.705819893e+00 +2.033958199e+02 +2.033958199e+02 -4.1522e+00 -2.5722e+00 +5.5072e-01 +1.7290e+00 -4.6374e+00 -1.3555e+00 +2.2636e+00 +8.9704e-01 -3.2480e+00 -3.8096e-01 -2.2598e+00 -1.4439e-01 +5.2189e-01 -1.3877e-01 -1.7127e-01 +1.8703e+00 +3.6453e+00 -2.5096e+00 +2.6576e+00 +1.4164e+00
13836 +8.422938921e+00 +8.422938921e+00 +2.031129389e+02 +2.031129389e+02 -4.1441e+00 +8.9777e-01 -5.1874e-01 -2.6716e+00 -3.4041e+00 -2.5356e+00 +8.3830e-01 -1.2531e-01 +8.4829e-01 +3.7185e+00 +1.3580e-01 +4.6493e+00 -2.0895e+00 +3.1257e+00 -4.5437e+00 +2.9180e+00 -6.9522e-01 +1.9494e+00 -1.6447e-01 +2.2911e+00
23913 +8.249437098e+00 +8.249437098e+00 +2.029394371e+02 +2.029394371e+02 -3.9911e+00 +3.3205e+00 +1.0025e+00 -2.9757e-01 -3.0647e+00 -1.8143e+00 -2.3511e+00 +1.3054e+00 -3.2298e+00 +2.9342e+00 -2.0323e+00 +8.2171e-01 -4.3549e+00 +2.0458e+00 -4.2155e+00 +3.2842e-01 -1.5343e-01 -2.2666e+00 +6.9444e-01 +2.3715e+00
27252 +8.085683354e+00 +8.085683354e+00 +2.027756834e+02 +2.027756834e+02 -5.3022e-01 +2.0664e+00 +2.9748e+00 -2.3751e-01 -4.6455e+00 -4.5957e+00 +2.2293e+00 +3.7979e+00 -1.2668e+00 +4.8857e-02 -4.4157e+00 +2.3165e+00 -1.8467e+00 -2.4021e+00 -4.5586e+00 -3.3923e+00 -4.1949e-01 -2.8626e+00 +3.7423e+00 +3.5106e+00
44473 +6.592039399e+00 +6.592039399e+00 +2.012820394e+02 +2.012820394e+02 -4.0542e+00 +1.5503e+00 +2.0031e+00 -1.9015e+00 +2.2035e+00 -1.4611e+00 -1.1764e+00 +9.1645e-01 +1.1603e+00 -2.4224e-01 -3.0542e+00 +2.0858e+00 -2.5369e+00 +3.1046e+00 +1.1787e-02 -3.7764e-02 -1.6543e-02 +2.5431e+00 +3.3898e+00 +8.0297e-01
100909 +6.160048818e+00 +6.160048818e+00 +2.008500488e+02 +2.008500488e+02 -2.2086e+00 -1.6795e+00 -4.0105e-03 -1.9722e+00 -2.2836e+00 -1.0186e+00 +7.5242e-01 +9.3850e-01 -3.1204e-01 +2.8893e+00 +3.4590e-01 +3.4129e+00 +2.6714e+00 +3.4172e+00 -8.7264e-01 +3.4788e+00 +4.4725e+00 -3.3581e+00 +3.5080e+00 +1.4961e+00
2050924 +5.974047281e+00 +5.974047281e+00 +2.006640473e+02 +2.006640473e+02 -1.5772e+00 -3.2662e-01 +1.9897e+00 +2.8672e+00 +8.3814e-01 -1.4944e+00 +8.8272e-01 +3.3277e+00 -2.1682e+00 -2.0616e+00 -3.2320e+00 +4.0289e+00 +1.6044e+00 -1.7506e+00 -4.4516e+00 -2.7403e-01 -1.0986e+00 -1.0752e+00 +4.2071e+00 +1.9315e+00
3949040 +5.590457180e+00 +5.590457180e+00 +2.002804572e+02 +2.002804572e+02 -3.4048e+00 +3.2117e-01 +1.6682e+00 +2.3665e+00 +1.1984e+00 -4.8347e+00 -2.0096e-01 +4.2470e-01 -2.2813e+00 +1.5034e+00 -2.6273e+00 +2.8761e+00 +6.0378e-02 +2.0018e-01 -4.4680e+00 +2.6735e+00 +2.2010e+00 -2.9213e-01 +2.9975e+00 +2.8640e+00
8291814 +5.453243836e+00 +5.453243836e+00 +2.001432438e+02 +2.001432438e+02 -1.9018e-01 +8.1720e-01 +4.2103e+00 -3.6573e-01 -1.3270e+00 -2.8208e+00 -1.8877e+00 +1.9775e+00 -4.0032e+00 -8.0271e-01 -1.9833e+00 +9.9854e-01 -2.0112e+00 +6.6602e-02 -4.8895e+00 +4.8467e+00 +1.8334e+00 +2.0167e-01 +3.6103e+00 +4.7363e+00
17468475 +5.323068583e+00 +5.323068583e+00 +2.000130686e+02 +2.000130686e+02 -2.0488e+00 -1.1892e+00 +2.4483e+00 +1.1891e+00 -3.0646e+00 -1.7304e+00 -3.3227e+00 +1.8312e+00 -4.3159e-01 +3.0573e-01 -4.2366e-01 +2.6104e+00 +3.1186e-01 +2.9708e+00 -2.3037e+00 +3.0858e+00 +3.2778e+00 -3.8391e+00 +1.0213e+00 +2.4787e+00
23856081 +5.040205577e+00 +5.040205577e+00 +1.997302056e+02 +1.997302056e+02 -2.6575e+00 -1.5479e+00 +2.8882e+00 +3.1277e+00 -1.7174e+00 -2.4580e+00 +3.1215e+00 +2.8570e+00 -7.5590e-01 -1.7462e+00 +1.3656e+00 +4.2609e+00 -2.3430e+00 +1.9885e+00 -3.4201e+00 +1.4577e+00 +4.0139e+00 -3.0479e+00 +2.6449e+00 +1.4044e+00
37681235 +4.979980697e+00 +4.979980697e+00 +1.996699807e+02 +1.996699807e+02 +2.5659e-01 -9.2390e-01 +3.6732e+00 +2.2580e+00 -1.8335e+00 -3.6247e+00 -2.9507e+00 +1.0942e+00 -2.1517e+00 +2.1248e+00 -3.6298e-01 +3.2006e+00 -1.5144e+00 +3.3753e+00 -2.6197e+00 +3.6170e+00 +3.3155e+00 -6.5159e-01 +2.5341e+00 +1.3540e+00
40570628 +4.825431339e+00 +4.825431339e+00 +1.995154313e+02 +1.995154313e+02 +2.5205e-01 +2.4938e-01 +1.6152e+00 +3.8162e-01 -1.6003e+00 -1.2935e+00 +3.2510e-01 +3.9893e+00 -1.3019e+00 -1.8073e+00 -3.1161e+00 +3.6982e+00 -5.9526e-01 +3.6011e+00 -1.9730e+00 +1.0409e+00 +1.4892e+00 -1.5730e-01 +3.7190e+00 +1.6033e+00
148547438 +4.235452761e+00 +4.235452761e+00 +1.989254528e+02 +1.989254528e+02 -3.0727e+00 +2.8909e+00 +2.5518e+00 +6.5184e-01 -3.8429e+00 -2.6085e+00 -6.5075e-01 +6.6985e-01 -1.2310e-01 -2.7655e-01 -1.9874e+00 +2.6120e+00 -2.1868e+00 +8.2071e-01 +1.8690e+00 +1.8077e+00 -1.0332e+00 -7.5624e-01 +1.6767e+00 +1.7446e+00
% function evaluation | noise-free fitness - Fopt (-9.443000000000e+01) | best noise-free fitness - Fopt | measured fitness | best measured fitness | x1 | x2...
1 +4.186996591e+01 +4.186996591e+01 -5.256003409e+01 -5.256003409e+01 -6.9186e-01 +3.8953e+00 +1.9057e+00 -3.3135e+00 -1.0106e+00 +1.5375e-01 -4.1577e+00 +1.8778e+00 -4.4233e+00 +1.5299e+00 +8.6587e-02 +2.9660e+00 +2.4593e+00 -4.3087e+00 -4.7962e+00 +8.7541e-01 +2.2317e-01 -6.5408e-01 +3.6141e+00 +1.6388e+00
3 +2.638931512e+01 +2.638931512e+01 -6.804068488e+01 -6.804068488e+01 +6.4403e-01 +1.4470e+00 -7.4736e-01 +4.2622e+00 -4.1422e+00 -3.6421e+00 +3.6865e+00 -4.1008e+00 +2.4676e+00 +3.5801e-01 -4.4833e+00 +4.4296e+00 +2.6999e+00 -3.2480e+00 -3.7942e+00 -3.0453e+00 -4.2333e+00 +6.6292e-02 +2.7456e+00 +1.9519e-01
5 +1.852570189e+01 +1.852570189e+01 -7.590429811e+01 -7.590429811e+01 +4.1051e+00 -4.9814e+00 +1.7723e+00 +1.4800e+00 +1.3514e+00 +1.2843e+00 +4.2547e+00 -1.0524e+00 -2.6394e+00 +7.6462e-01 +4.9572e+00 +4.3082e+00 -1.9512e+00 +2.4162e-01 +1.0220e+00 -3.3427e+00 -2.3096e+00 -4.9432e+00 -1.4497e+00 +1.0953e+00
41 +1.688173802e+01 +1.688173802e+01 -7.754826198e+01 -7.754826198e+01 -1.8171e+00 -1.0784e+00 +9.5424e-01 +2.1693e+00 -3.1855e+00 -4.8882e+00 -1.1225e+00 +4.1748e+00 +4.2801e-01 -4.1569e+00 -8.0603e-01 -3.4378e+00 -2.4343e+00 +4.4405e-01 +1.7833e+00 -2.0163e+00 -8.9111e-01 -1.4408e+00 +4.8431e+00 -4.3860e+00
45 +1.059814650e+01 +1.059814650e+01 -8.383185350e+01 -8.383185350e+01 -4.9110e-01 -3.3409e+00 -1.2477e+00 -2.8223e+00 -1.0239e+00 -2.4377e+00 +2.7592e+00 +7.5669e-01 +1.0691e+00 -8.5594e-01 +8.4618e-01 +4.5643e+00 -2.8290e+00 -2.1984e+00 +3.6114e+00 +2.6990e+00 -3.8845e+00 -3.0469e+00 +1.2251e+00 +2.8469e-01
1422 +1.019835732e+01 +1.019835732e+01 -8.423164268e+01 -8.423164268e+01 -6.2913e-01 +3.3393e+00 +4.3508e-01 -1.2377e+00 -3.4865e+00 -1.7172e+00 +1.7570e+00 -1.2251e+00 +1.4614e+00 -4.5624e+00 +7.8596e-01 +7.4691e-01 +3.3977e+00 -9.7077e-01 +4.2970e+00 +2.8458e+00 -2.8235e-01 -2.9580e+00 -2.3751e+00 -7.2300e-01
1584 +9.115242272e+00 +9.115242272e+00 -8.531475773e+01 -8.531475773e+01 -1.3955e+00 +3.7051e-01 -8.6622e-01 -1.6608e+00 -2.9977e+00 -3.4451e+00 +4.9015e+00 +2.2630e+00 -1.4485e+00 -2.7198e+00 +4.6283e+00 -1.7752e+00 -1.0553e+00 -3.4465e+00 +6.3225e-01 -1.9801e+00 -2.4580e+00 -3.5671e+00 -1.2007e+00 +1.1619e+00
2447 +8.096182940e+00 +8.096182940e+00 -8.633381706e+01 -8.633381706e+01 +5.7376e-01 +2.8320e+00 -2.0187e-01 +1.8904e+00 -1.0884e+00 -3.5242e+00 +3.3381e+00 -2.4594e+00 +3.4106e-01 -4.5121e-01 +3.0346e+00 +6.6568e-01 -8.4571e-01 -3.0908e+00 +1.7942e+00 -1.3742e+00 -1.3113e-01 -3.2307e+00 -1.1172e+00 +8.1134e-01
14390 +7.555422285e+00 +7.555422285e+00 -8.687457771e+01 -8.687457771e+01 -6.2345e-01 -1.0218e+00 +4.4300e+00 +4.8384e+00 -4.5585e+00 -3.3221e+00 +2.3080e+00 -5.6166e-01 -6.3528e-01 -3.6095e+00 +2.6311e-01 +3.0909e+00 -1.3856e+00 -9.2880e-01 +1.6925e+00 -2.9086e+00 +1.2374e+00 -3.6079e+00 -1.7612e+00 -2.6832e+00
144567 +7.054560860e+00 +7.054560860e+00 -8.737543914e+01 -8.737543914e+01 -1.5703e+00 -1.4670e-01 -2.9070e+00 -3.7020e+00 -1.7796e+00 +9.2470e-02 +4.9465e+00 -3.0642e-01 -2.7948e+00 -2.4012e+00 +2.6903e+00 +3.8286e+00 -2.6869e+00 -5.1701e-01 +1.9431e+00 +1.5169e+00 -2.8770e-01 -2.3564e+00 -3.5069e+00 +4.7354e+00
241251 +6.885396157e+00 +6.885396157e+00 -8.754460384e+01 -8.754460384e+01 -1.3341e+00 -1.3708e-01 +9.2652e-01 +3.8134e+00 -4.5469e+00 -6.2619e-01 +2.0336e+00 -1.2040e+00 +1.5528e+00 -2.0454e+00 +2.9416e-01 +2.7904e+00 -3.4928e+00 -1.2838e-01 +2.0911e+00 +1.1766e+00 -3.5217e+00 -2.1250e+00 +4.9150e+00 -8.0344e-01
289122 +5.439971274e+00 +5.439971274e+00 -8.899002873e+01 -8.899002873e+01 -1.3740e+00 +1.6468e+00 +3.5211e+00 +8.4990e-01 +8.6703e-03 -1.5099e+00 -2.1527e-01 -1.7770e+00 -1.1394e+00 -1.5086e+00 +2.1916e+00 +3.5008e+00 -3.7865e+00 -1.6140e+00 +2.0407e+00 -1.1279e+00 -4.4066e+00 +1.4546e+00 +2.7686e+00 -2.2475e+00
21853207 +5.201433689e+00 +5.201433689e+00 -8.922856631e+01 -8.922856631e+01 +1.3883e+00 +2.1752e+00 +2.4433e+00 +6.1114e-01 -3.5005e-01 -3.9444e-01 +2.5902e+00 -2.2515e+00 +3.1261e+00 -2.8926e+00 +2.6921e+00 +1.4386e+00 -1.9513e+00 -2.3948e+00 +4.0168e+00 -1.0272e+00 -2.5321e+00 +1.2326e+00 +1.1847e+00 +1.6122e+00
36208099 +4.962769480e+00 +4.962769480e+00 -8.946723052e+01 -8.946723052e+01 -1.5134e+00 -1.2440e+00 +4.5894e+00 +2.2250e+00 +3.4025e-01 -3.5783e-01 +2.6694e+00 -7.7974e-01 -1.9136e+00 -1.2522e+00 +1.3266e+00 +1.2024e+00 -4.8093e+00 -3.5912e+00 +2.7131e+00 +1.1402e+00 -8.8267e-01 +1.0052e-01 -2.5906e-01 +1.3059e-01
73755171 +4.670613599e+00 +4.670613599e+00 -8.975938640e+01 -8.975938640e+01 +1.9136e-01 +1.6942e+00 +2.3850e+00 +3.6503e+00 -1.9455e+00 -1.8942e-01 +1.7706e+00 -3.2547e+00 +3.3028e+00 -3.0464e+00 +2.4578e+00 +4.7026e+00 -2.1928e+00 -2.5915e+00 +4.7298e+00 -7.7728e-01 -3.2787e+00 -6.8688e-01 -2.7158e-01 +3.5492e-01
79521488 +4.474540637e+00 +4.474540637e+00 -8.995545936e+01 -8.995545936e+01 -1.7966e+00 +1.0535e+00 +1.1589e+00 +3.9193e+00 -1.6110e+00 -4.1544e-01 +4.4477e+00 -1.5976e-01 +9.4564e-01 -1.4946e+00 -1.9392e-01 +1.7206e+00 +3.9120e-01 -2.7405e+00 +1.5391e+00 -2.4022e+00 +2.6673e+00 +2.9185e-01 -5.2490e-02 -7.6685e-01
% function evaluation | noise-free fitness - Fopt (-1.213000000000e+02) | best noise-free fitness - Fopt | measured fitness | best measured fitness | x1 | x2...
1 +1.837700238e+01 +1.837700238e+01 -1.029229976e+02 -1.029229976e+02 -1.3285e+00 +2.4581e+00 -1.7316e-01 +3.9639e+00 +2.1840e+00 +1.2353e+00 +3.0105e+00 +3.4005e+00 -4.2476e-01 +2.0835e-01 +7.3143e-01 +3.4567e+00 +5.0722e-01 -8.0476e-01 +1.5543e+00 -4.0095e+00 +9.0222e-02 +3.7366e+00 +1.4250e+00 -1.2575e+00
5 +1.348032588e+01 +1.348032588e+01 -1.078196741e+02 -1.078196741e+02 +3.5549e+00 +2.3342e+00 +3.8135e+00 +1.5707e+00 -2.3288e+00 -2.7703e+00 +7.4991e-01 -3.8981e+00 -2.2710e+00 +1.7963e+00 -2.3262e+00 +3.5830e+00 -4.2187e-01 -3.8163e-03 +1.4600e+00 +3.5897e-01 -3.6281e+00 -1.9479e+00 -4.2502e+00 +1.4585e+00
149 +1.069852592e+01 +1.069852592e+01 -1.106014741e+02 -1.106014741e+02 -3.8135e+00 -2.7523e-01 -1.5408e+00 +2.5469e+00 -4.3402e+00 +2.4017e+00 +1.7251e+00 -3.9443e+00 +1.1564e-01 -3.4978e+00 -3.7747e+00 +1.5748e+00 -3.2726e-01 -4.2327e+00 +3.3615e+00 +3.2415e+00 -3.2543e+00 -2.6983e+00 +2.0934e+00 -1.4277e+00
3244 +1.008228904e+01 +1.008228904e+01 -1.112177110e+02 -1.112177110e+02 -3.3468e+00 +6.0536e-01 +1.3707e+00 +4.2178e+00 +8.3033e-02 -1.5593e+00 +1.4438e+00 -2.5475e+00 -1.5823e+00 -2.6632e+00 -2.2085e+00 -3.5799e-01 +1.4496e+00 -4.7132e+00 +9.9045e-01 +3.8225e+00 +3.6758e+00 -2.5006e+00 -4.9692e+00 -1.8869e+00
6225 +9.691482714e+00 +9.691482714e+00 -1.116085173e+02 -1.116085173e+02 -2.1851e+00 +3.3597e-01 +1.2871e+00 -1.2071e+00 -7.1460e-01 +1.7955e+00 +4.7063e-01 +2.2499e-01 -8.6101e-01 -4.5131e+00 -3.3687e+00 +6.7624e-01 +1.0148e-01 -1.3546e+00 +4.9949e+00 +4.6398e-01 -2.3565e+00 +1.2830e+00 -3.0728e+00 +1.5784e+00
7324 +9.497836534e+00 +9.497836534e+00 -1.118021635e+02 -1.118021635e+02 -4.3160e+00 +2.9229e+00 -4.3216e+00 +2.1751e+00 -9.2908e-01 -2.1768e+00 -3.1695e+00 -2.4856e+00 +7.7329e-01 -4.9303e-01 -2.7026e+00 -3.7397e-01 -2.9808e+00 +1.5536e+00 -7.9189e-01 +1.2697e+00 -3.6730e+00 +2.0883e-01 -3.3522e+00 +2.8808e+00
20684 +7.744406572e+00 +7.744406572e+00 -1.135555934e+02 -1.135555934e+02 -7.9024e-01 +2.9512e+00 +2.3862e+00 +3.9826e+00 -4.3833e+00 -4.5839e-01 -2.3193e+00 -3.4130e+00 -3.2673e-02 -2.7744e+00 -1.2867e+00 -5.9891e-01 +1.5004e+00 -3.9746e+00 -2.7006e-01 +1.3566e+00 -2.6109e+00 -3.2046e+00 -2.7699e+00 +3.8226e+00
70228 +7.235885954e+00 +7.235885954e+00 -1.140641140e+02 -1.140641140e+02 -4.6323e-01 +3.4393e+00 -1.6430e+00 +2.1517e+00 -3.8214e+00 +6.8034e-01 +4.9557e-01 -6.7997e-01 -1.8250e-01 -1.4709e+00 -1.6989e+00 -2.1365e+00 +1.0221e+00 -1.8163e+00 +4.9019e-01 +3.2470e+00 +1.9322e+00 +6.2161e-01 -2.7116e+00 +1.5424e+00
146098 +6.674792366e+00 +6.674792366e+00 -1.146252076e+02 -1.146252076e+02 +6.7107e-01 +4.7179e+00 -1.1037e+00 +2.4058e+00 -1.8056e+00 +2.3533e-01 +1.8415e-01 -2.4545e+00 -1.0520e+00 -4.6191e+00 -2.3134e+00 -9.3207e-01 -6.8296e-01 -3.2845e+00 +2.1643e+00 +2.3656e+00 -4.3591e+00 -2.8320e-01 -1.1325e+00 -2.9874e-01
712366 +6.569934344e+00 +6.569934344e+00 -1.147300657e+02 -1.147300657e+02 -2.2604e+00 +3.7604e+00 -2.0047e+00 +2.8871e+00 -2.9319e-01 -1.9791e+00 +6.4578e-01 -3.5645e+00 +2.2500e+00 -3.6376e+00 -1.4184e+00 -1.3390e+00 -7.6952e-01 -2.0847e+00 -3.4883e+00 +3.5804e+00 -1.2390e+00 +5.4824e-02 -1.7188e+00 +3.7655e+00
1034843 +6.195200828e+00 +6.195200828e+00 -1.151047992e+02 -1.151047992e+02 -3.1039e+00 +3.2949e+00 -2.0785e+00 +4.0614e+00 -2.2764e+00 +6.5824e-01 +5.1258e-01 -4.3891e+00 +1.9836e+00 -2.8552e+00 -3.3820e+00 +9.2207e-02 -2.3913e+00 -4.9927e+00 +1.0282e+00 -1.1918e-01 -4.5692e-01 -3.1104e-01 -1.6118e+00 +4.5757e+00
2410328 +5.877531338e+00 +5.877531338e+00 -1.154224687e+02 -1.154224687e+02 -1.7756e+00 +3.5655e+00 +1.2175e+00 +1.4178e+00 -1.0663e+00 +1.8269e+00 +1.2242e+00 -2.7058e+00 -2.0491e+00 -1.5702e-01 -1.7733e+00 +1.0258e+00 -4.8108e-01 -4.4923e-01 +1.8365e+00 +3.3327e+00 -3.8361e+00 -3.3374e+00 -2.8364e+00 +8.8100e-01
5594147 +5.687702443e+00 +5.687702443e+00 -1.156122976e+02 -1.156122976e+02 -8.1462e-01 +3.1787e+00 +1.6145e+00 +2.6448e+00 -2.7865e+00 +3.3447e+00 -1.6176e+00 -1.9590e+00 -2.9338e-02 -2.9707e+00 -3.4973e+00 -4.6074e-01 +2.9640e-01 +1.5422e+00 +5.1846e-01 +2.2643e+00 -2.7341e+00 -7.5509e-01 -4.5832e+00 -4.2515e-01
8470417 +5.621760621e+00 +5.621760621e+00 -1.156782394e+02 -1.156782394e+02 +5.9303e-01 -1.5516e-01 -1.8827e-01 +2.2606e+00 -3.0768e+00 +2.8547e+00 -1.9320e-01 -2.8051e+00 +1.1451e+00 -2.3355e+00 +6.5061e-01 +2.9064e+00 -1.4166e-01 -4.6051e+00 +3.8575e+00 +8.4327e-01 -1.1181e+00 +1.0581e+00 -2.1625e+00 +4.1925e+00
12623353 +5.326494232e+00 +5.326494232e+00 -1.159735058e+02 -1.159735058e+02 -1.4796e+00 +2.4766e+00 -3.6720e+00 +3.3859e+00 -1.2759e+00 +3.6895e+00 +3.6125e+00 -2.8417e+00 +3.6604e+00 -6.0060e-01 -3.9936e+00 +2.8336e+00 +2.2637e+00 -1.6001e+00 -9.3163e-01 +2.2171e+00 +1.2854e-01 -2.0242e+00 -2.7588e+00 +1.8322e+00
32110644 +4.834794164e+00 +4.834794164e+00 -1.164652058e+02 -1.164652058e+02 -7.8769e-01 +2.4874e-01 -1.0321e+00 +1.6174e+00 -2.4300e+00 +2.3133e+00 +3.8382e+00 +1.5583e-01 +6.7680e-01 -1.1104e+00 -4.4183e+00 +3.2595e+00 -1.9065e+00 -2.2037e+00 +8.7747e-01 +4.5850e+00 -2.8102e-01 -1.3283e+00 -4.1499e+00 +4.5900e-01
41479600 +4.034465342e+00 +4.034465342e+00 -1.172655347e+02 -1.172655347e+02 -7.5696e-01 +4.9762e+00 -8.0124e-01 +1.9500e+00 -1.3315e+00 +3.2421e+00 -8.1493e-02 -4.4846e+00 -1.4615e-02 -2.9350e+00 -1.5502e+00 -1.3000e+00 -9.1884e-01 -1.3415e+00 +1.2075e+00 +4.2353e+00 -3.0093e+00 -2.3944e+00 -4.1475e+00 +1.8029e+00
% function evaluation | noise-free fitness - Fopt (-1.000000000000e+03) | best noise-free fitness - Fopt | measured fitness | best measured fitness | x1 | x2...
1 +1.376429808e+02 +1.376429808e+02 -8.623570192e+02 -8.623570192e+02 -2.9815e+00 +3.4643e+00 -5.4437e-01 +2.8603e+00 -4.1051e+00 +4.4085e+00 +3.6061e-01 +4.7164e+00 +1.8522e+00 +4.9600e+00 -7.7635e-01 +3.9712e+00 +3.5210e+00 +2.3538e+00 +4.2592e+00 -3.3504e-01 -2.5235e+00 -4.4042e+00 -4.5204e+00 +1.9060e+00
2 +2.213414257e+01 +2.213414257e+01 -9.778658574e+02 -9.778658574e+02 +3.7402e+00 -1.5301e+00 -1.3044e+00 -3.5586e+00 +2.5292e-01 +1.6290e+00 +1.6769e+00 -1.0770e+00 -3.4604e+00 +5.1996e-01 +7.9264e-01 +3.5852e+00 -2.6353e+00 -4.8198e+00 +2.9348e+00 +9.7332e-01 -1.3478e+00 +2.4234e+00 -2.3579e+00 +1.3090e-01
3 +1.647787784e+01 +1.647787784e+01 -9.835221222e+02 -9.835221222e+02 +4.9997e+00 -1.3216e+00 +2.4033e+00 +3.8505e+00 +5.9117e-01 +3.0187e-01 +4.5726e+00 -3.0422e-01 -3.3986e+00 +2.5098e+00 -2.1031e-01 +6.5920e-01 +2.1990e+00 -7.0667e-01 +9.1174e-01 -7.0621e-01 -7.9618e-01 +4.1360e+00 +2.3576e+00 -4.6393e+00
118 +1.474462695e+01 +1.474462695e+01 -9.852553730e+02 -9.852553730e+02 +1.8978e+00 -4.8017e-01 -2.8131e+00 -3.8702e+00 +2.5720e+00 +1.1721e+00 -3.7322e+00 +2.9543e+00 -3.4883e+00 +1.6566e-01 +3.1059e+00 -3.7554e+00 -4.3286e+00 -4.5731e-02 -2.3390e+00 -4.6313e+00 +2.5404e+00 +2.7248e+00 -4.6235e+00 -9.3710e-01
122 +1.270052279e+01 +1.270052279e+01 -9.872994772e+02 -9.872994772e+02 +2.7787e+00 +1.7802e-01 -2.7917e+00 -1.1091e+00 -3.4181e-01 -1.4950e+00 +3.5498e+00 -4.6656e+00 -4.4555e+00 +3.9466e+00 +4.5736e-02 -3.6985e+00 -1.0740e+00 +4.9713e+00 -3.6571e+00 -2.5307e-01 +3.8766e+00 +7.9664e-01 -1.4948e+00 +1.3958e+00
365 +1.023346213e+01 +1.023346213e+01 -9.897665379e+02 -9.897665379e+02 -3.0586e+00 +2.2627e+00 +3.7494e-02 -3.2705e+00 -7.2457e-01 +3.1184e+00 +3.3415e+00 -2.8553e+00 +6.4714e-01 -1.8835e+00 +4.1471e+00 -4.0460e+00 -4.7147e-01 +1.3320e+00 +2.9476e+00 -2.1279e+00 -3.4400e+00 +3.1744e+00 -3.6883e+00 -3.2681e-01
2940 +1.019551689e+01 +1.019551689e+01 -9.898044831e+02 -9.898044831e+02 +4.3593e+00 +7.2765e-01 +8.4412e-01 +3.1147e+00 +9.5481e-01 +3.5732e+00 +2.4289e+00 -1.6099e+00 +2.5846e+00 +1.9238e+00 -6.6846e-02 -4.6616e+00 -3.7703e+00 +3.7269e+00 +2.7669e+00 -1.8900e+00 -2.4944e+00 +2.5721e+00 -5.4022e-01 +3.9002e+00
4414 +9.942450715e+00 +9.942450715e+00 -9.900575493e+02 -9.900575493e+02 -3.6258e-02 -1.8172e-01 +2.8342e+00 -1.5984e+00 +2.7599e+00 +3.7605e+00 +1.6744e+00 -4.1616e+00 +3.6482e+00 +3.5077e+00 +4.3902e+00 -3.9166e+00 -3.4043e+00 +3.9864e+00 -4.4530e+00 +2.1092e+00 -1.8682e+00 +4.8498e+00 -2.4050e+00 +6.4778e-01
7736 +8.651545583e+00 +8.651545583e+00 -9.913484544e+02 -9.913484544e+02 +1.7786e+00 -5.4256e-01 +2.2029e+00 -2.1534e+00 +2.0810e+00 +1.0094e+00 +2.6339e+00 +4.2879e-01 +4.9260e+00 -6.0285e-01 -1.1408e+00 -4.8069e+00 -4.0733e+00 +4.6776e+00 +7.6598e-01 -4.9998e+00 -2.0524e+00 +4.0727e-02 +2.7320e+00 +2.3438e+00
20540 +7.624170769e+00 +7.624170769e+00 -9.923758292e+02 -9.923758292e+02 +3.3120e+00 -1.5599e+00 +2.9831e+00 -1.6451e+00 +3.6584e+00 +2.1270e-01 +2.8423e+00 -2.4248e+00 +3.6300e+00 +2.0525e+00 +7.6962e-01 -1.6651e+00 -2.6885e+00 +2.6380e+00 +3.7797e+00 +4.6499e-01 -3.7786e+00 +2.3479e+00 -7.3703e-01 +4.0192e+00
107296 +7.074878455e+00 +7.074878455e+00 -9.929251215e+02 -9.929251215e+02 +4.6425e+00 -4.9058e-02 -3.4090e-01 +6.7963e-01 -2.6209e-01 +3.2007e+00 +4.0649e+00 -3.0713e+00 -1.9650e+00 +1.5255e+00 +3.0218e+00 -3.0361e+00 -2.6516e+00 +1.1463e+00 +1.8517e+00 -2.4488e+00 +1.7497e+00 +5.2188e-01 -2.9289e+00 +3.1018e+00
209523 +6.163396931e+00 +6.163396931e+00 -9.938366031e+02 -9.938366031e+02 -4.8272e+00 +1.2594e-01 +3.1884e+00 +1.9342e+00 -1.6058e+00 +4.1457e+00 +4.1829e+00 -3.9571e+00 +4.2325e+00 +3.2497e+00 +1.5945e+00 -4.5924e+00 -8.8479e-01 +3.0556e+00 +9.2868e-01 +4.2423e+00 -4.6031e-01 +3.6032e+00 +6.2192e-01 +1.7449e+00
1963212 +5.670140011e+00 +5.670140011e+00 -9.943298600e+02 -9.943298600e+02 +4.0013e-01 -3.1986e+00 +2.7779e+00 -5.5231e-02 +7.2439e-01 -1.2125e-01 +4.4118e+00 +1.0987e+00 +2.6925e+00 +2.4888e+00 +2.0626e+00 -1.1134e+00 -2.3848e+00 +2.7945e+00 +3.3689e+00 +2.1255e-02 -1.7732e-01 +4.7934e+00 +1.2622e+00 +2.8684e+00
5972387 +5.423317747e+00 +5.423317747e+00 -9.945766823e+02 -9.945766823e+02 +3.9136e-01 +2.5936e-01 +4.6236e+00 -7.0230e-01 +1.2992e+00 +3.5166e+00 +4.7286e+00 -1.3894e+00 +2.5629e+00 -2.6013e+00 -1.1104e+00 -3.4873e+00 -3.6212e+00 +4.7545e+00 +2.9864e+00 -8.8334e-01 +1.3863e-01 +3.2941e+00 +1.7254e+00 +4.3216e+00
7718353 +5.109239603e+00 +5.109239603e+00 -9.948907604e+02 -9.948907604e+02 +3.8955e-01 +1.4829e+00 +4.3695e+00 +4.5916e-01 +2.4186e-02 +4.2913e+00 +1.9495e+00 -3.4286e+00 +1.3181e+00 -1.6800e+00 +1.0277e+00 -1.6914e+00 -1.4031e+00 +1.3591e+00 +4.7207e+00 +6.9278e-01 +5.4066e-01 +2.4632e+00 +1.0940e+00 +1.7537e+00
9635771 +4.367006412e+00 +4.367006412e+00 -9.956329936e+02 -9.956329936e+02 +1.2459e+00 +1.4326e+00 +3.1550e+00 -2.3037e+00 +2.9170e-01 -2.4954e-01 +2.5001e+00 -3.0676e+00 -4.2564e-01 +4.0287e-01 +3.1449e+00 -3.6121e+00 -2.0845e+00 +3.1887e+00 +2.3471e+00 -1.8858e+00 +3.2615e-01 +1.1162e+00 +4.5428e-01 +2.0586e+00
13392700 +4.177060758e+00 +4.177060758e+00 -9.958229392e+02 -9.958229392e+02 +3.3829e+00 +1.2926e+00 +3.9496e+00 +1.6407e+00 +1.1110e+00 +1.1090e+00 +1.5996e+00 -2.7212e+00 +1.5711e+00 -1.0469e+00 +1.5770e+00 -4.4560e+00 -1.9600e+00 +2.8686e+00 +4.2039e+00 -2.9385e+00 -3.9536e-01 +3.5013e+00 -2.3400e+00 +4.8582e+00
% function evaluation | noise-free fitness - Fopt (-2.787500000000e+02) | best noise-free fitness - Fopt | measured fitness | best measured fitness | x1 | x2...
1 +5.280232712e+01 +5.280232712e+01 -2.259476729e+02 -2.259476729e+02 +2.0888e+00 +4.9965e+00 +3.9868e+00 +2.8426e+00 +3.6190e+00 -2.5819e+00 -4.2572e+00 -2.8506e+00 +1.4177e+00 +1.4334e+00 -9.0893e-01 +3.2452e+00 -4.7160e+00 +2.9929e+00 +4.1290e+00 -3.4654e+00 -1.2424e+00 +3.4086e+00 +1.4013e+00 +2.4919e+00
2 +1.734377540e+01 +1.734377540e+01 -2.614062246e+02 -2.614062246e+02 +1.6879e+00 +4.5858e+00 +3.5831e+00 +4.2480e+00 +2.1208e+00 +4.9485e+00 -3.6192e+00 +7.9416e-02 +3.5078e+00 +5.7175e-01 -4.8784e+00 -3.4596e+00 -4.5932e-01 +1.2393e+00 -4.9044e+00 +3.5927e+00 +9.2291e-01 +4.5639e+00 +2.2634e+00 +1.5206e-01
152 +1.696296703e+01 +1.696296703e+01 -2.617870330e+02 -2.617870330e+02 -3.3645e+00 +4.6945e-01 +1.4590e+00 -1.4168e+00 +3.5259e+00 +8.3544e-01 +3.0184e+00 +4.0393e-01 +2.9992e+00 -1.9761e+00 -1.5464e+00 -2.4664e+00 +2.4542e+00 -4.4314e+00 +1.6216e+00 +1.7259e+00 -3.7437e+00 -1.7670e-02 +2.6803e+00 +4.8798e+00
167 +1.239715895e+01 +1.239715895e+01 -2.663528411e+02 -2.663528411e+02 -5.4805e-01 -4.8566e-01 +3.8411e+00 +2.2534e+00 -1.9243e+00 +2.2504e+00 +4.7653e+00 -1.9363e+00 -4.6065e-01 +3.0916e+00 -3.9067e-01 +1.5674e+00 +4.1280e+00 +3.3020e+00 -3.1905e+00 +4.2260e+00 -4.4006e+00 -2.2662e+00 -8.9348e-01 -2.5281e+00
1196 +1.205753689e+01 +1.205753689e+01 -2.666924631e+02 -2.666924631e+02 -2.2596e+00 +4.9885e+00 +1.3149e+00 -4.1812e+00 +4.7404e+00 +6.4892e-01 +2.2605e+00 -2.0272e+00 +2.5068e+00 +3.2417e+00 -3.2005e+00 +8.0348e-01 +1.5987e+00 -2.2825e+00 +2.4467e+00 -2.9831e+00 -4.1850e+00 +2.5012e+00 -3.1626e+00 -3.5241e+00
1711 +1.074407914e+01 +1.074407914e+01 -2.680059209e+02 -2.680059209e+02 -1.1976e+00 -2.8144e+00 +4.2178e+00 +2.1223e-01 +1.2786e+00 +1.2082e+00 +3.6552e+00 +4.6102e+00 +3.6620e+00 +1.1559e+00 -4.5764e+00 -7.6269e-01 +1.9778e+00 -1.3243e+00 -6.9980e-01 +1.9807e-01 -8.6693e-01 +1.7466e+00 -4.0704e+00 -2.6854e+00
3899 +9.209441927e+00 +9.209441927e+00 -2.695405581e+02 -2.695405581e+02 -4.7099e+00 +3.8333e+00 +7.6964e-02 -3.7476e+00 -5.5871e-01 -1.4245e+00 +4.1881e+00 +3.5630e+00 +4.2810e+00 +6.5320e-01 +7.8758e-02 +1.8789e-01 -1.7749e+00 +8.6285e-01 +4.5455e-01 -5.6567e-01 -1.5852e-01 +1.0110e+00 +4.9458e+00 -3.7057e+00
5764 +7.812324005e+00 +7.812324005e+00 -2.709376760e+02 -2.709376760e+02 +9.6756e-01 +3.6285e+00 +3.1477e+00 +1.9519e+00 +1.1102e-01 +8.2122e-01 +1.4343e+00 +4.0437e+00 +4.7585e+00 +1.3008e+00 -3.2451e+00 +4.1388e+00 +3.8355e+00 +1.8795e+00 -1.5230e+00 +4.3790e+00 -1.3809e+00 -2.2862e+00 +2.4579e+00 -1.8130e+00
10110 +7.721224068e+00 +7.721224068e+00 -2.710287759e+02 -2.710287759e+02 -1.6003e+00 -2.4182e-01 +2.1865e+00 -9.9209e-01 -5.8638e-01 +3.3851e+00 +4.6799e+00 +2.9598e+00 +6.4045e-01 +2.2222e+00 -1.3042e+00 +1.5576e+00 +2.0079e+00 -3.2840e+00 -2.3656e-01 +2.9027e+00 +2.4174e+00 +3.1944e+00 -1.8882e+00 -2.6051e+00
32574 +5.945948391e+00 +5.945948391e+00 -2.728040516e+02 -2.728040516e+02 -4.7339e+00 +1.3006e+00 +4.0679e+00 -5.1130e-01 +1.7430e+00 -9.4664e-04 +2.5076e+00 +1.8580e+00 +8.0495e-01 -1.4129e+00 -4.8254e+00 +3.6610e+00 +4.1721e+00 -3.7763e+00 -7.4799e-01 +1.9762e+00 +2.7405e+00 +5.3591e-01 +9.4725e-01 -1.4261e+00
3093460 +5.519369245e+00 +5.519369245e+00 -2.732306308e+02 -2.732306308e+02 -3.5547e+00 +3.2321e-01 +1.5328e+00 +1.7042e+00 +2.5110e+00 +1.9280e+00 +4.8594e+00 +1.5671e+00 +2.0667e+00 -1.4008e+00 -4.6949e+00 +2.8536e+00 +4.7117e+00 -2.3059e+00 -3.0264e+00 +6.0636e-01 +2.0419e+00 -1.2112e-01 +2.2282e+00 -3.2009e-01
11707603 +5.466591545e+00 +5.466591545e+00 -2.732834085e+02 -2.732834085e+02 -3.5164e+00 +1.0928e+00 +3.0515e+00 -3.5607e+00 +1.0153e+00 +7.2958e-01 +1.7537e+00 +4.9239e+00 +4.5859e+00 +1.6338e+00 -3.1808e+00 -4.8864e-01 -6.1760e-01 -2.6541e+00 +9.2116e-01 +3.1660e+00 -7.5908e-01 +6.5442e-01 +9.4216e-01 -3.0963e+00
48409597 +5.106986994e+00 +5.106986994e+00 -2.736430130e+02 -2.736430130e+02 -4.4065e+00 +1.5884e+00 +2.4923e+00 -4.3931e-01 +2.5088e+00 +2.7618e+00 +8.6677e-01 +3.5315e+00 +1.9604e+00 +2.6343e+00 -2.8191e+00 -3.5898e-01 +3.0705e+00 -2.8374e-01 +6.1033e-01 +3.0581e+00 +2.6196e+00 +4.1689e+00 +3.4484e+00 -4.1604e+00
103340638 +4.430263142e+00 +4.430263142e+00 -2.743197369e+02 -2.743197369e+02 -1.8790e+00 +7.6996e-02 +4.9498e+00 -2.0886e+00 +1.2202e+00 +7.6161e-01 +3.8832e-01 +2.5117e+00 +3.3003e+00 +7.7171e-01 -2.7968e+00 +4.1342e+00 +3.5620e+00 -1.0190e+00 +2.0578e-01 -6.1030e-01 -1.4791e+00 +1.1581e+00 +6.2059e-01 -2.4152e+00
% function evaluation | noise-free fitness - Fopt (-1.677000000000e+01) | best noise-free fitness - Fopt | measured fitness | best measured fitness | x1 | x2...
1 +2.556231229e+01 +2.556231229e+01 +8.792312286e+00 +8.792312286e+00 +4.1959e+00 -2.0160e+00 +1.8098e+00 +1.5833e+00 -1.5292e-02 +4.1278e+00 -4.6451e+00 +2.1382e+00 -2.7424e+00 -3.5104e+00 +1.1873e+00 +3.0722e+00 +3.1095e+00 -3.1424e+00 +1.0395e+00 +3.4268e+00 -4.9695e-01 +3.5316e+00 +4.1631e+00 +2.5198e-01
3 +2.027350144e+01 +2.027350144e+01 +3.503501438e+00 +3.503501438e+00 +2.6273e+00 +2.4658e+00 +4.9980e+00 +1.1204e+00 +1.8834e+00 +2.3849e+00 -3.5277e+00 -2.4274e+00 +2.6935e+00 +2.1184e+00 +5.0435e-01 -2.1516e+00 -8.3890e-01 +2.7651e+00 +1.8124e+00 +2.0139e+00 -1.8816e+00 -1.0305e+00 +2.3966e+00 -1.3237e+00
5 +1.811813504e+01 +1.811813504e+01 +1.348135042e+00 +1.348135042e+00 +7.4762e-01 +1.5714e+00 +3.4223e+00 -7.7084e-02 -2.7265e+00 -4.7049e+00 -4.2800e+00 -2.8177e+00 -4.2781e+00 -1.5837e+00 -8.8844e-01 +2.2676e+00 -5.3496e-01 -8.1496e-01 -1.6110e+00 -7.7011e-01 +1.5383e+00 -4.9184e+00 -3.6065e+00 +2.2629e+00
12 +1.329546025e+01 +1.329546025e+01 -3.474539747e+00 -3.474539747e+00 +1.9625e+00 -1.6722e+00 +1.4312e+00 +2.9868e+00 +3.5103e-01 -8.6498e-01 +3.6346e+00 +9.6930e-01 +1.2183e+00 +3.9630e+00 -1.5025e+00 +4.1003e+00 -2.9266e+00 -6.9594e-01 +2.9383e+00 -3.1095e+00 -2.6039e-01 +3.6377e+00 +1.2132e+00 +5.8680e-01
290 +1.316648953e+01 +1.316648953e+01 -3.603510471e+00 -3.603510471e+00 -4.5945e+00 +3.9847e+00 +2.9216e+00 +1.3326e+00 +1.5529e+00 -3.2720e+00 -4.0710e+00 +1.2463e+00 +5.9276e-01 -2.5924e+00 -1.4549e-01 +1.5329e+00 -9.0295e-01 -4.0200e+00 +1.1425e+00 -3.3985e+00 +2.8833e+00 -1.1740e+00 +3.1531e+00 -2.0067e+00
881 +1.241377393e+01 +1.241377393e+01 -4.356226071e+00 -4.356226071e+00 -1.2604e+00 +2.5309e+00 +3.2600e+00 +2.6075e+00 +3.6821e+00 -1.0161e+00 -3.5524e+00 -3.6346e+00 -1.4125e+00 +1.0386e+00 -3.9428e+00 -1.0777e+00 -1.8217e+00 -2.9776e+00 +4.9078e+00 -1.9410e+00 -7.4477e-01 -7.5927e-01 +4.4800e+00 -3.3359e+00
1958 +1.159507196e+01 +1.159507196e+01 -5.174928042e+00 -5.174928042e+00 -9.6287e-01 +2.0290e+00 +2.9740e+00 -1.6005e-01 +2.0381e+00 -4.7108e+00 -4.2533e+00 +8.4259e-01 +2.5850e-01 +1.6171e+00 -1.7382e+00 -7.3407e-01 -4.0426e-01 -2.9896e+00 +1.8567e+00 -4.8341e+00 -9.5812e-01 -7.0183e-01 +1.9341e+00 -4.8229e+00
2681 +9.831850095e+00 +9.831850095e+00 -6.938149905e+00 -6.938149905e+00 +2.5766e+00 -1.8301e+00 +3.0311e+00 +2.8413e+00 -9.8424e-01 -3.8789e-01 -3.0028e+00 +1.1179e+00 +2.1935e+00 -4.2654e+00 +1.0665e+00 +8.9358e-01 +3.9381e+00 -1.0386e+00 +5.7553e-01 -3.6341e+00 +2.0917e+00 +2.2643e+00 -3.3431e+00 -2.0438e+00
8306 +9.138407488e+00 +9.138407488e+00 -7.631592512e+00 -7.631592512e+00 -1.4443e-01 +1.9042e+00 -1.3599e+00 -3.5086e+00 +1.1625e+00 -5.7744e-01 -3.9307e+00 +2.9793e+00 +4.1635e+00 -1.9015e+00 -4.4375e+00 +4.4574e+00 +2.4972e+00 -1.1247e+00 +1.0875e+00 -4.3834e+00 +8.7314e-01 +6.5170e-01 -2.1232e-01 +1.9863e-01
14012 +7.575578072e+00 +7.575578072e+00 -9.194421928e+00 -9.194421928e+00 +8.9681e-01 +1.7207e+00 +2.1476e+00 +2.2206e+00 +1.2497e+00 -3.9573e+00 -1.5152e+00 -3.0814e+00 +3.3392e+00 +2.9616e+00 -1.9540e+00 +3.0572e+00 -6.7688e-01 -3.3362e+00 +3.5680e+00 -2.7482e+00 -1.6675e-01 -1.8905e+00 -2.2593e+00 +1.9225e+00
126607 +6.686857940e+00 +6.686857940e+00 -1.008314206e+01 -1.008314206e+01 -2.1589e+00 +2.7533e+00 +4.9554e+00 +2.5024e+00 -1.0291e+00 -1.2411e+00 -2.6650e+00 -3.4733e-01 -8.0867e-01 -4.1368e-01 -2.8634e+00 +2.6887e+00 +4.4929e+00 -4.1086e+00 +2.2650e+00 -2.9312e+00 -1.8899e+00 -1.6887e+00 -1.3147e+00 +7.5168e-01
846767 +6.331702087e+00 +6.331702087e+00 -1.043829791e+01 -1.043829791e+01 +2.2085e+00 +3.2912e+00 +3.9905e+00 +4.7228e+00 -1.6129e+00 +8.9184e-01 -2.0842e+00 -1.5638e+00 +1.3644e+00 +2.1794e+00 -3.1913e+00 +3.5213e+00 +2.2269e+00 -6.5052e-01 +2.6362e+00 +1.1794e+00 +5.7971e-01 -1.0871e+00 -2.2416e+00 +2.5084e+00
1061422 +5.829438726e+00 +5.829438726e+00 -1.094056127e+01 -1.094056127e+01 +1.5657e+00 +2.2931e+00 -1.3429e-01 +2.6546e+00 -3.2759e+00 -2.9765e+00 -2.2711e+00 -1.1085e+00 -4.2047e-01 +5.1486e-01 -6.3598e-01 +2.1794e+00 +7.1011e-02 -3.9052e+00 +1.2370e+00 -3.0495e+00 +1.6847e-01 -1.2464e+00 -1.5453e+00 -1.6012e-01
3551014 +5.655231736e+00 +5.655231736e+00 -1.111476826e+01 -1.111476826e+01 -9.0459e-01 +1.3509e+00 +1.9694e+00 +2.8364e+00 -3.5371e+00 -4.1145e+00 -2.7715e+00 -8.4130e-01 -6.3457e-01 -9.2241e-01 -4.7594e+00 +9.2109e-01 +1.8496e+00 -4.3014e+00 +3.2989e+00 -4.4594e+00 -7.8431e-01 -3.6818e+00 -2.2500e-01 -2.5900e+00
4566626 +5.511265931e+00 +5.511265931e+00 -1.125873407e+01 -1.125873407e+01 +1.2447e+00 +8.7278e-01 +4.9719e+00 +2.3339e+00 -3.1876e+00 -3.5044e+00 -3.0465e+00 -1.9114e+00 +3.4800e+00 -1.0749e-01 -3.7277e+00 +1.6069e+00 +8.2386e-01 -4.0762e+00 +3.6181e+00 -2.1016e+00 +1.6774e+00 +7.2962e-01 -9.2188e-01 -4.3742e-01
5416650 +5.434742578e+00 +5.434742578e+00 -1.133525742e+01 -1.133525742e+01 -7.6898e-01 +3.2608e+00 +3.3262e+00 +2.0776e+00 -4.0340e+00 -2.8596e+00 -1.1281e+00 +9.7515e-01 +2.0295e+00 -1.1291e+00 -3.5282e+00 +3.5708e+00 +1.9362e+00 -2.6408e+00 +4.5367e+00 -1.3731e+00 -1.8528e-01 -2.7271e+00 -3.5412e+00 +1.2598e+00
8811718 +5.132841016e+00 +5.132841016e+00 -1.163715898e+01 -1.163715898e+01 -4.0997e+00 +2.1364e+00 +1.0823e+00 +3.0882e+00 -3.5781e+00 -4.7438e+00 +1.4428e-01 +9.2152e-01 +1.4580e+00 +2.4620e+00 -2.7861e+00 +1.2822e-01 +6.3839e-02 -1.1732e+00 +1.6946e+00 -2.5503e+00 +2.5114e+00 -5.9111e-01 -2.6601e+00 -2.5017e+00
20694600 +5.004853816e+00 +5.004853816e+00 -1.176514618e+01 -1.176514618e+01 -5.0774e-01 -2.8670e-01 +4.0822e+00 +2.9482e+00 -3.7406e+00 -3.4669e+00 -4.3805e+00 +1.3868e-03 -8.6305e-01 -6.3246e-01 -4.5004e+00 +9.3936e-01 +1.7912e+00 -4.8152e+00 +4.5719e+00 -3.4311e+00 +1.2491e+00 -1.4766e+00 -1.2515e+00 +1.2868e+00
73272283 +4.447663825e+00 +4.447663825e+00 -1.232233618e+01 -1.232233618e+01 +5.5381e-01 +3.3939e+00 +1.8691e+00 +3.4185e+00 -1.5270e+00 -3.3294e+00 -3.5135e+00 -2.7248e+00 -3.7153e-01 +1.4239e+00 -4.9340e+00 +2.1463e+00 +4.2697e+00 -3.5708e+00 +1.2240e+00 +4.1894e-02 +8.4687e-01 -1.1547e+00 -1.8481e+00 -1.3447e+00
152957415 +4.277935987e+00 +4.277935987e+00 -1.249206401e+01 -1.249206401e+01 -4.2436e-01 +3.9480e+00 +3.4501e+00 +3.9454e+00 -3.5036e+00 -4.2477e+00 -2.9450e+00 -2.9536e+00 +1.4905e+00 -9.7485e-01 -2.8215e+00 +1.3360e+00 +4.0473e+00 -2.3038e+00 +2.8166e+00 -2.4618e+00 -2.8017e+00 -3.5368e+00 -1.1715e+00 +4.5680e-01
171189808 +4.099562713e+00 +4.099562713e+00 -1.267043729e+01 -1.267043729e+01 -5.9407e-02 +3.0243e+00 +3.5692e+00 +3.8768e+00 -1.6215e+00 -4.2099e+00 -2.9347e+00 -1.6844e+00 +2.1726e+00 +1.0125e+00 -3.4441e+00 +2.7724e+00 +4.1187e+00 -2.5062e+00 +3.3112e-01 -1.4097e+00 +1.8177e+00 -2.5466e+00 -6.0662e-01 +1.3036e+00
% function evaluation | noise-free fitness - Fopt (-8.593000000000e+01) | best noise-free fitness - Fopt | measured fitness | best measured fitness | x1 | x2...
1 +9.660241899e+01 +9.660241899e+01 +1.067241899e+01 +1.067241899e+01 -4.6565e+00 -1.9605e+00 +8.1616e-01 -5.7897e-01 +3.3447e+00 -1.2224e-01 -3.5948e+00 +1.9452e+00 +1.0325e+00 +4.5542e-01 +5.2970e-01 -9.5382e-01 +4.2174e+00 +1.2160e+00 +4.6320e+00 -3.7408e+00 -4.5630e+00 +4.0953e+00 +4.4780e-01 -2.2528e+00
2 +4.911259394e+01 +4.911259394e+01 -3.681740606e+01 -3.681740606e+01 -3.5146e+00 -4.2436e+00 -2.9869e+00 +4.0656e+00 +9.5126e-01 -3.7217e+00 -4.2856e+00 -1.2855e+00 -7.8541e-01 +4.6638e+00 -3.0963e+00 -9.2216e-01 -1.1726e+00 -2.2166e+00 -2.7295e+00 +1.8261e+00 -4.0240e+00 +9.4225e-01 +4.4152e+00 -3.6004e+00
3 +2.298066938e+01 +2.298066938e+01 -6.294933062e+01 -6.294933062e+01 -7.2138e-01 +4.0623e+00 +2.7895e+00 -4.8498e+00 +2.9891e-01 -4.5016e+00 +2.0578e+00 +2.6126e+00 +1.9598e+00 +1.9959e-03 +1.9975e+00 +1.8198e+00 +8.8020e-01 +2.9937e+00 +4.1391e+00 -3.5602e+00 +3.3981e+00 +1.2945e+00 -9.6175e-02 +1.3302e+00
21 +1.831171680e+01 +1.831171680e+01 -6.761828320e+01 -6.761828320e+01 +2.0709e+00 +3.0645e+00 -2.7263e+00 +3.6966e+00 +2.4399e+00 -1.0447e+00 -3.2907e+00 +1.8915e+00 -1.4388e+00 +1.0064e+00 +5.0269e-01 +4.1514e+00 +1.8172e+00 +3.3632e+00 +2.7244e-01 -5.7048e-01 +1.2794e+00 -1.4755e+00 +2.9527e+00 -1.0050e+00
57 +1.620453481e+01 +1.620453481e+01 -6.972546519e+01 -6.972546519e+01 +4.0472e+00 -4.0573e+00 -3.8832e+00 -3.5044e+00 +3.3238e+00 -4.8361e+00 -4.3292e-01 +3.1574e-01 +2.3570e+00 -2.0679e+00 +8.5975e-02 -1.1281e+00 -1.4605e+00 -1.6914e+00 -3.3250e+00 -5.3375e-01 +1.2707e+00 -3.7163e+00 -4.8460e+00 +3.7112e+00
144 +1.132090377e+01 +1.132090377e+01 -7.460909623e+01 -7.460909623e+01 +4.2399e+00 +4.9001e+00 +7.0363e-01 -1.9730e-01 +1.2585e+00 -1.9764e+00 +2.5235e+00 +4.2895e+00 +3.7177e+00 -1.7752e+00 -1.0692e+00 -2.1502e+00 +4.1806e+00 -2.7215e-01 -3.4385e+00 +4.5336e+00 +3.4873e+00 +1.6036e+00 -1.0157e+00 -4.1620e+00
1080 +9.249068978e+00 +9.249068978e+00 -7.668093102e+01 -7.668093102e+01 -1.3974e+00 -2.5168e+00 +1.1050e-01 -2.6019e+00 +6.6290e-02 -2.2221e+00 -4.9456e+00 +2.0515e+00 +1.7587e+00 -3.9313e+00 -3.2944e+00 -1.5512e+00 +2.2196e+00 +5.2131e-02 -3.4547e+00 -9.2362e-02 +3.6687e+00 +1.3550e-01 -2.4999e+00 -1.7829e+00
13041 +7.930435848e+00 +7.930435848e+00 -7.799956415e+01 -7.799956415e+01 +2.3232e+00 +4.1558e+00 +4.3882e+00 -2.5853e+00 +3.6728e+00 -8.1541e-01 +2.9394e+00 +2.7931e+00 +3.8802e+00 -1.9787e+00 +3.3099e+00 +5.5272e-01 +7.0429e-01 +1.1722e+00 -4.2538e+00 +6.1317e-01 +4.9415e+00 +5.2169e-01 -7.4028e-01 -3.6241e+00
144335 +5.416849837e+00 +5.416849837e+00 -8.051315016e+01 -8.051315016e+01 -6.8591e-02 -4.3509e-01 +3.1258e+00 -2.6863e+00 +3.3907e+00 -2.1505e+00 -6.5204e-01 +3.8721e+00 +3.5749e-01 -2.5988e+00 -2.7845e+00 +2.1475e+00 +2.8315e+00 +1.2255e+00 -1.1044e+00 +3.0127e+00 +4.0693e+00 +2.9401e-01 +8.8309e-01 -4.9537e+00
4193012 +4.457995053e+00 +4.457995053e+00 -8.147200495e+01 -8.147200495e+01 -3.0212e-01 +2.7810e+00 +1.2341e+00 -3.9588e+00 +2.9496e+00 -8.9157e-01 +2.7783e+00 -1.3620e-02 +4.8485e+00 -3.2556e+00 +1.2313e+00 +2.9314e+00 +9.1791e-01 +1.1919e+00 -3.2955e+00 +3.9808e+00 +4.1441e+00 -5.8992e-01 +2.6353e+00 -2.6310e+00
% function evaluation | noise-free fitness - Fopt (4.966000000000e+01) | best noise-free fitness - Fopt | measured fitness | best measured fitness | x1 | x2...
1 +2.834999275e+02 +2.834999275e+02 +3.331599275e+02 +3.331599275e+02 -2.4728e+00 -5.8572e-01 -2.7480e+00 -2.7120e+00 +3.7008e-01 -1.1144e+00 +4.3087e+00 +2.0573e+00 -8.7595e-01 +2.9895e+00 -1.7676e+00 +2.7725e+00 -6.3533e-01 +4.9035e+00 -1.2233e+00 +9.5431e-01 +1.2976e+00 +3.7052e+00 +2.0771e+00 -4.5839e+00
2 +4.437032360e+01 +4.437032360e+01 +9.403032360e+01 +9.403032360e+01 +6.3549e-02 +4.5398e+00 -3.8688e+00 -2.6010e+00 +4.7162e+00 +4.1111e+00 +2.7485e+00 -2.4840e+00 -4.3014e-01 -3.2501e+00 +4.0232e+00 -1.5713e+00 +4.7792e+00 +1.6857e-01 +3.1005e+00 +4.8317e-01 +4.7181e+00 +1.0580e+00 +4.3418e+00 +1.7565e+00
3 +2.040503062e+01 +2.040503062e+01 +7.006503062e+01 +7.006503062e+01 +2.5859e-01 -3.5472e+00 +3.0751e+00 +7.2821e-01 +3.2928e+00 -4.5516e+00 -4.0507e+00 +3.1065e+00 +8.0002e-01 +1.6207e+00 -2.2973e+00 -2.8890e+00 -3.8278e+00 -1.9898e+00 -2.2904e+00 -4.7550e+00 +4.2485e+00 -4.6151e+00 +6.5697e-01 +6.5569e-01
26 +1.429989299e+01 +1.429989299e+01 +6.395989299e+01 +6.395989299e+01 +9.8834e-01 +2.6838e+00 +9.2542e-02 +1.3960e+00 -5.3915e-01 +3.4491e-02 +2.8930e-01 +3.5861e+00 -1.0313e+00 -6.2446e-01 +7.5078e-01 +5.1865e-02 -3.5192e-01 -4.3702e+00 -4.8878e+00 -8.6676e-01 -5.0689e-01 -4.2218e+00 +2.3924e+00 +3.6658e+00
249 +1.192101746e+01 +1.192101746e+01 +6.158101746e+01 +6.158101746e+01 +2.5210e-01 +1.4911e+00 -2.9381e+00 -2.2336e+00 -3.3934e+00 +4.9418e+00 +9.2006e-01 -3.1447e+00 +3.9655e+00 -4.9750e+00 -1.3210e-01 -2.9076e+00 -2.7763e-01 -1.9282e+00 +1.3133e+00 +3.3527e+00 -3.3517e+00 +3.0504e-01 -2.7587e+00 +1.3722e+00
622 +1.120500352e+01 +1.120500352e+01 +6.086500352e+01 +6.086500352e+01 -3.6392e+00 -2.9219e+00 -2.4187e+00 -1.5944e+00 +6.5794e-01 +4.0444e-01 +2.1678e+00 -2.8433e+00 +5.0864e-01 -3.4786e+00 -7.5346e-01 +4.0058e+00 -7.9358e-01 -2.4957e+00 +2.5209e-01 +3.9686e+00 -1.2413e+00 -3.4485e+00 -2.0900e+00 +9.3727e-01
1913 +1.060498693e+01 +1.060498693e+01 +6.026498693e+01 +6.026498693e+01 -3.9300e+00 -3.0716e+00 +3.3362e+00 -4.2808e+00 +2.6877e-01 -5.7525e-01 +1.0668e-01 -5.0018e-01 +3.5256e+00 -4.1486e+00 +2.4009e+00 +1.0335e+00 +1.1964e+00 -3.5912e+00 -2.8606e+00 +4.2005e+00 +1.0782e-01 -9.4340e-01 +5.0457e-01 +2.6878e+00
6880 +1.003069936e+01 +1.003069936e+01 +5.969069936e+01 +5.969069936e+01 +5.3991e-01 -1.8817e+00 -4.0761e+00 +3.2947e+00 -2.9350e+00 -1.5682e+00 -3.0808e+00 -1.3204e+00 +3.1374e+00 +1.7207e+00 +1.9054e+00 -1.0765e+00 +2.5594e+00 -3.9626e+00 -1.6570e+00 +1.6363e+00 -4.4079e+00 +1.5400e+00 +2.3963e+00 +2.2881e+00
10009 +9.389315595e+00 +9.389315595e+00 +5.904931560e+01 +5.904931560e+01 +1.3090e+00 -2.8231e+00 -4.9173e+00 -3.7127e+00 -2.2247e+00 -1.4549e+00 -5.1860e-01 -3.5901e+00 +5.0715e-01 -4.9144e+00 +1.0227e+00 +1.4967e+00 +1.4355e+00 -4.4406e+00 +8.1757e-01 +4.2297e+00 +2.8312e+00 -3.5121e+00 +9.9814e-01 +4.2058e-01
25957 +8.897129321e+00 +8.897129321e+00 +5.855712932e+01 +5.855712932e+01 +4.1806e+00 -9.5869e-01 -3.5545e+00 +3.0592e-01 -5.0682e-01 -2.9624e+00 -4.8868e-01 -3.2387e+00 +2.4553e+00 -2.5451e+00 +3.7779e+00 -1.0604e+00 +9.0500e-01 -1.8460e+00 +1.8312e+00 +4.3654e+00 -2.1418e-01 -3.0013e+00 +1.6627e+00 +1.4720e+00
47070 +8.319922682e+00 +8.319922682e+00 +5.797992268e+01 +5.797992268e+01 +8.5607e-01 +4.6949e+00 +1.3319e+00 +6.3556e-01 +3.7873e-01 +1.0170e+00 -1.1141e-01 +4.6433e+00 -2.3364e-01 -2.2106e+00 +1.4909e+00 -3.3114e-01 -2.9239e+00 -1.1597e-02 +4.3323e-01 +4.9294e+00 +3.3100e-01 -3.2708e+00 +2.3022e+00 -3.1857e+00
65325 +8.113371560e+00 +8.113371560e+00 +5.777337156e+01 +5.777337156e+01 -2.8187e+00 -4.9925e+00 -3.1642e+00 -2.1484e-01 -3.9204e+00 -2.6333e+00 -3.7762e+00 +2.4917e+00 -1.7255e+00 -3.1821e+00 -4.7570e-01 -1.9783e+00 +2.5818e+00 -1.9634e+00 +2.0222e+00 +4.5564e+00 -3.6398e-01 -3.9210e+00 -3.0519e+00 +3.3074e+00
151101 +6.177287341e+00 +6.177287341e+00 +5.583728734e+01 +5.583728734e+01 -3.0921e+00 -4.6620e+00 -1.6978e+00 -2.4253e+00 -2.8928e+00 -2.9036e+00 -1.2753e+00 +7.3269e-02 -1.9404e+00 -3.1719e+00 +4.3892e-01 -3.7616e-01 +4.4120e+00 -3.5160e+00 +1.4491e+00 +3.1132e+00 -3.3543e+00 -3.6077e+00 -4.3984e+00 +1.3587e+00
3090400 +5.945184894e+00 +5.945184894e+00 +5.560518489e+01 +5.560518489e+01 -4.7173e+00 -9.3524e-01 -1.5320e+00 +6.5621e-01 -4.3607e+00 +5.2009e-01 +1.6605e-01 -3.3522e+00 +3.4338e+00 -4.0855e+00 +2.3862e+00 -2.5295e+00 +3.1432e+00 -4.1014e+00 +2.6258e+00 +3.3293e+00 -2.6772e+00 -2.8199e+00 +3.4367e-01 +2.6257e+00
3672117 +5.549111281e+00 +5.549111281e+00 +5.520911128e+01 +5.520911128e+01 -2.7520e+00 -1.2985e+00 -1.5652e-01 -3.2320e-01 -3.8970e-01 -3.6937e+00 +5.4529e-01 +2.2804e+00 +4.4489e+00 -3.5200e+00 -6.9765e-01 -9.3294e-01 +5.2818e-01 +4.0711e-01 +1.6499e+00 +4.1138e+00 -2.2884e+00 -4.1501e+00 +8.1970e-01 +4.1114e-01
6325368 +5.432673592e+00 +5.432673592e+00 +5.509267359e+01 +5.509267359e+01 -2.8036e+00 -1.5569e+00 -1.1492e+00 -1.0357e+00 -8.2524e-01 -4.1917e+00 +5.5740e-01 -1.0063e+00 +3.5053e+00 -4.3930e+00 +1.9967e+00 -2.2618e+00 +4.0752e+00 -1.2125e+00 +4.0763e+00 +4.2246e+00 -3.5606e+00 -2.2505e+00 -2.1560e+00 +1.9725e+00
77098945 +5.347086650e+00 +5.347086650e+00 +5.500708665e+01 +5.500708665e+01 -2.8559e+00 -3.2100e+00 -4.9163e-01 +2.1332e-01 -1.5643e+00 -3.0757e+00 +1.6626e+00 +1.2487e+00 +3.5758e+00 -2.9451e+00 +2.6962e+00 -1.2540e-01 +4.0768e+00 -3.0443e+00 +1.3959e+00 +2.9363e+00 -6.1532e-02 -2.5717e+00 -2.4790e+00 +7.5386e-01
88031133 +4.687474451e+00 +4.687474451e+00 +5.434747445e+01 +5.434747445e+01 -3.1696e-01 -2.2981e+00 -1.7135e+00 -6.5592e-01 -1.0209e+00 -4.1403e+00 +8.0719e-01 -1.2421e+00 +1.1175e+00 -3.3025e+00 +6.3602e-01 -1.1506e+00 +1.3729e+00 -1.6167e+00 +3.7087e+00 +4.7691e+00 -3.7264e+00 -1.8953e+00 -1.5483e+00 +1.1547e+00
% function evaluation | noise-free fitness - Fopt (2.652800000000e+02) | best noise-free fitness - Fopt | measured fitness | best measured fitness | x1 | x2...
1 +8.924094434e+01 +8.924094434e+01 +3.545209443e+02 +3.545209443e+02 -2.6804e+00 +4.2823e+00 +1.8161e+00 +3.8441e+00 +4.8413e+00 +3.9086e+00 -2.3116e+00 +4.5994e+00 +1.7172e+00 +3.0618e+00 +3.3591e+00 -1.7284e+00 +4.8815e-01 -3.0460e+00 +5.0015e-01 +2.3274e+00 -2.3718e+00 +8.3971e-01 +5.6115e-01 -2.5714e+00
2 +3.192334514e+01 +3.192334514e+01 +2.972033451e+02 +2.972033451e+02 -3.5251e+00 +4.1071e-01 +4.7057e+00 -1.4496e+00 +2.1445e+00 +3.4594e+00 -2.5384e+00 -3.2805e+00 -3.7038e-01 -2.0538e+00 +1.9292e+00 +2.4607e-01 -1.6241e+00 +4.5607e+00 +1.7113e-01 -2.2938e+00 -1.2459e+00 -4.3597e+00 -2.0349e+00 +2.4692e+00
3 +3.023526061e+01 +3.023526061e+01 +2.955152606e+02 +2.955152606e+02 +2.0005e+00 +3.2796e+00 +4.0871e+00 -3.8865e+00 +9.8504e-01 -3.5586e-01 -4.0098e+00 +2.4356e+00 -2.4448e+00 -3.7451e+00 +2.5663e+00 -2.3738e+00 +9.1127e-01 -4.4350e+00 +2.3017e+00 +2.7723e+00 +2.7644e+00 +4.7338e+00 -4.6599e+00 +3.0092e+00
20 +2.069032926e+01 +2.069032926e+01 +2.859703293e+02 +2.859703293e+02 -2.3738e+00 +2.9803e+00 +4.3085e-01 +2.6708e+00 -3.5034e+00 -6.9559e-01 -2.0592e+00 -3.7182e+00 +1.8017e+00 -1.6799e+00 -2.5585e+00 +1.6118e+00 +1.8797e-02 -3.6201e+00 +4.3234e+00 -3.8632e+00 -1.2904e+00 +1.5507e+00 -4.6489e+00 -2.9198e+00
37 +1.277622655e+01 +1.277622655e+01 +2.780562265e+02 +2.780562265e+02 -2.0029e-01 +6.2363e-01 +1.7586e+00 -2.9433e+00 -8.2574e-01 -4.3039e+00 -1.1152e+00 -4.4256e+00 +1.4498e+00 -3.8080e+00 +1.7586e+00 -5.5767e-01 +3.2513e-01 -2.0763e+00 -4.3064e+00 -1.5565e+00 -3.5227e+00 -3.9842e+00 -4.2078e+00 +4.3858e+00
1249 +1.133850305e+01 +1.133850305e+01 +2.766185030e+02 +2.766185030e+02 -2.1054e+00 +3.9697e+00 +3.4711e+00 +1.9580e+00 -1.8974e+00 -1.8895e+00 -3.2800e+00 +9.1832e-01 +4.2263e+00 -3.2909e+00 +3.2995e-01 -2.9016e+00 +1.9681e+00 -4.2842e+00 -2.2710e+00 +5.1425e-01 -1.0742e+00 -1.3917e+00 -2.0106e+00 +2.4717e+00
1382 +1.112520909e+01 +1.112520909e+01 +2.764052091e+02 +2.764052091e+02 +2.9525e+00 -4.8499e-01 +3.9471e+00 -2.9516e+00 +1.6459e+00 -4.3883e+00 -1.4564e+00 +2.2709e+00 -9.7177e-01 -4.4776e-01 -9.2238e-01 +9.9207e-01 -2.0344e+00 -2.3659e+00 +3.5447e+00 +3.5632e+00 +4.8523e-01 -2.3809e+00 -4.3563e+00 +4.0806e-01
1655 +9.489367182e+00 +9.489367182e+00 +2.747693672e+02 +2.747693672e+02 -1.9643e+00 +2.0796e+00 +3.3574e+00 -2.0291e+00 +2.4032e+00 -3.2346e+00 +2.2328e+00 +3.6281e+00 +4.9915e+00 -3.8874e-01 +3.9043e+00 -1.5477e+00 -2.9753e+00 -3.3359e+00 -2.2663e+00 -2.5184e-01 -1.4213e+00 -1.1064e+00 -2.3245e+00 -2.8065e-01
19706 +9.238693208e+00 +9.238693208e+00 +2.745186932e+02 +2.745186932e+02 -2.8642e+00 +8.3509e-01 +4.4874e+00 -5.8497e-01 -2.4866e+00 -4.7968e+00 -5.1817e-01 +3.7559e+00 +2.6672e+00 -1.3368e+00 -2.1391e+00 +7.8054e-01 -3.5941e+00 -3.8267e+00 +2.2952e+00 -2.3376e+00 -1.0664e+00 -3.3948e+00 +2.3583e-01 -7.7609e-01
61606 +8.968672955e+00 +8.968672955e+00 +2.742486730e+02 +2.742486730e+02 +7.7166e-02 +2.3808e-01 +4.8241e+00 -4.2345e+00 -1.7745e+00 -4.8082e+00 -1.9914e+00 -1.7364e+00 +3.1348e+00 -2.1451e+00 +7.3242e-01 +1.1121e+00 -4.0004e-01 -2.6990e-01 -4.0512e-01 +1.1985e+00 +2.1890e+00 -1.6348e+00 -4.6108e+00 +4.3641e+00
77132 +8.888487265e+00 +8.888487265e+00 +2.741684873e+02 +2.741684873e+02 +1.0648e+00 -3.8288e+00 +4.2897e+00 +2.5274e+00 -1.5923e+00 -4.8541e+00 -4.7639e+00 +4.4936e+00 +3.0028e+00 -3.9689e+00 -3.4447e-01 +3.1937e+00 -3.0772e+00 -8.7888e-01 -4.2346e+00 +2.7564e+00 -3.9634e+00 -2.1818e+00 -1.0665e+00 +2.5408e+00
118333 +8.240793908e+00 +8.240793908e+00 +2.735207939e+02 +2.735207939e+02 +3.2582e-01 -6.1865e-01 +4.9666e+00 -4.3221e+00 -2.8980e+00 -4.2096e+00 -6.0230e-01 -4.8888e+00 +4.1508e+00 -3.4207e+00 -2.6461e+00 +9.2829e-01 -4.1542e+00 -3.5635e+00 -1.4402e+00 +3.1073e+00 -2.5629e+00 +4.8798e-01 -3.0739e+00 +3.0833e+00
553377 +5.788086229e+00 +5.788086229e+00 +2.710680862e+02 +2.710680862e+02 +1.5121e+00 -4.6202e+00 +3.4835e+00 +1.3471e+00 -6.7788e-01 -2.2645e+00 -1.9496e+00 -1.0003e+00 +2.8078e+00 -4.4252e+00 -2.8618e-01 -9.1424e-02 -3.4112e-01 -2.3401e+00 -2.5474e+00 +2.6852e-02 -1.0534e+00 -5.8168e-01 -4.8475e+00 +1.8212e+00
25493643 +5.335073636e+00 +5.335073636e+00 +2.706150736e+02 +2.706150736e+02 -2.2660e+00 -2.5618e-02 +4.9712e+00 +4.0368e-01 -2.9003e+00 -3.0327e+00 +3.0094e+00 +3.0174e+00 +2.2381e+00 -4.5909e+00 -1.4659e+00 +1.8074e+00 -3.4491e-01 -4.2837e+00 -3.3225e+00 +2.0014e+00 -7.8752e-01 +9.1901e-01 -3.8790e+00 +4.0722e+00
117602237 +4.450835319e+00 +4.450835319e+00 +2.697308353e+02 +2.697308353e+02 +1.5923e+00 -8.9442e-01 +3.7442e+00 -3.4951e+00 -3.4860e+00 -2.2714e+00 -1.5769e+00 -2.1706e+00 +2.4356e+00 -2.9584e+00 +8.4048e-01 +2.3432e+00 -1.0125e+00 -3.0856e+00 -2.3745e+00 +8.3197e-01 -6.3101e-01 -1.2652e+00 -4.1325e+00 +2.6850e+00
